Identity  : 	id10595
Reference : 	9JSBOKQjEQU
Offset    : 	-1
FV Conf   : 	20.295
ASD Conf  : 	7.550

FRAME 	X 	Y 	W 	H 
003631 	216 	62 	156 	155 
003632 	223 	66 	130 	130 
003633 	223 	66 	130 	130 
003634 	223 	66 	130 	130 
003635 	181 	62 	156 	155 
003636 	181 	62 	156 	155 
003637 	194 	80 	130 	130 
003638 	194 	80 	130 	130 
003639 	180 	80 	130 	130 
003640 	180 	80 	130 	130 
003641 	180 	80 	130 	130 
003642 	180 	80 	130 	130 
003643 	194 	80 	130 	130 
003644 	194 	80 	130 	130 
003645 	194 	80 	130 	130 
003646 	194 	80 	130 	130 
003647 	181 	79 	156 	156 
003648 	181 	79 	156 	156 
003649 	194 	80 	130 	130 
003650 	164 	62 	156 	155 
003651 	164 	62 	156 	155 
003652 	164 	62 	156 	155 
003653 	194 	80 	130 	130 
003654 	181 	62 	156 	155 
003655 	181 	62 	156 	155 
003656 	181 	62 	156 	155 
003657 	181 	62 	156 	155 
003658 	181 	62 	156 	155 
003659 	181 	62 	156 	155 
003660 	208 	80 	130 	130 
003661 	208 	80 	130 	130 
003662 	208 	80 	130 	130 
003663 	208 	80 	130 	130 
003664 	223 	80 	130 	130 
003665 	223 	80 	130 	130 
003666 	223 	80 	130 	130 
003667 	223 	80 	130 	130 
003668 	223 	80 	130 	130 
003669 	208 	66 	130 	130 
003670 	208 	66 	130 	130 
003671 	223 	66 	130 	130 
003672 	223 	66 	130 	130 
003673 	223 	66 	130 	130 
003674 	223 	66 	130 	130 
003675 	199 	62 	155 	155 
003676 	199 	62 	155 	155 
003677 	208 	80 	130 	130 
003678 	208 	80 	130 	130 
003679 	208 	80 	130 	130 
003680 	208 	80 	130 	130 
003681 	208 	80 	130 	130 
003682 	208 	80 	130 	130 
003683 	208 	80 	130 	130 
003684 	199 	62 	155 	155 
003685 	199 	62 	155 	155 
003686 	208 	80 	130 	130 
003687 	208 	80 	130 	130 
003688 	208 	80 	130 	130 
003689 	208 	80 	130 	130 
003690 	208 	80 	130 	130 
003691 	208 	80 	130 	130 
003692 	208 	80 	130 	130 
003693 	208 	80 	130 	130 
003694 	208 	80 	130 	130 
003695 	208 	80 	130 	130 
003696 	208 	80 	130 	130 
003697 	208 	66 	130 	130 
003698 	199 	62 	155 	155 
003699 	199 	62 	155 	155 
003700 	208 	80 	130 	130 
003701 	208 	80 	130 	130 
003702 	208 	80 	130 	130 
003703 	208 	80 	130 	130 
003704 	208 	80 	130 	130 
003705 	208 	80 	130 	130 
003706 	208 	80 	130 	130 
003707 	208 	80 	130 	130 
003708 	208 	80 	130 	130 
003709 	208 	80 	130 	130 
003710 	199 	62 	155 	155 
003711 	199 	62 	155 	155 
003712 	199 	62 	155 	155 
003713 	199 	79 	155 	156 
003714 	199 	79 	155 	156 
003715 	208 	80 	130 	130 
003716 	208 	80 	130 	130 
003717 	194 	80 	130 	130 
003718 	194 	80 	130 	130 
003719 	194 	80 	130 	130 
003720 	194 	80 	130 	130 
003721 	194 	80 	130 	130 
003722 	194 	80 	130 	130 
003723 	208 	80 	130 	130 
003724 	208 	80 	130 	130 
003725 	181 	62 	156 	155 
003726 	194 	66 	130 	130 
003727 	180 	66 	130 	130 
003728 	180 	66 	130 	130 
003729 	180 	66 	130 	130 
003730 	194 	66 	130 	130 
003731 	194 	66 	130 	130 
003732 	194 	66 	130 	130 
003733 	208 	66 	130 	130 
003734 	208 	66 	130 	130 
003735 	208 	66 	130 	130 
003736 	208 	66 	130 	130 
003737 	181 	44 	156 	156 
003738 	194 	66 	130 	130 
003739 	181 	44 	156 	156 
003740 	164 	44 	156 	156 
003741 	197 	66 	109 	109 
003742 	197 	66 	109 	109 
003743 	194 	66 	130 	130 
003744 	194 	66 	130 	130 
003745 	194 	66 	130 	130 
003746 	181 	44 	156 	156 
003747 	181 	62 	156 	155 
003748 	181 	62 	156 	155 
003749 	181 	62 	156 	155 
003750 	181 	62 	156 	155 
003751 	181 	62 	156 	155 
003752 	181 	62 	156 	155 
003753 	194 	80 	130 	130 
003754 	164 	62 	156 	155 
003755 	164 	62 	156 	155 
003756 	164 	62 	156 	155 
003757 	180 	66 	130 	130 
003758 	180 	66 	130 	130 
003759 	180 	66 	130 	130 
003760 	194 	66 	130 	130 
003761 	194 	66 	130 	130 
003762 	181 	44 	156 	156 
003763 	208 	66 	130 	130 
003764 	208 	66 	130 	130 
003765 	199 	62 	155 	155 
003766 	199 	62 	155 	155 
003767 	208 	66 	130 	130 
003768 	208 	80 	130 	130 
003769 	208 	80 	130 	130 
003770 	194 	80 	130 	130 
003771 	194 	80 	130 	130 
