Identity  : 	id10595
Reference : 	9JSBOKQjEQU
Offset    : 	-1
FV Conf   : 	18.268
ASD Conf  : 	6.029

FRAME 	X 	Y 	W 	H 
003902 	194 	80 	130 	130 
003903 	194 	80 	130 	130 
003904 	180 	80 	130 	130 
003905 	180 	80 	130 	130 
003906 	180 	80 	130 	130 
003907 	180 	80 	130 	130 
003908 	180 	94 	130 	130 
003909 	180 	94 	130 	130 
003910 	164 	96 	156 	156 
003911 	164 	96 	156 	156 
003912 	164 	96 	156 	156 
003913 	164 	96 	156 	156 
003914 	164 	96 	156 	156 
003915 	180 	94 	130 	130 
003916 	180 	94 	130 	130 
003917 	180 	94 	130 	130 
003918 	180 	94 	130 	130 
003919 	180 	94 	130 	130 
003920 	194 	94 	130 	130 
003921 	194 	94 	130 	130 
003922 	194 	94 	130 	130 
003923 	194 	94 	130 	130 
003924 	194 	94 	130 	130 
003925 	194 	94 	130 	130 
003926 	194 	94 	130 	130 
003927 	181 	62 	156 	155 
003928 	181 	62 	156 	155 
003929 	181 	62 	156 	155 
003930 	181 	62 	156 	155 
003931 	181 	62 	156 	155 
003932 	181 	62 	156 	155 
003933 	194 	80 	130 	130 
003934 	194 	80 	130 	130 
003935 	194 	80 	130 	130 
003936 	194 	80 	130 	130 
003937 	194 	80 	130 	130 
003938 	194 	80 	130 	130 
003939 	194 	80 	130 	130 
003940 	194 	80 	130 	130 
003941 	194 	80 	130 	130 
003942 	194 	80 	130 	130 
003943 	208 	80 	130 	130 
003944 	208 	80 	130 	130 
003945 	208 	80 	130 	130 
003946 	199 	62 	155 	155 
003947 	199 	62 	155 	155 
003948 	199 	62 	155 	155 
003949 	199 	62 	155 	155 
003950 	208 	80 	130 	130 
003951 	208 	80 	130 	130 
003952 	208 	80 	130 	130 
003953 	208 	80 	130 	130 
003954 	208 	80 	130 	130 
003955 	208 	80 	130 	130 
003956 	208 	80 	130 	130 
003957 	208 	80 	130 	130 
003958 	208 	80 	130 	130 
003959 	208 	80 	130 	130 
003960 	208 	80 	130 	130 
003961 	208 	80 	130 	130 
003962 	208 	80 	130 	130 
003963 	208 	80 	130 	130 
003964 	208 	80 	130 	130 
003965 	208 	80 	130 	130 
003966 	194 	80 	130 	130 
003967 	194 	80 	130 	130 
003968 	194 	80 	130 	130 
003969 	194 	80 	130 	130 
003970 	194 	80 	130 	130 
003971 	194 	80 	130 	130 
003972 	194 	80 	130 	130 
003973 	194 	80 	130 	130 
003974 	194 	80 	130 	130 
003975 	194 	80 	130 	130 
003976 	194 	80 	130 	130 
003977 	180 	80 	130 	130 
003978 	180 	80 	130 	130 
003979 	180 	80 	130 	130 
003980 	180 	80 	130 	130 
003981 	180 	80 	130 	130 
003982 	180 	80 	130 	130 
003983 	180 	80 	130 	130 
003984 	180 	80 	130 	130 
003985 	180 	94 	130 	130 
003986 	180 	94 	130 	130 
003987 	180 	94 	130 	130 
003988 	180 	94 	130 	130 
003989 	180 	94 	130 	130 
003990 	180 	94 	130 	130 
003991 	180 	94 	130 	130 
003992 	180 	94 	130 	130 
003993 	180 	94 	130 	130 
003994 	180 	94 	130 	130 
003995 	180 	94 	130 	130 
003996 	180 	94 	130 	130 
003997 	180 	94 	130 	130 
003998 	180 	94 	130 	130 
003999 	180 	94 	130 	130 
004000 	180 	94 	130 	130 
004001 	180 	94 	130 	130 
004002 	180 	94 	130 	130 
004003 	194 	94 	130 	130 
004004 	180 	80 	130 	130 
004005 	194 	80 	130 	130 
004006 	194 	80 	130 	130 
004007 	194 	80 	130 	130 
004008 	194 	80 	130 	130 
004009 	194 	80 	130 	130 
004010 	208 	80 	130 	130 
004011 	208 	80 	130 	130 
004012 	208 	80 	130 	130 
004013 	208 	80 	130 	130 
004014 	208 	80 	130 	130 
004015 	199 	79 	155 	156 
004016 	208 	80 	130 	130 
004017 	199 	79 	155 	156 
004018 	199 	79 	155 	156 
004019 	199 	79 	155 	156 
004020 	199 	79 	155 	156 
004021 	199 	79 	155 	156 
004022 	199 	79 	155 	156 
004023 	199 	79 	155 	156 
004024 	208 	80 	130 	130 
004025 	208 	80 	130 	130 
004026 	208 	80 	130 	130 
004027 	208 	80 	130 	130 
004028 	208 	80 	130 	130 
004029 	208 	80 	130 	130 
004030 	208 	80 	130 	130 
004031 	208 	80 	130 	130 
004032 	208 	80 	130 	130 
004033 	208 	80 	130 	130 
004034 	208 	80 	130 	130 
004035 	208 	80 	130 	130 
004036 	208 	80 	130 	130 
004037 	208 	80 	130 	130 
004038 	208 	80 	130 	130 
004039 	208 	80 	130 	130 
004040 	208 	80 	130 	130 
004041 	208 	80 	130 	130 
004042 	199 	62 	155 	155 
004043 	199 	62 	155 	155 
004044 	199 	62 	155 	155 
004045 	223 	80 	130 	130 
004046 	223 	80 	130 	130 
004047 	223 	80 	130 	130 
004048 	223 	80 	130 	130 
004049 	223 	80 	130 	130 
004050 	216 	62 	156 	155 
004051 	216 	62 	156 	155 
004052 	216 	62 	156 	155 
004053 	237 	80 	130 	130 
004054 	237 	80 	130 	130 
004055 	216 	62 	156 	155 
004056 	216 	79 	156 	156 
004057 	216 	79 	156 	156 
004058 	199 	62 	155 	155 
004059 	199 	62 	155 	155 
004060 	199 	62 	155 	155 
004061 	223 	66 	130 	130 
004062 	223 	80 	130 	130 
004063 	199 	62 	155 	155 
004064 	199 	62 	155 	155 
004065 	199 	62 	155 	155 
004066 	199 	62 	155 	155 
004067 	199 	62 	155 	155 
004068 	199 	62 	155 	155 
004069 	208 	80 	130 	130 
004070 	199 	62 	155 	155 
004071 	199 	62 	155 	155 
004072 	199 	62 	155 	155 
004073 	199 	62 	155 	155 
004074 	199 	62 	155 	155 
004075 	199 	62 	155 	155 
004076 	199 	62 	155 	155 
004077 	208 	66 	130 	130 
004078 	199 	44 	155 	156 
004079 	199 	44 	155 	156 
004080 	199 	62 	155 	155 
004081 	199 	62 	155 	155 
004082 	223 	66 	130 	130 
004083 	199 	62 	155 	155 
004084 	199 	62 	155 	155 
004085 	199 	62 	155 	155 
004086 	199 	62 	155 	155 
004087 	208 	66 	130 	130 
004088 	208 	66 	130 	130 
004089 	208 	66 	130 	130 
004090 	208 	66 	130 	130 
004091 	208 	66 	130 	130 
004092 	208 	66 	130 	130 
004093 	208 	66 	130 	130 
004094 	181 	44 	156 	156 
004095 	181 	44 	156 	156 
004096 	194 	66 	130 	130 
004097 	208 	66 	130 	130 
004098 	208 	66 	130 	130 
004099 	199 	62 	155 	155 
004100 	199 	62 	155 	155 
004101 	199 	62 	155 	155 
004102 	208 	66 	130 	130 
004103 	208 	66 	130 	130 
004104 	208 	66 	130 	130 
004105 	181 	62 	156 	155 
004106 	181 	62 	156 	155 
004107 	181 	62 	156 	155 
004108 	181 	62 	156 	155 
004109 	194 	80 	130 	130 
