Identity  : 	id11194
Reference : 	czRkyfPoX0Q
Offset    : 	-2
FV Conf   : 	20.272
ASD Conf  : 	7.117

FRAME 	X 	Y 	W 	H 
013068 	197 	114 	109 	109 
013069 	197 	114 	109 	109 
013070 	197 	114 	109 	109 
013071 	197 	114 	109 	109 
013072 	197 	114 	109 	109 
013073 	197 	102 	109 	109 
013074 	197 	102 	109 	109 
013075 	197 	102 	109 	109 
013076 	197 	102 	109 	109 
013077 	197 	102 	109 	109 
013078 	197 	102 	109 	109 
013079 	197 	102 	109 	109 
013080 	209 	102 	109 	109 
013081 	209 	102 	109 	109 
013082 	209 	102 	109 	109 
013083 	209 	102 	109 	109 
013084 	209 	102 	109 	109 
013085 	209 	102 	109 	109 
013086 	209 	102 	109 	109 
013087 	209 	102 	109 	109 
013088 	209 	90 	109 	109 
013089 	209 	90 	109 	109 
013090 	209 	90 	109 	109 
013091 	209 	102 	109 	109 
013092 	209 	102 	109 	109 
013093 	214 	105 	91 	91 
013094 	197 	90 	109 	109 
013095 	197 	90 	109 	109 
013096 	197 	90 	109 	109 
013097 	197 	90 	109 	109 
013098 	197 	90 	109 	109 
013099 	197 	90 	109 	109 
013100 	209 	102 	109 	109 
013101 	209 	102 	109 	109 
013102 	209 	102 	109 	109 
013103 	209 	102 	109 	109 
013104 	209 	102 	109 	109 
013105 	209 	102 	109 	109 
013106 	209 	102 	109 	109 
013107 	214 	105 	91 	91 
013108 	214 	105 	91 	91 
013109 	214 	105 	91 	91 
013110 	209 	102 	109 	109 
013111 	214 	105 	91 	91 
013112 	209 	102 	109 	109 
013113 	209 	102 	109 	109 
013114 	209 	102 	109 	109 
013115 	209 	102 	109 	109 
013116 	209 	102 	109 	109 
013117 	209 	102 	109 	109 
013118 	209 	102 	109 	109 
013119 	209 	102 	109 	109 
013120 	209 	102 	109 	109 
013121 	209 	102 	109 	109 
013122 	209 	102 	109 	109 
013123 	209 	102 	109 	109 
013124 	209 	102 	109 	109 
013125 	209 	102 	109 	109 
013126 	209 	102 	109 	109 
013127 	221 	102 	109 	109 
013128 	221 	102 	109 	109 
013129 	221 	102 	109 	109 
013130 	221 	102 	109 	109 
013131 	221 	102 	109 	109 
013132 	221 	102 	109 	109 
013133 	221 	102 	109 	109 
013134 	221 	102 	109 	109 
013135 	221 	102 	109 	109 
013136 	221 	102 	109 	109 
013137 	221 	102 	109 	109 
013138 	221 	102 	109 	109 
013139 	221 	102 	109 	109 
013140 	221 	102 	109 	109 
013141 	221 	102 	109 	109 
013142 	221 	102 	109 	109 
013143 	221 	102 	109 	109 
013144 	221 	102 	109 	109 
013145 	221 	102 	109 	109 
013146 	221 	102 	109 	109 
013147 	221 	102 	109 	109 
013148 	221 	102 	109 	109 
013149 	221 	102 	109 	109 
013150 	221 	102 	109 	109 
013151 	221 	102 	109 	109 
013152 	221 	102 	109 	109 
013153 	221 	102 	109 	109 
013154 	221 	102 	109 	109 
013155 	221 	102 	109 	109 
013156 	221 	102 	109 	109 
013157 	221 	102 	109 	109 
013158 	221 	102 	109 	109 
013159 	221 	102 	109 	109 
013160 	221 	102 	109 	109 
013161 	221 	102 	109 	109 
013162 	221 	102 	109 	109 
013163 	221 	102 	109 	109 
013164 	221 	102 	109 	109 
013165 	221 	102 	109 	109 
013166 	221 	102 	109 	109 
013167 	221 	102 	109 	109 
013168 	221 	102 	109 	109 
013169 	221 	102 	109 	109 
013170 	221 	102 	109 	109 
013171 	221 	102 	109 	109 
013172 	221 	102 	109 	109 
013173 	209 	102 	109 	109 
013174 	209 	102 	109 	109 
013175 	209 	102 	109 	109 
013176 	209 	102 	109 	109 
013177 	209 	90 	109 	109 
013178 	209 	90 	109 	109 
013179 	214 	105 	91 	91 
013180 	197 	90 	109 	109 
013181 	197 	90 	109 	109 
013182 	197 	90 	109 	109 
013183 	197 	90 	109 	109 
013184 	197 	90 	109 	109 
013185 	197 	90 	109 	109 
013186 	197 	90 	109 	109 
013187 	197 	90 	109 	109 
013188 	197 	90 	109 	109 
013189 	197 	90 	109 	109 
013190 	197 	90 	109 	109 
013191 	197 	90 	109 	109 
013192 	214 	105 	91 	91 
