Identity  : 	id10712
Reference : 	klFA2RG3UxY
Offset    : 	0
FV Conf   : 	11.109
ASD Conf  : 	5.924

FRAME 	X 	Y 	W 	H 
001777 	144 	85 	91 	91 
001778 	144 	85 	91 	91 
001779 	144 	85 	91 	91 
001780 	144 	85 	91 	91 
001781 	144 	85 	91 	91 
001782 	144 	85 	91 	91 
001783 	144 	85 	91 	91 
001784 	144 	85 	91 	91 
001785 	144 	85 	91 	91 
001786 	144 	85 	91 	91 
001787 	144 	85 	91 	91 
001788 	144 	85 	91 	91 
001789 	144 	85 	91 	91 
001790 	144 	85 	91 	91 
001791 	144 	85 	91 	91 
001792 	144 	85 	91 	91 
001793 	144 	85 	91 	91 
001794 	144 	85 	91 	91 
001795 	153 	87 	76 	76 
001796 	144 	85 	91 	91 
001797 	153 	87 	76 	76 
001798 	153 	87 	76 	76 
001799 	153 	87 	76 	76 
001800 	153 	87 	76 	76 
001801 	153 	87 	76 	76 
001802 	153 	87 	76 	76 
001803 	153 	87 	76 	76 
001804 	153 	87 	76 	76 
001805 	153 	87 	76 	76 
001806 	144 	85 	91 	91 
001807 	144 	85 	91 	91 
001808 	144 	85 	91 	91 
001809 	144 	85 	91 	91 
001810 	144 	85 	91 	91 
001811 	144 	85 	91 	91 
001812 	144 	85 	91 	91 
001813 	144 	85 	91 	91 
001814 	144 	85 	91 	91 
001815 	144 	85 	91 	91 
001816 	144 	85 	91 	91 
001817 	144 	85 	91 	91 
001818 	144 	85 	91 	91 
001819 	144 	85 	91 	91 
001820 	144 	85 	91 	91 
001821 	144 	85 	91 	91 
001822 	144 	85 	91 	91 
001823 	144 	85 	91 	91 
001824 	144 	85 	91 	91 
001825 	144 	85 	91 	91 
001826 	144 	85 	91 	91 
001827 	144 	85 	91 	91 
001828 	144 	85 	91 	91 
001829 	144 	85 	91 	91 
001830 	144 	85 	91 	91 
001831 	144 	85 	91 	91 
001832 	144 	85 	91 	91 
001833 	144 	85 	91 	91 
001834 	153 	87 	76 	76 
001835 	144 	85 	91 	91 
001836 	144 	85 	91 	91 
001837 	144 	85 	91 	91 
001838 	144 	85 	91 	91 
001839 	144 	85 	91 	91 
001840 	144 	85 	91 	91 
001841 	144 	85 	91 	91 
001842 	144 	85 	91 	91 
001843 	144 	85 	91 	91 
001844 	144 	85 	91 	91 
001845 	144 	85 	91 	91 
001846 	144 	85 	91 	91 
001847 	144 	85 	91 	91 
001848 	144 	85 	91 	91 
001849 	144 	85 	91 	91 
001850 	144 	85 	91 	91 
001851 	144 	85 	91 	91 
001852 	144 	85 	91 	91 
001853 	144 	85 	91 	91 
001854 	144 	85 	91 	91 
001855 	144 	85 	91 	91 
001856 	144 	85 	91 	91 
001857 	144 	85 	91 	91 
001858 	144 	85 	91 	91 
001859 	144 	85 	91 	91 
001860 	144 	85 	91 	91 
001861 	144 	85 	91 	91 
001862 	144 	85 	91 	91 
001863 	144 	85 	91 	91 
001864 	145 	87 	76 	76 
001865 	134 	85 	91 	91 
001866 	134 	85 	91 	91 
001867 	134 	85 	91 	91 
001868 	134 	85 	91 	91 
001869 	134 	85 	91 	91 
001870 	134 	85 	91 	91 
001871 	134 	85 	91 	91 
001872 	124 	85 	91 	91 
001873 	124 	85 	91 	91 
001874 	124 	85 	91 	91 
001875 	124 	85 	91 	91 
001876 	124 	85 	91 	91 
001877 	124 	85 	91 	91 
001878 	124 	85 	91 	91 
001879 	124 	85 	91 	91 
001880 	124 	85 	91 	91 
001881 	124 	85 	91 	91 
001882 	124 	85 	91 	91 
001883 	124 	85 	91 	91 
001884 	124 	85 	91 	91 
001885 	124 	85 	91 	91 
001886 	134 	85 	91 	91 
001887 	134 	85 	91 	91 
001888 	134 	85 	91 	91 
001889 	134 	85 	91 	91 
001890 	134 	85 	91 	91 
001891 	134 	85 	91 	91 
001892 	134 	75 	91 	91 
001893 	145 	79 	76 	76 
001894 	144 	75 	91 	91 
001895 	144 	75 	91 	91 
001896 	153 	79 	76 	76 
001897 	154 	75 	91 	91 
001898 	154 	75 	91 	91 
