Identity  : 	id10238
Reference : 	dUi7RXGWXDE
Offset    : 	-2
FV Conf   : 	14.157
ASD Conf  : 	7.898

FRAME 	X 	Y 	W 	H 
005837 	134 	85 	91 	91 
005838 	134 	85 	91 	91 
005839 	134 	85 	91 	91 
005840 	144 	85 	91 	91 
005841 	144 	85 	91 	91 
005842 	154 	85 	91 	91 
005843 	154 	85 	91 	91 
005844 	154 	85 	91 	91 
005845 	164 	85 	91 	91 
005846 	164 	85 	91 	91 
005847 	161 	78 	109 	109 
005848 	161 	78 	109 	109 
005849 	161 	78 	109 	109 
005850 	174 	75 	91 	91 
005851 	174 	75 	91 	91 
005852 	174 	75 	91 	91 
005853 	174 	75 	91 	91 
005854 	173 	66 	109 	109 
005855 	173 	66 	109 	109 
005856 	173 	66 	109 	109 
005857 	184 	65 	91 	91 
005858 	184 	65 	91 	91 
005859 	185 	43 	109 	108 
005860 	185 	43 	109 	108 
005861 	197 	43 	109 	108 
005862 	197 	43 	109 	108 
005863 	197 	43 	109 	108 
005864 	197 	43 	109 	108 
005865 	197 	43 	109 	108 
005866 	204 	55 	91 	91 
005867 	204 	55 	91 	91 
005868 	194 	55 	91 	91 
005869 	194 	55 	91 	91 
005870 	194 	55 	91 	91 
005871 	194 	55 	91 	91 
005872 	204 	55 	91 	91 
005873 	204 	55 	91 	91 
005874 	204 	55 	91 	91 
005875 	204 	55 	91 	91 
005876 	204 	55 	91 	91 
005877 	214 	55 	91 	91 
005878 	214 	55 	91 	91 
005879 	214 	55 	91 	91 
005880 	224 	55 	91 	91 
005881 	224 	55 	91 	91 
005882 	224 	55 	91 	91 
005883 	224 	65 	91 	91 
005884 	224 	65 	91 	91 
005885 	224 	65 	91 	91 
005886 	224 	65 	91 	91 
005887 	221 	54 	109 	109 
005888 	234 	65 	90 	91 
005889 	234 	65 	90 	91 
005890 	234 	65 	90 	91 
005891 	234 	65 	90 	91 
005892 	234 	65 	90 	91 
005893 	234 	65 	90 	91 
005894 	234 	65 	90 	91 
005895 	244 	65 	90 	91 
005896 	244 	65 	90 	91 
005897 	244 	65 	90 	91 
005898 	244 	65 	90 	91 
005899 	244 	65 	90 	91 
005900 	244 	65 	90 	91 
005901 	244 	65 	90 	91 
005902 	244 	65 	90 	91 
005903 	244 	65 	90 	91 
005904 	244 	65 	90 	91 
005905 	254 	65 	90 	91 
005906 	254 	65 	90 	91 
005907 	254 	65 	90 	91 
005908 	254 	65 	90 	91 
005909 	254 	65 	90 	91 
005910 	254 	65 	90 	91 
005911 	264 	65 	90 	91 
005912 	264 	55 	90 	91 
005913 	264 	55 	90 	91 
005914 	264 	55 	90 	91 
005915 	264 	55 	90 	91 
005916 	264 	65 	90 	91 
005917 	264 	65 	90 	91 
005918 	274 	65 	90 	91 
005919 	274 	65 	90 	91 
005920 	274 	65 	90 	91 
005921 	274 	65 	90 	91 
005922 	274 	65 	90 	91 
005923 	274 	65 	90 	91 
005924 	274 	65 	90 	91 
005925 	274 	65 	90 	91 
005926 	264 	65 	90 	91 
005927 	264 	65 	90 	91 
005928 	264 	65 	90 	91 
005929 	264 	65 	90 	91 
005930 	264 	65 	90 	91 
005931 	264 	65 	90 	91 
005932 	264 	65 	90 	91 
005933 	264 	65 	90 	91 
005934 	264 	65 	90 	91 
005935 	264 	65 	90 	91 
005936 	254 	65 	90 	91 
005937 	254 	65 	90 	91 
005938 	254 	65 	90 	91 
005939 	254 	65 	90 	91 
005940 	254 	65 	90 	91 
005941 	254 	65 	90 	91 
005942 	254 	65 	90 	91 
005943 	254 	65 	90 	91 
005944 	254 	65 	90 	91 
005945 	254 	65 	90 	91 
005946 	254 	55 	90 	91 
005947 	254 	65 	90 	91 
005948 	254 	65 	90 	91 
005949 	254 	65 	90 	91 
005950 	254 	65 	90 	91 
005951 	244 	65 	90 	91 
005952 	244 	65 	90 	91 
005953 	244 	65 	90 	91 
005954 	244 	65 	90 	91 
005955 	244 	65 	90 	91 
005956 	244 	65 	90 	91 
005957 	244 	65 	90 	91 
005958 	244 	65 	90 	91 
005959 	244 	65 	90 	91 
005960 	244 	65 	90 	91 
005961 	244 	65 	90 	91 
005962 	244 	65 	90 	91 
005963 	244 	65 	90 	91 
005964 	244 	65 	90 	91 
005965 	244 	65 	90 	91 
005966 	234 	65 	90 	91 
005967 	234 	65 	90 	91 
005968 	234 	65 	90 	91 
005969 	234 	65 	90 	91 
005970 	234 	65 	90 	91 
005971 	234 	65 	90 	91 
005972 	234 	65 	90 	91 
005973 	234 	65 	90 	91 
005974 	234 	65 	90 	91 
005975 	234 	65 	90 	91 
005976 	244 	65 	90 	91 
005977 	244 	65 	90 	91 
005978 	244 	65 	90 	91 
005979 	234 	65 	90 	91 
005980 	234 	65 	90 	91 
005981 	234 	65 	90 	91 
005982 	234 	65 	90 	91 
005983 	234 	65 	90 	91 
005984 	234 	65 	90 	91 
005985 	234 	65 	90 	91 
005986 	234 	65 	90 	91 
005987 	234 	75 	90 	91 
005988 	234 	75 	90 	91 
005989 	234 	75 	90 	91 
005990 	234 	65 	90 	91 
005991 	234 	65 	90 	91 
005992 	234 	65 	90 	91 
005993 	234 	65 	90 	91 
005994 	224 	65 	91 	91 
005995 	224 	65 	91 	91 
005996 	224 	75 	91 	91 
005997 	224 	75 	91 	91 
005998 	224 	65 	91 	91 
005999 	224 	65 	91 	91 
006000 	224 	65 	91 	91 
006001 	214 	75 	91 	91 
006002 	214 	75 	91 	91 
006003 	214 	75 	91 	91 
006004 	224 	75 	91 	91 
006005 	209 	66 	109 	109 
006006 	214 	75 	91 	91 
006007 	214 	75 	91 	91 
006008 	214 	75 	91 	91 
006009 	214 	75 	91 	91 
006010 	214 	75 	91 	91 
006011 	214 	75 	91 	91 
006012 	214 	75 	91 	91 
006013 	214 	75 	91 	91 
006014 	214 	75 	91 	91 
006015 	214 	75 	91 	91 
006016 	204 	75 	91 	91 
006017 	204 	75 	91 	91 
006018 	204 	75 	91 	91 
006019 	197 	66 	109 	109 
006020 	204 	65 	91 	91 
006021 	204 	65 	91 	91 
006022 	204 	75 	91 	91 
006023 	204 	75 	91 	91 
006024 	204 	75 	91 	91 
006025 	204 	75 	91 	91 
006026 	204 	75 	91 	91 
006027 	204 	75 	91 	91 
006028 	204 	75 	91 	91 
006029 	194 	75 	91 	91 
006030 	194 	75 	91 	91 
006031 	194 	75 	91 	91 
006032 	194 	75 	91 	91 
006033 	194 	75 	91 	91 
006034 	194 	75 	91 	91 
006035 	194 	75 	91 	91 
006036 	194 	65 	91 	91 
006037 	194 	65 	91 	91 
006038 	194 	65 	91 	91 
006039 	194 	65 	91 	91 
006040 	194 	65 	91 	91 
006041 	194 	65 	91 	91 
006042 	194 	65 	91 	91 
006043 	194 	65 	91 	91 
006044 	194 	65 	91 	91 
006045 	194 	75 	91 	91 
006046 	195 	87 	75 	76 
006047 	194 	85 	91 	91 
006048 	194 	85 	91 	91 
006049 	194 	85 	91 	91 
006050 	194 	85 	91 	91 
006051 	194 	75 	91 	91 
006052 	194 	75 	91 	91 
006053 	184 	65 	91 	91 
006054 	184 	65 	91 	91 
006055 	184 	65 	91 	91 
006056 	174 	65 	91 	91 
006057 	174 	65 	91 	91 
006058 	174 	65 	91 	91 
006059 	174 	65 	91 	91 
006060 	164 	65 	91 	91 
006061 	164 	65 	91 	91 
006062 	164 	65 	91 	91 
006063 	164 	65 	91 	91 
006064 	164 	65 	91 	91 
006065 	164 	65 	91 	91 
006066 	164 	65 	91 	91 
006067 	154 	65 	91 	91 
006068 	154 	65 	91 	91 
006069 	154 	65 	91 	91 
006070 	154 	65 	91 	91 
006071 	154 	65 	91 	91 
006072 	154 	65 	91 	91 
006073 	154 	65 	91 	91 
006074 	154 	65 	91 	91 
006075 	154 	65 	91 	91 
006076 	154 	65 	91 	91 
006077 	154 	65 	91 	91 
006078 	154 	65 	91 	91 
006079 	154 	65 	91 	91 
006080 	154 	65 	91 	91 
006081 	154 	65 	91 	91 
006082 	154 	65 	91 	91 
006083 	154 	65 	91 	91 
006084 	154 	65 	91 	91 
006085 	154 	65 	91 	91 
006086 	154 	65 	91 	91 
006087 	164 	65 	91 	91 
006088 	164 	65 	91 	91 
006089 	164 	65 	91 	91 
006090 	164 	65 	91 	91 
006091 	164 	65 	91 	91 
006092 	164 	65 	91 	91 
006093 	164 	65 	91 	91 
006094 	164 	65 	91 	91 
006095 	164 	65 	91 	91 
006096 	164 	65 	91 	91 
006097 	174 	65 	91 	91 
006098 	174 	55 	91 	91 
006099 	174 	55 	91 	91 
006100 	174 	55 	91 	91 
006101 	174 	55 	91 	91 
006102 	184 	55 	91 	91 
006103 	184 	55 	91 	91 
006104 	184 	55 	91 	91 
006105 	173 	43 	109 	108 
006106 	184 	55 	91 	91 
006107 	184 	55 	91 	91 
006108 	174 	55 	91 	91 
006109 	174 	55 	91 	91 
006110 	174 	55 	91 	91 
006111 	174 	55 	91 	91 
006112 	174 	55 	91 	91 
006113 	184 	55 	91 	91 
006114 	184 	55 	91 	91 
006115 	184 	55 	91 	91 
006116 	184 	55 	91 	91 
006117 	184 	55 	91 	91 
006118 	184 	55 	91 	91 
006119 	184 	55 	91 	91 
006120 	184 	55 	91 	91 
006121 	184 	55 	91 	91 
006122 	184 	55 	91 	91 
006123 	184 	55 	91 	91 
006124 	184 	55 	91 	91 
006125 	184 	55 	91 	91 
006126 	184 	55 	91 	91 
006127 	184 	55 	91 	91 
006128 	184 	55 	91 	91 
006129 	184 	55 	91 	91 
006130 	184 	55 	91 	91 
006131 	184 	55 	91 	91 
006132 	184 	55 	91 	91 
006133 	184 	55 	91 	91 
006134 	184 	55 	91 	91 
