Identity  : 	id10097
Reference : 	FNrJzHoBxsY
Offset    : 	-2
FV Conf   : 	14.858
ASD Conf  : 	8.043

FRAME 	X 	Y 	W 	H 
011488 	174 	55 	91 	91 
011489 	174 	55 	91 	91 
011490 	174 	65 	91 	91 
011491 	184 	65 	91 	91 
011492 	184 	55 	91 	91 
011493 	184 	55 	91 	91 
011494 	184 	55 	91 	91 
011495 	184 	55 	91 	91 
011496 	184 	55 	91 	91 
011497 	184 	55 	91 	91 
011498 	184 	55 	91 	91 
011499 	184 	65 	91 	91 
011500 	184 	55 	91 	91 
011501 	184 	55 	91 	91 
011502 	184 	55 	91 	91 
011503 	184 	55 	91 	91 
011504 	184 	65 	91 	91 
011505 	184 	65 	91 	91 
011506 	184 	65 	91 	91 
011507 	184 	65 	91 	91 
011508 	184 	65 	91 	91 
011509 	184 	65 	91 	91 
011510 	184 	65 	91 	91 
011511 	184 	65 	91 	91 
011512 	184 	65 	91 	91 
011513 	184 	65 	91 	91 
011514 	184 	65 	91 	91 
011515 	184 	65 	91 	91 
011516 	184 	65 	91 	91 
011517 	184 	65 	91 	91 
011518 	184 	65 	91 	91 
011519 	184 	65 	91 	91 
011520 	184 	65 	91 	91 
011521 	184 	65 	91 	91 
011522 	184 	65 	91 	91 
011523 	184 	65 	91 	91 
011524 	184 	65 	91 	91 
011525 	184 	65 	91 	91 
011526 	184 	65 	91 	91 
011527 	184 	65 	91 	91 
011528 	184 	65 	91 	91 
011529 	184 	65 	91 	91 
011530 	184 	65 	91 	91 
011531 	184 	65 	91 	91 
011532 	184 	65 	91 	91 
011533 	184 	65 	91 	91 
011534 	184 	65 	91 	91 
011535 	184 	65 	91 	91 
011536 	184 	65 	91 	91 
011537 	184 	65 	91 	91 
011538 	184 	65 	91 	91 
011539 	184 	65 	91 	91 
011540 	184 	65 	91 	91 
011541 	184 	65 	91 	91 
011542 	184 	65 	91 	91 
011543 	184 	65 	91 	91 
011544 	184 	65 	91 	91 
011545 	184 	65 	91 	91 
011546 	184 	65 	91 	91 
011547 	184 	65 	91 	91 
011548 	184 	65 	91 	91 
011549 	184 	65 	91 	91 
011550 	184 	65 	91 	91 
011551 	184 	65 	91 	91 
011552 	184 	65 	91 	91 
011553 	184 	65 	91 	91 
011554 	184 	65 	91 	91 
011555 	184 	65 	91 	91 
011556 	184 	65 	91 	91 
011557 	184 	65 	91 	91 
011558 	184 	65 	91 	91 
011559 	184 	65 	91 	91 
011560 	184 	65 	91 	91 
011561 	184 	65 	91 	91 
011562 	184 	65 	91 	91 
011563 	184 	65 	91 	91 
011564 	184 	65 	91 	91 
011565 	184 	65 	91 	91 
011566 	184 	65 	91 	91 
011567 	184 	65 	91 	91 
011568 	184 	65 	91 	91 
011569 	184 	65 	91 	91 
011570 	184 	65 	91 	91 
011571 	184 	65 	91 	91 
011572 	184 	65 	91 	91 
011573 	184 	55 	91 	91 
011574 	184 	55 	91 	91 
011575 	184 	55 	91 	91 
011576 	184 	55 	91 	91 
011577 	184 	55 	91 	91 
011578 	184 	55 	91 	91 
011579 	184 	55 	91 	91 
011580 	184 	55 	91 	91 
011581 	184 	55 	91 	91 
011582 	184 	55 	91 	91 
011583 	184 	55 	91 	91 
011584 	184 	55 	91 	91 
011585 	184 	55 	91 	91 
011586 	184 	55 	91 	91 
011587 	184 	55 	91 	91 
011588 	184 	55 	91 	91 
011589 	184 	55 	91 	91 
011590 	184 	55 	91 	91 
011591 	184 	55 	91 	91 
011592 	184 	55 	91 	91 
011593 	184 	55 	91 	91 
011594 	184 	55 	91 	91 
011595 	184 	55 	91 	91 
011596 	184 	55 	91 	91 
011597 	184 	65 	91 	91 
011598 	184 	65 	91 	91 
011599 	184 	65 	91 	91 
011600 	184 	65 	91 	91 
011601 	184 	65 	91 	91 
011602 	184 	65 	91 	91 
011603 	184 	65 	91 	91 
011604 	184 	65 	91 	91 
011605 	194 	65 	91 	91 
011606 	194 	65 	91 	91 
011607 	194 	65 	91 	91 
011608 	194 	65 	91 	91 
011609 	194 	65 	91 	91 
011610 	194 	65 	91 	91 
011611 	194 	65 	91 	91 
011612 	194 	65 	91 	91 
011613 	194 	65 	91 	91 
011614 	194 	65 	91 	91 
011615 	194 	65 	91 	91 
011616 	194 	65 	91 	91 
011617 	194 	65 	91 	91 
011618 	194 	65 	91 	91 
011619 	194 	65 	91 	91 
011620 	194 	65 	91 	91 
011621 	194 	65 	91 	91 
011622 	194 	65 	91 	91 
011623 	194 	65 	91 	91 
011624 	194 	65 	91 	91 
011625 	194 	65 	91 	91 
011626 	194 	65 	91 	91 
011627 	194 	65 	91 	91 
011628 	194 	65 	91 	91 
011629 	194 	65 	91 	91 
011630 	194 	65 	91 	91 
011631 	194 	65 	91 	91 
011632 	194 	65 	91 	91 
011633 	194 	65 	91 	91 
011634 	194 	65 	91 	91 
011635 	194 	65 	91 	91 
011636 	194 	55 	91 	91 
011637 	194 	55 	91 	91 
011638 	194 	55 	91 	91 
011639 	194 	55 	91 	91 
011640 	194 	55 	91 	91 
011641 	194 	55 	91 	91 
011642 	194 	65 	91 	91 
011643 	194 	65 	91 	91 
011644 	194 	65 	91 	91 
011645 	194 	65 	91 	91 
011646 	194 	65 	91 	91 
011647 	194 	65 	91 	91 
011648 	194 	65 	91 	91 
011649 	194 	65 	91 	91 
011650 	194 	65 	91 	91 
011651 	194 	65 	91 	91 
011652 	194 	65 	91 	91 
011653 	194 	65 	91 	91 
011654 	194 	65 	91 	91 
011655 	194 	65 	91 	91 
011656 	194 	65 	91 	91 
011657 	194 	65 	91 	91 
011658 	194 	65 	91 	91 
011659 	194 	65 	91 	91 
011660 	194 	65 	91 	91 
011661 	194 	65 	91 	91 
011662 	194 	65 	91 	91 
011663 	194 	65 	91 	91 
011664 	194 	65 	91 	91 
011665 	194 	65 	91 	91 
011666 	194 	65 	91 	91 
011667 	194 	65 	91 	91 
011668 	194 	65 	91 	91 
011669 	194 	65 	91 	91 
011670 	194 	65 	91 	91 
011671 	194 	65 	91 	91 
011672 	194 	65 	91 	91 
011673 	194 	65 	91 	91 
011674 	194 	65 	91 	91 
011675 	194 	65 	91 	91 
011676 	194 	65 	91 	91 
011677 	194 	65 	91 	91 
011678 	194 	65 	91 	91 
011679 	194 	65 	91 	91 
011680 	194 	65 	91 	91 
011681 	194 	65 	91 	91 
011682 	194 	65 	91 	91 
011683 	194 	65 	91 	91 
