Identity  : 	id10238
Reference : 	d_K25QXhI70
Offset    : 	-3
FV Conf   : 	17.111
ASD Conf  : 	7.330

FRAME 	X 	Y 	W 	H 
001479 	341 	78 	108 	109 
001480 	343 	85 	91 	91 
001481 	343 	85 	91 	91 
001482 	341 	78 	108 	109 
001483 	341 	78 	108 	109 
001484 	341 	78 	108 	109 
001485 	353 	78 	108 	109 
001486 	353 	78 	108 	109 
001487 	353 	78 	108 	109 
001488 	353 	78 	108 	109 
001489 	353 	78 	108 	109 
001490 	353 	78 	108 	109 
001491 	363 	85 	91 	91 
001492 	353 	66 	108 	109 
001493 	353 	66 	108 	109 
001494 	353 	66 	108 	109 
001495 	353 	66 	108 	109 
001496 	353 	66 	108 	109 
001497 	353 	66 	108 	109 
001498 	341 	66 	108 	109 
001499 	341 	66 	108 	109 
001500 	341 	66 	108 	109 
001501 	341 	66 	108 	109 
001502 	341 	66 	108 	109 
001503 	341 	66 	108 	109 
001504 	341 	66 	108 	109 
001505 	341 	66 	108 	109 
001506 	341 	66 	108 	109 
001507 	341 	66 	108 	109 
001508 	341 	66 	108 	109 
001509 	341 	66 	108 	109 
001510 	341 	78 	108 	109 
001511 	341 	78 	108 	109 
001512 	341 	78 	108 	109 
001513 	341 	78 	108 	109 
001514 	341 	78 	108 	109 
001515 	341 	78 	108 	109 
001516 	341 	78 	108 	109 
001517 	341 	78 	108 	109 
001518 	341 	78 	108 	109 
001519 	341 	78 	108 	109 
001520 	341 	78 	108 	109 
001521 	341 	78 	108 	109 
001522 	341 	78 	108 	109 
001523 	341 	78 	108 	109 
001524 	341 	78 	108 	109 
001525 	341 	78 	108 	109 
001526 	341 	78 	108 	109 
001527 	341 	78 	108 	109 
001528 	363 	85 	91 	91 
001529 	363 	85 	91 	91 
001530 	363 	85 	91 	91 
001531 	363 	85 	91 	91 
001532 	363 	85 	91 	91 
001533 	363 	85 	91 	91 
001534 	353 	78 	108 	109 
001535 	363 	85 	91 	91 
001536 	363 	85 	91 	91 
001537 	363 	85 	91 	91 
001538 	363 	85 	91 	91 
001539 	363 	85 	91 	91 
001540 	363 	85 	91 	91 
001541 	363 	85 	91 	91 
001542 	363 	85 	91 	91 
001543 	363 	85 	91 	91 
001544 	363 	85 	91 	91 
001545 	363 	85 	91 	91 
001546 	363 	75 	91 	91 
001547 	363 	75 	91 	91 
001548 	363 	75 	91 	91 
001549 	353 	66 	108 	109 
001550 	353 	66 	108 	109 
001551 	353 	66 	108 	109 
001552 	363 	85 	91 	91 
001553 	363 	85 	91 	91 
001554 	363 	85 	91 	91 
001555 	363 	85 	91 	91 
001556 	363 	85 	91 	91 
001557 	363 	85 	91 	91 
001558 	363 	85 	91 	91 
001559 	363 	85 	91 	91 
001560 	363 	85 	91 	91 
001561 	363 	85 	91 	91 
001562 	363 	85 	91 	91 
001563 	363 	85 	91 	91 
001564 	353 	78 	108 	109 
001565 	363 	85 	91 	91 
001566 	353 	78 	108 	109 
001567 	353 	78 	108 	109 
001568 	353 	78 	108 	109 
001569 	353 	78 	108 	109 
001570 	353 	78 	108 	109 
001571 	353 	78 	108 	109 
001572 	353 	78 	108 	109 
001573 	363 	85 	91 	91 
001574 	353 	78 	108 	109 
001575 	373 	85 	91 	91 
001576 	373 	85 	91 	91 
001577 	373 	85 	91 	91 
001578 	373 	85 	91 	91 
001579 	373 	85 	91 	91 
001580 	373 	85 	91 	91 
001581 	373 	95 	91 	91 
001582 	383 	95 	91 	91 
001583 	383 	105 	91 	91 
001584 	393 	105 	91 	91 
001585 	393 	105 	91 	91 
001586 	393 	95 	91 	91 
001587 	393 	95 	91 	91 
001588 	393 	95 	91 	91 
001589 	393 	95 	91 	91 
001590 	383 	105 	91 	91 
001591 	383 	105 	91 	91 
001592 	383 	105 	91 	91 
001593 	383 	105 	91 	91 
001594 	383 	105 	91 	91 
001595 	383 	105 	91 	91 
001596 	383 	105 	91 	91 
001597 	383 	105 	91 	91 
001598 	383 	105 	91 	91 
001599 	383 	105 	91 	91 
001600 	373 	105 	91 	91 
001601 	373 	105 	91 	91 
001602 	373 	105 	91 	91 
001603 	373 	105 	91 	91 
001604 	373 	105 	91 	91 
001605 	373 	105 	91 	91 
001606 	373 	105 	91 	91 
001607 	373 	105 	91 	91 
001608 	373 	105 	91 	91 
001609 	373 	85 	91 	91 
001610 	373 	95 	91 	91 
001611 	373 	95 	91 	91 
001612 	373 	95 	91 	91 
001613 	373 	85 	91 	91 
001614 	373 	85 	91 	91 
001615 	373 	95 	91 	91 
001616 	373 	95 	91 	91 
001617 	373 	95 	91 	91 
001618 	373 	95 	91 	91 
001619 	373 	95 	91 	91 
001620 	373 	95 	91 	91 
001621 	373 	95 	91 	91 
001622 	373 	95 	91 	91 
001623 	373 	95 	91 	91 
001624 	373 	95 	91 	91 
001625 	373 	95 	91 	91 
001626 	383 	95 	91 	91 
001627 	383 	95 	91 	91 
001628 	383 	95 	91 	91 
001629 	383 	95 	91 	91 
001630 	383 	95 	91 	91 
001631 	383 	95 	91 	91 
001632 	383 	95 	91 	91 
001633 	383 	95 	91 	91 
001634 	383 	95 	91 	91 
001635 	383 	95 	91 	91 
001636 	383 	95 	91 	91 
001637 	383 	95 	91 	91 
001638 	383 	95 	91 	91 
001639 	383 	95 	91 	91 
001640 	383 	95 	91 	91 
001641 	383 	95 	91 	91 
001642 	383 	95 	91 	91 
001643 	376 	78 	109 	109 
001644 	376 	78 	109 	109 
001645 	376 	78 	109 	109 
001646 	376 	78 	109 	109 
001647 	376 	78 	109 	109 
001648 	376 	78 	109 	109 
001649 	376 	78 	109 	109 
001650 	376 	78 	109 	109 
001651 	383 	85 	91 	91 
001652 	383 	85 	91 	91 
001653 	383 	85 	91 	91 
001654 	383 	85 	91 	91 
001655 	383 	85 	91 	91 
001656 	376 	78 	109 	109 
001657 	376 	78 	109 	109 
001658 	376 	78 	109 	109 
001659 	376 	78 	109 	109 
001660 	376 	78 	109 	109 
001661 	376 	78 	109 	109 
001662 	376 	78 	109 	109 
001663 	376 	78 	109 	109 
001664 	376 	78 	109 	109 
001665 	376 	78 	109 	109 
001666 	376 	78 	109 	109 
001667 	376 	78 	109 	109 
001668 	393 	85 	91 	91 
001669 	376 	78 	109 	109 
001670 	373 	85 	91 	91 
001671 	353 	78 	108 	109 
001672 	363 	85 	91 	91 
001673 	341 	78 	108 	109 
001674 	343 	95 	91 	91 
001675 	329 	78 	108 	109 
001676 	329 	78 	108 	109 
001677 	329 	78 	108 	109 
001678 	329 	78 	108 	109 
001679 	329 	78 	108 	109 
001680 	329 	78 	108 	109 
001681 	329 	78 	108 	109 
001682 	329 	78 	108 	109 
001683 	329 	78 	108 	109 
001684 	329 	78 	108 	109 
001685 	329 	78 	108 	109 
001686 	329 	78 	108 	109 
001687 	343 	85 	91 	91 
001688 	343 	85 	91 	91 
001689 	343 	85 	91 	91 
001690 	341 	78 	108 	109 
001691 	341 	78 	108 	109 
001692 	341 	78 	108 	109 
001693 	341 	78 	108 	109 
001694 	341 	78 	108 	109 
001695 	341 	78 	108 	109 
001696 	341 	78 	108 	109 
001697 	341 	78 	108 	109 
001698 	341 	78 	108 	109 
001699 	341 	78 	108 	109 
001700 	353 	85 	91 	91 
001701 	341 	78 	108 	109 
001702 	353 	85 	91 	91 
001703 	341 	78 	108 	109 
001704 	353 	85 	91 	91 
001705 	341 	78 	108 	109 
001706 	341 	78 	108 	109 
001707 	341 	78 	108 	109 
001708 	341 	78 	108 	109 
001709 	341 	78 	108 	109 
001710 	341 	78 	108 	109 
001711 	341 	78 	108 	109 
001712 	353 	85 	91 	91 
001713 	341 	78 	108 	109 
001714 	341 	78 	108 	109 
001715 	341 	78 	108 	109 
001716 	341 	78 	108 	109 
001717 	341 	78 	108 	109 
001718 	341 	78 	108 	109 
001719 	341 	78 	108 	109 
001720 	353 	85 	91 	91 
001721 	341 	78 	108 	109 
001722 	341 	78 	108 	109 
001723 	341 	78 	108 	109 
001724 	341 	78 	108 	109 
001725 	341 	78 	108 	109 
001726 	341 	78 	108 	109 
001727 	341 	78 	108 	109 
001728 	341 	78 	108 	109 
001729 	341 	78 	108 	109 
001730 	341 	78 	108 	109 
001731 	341 	78 	108 	109 
001732 	341 	78 	108 	109 
001733 	341 	78 	108 	109 
001734 	341 	78 	108 	109 
001735 	341 	78 	108 	109 
001736 	341 	78 	108 	109 
001737 	341 	78 	108 	109 
001738 	341 	78 	108 	109 
001739 	341 	66 	108 	109 
001740 	341 	66 	108 	109 
001741 	341 	78 	108 	109 
001742 	341 	78 	108 	109 
001743 	341 	78 	108 	109 
001744 	353 	85 	91 	91 
001745 	353 	85 	91 	91 
001746 	353 	66 	108 	109 
001747 	363 	75 	91 	91 
001748 	353 	66 	108 	109 
001749 	353 	66 	108 	109 
001750 	353 	78 	108 	109 
001751 	353 	78 	108 	109 
001752 	353 	78 	108 	109 
001753 	363 	85 	91 	91 
001754 	373 	95 	91 	91 
001755 	373 	95 	91 	91 
001756 	373 	85 	91 	91 
