Identity  : 	id10513
Reference : 	zuOySOcZM2w
Offset    : 	-3
FV Conf   : 	21.163
ASD Conf  : 	7.413

FRAME 	X 	Y 	W 	H 
000116 	197 	53 	187 	187 
000117 	197 	53 	187 	187 
000118 	197 	53 	187 	187 
000119 	197 	53 	187 	187 
000120 	197 	53 	187 	187 
000121 	197 	53 	187 	187 
000122 	218 	53 	187 	187 
000123 	218 	53 	187 	187 
000124 	218 	53 	187 	187 
000125 	218 	74 	187 	187 
000126 	218 	74 	187 	187 
000127 	239 	74 	186 	187 
000128 	239 	74 	186 	187 
000129 	239 	74 	186 	187 
000130 	239 	74 	186 	187 
000131 	239 	74 	186 	187 
000132 	239 	95 	186 	186 
000133 	239 	95 	186 	186 
000134 	239 	95 	186 	186 
000135 	239 	95 	186 	186 
000136 	239 	95 	186 	186 
000137 	239 	95 	186 	186 
000138 	239 	95 	186 	186 
000139 	239 	95 	186 	186 
000140 	239 	95 	186 	186 
000141 	239 	95 	186 	186 
000142 	239 	95 	186 	186 
000143 	239 	95 	186 	186 
000144 	239 	95 	186 	186 
000145 	239 	115 	186 	187 
000146 	239 	115 	186 	187 
000147 	239 	115 	186 	187 
000148 	239 	115 	186 	187 
000149 	218 	115 	187 	187 
000150 	218 	115 	187 	187 
000151 	218 	115 	187 	187 
000152 	218 	115 	187 	187 
000153 	218 	115 	187 	187 
000154 	218 	115 	187 	187 
000155 	218 	115 	187 	187 
000156 	218 	115 	187 	187 
000157 	218 	115 	187 	187 
000158 	218 	115 	187 	187 
000159 	218 	115 	187 	187 
000160 	218 	115 	187 	187 
000161 	197 	115 	187 	187 
000162 	197 	115 	187 	187 
000163 	197 	115 	187 	187 
000164 	197 	115 	187 	187 
000165 	197 	115 	187 	187 
000166 	197 	115 	187 	187 
000167 	197 	115 	187 	187 
000168 	197 	115 	187 	187 
000169 	197 	115 	187 	187 
000170 	197 	95 	187 	186 
000171 	197 	95 	187 	186 
000172 	197 	95 	187 	186 
000173 	197 	95 	187 	186 
000174 	197 	95 	187 	186 
000175 	197 	95 	187 	186 
000176 	197 	95 	187 	186 
000177 	197 	95 	187 	186 
000178 	197 	95 	187 	186 
000179 	197 	95 	187 	186 
000180 	218 	95 	187 	186 
000181 	218 	95 	187 	186 
000182 	218 	95 	187 	186 
000183 	218 	95 	187 	186 
000184 	218 	95 	187 	186 
000185 	218 	95 	187 	186 
000186 	218 	95 	187 	186 
000187 	218 	95 	187 	186 
000188 	218 	95 	187 	186 
000189 	218 	95 	187 	186 
000190 	218 	95 	187 	186 
000191 	218 	95 	187 	186 
000192 	218 	95 	187 	186 
000193 	218 	95 	187 	186 
000194 	218 	95 	187 	186 
000195 	218 	95 	187 	186 
000196 	218 	95 	187 	186 
000197 	218 	95 	187 	186 
000198 	218 	95 	187 	186 
000199 	218 	95 	187 	186 
000200 	218 	95 	187 	186 
000201 	218 	95 	187 	186 
000202 	218 	95 	187 	186 
000203 	218 	95 	187 	186 
000204 	218 	95 	187 	186 
000205 	218 	95 	187 	186 
000206 	218 	95 	187 	186 
000207 	218 	95 	187 	186 
000208 	218 	95 	187 	186 
000209 	218 	95 	187 	186 
000210 	218 	95 	187 	186 
000211 	239 	95 	186 	186 
000212 	239 	95 	186 	186 
000213 	239 	95 	186 	186 
000214 	239 	95 	186 	186 
000215 	239 	95 	186 	186 
000216 	239 	95 	186 	186 
000217 	239 	95 	186 	186 
000218 	239 	95 	186 	186 
000219 	239 	95 	186 	186 
000220 	239 	95 	186 	186 
000221 	239 	95 	186 	186 
000222 	218 	95 	187 	186 
000223 	218 	95 	187 	186 
000224 	218 	95 	187 	186 
000225 	218 	74 	187 	187 
000226 	218 	74 	187 	187 
000227 	218 	74 	187 	187 
000228 	218 	74 	187 	187 
000229 	218 	74 	187 	187 
000230 	218 	74 	187 	187 
000231 	218 	74 	187 	187 
000232 	218 	74 	187 	187 
000233 	216 	96 	156 	156 
000234 	216 	96 	156 	156 
000235 	216 	96 	156 	156 
000236 	197 	95 	187 	186 
000237 	197 	95 	187 	186 
000238 	197 	95 	187 	186 
000239 	197 	95 	187 	186 
000240 	197 	95 	187 	186 
000241 	197 	95 	187 	186 
000242 	197 	95 	187 	186 
000243 	197 	95 	187 	186 
000244 	197 	95 	187 	186 
000245 	197 	95 	187 	186 
000246 	197 	95 	187 	186 
000247 	197 	74 	187 	187 
000248 	197 	74 	187 	187 
000249 	197 	74 	187 	187 
000250 	197 	74 	187 	187 
000251 	197 	74 	187 	187 
000252 	197 	74 	187 	187 
000253 	218 	74 	187 	187 
000254 	218 	74 	187 	187 
000255 	218 	74 	187 	187 
000256 	218 	74 	187 	187 
000257 	218 	74 	187 	187 
000258 	218 	74 	187 	187 
000259 	218 	74 	187 	187 
000260 	218 	74 	187 	187 
000261 	218 	74 	187 	187 
000262 	218 	74 	187 	187 
000263 	239 	74 	186 	187 
000264 	218 	74 	187 	187 
000265 	239 	74 	186 	187 
000266 	239 	95 	186 	186 
000267 	239 	95 	186 	186 
000268 	239 	95 	186 	186 
000269 	239 	95 	186 	186 
000270 	239 	95 	186 	186 
000271 	239 	95 	186 	186 
000272 	239 	95 	186 	186 
000273 	239 	95 	186 	186 
000274 	239 	95 	186 	186 
000275 	239 	95 	186 	186 
000276 	239 	95 	186 	186 
000277 	239 	95 	186 	186 
000278 	239 	95 	186 	186 
000279 	259 	95 	187 	186 
000280 	259 	95 	187 	186 
000281 	259 	95 	187 	186 
000282 	259 	95 	187 	186 
000283 	259 	95 	187 	186 
000284 	259 	95 	187 	186 
000285 	259 	95 	187 	186 
000286 	259 	95 	187 	186 
000287 	259 	95 	187 	186 
000288 	259 	95 	187 	186 
000289 	259 	95 	187 	186 
000290 	259 	95 	187 	186 
000291 	259 	95 	187 	186 
000292 	239 	95 	186 	186 
000293 	239 	95 	186 	186 
000294 	239 	95 	186 	186 
000295 	239 	95 	186 	186 
000296 	239 	95 	186 	186 
000297 	239 	74 	186 	187 
000298 	239 	74 	186 	187 
000299 	218 	74 	187 	187 
000300 	218 	74 	187 	187 
000301 	218 	74 	187 	187 
000302 	218 	74 	187 	187 
000303 	218 	74 	187 	187 
000304 	233 	96 	156 	156 
000305 	218 	95 	187 	186 
000306 	218 	95 	187 	186 
000307 	218 	95 	187 	186 
000308 	218 	95 	187 	186 
000309 	218 	95 	187 	186 
000310 	218 	115 	187 	187 
000311 	218 	115 	187 	187 
000312 	218 	115 	187 	187 
000313 	239 	115 	186 	187 
000314 	250 	130 	156 	156 
000315 	239 	115 	186 	187 
000316 	239 	115 	186 	187 
000317 	239 	115 	186 	187 
000318 	239 	95 	186 	186 
000319 	239 	95 	186 	186 
000320 	239 	95 	186 	186 
000321 	239 	95 	186 	186 
000322 	239 	74 	186 	187 
000323 	239 	74 	186 	187 
000324 	239 	95 	186 	186 
000325 	239 	95 	186 	186 
000326 	239 	95 	186 	186 
000327 	250 	113 	156 	156 
000328 	250 	113 	156 	156 
000329 	250 	113 	156 	156 
000330 	239 	115 	186 	187 
000331 	239 	95 	186 	186 
000332 	239 	95 	186 	186 
000333 	239 	95 	186 	186 
000334 	239 	95 	186 	186 
000335 	239 	95 	186 	186 
000336 	239 	95 	186 	186 
000337 	239 	95 	186 	186 
000338 	239 	95 	186 	186 
000339 	239 	95 	186 	186 
000340 	239 	95 	186 	186 
000341 	239 	95 	186 	186 
000342 	239 	95 	186 	186 
000343 	259 	74 	187 	187 
000344 	259 	74 	187 	187 
000345 	259 	74 	187 	187 
000346 	259 	74 	187 	187 
000347 	259 	74 	187 	187 
000348 	259 	74 	187 	187 
000349 	259 	74 	187 	187 
000350 	259 	74 	187 	187 
