Identity  : 	id10513
Reference : 	zuOySOcZM2w
Offset    : 	-2
FV Conf   : 	18.839
ASD Conf  : 	7.479

FRAME 	X 	Y 	W 	H 
004060 	188 	64 	224 	224 
004061 	188 	64 	224 	224 
004062 	197 	74 	187 	187 
004063 	197 	74 	187 	187 
004064 	163 	64 	224 	224 
004065 	163 	64 	224 	224 
004066 	163 	64 	224 	224 
004067 	163 	64 	224 	224 
004068 	163 	39 	224 	224 
004069 	163 	39 	224 	224 
004070 	163 	39 	224 	224 
004071 	163 	39 	224 	224 
004072 	163 	39 	224 	224 
004073 	163 	39 	224 	224 
004074 	163 	39 	224 	224 
004075 	163 	39 	224 	224 
004076 	163 	64 	224 	224 
004077 	163 	64 	224 	224 
004078 	163 	64 	224 	224 
004079 	163 	64 	224 	224 
004080 	163 	64 	224 	224 
004081 	163 	64 	224 	224 
004082 	163 	64 	224 	224 
004083 	163 	64 	224 	224 
004084 	163 	64 	224 	224 
004085 	163 	64 	224 	224 
004086 	163 	64 	224 	224 
004087 	163 	64 	224 	224 
004088 	163 	64 	224 	224 
004089 	163 	64 	224 	224 
004090 	163 	64 	224 	224 
004091 	163 	64 	224 	224 
004092 	163 	64 	224 	224 
004093 	163 	64 	224 	224 
004094 	163 	64 	224 	224 
004095 	163 	64 	224 	224 
004096 	163 	64 	224 	224 
004097 	163 	64 	224 	224 
004098 	163 	64 	224 	224 
004099 	163 	64 	224 	224 
004100 	163 	64 	224 	224 
004101 	163 	64 	224 	224 
004102 	163 	64 	224 	224 
004103 	163 	64 	224 	224 
004104 	163 	64 	224 	224 
004105 	163 	64 	224 	224 
004106 	163 	64 	224 	224 
004107 	163 	64 	224 	224 
004108 	163 	64 	224 	224 
004109 	163 	64 	224 	224 
004110 	163 	64 	224 	224 
004111 	163 	64 	224 	224 
004112 	163 	64 	224 	224 
004113 	163 	64 	224 	224 
004114 	163 	64 	224 	224 
004115 	163 	64 	224 	224 
004116 	163 	64 	224 	224 
004117 	163 	64 	224 	224 
004118 	163 	64 	224 	224 
004119 	197 	74 	187 	187 
004120 	197 	74 	187 	187 
004121 	197 	74 	187 	187 
004122 	197 	74 	187 	187 
004123 	197 	74 	187 	187 
004124 	163 	64 	224 	224 
004125 	163 	64 	224 	224 
004126 	163 	64 	224 	224 
004127 	163 	64 	224 	224 
004128 	163 	64 	224 	224 
004129 	163 	64 	224 	224 
004130 	163 	64 	224 	224 
004131 	163 	64 	224 	224 
004132 	163 	64 	224 	224 
004133 	163 	64 	224 	224 
004134 	163 	64 	224 	224 
004135 	163 	64 	224 	224 
004136 	163 	64 	224 	224 
004137 	163 	64 	224 	224 
004138 	163 	64 	224 	224 
004139 	163 	64 	224 	224 
004140 	163 	64 	224 	224 
004141 	163 	64 	224 	224 
004142 	163 	64 	224 	224 
004143 	163 	64 	224 	224 
004144 	163 	64 	224 	224 
004145 	163 	64 	224 	224 
004146 	163 	64 	224 	224 
004147 	163 	64 	224 	224 
004148 	163 	64 	224 	224 
004149 	163 	64 	224 	224 
004150 	163 	64 	224 	224 
004151 	163 	64 	224 	224 
004152 	163 	64 	224 	224 
004153 	163 	64 	224 	224 
004154 	163 	64 	224 	224 
004155 	163 	64 	224 	224 
004156 	163 	64 	224 	224 
004157 	163 	64 	224 	224 
004158 	163 	64 	224 	224 
004159 	163 	64 	224 	224 
004160 	163 	64 	224 	224 
004161 	163 	64 	224 	224 
004162 	163 	64 	224 	224 
004163 	163 	64 	224 	224 
004164 	163 	64 	224 	224 
004165 	163 	64 	224 	224 
004166 	163 	64 	224 	224 
004167 	163 	64 	224 	224 
004168 	163 	64 	224 	224 
004169 	163 	64 	224 	224 
004170 	163 	64 	224 	224 
004171 	163 	64 	224 	224 
004172 	163 	64 	224 	224 
004173 	163 	64 	224 	224 
004174 	163 	64 	224 	224 
004175 	163 	64 	224 	224 
004176 	163 	64 	224 	224 
004177 	197 	95 	187 	186 
004178 	197 	95 	187 	186 
004179 	197 	95 	187 	186 
004180 	197 	95 	187 	186 
004181 	197 	95 	187 	186 
004182 	197 	95 	187 	186 
004183 	197 	95 	187 	186 
004184 	197 	95 	187 	186 
004185 	197 	95 	187 	186 
004186 	197 	95 	187 	186 
004187 	197 	95 	187 	186 
004188 	197 	95 	187 	186 
004189 	197 	95 	187 	186 
004190 	197 	95 	187 	186 
004191 	197 	95 	187 	186 
004192 	197 	95 	187 	186 
004193 	197 	95 	187 	186 
004194 	197 	95 	187 	186 
004195 	197 	95 	187 	186 
004196 	197 	95 	187 	186 
004197 	197 	95 	187 	186 
004198 	197 	95 	187 	186 
004199 	197 	95 	187 	186 
004200 	188 	64 	224 	224 
004201 	188 	64 	224 	224 
004202 	188 	64 	224 	224 
004203 	197 	74 	187 	187 
004204 	197 	74 	187 	187 
004205 	163 	64 	224 	224 
004206 	163 	64 	224 	224 
004207 	177 	95 	187 	186 
004208 	177 	95 	187 	186 
004209 	197 	95 	187 	186 
004210 	197 	95 	187 	186 
004211 	197 	95 	187 	186 
004212 	197 	95 	187 	186 
004213 	197 	95 	187 	186 
004214 	197 	95 	187 	186 
004215 	197 	95 	187 	186 
004216 	197 	95 	187 	186 
004217 	197 	95 	187 	186 
004218 	197 	95 	187 	186 
004219 	197 	95 	187 	186 
004220 	197 	95 	187 	186 
004221 	197 	95 	187 	186 
004222 	197 	95 	187 	186 
004223 	197 	95 	187 	186 
004224 	188 	64 	224 	224 
004225 	188 	64 	224 	224 
004226 	188 	64 	224 	224 
004227 	188 	64 	224 	224 
004228 	188 	64 	224 	224 
004229 	188 	64 	224 	224 
004230 	188 	64 	224 	224 
004231 	197 	74 	187 	187 
004232 	197 	74 	187 	187 
004233 	197 	95 	187 	186 
004234 	197 	95 	187 	186 
004235 	197 	95 	187 	186 
004236 	197 	74 	187 	187 
004237 	197 	74 	187 	187 
004238 	197 	95 	187 	186 
004239 	163 	64 	224 	224 
004240 	163 	64 	224 	224 
004241 	163 	64 	224 	224 
004242 	163 	64 	224 	224 
004243 	163 	64 	224 	224 
004244 	163 	64 	224 	224 
004245 	163 	64 	224 	224 
004246 	163 	64 	224 	224 
004247 	163 	64 	224 	224 
004248 	163 	64 	224 	224 
004249 	163 	64 	224 	224 
004250 	163 	64 	224 	224 
004251 	163 	64 	224 	224 
004252 	163 	64 	224 	224 
004253 	163 	64 	224 	224 
004254 	163 	64 	224 	224 
004255 	163 	64 	224 	224 
004256 	177 	95 	187 	186 
004257 	177 	95 	187 	186 
004258 	177 	95 	187 	186 
004259 	177 	95 	187 	186 
004260 	163 	64 	224 	224 
004261 	163 	64 	224 	224 
004262 	177 	95 	187 	186 
004263 	163 	64 	224 	224 
004264 	177 	95 	187 	186 
004265 	177 	95 	187 	186 
004266 	163 	64 	224 	224 
004267 	163 	64 	224 	224 
004268 	163 	64 	224 	224 
004269 	163 	64 	224 	224 
004270 	163 	64 	224 	224 
004271 	163 	64 	224 	224 
004272 	163 	64 	224 	224 
004273 	163 	64 	224 	224 
004274 	163 	64 	224 	224 
004275 	163 	64 	224 	224 
004276 	163 	64 	224 	224 
004277 	163 	64 	224 	224 
004278 	163 	64 	224 	224 
004279 	163 	64 	224 	224 
004280 	163 	64 	224 	224 
004281 	163 	64 	224 	224 
004282 	163 	64 	224 	224 
004283 	163 	64 	224 	224 
004284 	163 	64 	224 	224 
004285 	163 	64 	224 	224 
004286 	163 	64 	224 	224 
004287 	163 	64 	224 	224 
004288 	163 	64 	224 	224 
004289 	163 	64 	224 	224 
004290 	163 	64 	224 	224 
004291 	163 	64 	224 	224 
004292 	163 	64 	224 	224 
004293 	163 	64 	224 	224 
004294 	163 	64 	224 	224 
004295 	163 	64 	224 	224 
004296 	163 	64 	224 	224 
004297 	163 	64 	224 	224 
004298 	163 	64 	224 	224 
004299 	163 	64 	224 	224 
004300 	177 	95 	187 	186 
004301 	177 	95 	187 	186 
004302 	138 	64 	224 	224 
004303 	177 	95 	187 	186 
004304 	177 	95 	187 	186 
004305 	177 	95 	187 	186 
004306 	138 	64 	224 	224 
004307 	138 	64 	224 	224 
004308 	138 	64 	224 	224 
004309 	138 	64 	224 	224 
004310 	138 	64 	224 	224 
004311 	138 	64 	224 	224 
004312 	138 	64 	224 	224 
004313 	138 	64 	224 	224 
004314 	138 	64 	224 	224 
004315 	138 	64 	224 	224 
004316 	138 	64 	224 	224 
004317 	138 	64 	224 	224 
004318 	138 	64 	224 	224 
004319 	138 	64 	224 	224 
004320 	138 	64 	224 	224 
004321 	138 	64 	224 	224 
004322 	138 	64 	224 	224 
004323 	138 	64 	224 	224 
004324 	156 	95 	187 	186 
004325 	138 	64 	224 	224 
004326 	156 	95 	187 	186 
004327 	138 	64 	224 	224 
004328 	138 	64 	224 	224 
004329 	138 	64 	224 	224 
004330 	138 	64 	224 	224 
004331 	138 	64 	224 	224 
004332 	138 	64 	224 	224 
004333 	138 	64 	224 	224 
004334 	138 	64 	224 	224 
004335 	138 	64 	224 	224 
004336 	177 	95 	187 	186 
004337 	177 	95 	187 	186 
