Identity  : 	id10226
Reference : 	KmbJACK2Ykg
Offset    : 	-3
FV Conf   : 	15.070
ASD Conf  : 	6.778

FRAME 	X 	Y 	W 	H 
006076 	385 	96 	76 	75 
006077 	385 	96 	76 	75 
006078 	385 	96 	76 	75 
006079 	385 	96 	76 	75 
006080 	394 	104 	75 	76 
006081 	394 	104 	75 	76 
006082 	394 	104 	75 	76 
006083 	385 	96 	76 	75 
006084 	385 	104 	76 	76 
006085 	385 	104 	76 	76 
006086 	385 	104 	76 	76 
006087 	385 	104 	76 	76 
006088 	385 	104 	76 	76 
006089 	385 	104 	76 	76 
006090 	385 	104 	76 	76 
006091 	385 	104 	76 	76 
006092 	385 	104 	76 	76 
006093 	394 	104 	75 	76 
006094 	385 	96 	76 	75 
006095 	385 	104 	76 	76 
006096 	385 	104 	76 	76 
006097 	385 	96 	76 	75 
006098 	385 	104 	76 	76 
006099 	385 	104 	76 	76 
006100 	385 	104 	76 	76 
006101 	385 	104 	76 	76 
006102 	385 	104 	76 	76 
006103 	385 	104 	76 	76 
006104 	385 	104 	76 	76 
006105 	385 	104 	76 	76 
006106 	385 	104 	76 	76 
006107 	385 	104 	76 	76 
006108 	385 	104 	76 	76 
006109 	385 	104 	76 	76 
006110 	385 	104 	76 	76 
006111 	385 	104 	76 	76 
006112 	385 	104 	76 	76 
006113 	385 	104 	76 	76 
006114 	385 	104 	76 	76 
006115 	385 	104 	76 	76 
006116 	385 	104 	76 	76 
006117 	385 	104 	76 	76 
006118 	385 	104 	76 	76 
006119 	385 	104 	76 	76 
006120 	385 	104 	76 	76 
006121 	385 	104 	76 	76 
006122 	385 	104 	76 	76 
006123 	385 	104 	76 	76 
006124 	385 	104 	76 	76 
006125 	385 	104 	76 	76 
006126 	385 	104 	76 	76 
006127 	385 	104 	76 	76 
006128 	385 	104 	76 	76 
006129 	385 	104 	76 	76 
006130 	385 	96 	76 	75 
006131 	385 	104 	76 	76 
006132 	385 	96 	76 	75 
006133 	385 	104 	76 	76 
006134 	385 	96 	76 	75 
006135 	385 	96 	76 	75 
006136 	385 	96 	76 	75 
006137 	383 	85 	91 	91 
006138 	383 	85 	91 	91 
006139 	383 	85 	91 	91 
006140 	383 	85 	91 	91 
006141 	383 	95 	91 	91 
006142 	385 	96 	76 	75 
006143 	385 	104 	76 	76 
006144 	385 	96 	76 	75 
006145 	385 	104 	76 	76 
006146 	385 	96 	76 	75 
006147 	385 	104 	76 	76 
006148 	385 	104 	76 	76 
006149 	385 	104 	76 	76 
006150 	385 	104 	76 	76 
006151 	385 	104 	76 	76 
006152 	385 	96 	76 	75 
006153 	385 	96 	76 	75 
006154 	385 	96 	76 	75 
006155 	383 	85 	91 	91 
006156 	383 	85 	91 	91 
006157 	383 	85 	91 	91 
006158 	383 	85 	91 	91 
006159 	394 	96 	75 	75 
006160 	394 	104 	75 	76 
006161 	394 	104 	75 	76 
006162 	394 	104 	75 	76 
006163 	394 	104 	75 	76 
006164 	394 	104 	75 	76 
006165 	394 	104 	75 	76 
006166 	394 	104 	75 	76 
006167 	383 	95 	91 	91 
006168 	385 	104 	76 	76 
006169 	385 	104 	76 	76 
006170 	385 	104 	76 	76 
006171 	385 	104 	76 	76 
006172 	385 	104 	76 	76 
006173 	385 	104 	76 	76 
006174 	385 	104 	76 	76 
006175 	373 	95 	91 	91 
006176 	373 	95 	91 	91 
006177 	385 	104 	76 	76 
006178 	373 	95 	91 	91 
006179 	373 	95 	91 	91 
006180 	373 	95 	91 	91 
006181 	373 	95 	91 	91 
006182 	373 	95 	91 	91 
006183 	385 	104 	76 	76 
006184 	373 	95 	91 	91 
006185 	377 	104 	76 	76 
006186 	377 	104 	76 	76 
006187 	377 	104 	76 	76 
006188 	377 	104 	76 	76 
006189 	377 	104 	76 	76 
006190 	377 	104 	76 	76 
006191 	377 	104 	76 	76 
006192 	377 	104 	76 	76 
006193 	373 	95 	91 	91 
006194 	373 	95 	91 	91 
006195 	385 	104 	76 	76 
006196 	385 	104 	76 	76 
006197 	385 	104 	76 	76 
006198 	373 	95 	91 	91 
006199 	385 	104 	76 	76 
006200 	385 	104 	76 	76 
006201 	385 	104 	76 	76 
006202 	385 	104 	76 	76 
006203 	385 	104 	76 	76 
006204 	385 	104 	76 	76 
006205 	385 	104 	76 	76 
006206 	385 	104 	76 	76 
006207 	385 	104 	76 	76 
006208 	385 	104 	76 	76 
006209 	385 	104 	76 	76 
006210 	385 	104 	76 	76 
006211 	385 	104 	76 	76 
006212 	385 	104 	76 	76 
006213 	385 	104 	76 	76 
006214 	385 	104 	76 	76 
006215 	385 	104 	76 	76 
006216 	385 	104 	76 	76 
006217 	385 	104 	76 	76 
006218 	385 	104 	76 	76 
006219 	385 	104 	76 	76 
006220 	385 	104 	76 	76 
006221 	385 	104 	76 	76 
006222 	385 	104 	76 	76 
006223 	385 	104 	76 	76 
006224 	385 	104 	76 	76 
006225 	385 	104 	76 	76 
006226 	385 	104 	76 	76 
006227 	385 	104 	76 	76 
006228 	385 	96 	76 	75 
006229 	385 	96 	76 	75 
006230 	385 	96 	76 	75 
006231 	385 	96 	76 	75 
006232 	385 	96 	76 	75 
006233 	385 	104 	76 	76 
006234 	385 	104 	76 	76 
006235 	385 	96 	76 	75 
006236 	385 	104 	76 	76 
006237 	385 	96 	76 	75 
006238 	385 	96 	76 	75 
006239 	385 	96 	76 	75 
006240 	385 	104 	76 	76 
006241 	385 	104 	76 	76 
006242 	385 	96 	76 	75 
006243 	385 	96 	76 	75 
006244 	385 	96 	76 	75 
006245 	385 	96 	76 	75 
006246 	385 	104 	76 	76 
006247 	385 	104 	76 	76 
006248 	385 	104 	76 	76 
006249 	385 	104 	76 	76 
006250 	385 	104 	76 	76 
006251 	385 	104 	76 	76 
006252 	385 	104 	76 	76 
006253 	385 	104 	76 	76 
006254 	385 	104 	76 	76 
006255 	385 	104 	76 	76 
006256 	385 	104 	76 	76 
006257 	385 	104 	76 	76 
006258 	385 	104 	76 	76 
006259 	385 	104 	76 	76 
006260 	385 	104 	76 	76 
006261 	385 	104 	76 	76 
006262 	385 	104 	76 	76 
006263 	385 	104 	76 	76 
006264 	385 	96 	76 	75 
006265 	385 	96 	76 	75 
006266 	385 	96 	76 	75 
006267 	385 	96 	76 	75 
006268 	385 	96 	76 	75 
006269 	385 	104 	76 	76 
006270 	385 	104 	76 	76 
006271 	385 	104 	76 	76 
006272 	385 	104 	76 	76 
006273 	385 	104 	76 	76 
006274 	385 	104 	76 	76 
006275 	385 	104 	76 	76 
006276 	385 	104 	76 	76 
006277 	385 	104 	76 	76 
006278 	385 	104 	76 	76 
006279 	385 	104 	76 	76 
006280 	385 	104 	76 	76 
006281 	385 	104 	76 	76 
006282 	385 	104 	76 	76 
006283 	385 	104 	76 	76 
006284 	385 	104 	76 	76 
006285 	385 	104 	76 	76 
006286 	385 	104 	76 	76 
006287 	385 	104 	76 	76 
006288 	385 	104 	76 	76 
006289 	385 	104 	76 	76 
006290 	385 	104 	76 	76 
006291 	385 	104 	76 	76 
006292 	385 	104 	76 	76 
006293 	385 	104 	76 	76 
006294 	385 	104 	76 	76 
006295 	385 	104 	76 	76 
006296 	385 	104 	76 	76 
006297 	385 	104 	76 	76 
006298 	373 	85 	91 	91 
006299 	373 	85 	91 	91 
006300 	385 	104 	76 	76 
006301 	385 	104 	76 	76 
006302 	385 	104 	76 	76 
006303 	385 	104 	76 	76 
006304 	385 	104 	76 	76 
006305 	385 	96 	76 	75 
006306 	385 	104 	76 	76 
006307 	373 	85 	91 	91 
006308 	385 	96 	76 	75 
006309 	385 	104 	76 	76 
006310 	385 	104 	76 	76 
006311 	385 	96 	76 	75 
006312 	385 	96 	76 	75 
006313 	385 	96 	76 	75 
006314 	385 	96 	76 	75 
006315 	385 	96 	76 	75 
006316 	385 	96 	76 	75 
006317 	385 	96 	76 	75 
006318 	385 	96 	76 	75 
006319 	385 	96 	76 	75 
006320 	385 	96 	76 	75 
006321 	385 	96 	76 	75 
006322 	385 	96 	76 	75 
006323 	385 	96 	76 	75 
006324 	385 	96 	76 	75 
006325 	383 	85 	91 	91 
006326 	383 	85 	91 	91 
006327 	385 	96 	76 	75 
006328 	385 	96 	76 	75 
006329 	385 	96 	76 	75 
006330 	385 	96 	76 	75 
006331 	385 	96 	76 	75 
006332 	385 	96 	76 	75 
006333 	385 	96 	76 	75 
006334 	385 	96 	76 	75 
006335 	385 	96 	76 	75 
006336 	385 	96 	76 	75 
006337 	385 	96 	76 	75 
006338 	385 	96 	76 	75 
006339 	385 	96 	76 	75 
006340 	385 	96 	76 	75 
006341 	385 	96 	76 	75 
006342 	385 	96 	76 	75 
006343 	385 	96 	76 	75 
006344 	385 	96 	76 	75 
006345 	385 	96 	76 	75 
006346 	385 	96 	76 	75 
006347 	385 	96 	76 	75 
006348 	385 	96 	76 	75 
006349 	385 	96 	76 	75 
006350 	385 	96 	76 	75 
006351 	385 	96 	76 	75 
006352 	385 	96 	76 	75 
006353 	385 	96 	76 	75 
006354 	385 	96 	76 	75 
006355 	385 	96 	76 	75 
006356 	385 	96 	76 	75 
006357 	385 	96 	76 	75 
006358 	385 	96 	76 	75 
006359 	385 	96 	76 	75 
006360 	385 	96 	76 	75 
006361 	385 	96 	76 	75 
006362 	385 	96 	76 	75 
006363 	385 	96 	76 	75 
006364 	385 	96 	76 	75 
006365 	385 	96 	76 	75 
006366 	385 	96 	76 	75 
006367 	385 	96 	76 	75 
006368 	385 	96 	76 	75 
006369 	385 	96 	76 	75 
006370 	385 	96 	76 	75 
006371 	385 	96 	76 	75 
006372 	385 	96 	76 	75 
006373 	394 	96 	75 	75 
006374 	394 	96 	75 	75 
006375 	394 	96 	75 	75 
006376 	394 	96 	75 	75 
006377 	394 	96 	75 	75 
006378 	383 	85 	91 	91 
006379 	385 	96 	76 	75 
006380 	385 	96 	76 	75 
006381 	385 	96 	76 	75 
006382 	385 	96 	76 	75 
006383 	394 	104 	75 	76 
006384 	385 	104 	76 	76 
006385 	385 	104 	76 	76 
006386 	385 	104 	76 	76 
006387 	385 	104 	76 	76 
006388 	385 	104 	76 	76 
006389 	385 	104 	76 	76 
006390 	385 	104 	76 	76 
006391 	385 	104 	76 	76 
006392 	385 	104 	76 	76 
006393 	385 	104 	76 	76 
006394 	385 	104 	76 	76 
006395 	385 	104 	76 	76 
006396 	385 	104 	76 	76 
006397 	385 	104 	76 	76 
006398 	385 	104 	76 	76 
006399 	385 	104 	76 	76 
006400 	385 	104 	76 	76 
006401 	385 	104 	76 	76 
006402 	385 	104 	76 	76 
006403 	385 	104 	76 	76 
006404 	385 	104 	76 	76 
006405 	385 	104 	76 	76 
006406 	385 	104 	76 	76 
006407 	385 	104 	76 	76 
006408 	385 	104 	76 	76 
006409 	385 	104 	76 	76 
006410 	385 	104 	76 	76 
006411 	385 	104 	76 	76 
006412 	385 	104 	76 	76 
006413 	385 	104 	76 	76 
006414 	385 	104 	76 	76 
006415 	385 	104 	76 	76 
006416 	385 	96 	76 	75 
006417 	385 	96 	76 	75 
006418 	385 	96 	76 	75 
006419 	385 	96 	76 	75 
006420 	385 	96 	76 	75 
006421 	385 	104 	76 	76 
006422 	385 	96 	76 	75 
006423 	385 	104 	76 	76 
006424 	385 	96 	76 	75 
006425 	385 	104 	76 	76 
006426 	385 	104 	76 	76 
006427 	385 	104 	76 	76 
006428 	385 	104 	76 	76 
006429 	385 	104 	76 	76 
006430 	385 	104 	76 	76 
006431 	385 	104 	76 	76 
006432 	385 	104 	76 	76 
006433 	385 	104 	76 	76 
006434 	385 	96 	76 	75 
006435 	385 	96 	76 	75 
006436 	385 	96 	76 	75 
006437 	385 	96 	76 	75 
006438 	373 	85 	91 	91 
006439 	373 	85 	91 	91 
006440 	385 	87 	76 	76 
006441 	385 	87 	76 	76 
006442 	385 	96 	76 	75 
006443 	385 	96 	76 	75 
006444 	385 	96 	76 	75 
006445 	385 	96 	76 	75 
006446 	385 	96 	76 	75 
006447 	385 	96 	76 	75 
006448 	385 	104 	76 	76 
006449 	385 	104 	76 	76 
006450 	385 	104 	76 	76 
006451 	385 	104 	76 	76 
006452 	385 	104 	76 	76 
006453 	385 	104 	76 	76 
006454 	385 	104 	76 	76 
006455 	385 	104 	76 	76 
006456 	385 	104 	76 	76 
006457 	385 	104 	76 	76 
006458 	385 	104 	76 	76 
006459 	385 	104 	76 	76 
006460 	385 	104 	76 	76 
006461 	385 	96 	76 	75 
006462 	385 	96 	76 	75 
006463 	385 	96 	76 	75 
006464 	385 	104 	76 	76 
006465 	385 	104 	76 	76 
006466 	385 	104 	76 	76 
006467 	385 	104 	76 	76 
