Identity  : 	id10795
Reference : 	InEZE75bHjU
Offset    : 	-3
FV Conf   : 	18.002
ASD Conf  : 	6.539

FRAME 	X 	Y 	W 	H 
002829 	211 	62 	76 	76 
002830 	211 	62 	76 	76 
002831 	211 	62 	76 	76 
002832 	211 	62 	76 	76 
002833 	211 	62 	76 	76 
002834 	211 	62 	76 	76 
002835 	211 	62 	76 	76 
002836 	211 	62 	76 	76 
002837 	211 	62 	76 	76 
002838 	211 	62 	76 	76 
002839 	211 	62 	76 	76 
002840 	211 	62 	76 	76 
002841 	211 	71 	76 	75 
002842 	211 	71 	76 	75 
002843 	211 	71 	76 	75 
002844 	211 	71 	76 	75 
002845 	211 	71 	76 	75 
002846 	211 	71 	76 	75 
002847 	211 	71 	76 	75 
002848 	211 	71 	76 	75 
002849 	211 	71 	76 	75 
002850 	211 	71 	76 	75 
002851 	211 	71 	76 	75 
002852 	211 	71 	76 	75 
002853 	211 	71 	76 	75 
002854 	211 	71 	76 	75 
002855 	211 	71 	76 	75 
002856 	211 	71 	76 	75 
002857 	211 	71 	76 	75 
002858 	211 	71 	76 	75 
002859 	211 	71 	76 	75 
002860 	211 	71 	76 	75 
002861 	211 	71 	76 	75 
002862 	211 	71 	76 	75 
002863 	211 	62 	76 	76 
002864 	211 	62 	76 	76 
002865 	211 	62 	76 	76 
002866 	211 	62 	76 	76 
002867 	211 	62 	76 	76 
002868 	211 	62 	76 	76 
002869 	211 	62 	76 	76 
002870 	211 	62 	76 	76 
002871 	211 	62 	76 	76 
002872 	211 	62 	76 	76 
002873 	211 	62 	76 	76 
002874 	211 	62 	76 	76 
002875 	211 	62 	76 	76 
002876 	211 	62 	76 	76 
002877 	211 	62 	76 	76 
002878 	211 	62 	76 	76 
002879 	211 	62 	76 	76 
002880 	211 	62 	76 	76 
002881 	211 	62 	76 	76 
002882 	211 	62 	76 	76 
002883 	211 	62 	76 	76 
002884 	211 	62 	76 	76 
002885 	211 	62 	76 	76 
002886 	211 	62 	76 	76 
002887 	211 	62 	76 	76 
002888 	211 	62 	76 	76 
002889 	211 	62 	76 	76 
002890 	203 	62 	76 	76 
002891 	203 	62 	76 	76 
002892 	203 	62 	76 	76 
002893 	203 	62 	76 	76 
002894 	203 	62 	76 	76 
002895 	203 	62 	76 	76 
002896 	203 	62 	76 	76 
002897 	203 	62 	76 	76 
002898 	203 	62 	76 	76 
002899 	203 	62 	76 	76 
002900 	203 	62 	76 	76 
002901 	203 	62 	76 	76 
002902 	203 	62 	76 	76 
002903 	203 	62 	76 	76 
002904 	194 	55 	91 	91 
002905 	194 	55 	91 	91 
002906 	194 	55 	91 	91 
002907 	194 	55 	91 	91 
002908 	194 	55 	91 	91 
002909 	203 	71 	76 	75 
002910 	194 	55 	91 	91 
002911 	203 	71 	76 	75 
002912 	194 	55 	91 	91 
002913 	203 	71 	76 	75 
002914 	203 	71 	76 	75 
002915 	203 	71 	76 	75 
002916 	203 	71 	76 	75 
002917 	203 	71 	76 	75 
002918 	203 	71 	76 	75 
002919 	203 	71 	76 	75 
002920 	203 	71 	76 	75 
002921 	203 	71 	76 	75 
002922 	203 	62 	76 	76 
002923 	194 	55 	91 	91 
002924 	203 	62 	76 	76 
002925 	203 	62 	76 	76 
002926 	203 	62 	76 	76 
002927 	203 	62 	76 	76 
002928 	203 	62 	76 	76 
002929 	211 	62 	76 	76 
002930 	211 	62 	76 	76 
002931 	211 	62 	76 	76 
002932 	211 	62 	76 	76 
002933 	211 	62 	76 	76 
002934 	211 	62 	76 	76 
002935 	211 	62 	76 	76 
002936 	211 	62 	76 	76 
002937 	211 	62 	76 	76 
002938 	211 	62 	76 	76 
002939 	211 	62 	76 	76 
002940 	211 	62 	76 	76 
002941 	211 	62 	76 	76 
002942 	211 	62 	76 	76 
002943 	211 	62 	76 	76 
002944 	211 	62 	76 	76 
002945 	211 	62 	76 	76 
002946 	211 	62 	76 	76 
002947 	211 	62 	76 	76 
002948 	211 	62 	76 	76 
002949 	211 	62 	76 	76 
002950 	211 	62 	76 	76 
002951 	211 	62 	76 	76 
002952 	211 	62 	76 	76 
002953 	203 	62 	76 	76 
002954 	203 	62 	76 	76 
002955 	194 	55 	91 	91 
002956 	203 	62 	76 	76 
002957 	203 	62 	76 	76 
002958 	203 	62 	76 	76 
002959 	203 	62 	76 	76 
002960 	203 	62 	76 	76 
002961 	203 	62 	76 	76 
002962 	194 	55 	91 	91 
002963 	194 	55 	91 	91 
002964 	194 	55 	91 	91 
002965 	194 	55 	91 	91 
002966 	194 	55 	91 	91 
002967 	194 	55 	91 	91 
002968 	194 	55 	91 	91 
002969 	194 	55 	91 	91 
002970 	203 	62 	76 	76 
002971 	203 	62 	76 	76 
002972 	194 	55 	91 	91 
002973 	194 	55 	91 	91 
002974 	194 	55 	91 	91 
002975 	194 	55 	91 	91 
002976 	194 	55 	91 	91 
002977 	194 	55 	91 	91 
002978 	194 	55 	91 	91 
002979 	194 	55 	91 	91 
002980 	217 	66 	64 	63 
002981 	217 	66 	64 	63 
002982 	217 	66 	64 	63 
002983 	211 	62 	76 	76 
002984 	194 	55 	91 	91 
002985 	217 	59 	64 	63 
002986 	211 	54 	76 	76 
002987 	217 	59 	64 	63 
002988 	217 	59 	64 	63 
002989 	211 	54 	76 	76 
002990 	211 	54 	76 	76 
002991 	211 	54 	76 	76 
002992 	211 	54 	76 	76 
002993 	211 	54 	76 	76 
002994 	211 	54 	76 	76 
002995 	211 	54 	76 	76 
002996 	211 	54 	76 	76 
002997 	211 	54 	76 	76 
002998 	211 	54 	76 	76 
002999 	211 	54 	76 	76 
003000 	211 	54 	76 	76 
003001 	211 	54 	76 	76 
003002 	211 	54 	76 	76 
003003 	211 	54 	76 	76 
003004 	211 	54 	76 	76 
003005 	211 	54 	76 	76 
003006 	211 	54 	76 	76 
003007 	211 	54 	76 	76 
003008 	211 	54 	76 	76 
003009 	211 	62 	76 	76 
003010 	211 	62 	76 	76 
003011 	211 	62 	76 	76 
003012 	211 	62 	76 	76 
