Identity  : 	id10570
Reference : 	zl1Jh2Jmrng
Offset    : 	-2
FV Conf   : 	16.645
ASD Conf  : 	8.316

FRAME 	X 	Y 	W 	H 
001107 	251 	80 	130 	130 
001108 	251 	80 	130 	130 
001109 	257 	90 	109 	109 
001110 	257 	90 	109 	109 
001111 	257 	90 	109 	109 
001112 	257 	90 	109 	109 
001113 	251 	80 	130 	130 
001114 	251 	80 	130 	130 
001115 	251 	80 	130 	130 
001116 	251 	80 	130 	130 
001117 	251 	80 	130 	130 
001118 	251 	80 	130 	130 
001119 	251 	80 	130 	130 
001120 	251 	80 	130 	130 
001121 	251 	80 	130 	130 
001122 	251 	80 	130 	130 
001123 	251 	80 	130 	130 
001124 	251 	80 	130 	130 
001125 	251 	80 	130 	130 
001126 	251 	80 	130 	130 
001127 	251 	80 	130 	130 
001128 	251 	80 	130 	130 
001129 	251 	80 	130 	130 
001130 	251 	80 	130 	130 
001131 	251 	80 	130 	130 
001132 	251 	80 	130 	130 
001133 	251 	80 	130 	130 
001134 	251 	80 	130 	130 
001135 	251 	80 	130 	130 
001136 	251 	80 	130 	130 
001137 	251 	80 	130 	130 
001138 	251 	80 	130 	130 
001139 	251 	80 	130 	130 
001140 	251 	80 	130 	130 
001141 	251 	80 	130 	130 
001142 	252 	81 	129 	129 
001143 	253 	81 	128 	128 
001144 	254 	82 	126 	127 
001145 	255 	82 	125 	125 
001146 	256 	83 	124 	124 
001147 	257 	83 	123 	123 
001148 	258 	84 	121 	122 
001149 	259 	84 	120 	121 
001150 	260 	85 	119 	120 
001151 	261 	86 	118 	118 
001152 	262 	86 	117 	117 
001153 	263 	87 	115 	116 
001154 	264 	87 	114 	115 
001155 	265 	88 	113 	114 
001156 	266 	88 	112 	112 
001157 	267 	89 	110 	111 
001158 	268 	89 	109 	110 
001159 	269 	90 	108 	109 
001160 	269 	90 	108 	109 
001161 	269 	90 	108 	109 
001162 	269 	90 	108 	109 
001163 	269 	90 	108 	109 
001164 	269 	90 	108 	109 
001165 	269 	90 	108 	109 
001166 	269 	90 	108 	109 
001167 	269 	90 	108 	109 
001168 	269 	90 	108 	109 
001169 	269 	90 	108 	109 
001170 	251 	80 	130 	130 
001171 	251 	80 	130 	130 
001172 	251 	80 	130 	130 
001173 	251 	80 	130 	130 
001174 	251 	80 	130 	130 
001175 	251 	80 	130 	130 
001176 	251 	66 	130 	130 
001177 	251 	80 	130 	130 
001178 	251 	66 	130 	130 
001179 	251 	66 	130 	130 
001180 	251 	66 	130 	130 
001181 	251 	66 	130 	130 
001182 	251 	80 	130 	130 
001183 	251 	80 	130 	130 
001184 	251 	80 	130 	130 
001185 	251 	80 	130 	130 
001186 	269 	90 	108 	109 
001187 	269 	90 	108 	109 
001188 	269 	90 	108 	109 
001189 	251 	80 	130 	130 
001190 	251 	66 	130 	130 
001191 	251 	66 	130 	130 
001192 	251 	66 	130 	130 
001193 	251 	66 	130 	130 
001194 	251 	66 	130 	130 
001195 	251 	66 	130 	130 
001196 	251 	66 	130 	130 
001197 	251 	66 	130 	130 
001198 	251 	66 	130 	130 
001199 	251 	66 	130 	130 
001200 	251 	66 	130 	130 
001201 	251 	66 	130 	130 
001202 	251 	66 	130 	130 
001203 	251 	66 	130 	130 
001204 	251 	66 	130 	130 
001205 	251 	66 	130 	130 
001206 	251 	66 	130 	130 
001207 	251 	66 	130 	130 
001208 	251 	66 	130 	130 
001209 	251 	66 	130 	130 
