Identity  : 	id10406
Reference : 	qsqQMGJQgkQ
Offset    : 	-3
FV Conf   : 	16.795
ASD Conf  : 	5.434

FRAME 	X 	Y 	W 	H 
001960 	212 	39 	224 	224 
001961 	212 	39 	224 	224 
001962 	212 	64 	224 	224 
001963 	212 	64 	224 	224 
001964 	212 	64 	224 	224 
001965 	212 	64 	224 	224 
001966 	212 	64 	224 	224 
001967 	212 	64 	224 	224 
001968 	212 	64 	224 	224 
001969 	212 	39 	224 	224 
001970 	212 	39 	224 	224 
001971 	212 	39 	224 	224 
001972 	212 	39 	224 	224 
001973 	212 	39 	224 	224 
001974 	212 	39 	224 	224 
001975 	212 	39 	224 	224 
001976 	212 	39 	224 	224 
001977 	212 	39 	224 	224 
001978 	212 	39 	224 	224 
001979 	212 	39 	224 	224 
001980 	212 	39 	224 	224 
001981 	212 	39 	224 	224 
001982 	212 	64 	224 	224 
001983 	212 	64 	224 	224 
001984 	212 	64 	224 	224 
001985 	212 	64 	224 	224 
001986 	212 	64 	224 	224 
001987 	212 	64 	224 	224 
001988 	212 	64 	224 	224 
001989 	212 	64 	224 	224 
001990 	212 	64 	224 	224 
001991 	212 	64 	224 	224 
001992 	212 	64 	224 	224 
001993 	212 	64 	224 	224 
001994 	212 	64 	224 	224 
001995 	212 	64 	224 	224 
001996 	212 	64 	224 	224 
001997 	212 	64 	224 	224 
001998 	218 	74 	187 	187 
001999 	188 	64 	224 	224 
002000 	188 	64 	224 	224 
002001 	188 	64 	224 	224 
002002 	188 	64 	224 	224 
002003 	188 	64 	224 	224 
002004 	188 	64 	224 	224 
002005 	212 	64 	224 	224 
002006 	212 	64 	224 	224 
002007 	212 	64 	224 	224 
002008 	212 	64 	224 	224 
002009 	212 	64 	224 	224 
002010 	212 	64 	224 	224 
002011 	212 	64 	224 	224 
002012 	212 	64 	224 	224 
002013 	212 	64 	224 	224 
002014 	212 	64 	224 	224 
002015 	212 	64 	224 	224 
002016 	212 	39 	224 	224 
002017 	212 	39 	224 	224 
002018 	212 	39 	224 	224 
002019 	212 	39 	224 	224 
002020 	212 	39 	224 	224 
002021 	212 	39 	224 	224 
002022 	218 	74 	187 	187 
002023 	218 	74 	187 	187 
002024 	212 	64 	224 	224 
002025 	218 	74 	187 	187 
002026 	188 	64 	224 	224 
002027 	188 	64 	224 	224 
002028 	188 	64 	224 	224 
002029 	188 	64 	224 	224 
002030 	188 	64 	224 	224 
002031 	188 	39 	224 	224 
002032 	218 	74 	187 	187 
002033 	188 	39 	224 	224 
002034 	218 	53 	187 	187 
002035 	218 	53 	187 	187 
002036 	218 	74 	187 	187 
002037 	218 	74 	187 	187 
002038 	218 	74 	187 	187 
002039 	212 	64 	224 	224 
002040 	212 	64 	224 	224 
002041 	212 	64 	224 	224 
002042 	212 	64 	224 	224 
002043 	212 	64 	224 	224 
002044 	212 	64 	224 	224 
002045 	212 	64 	224 	224 
002046 	212 	64 	224 	224 
002047 	212 	64 	224 	224 
002048 	212 	64 	224 	224 
002049 	212 	64 	224 	224 
002050 	212 	64 	224 	224 
002051 	212 	64 	224 	224 
002052 	212 	64 	224 	224 
002053 	212 	64 	224 	224 
002054 	212 	64 	224 	224 
002055 	212 	64 	224 	224 
002056 	212 	64 	224 	224 
002057 	212 	64 	224 	224 
002058 	212 	64 	224 	224 
002059 	212 	64 	224 	224 
002060 	212 	64 	224 	224 
002061 	212 	64 	224 	224 
002062 	212 	64 	224 	224 
002063 	212 	64 	224 	224 
002064 	212 	64 	224 	224 
002065 	212 	64 	224 	224 
002066 	212 	64 	224 	224 
002067 	212 	64 	224 	224 
002068 	212 	64 	224 	224 
002069 	212 	64 	224 	224 
002070 	218 	74 	187 	187 
002071 	188 	64 	224 	224 
002072 	188 	64 	224 	224 
002073 	188 	64 	224 	224 
002074 	188 	64 	224 	224 
002075 	188 	64 	224 	224 
002076 	188 	64 	224 	224 
002077 	188 	64 	224 	224 
002078 	218 	95 	187 	186 
002079 	212 	64 	224 	224 
002080 	212 	64 	224 	224 
002081 	212 	64 	224 	224 
002082 	212 	64 	224 	224 
002083 	212 	64 	224 	224 
002084 	212 	64 	224 	224 
002085 	212 	64 	224 	224 
002086 	212 	64 	224 	224 
002087 	212 	64 	224 	224 
002088 	212 	64 	224 	224 
002089 	212 	64 	224 	224 
002090 	212 	64 	224 	224 
002091 	212 	64 	224 	224 
002092 	212 	64 	224 	224 
002093 	212 	64 	224 	224 
002094 	212 	64 	224 	224 
002095 	212 	64 	224 	224 
002096 	212 	64 	224 	224 
002097 	212 	64 	224 	224 
002098 	212 	64 	224 	224 
002099 	212 	64 	224 	224 
002100 	212 	64 	224 	224 
002101 	212 	64 	224 	224 
002102 	212 	64 	224 	224 
002103 	212 	64 	224 	224 
002104 	212 	64 	224 	224 
002105 	212 	64 	224 	224 
002106 	212 	64 	224 	224 
002107 	212 	64 	224 	224 
002108 	212 	64 	224 	224 
002109 	212 	64 	224 	224 
002110 	212 	64 	224 	224 
002111 	212 	64 	224 	224 
002112 	212 	64 	224 	224 
002113 	212 	64 	224 	224 
002114 	218 	74 	187 	187 
002115 	212 	64 	224 	224 
002116 	212 	64 	224 	224 
002117 	212 	64 	224 	224 
002118 	212 	64 	224 	224 
002119 	212 	64 	224 	224 
002120 	212 	64 	224 	224 
002121 	212 	64 	224 	224 
002122 	212 	64 	224 	224 
002123 	212 	64 	224 	224 
002124 	212 	64 	224 	224 
002125 	212 	64 	224 	224 
002126 	212 	64 	224 	224 
002127 	212 	64 	224 	224 
002128 	212 	64 	224 	224 
002129 	212 	64 	224 	224 
002130 	212 	64 	224 	224 
002131 	212 	64 	224 	224 
002132 	212 	64 	224 	224 
