Identity  : 	id10615
Reference : 	xRXW2eOaX0Q
Offset    : 	-1
FV Conf   : 	15.354
ASD Conf  : 	7.513

FRAME 	X 	Y 	W 	H 
007648 	305 	90 	108 	109 
007649 	294 	80 	130 	130 
007650 	294 	80 	130 	130 
007651 	294 	80 	130 	130 
007652 	294 	80 	130 	130 
007653 	294 	80 	130 	130 
007654 	294 	80 	130 	130 
007655 	294 	80 	130 	130 
007656 	294 	80 	130 	130 
007657 	294 	80 	130 	130 
007658 	294 	80 	130 	130 
007659 	294 	80 	130 	130 
007660 	294 	80 	130 	130 
007661 	294 	80 	130 	130 
007662 	294 	80 	130 	130 
007663 	294 	80 	130 	130 
007664 	294 	80 	130 	130 
007665 	294 	80 	130 	130 
007666 	294 	94 	130 	130 
007667 	294 	94 	130 	130 
007668 	294 	94 	130 	130 
007669 	294 	94 	130 	130 
007670 	294 	94 	130 	130 
007671 	294 	94 	130 	130 
007672 	294 	94 	130 	130 
007673 	294 	94 	130 	130 
007674 	294 	94 	130 	130 
007675 	294 	94 	130 	130 
007676 	294 	94 	130 	130 
007677 	294 	94 	130 	130 
007678 	294 	94 	130 	130 
007679 	294 	94 	130 	130 
007680 	294 	80 	130 	130 
007681 	294 	80 	130 	130 
007682 	294 	80 	130 	130 
007683 	294 	80 	130 	130 
007684 	294 	80 	130 	130 
007685 	294 	80 	130 	130 
007686 	294 	80 	130 	130 
007687 	294 	80 	130 	130 
007688 	294 	80 	130 	130 
007689 	294 	80 	130 	130 
007690 	294 	80 	130 	130 
007691 	294 	80 	130 	130 
007692 	294 	80 	130 	130 
007693 	294 	80 	130 	130 
007694 	294 	80 	130 	130 
007695 	294 	80 	130 	130 
007696 	294 	80 	130 	130 
007697 	294 	80 	130 	130 
007698 	294 	80 	130 	130 
007699 	294 	80 	130 	130 
007700 	294 	80 	130 	130 
007701 	294 	80 	130 	130 
007702 	294 	80 	130 	130 
007703 	294 	80 	130 	130 
007704 	294 	80 	130 	130 
007705 	305 	78 	108 	109 
007706 	294 	66 	130 	130 
007707 	280 	66 	130 	130 
007708 	280 	66 	130 	130 
007709 	280 	66 	130 	130 
007710 	293 	78 	108 	109 
007711 	293 	78 	108 	109 
007712 	293 	78 	108 	109 
007713 	293 	78 	108 	109 
007714 	293 	78 	108 	109 
007715 	293 	78 	108 	109 
007716 	293 	78 	108 	109 
007717 	293 	78 	108 	109 
007718 	293 	78 	108 	109 
007719 	280 	80 	130 	130 
007720 	280 	80 	130 	130 
007721 	280 	80 	130 	130 
007722 	280 	80 	130 	130 
007723 	280 	80 	130 	130 
007724 	280 	80 	130 	130 
007725 	280 	80 	130 	130 
007726 	280 	80 	130 	130 
007727 	280 	80 	130 	130 
007728 	280 	80 	130 	130 
007729 	293 	78 	108 	109 
007730 	293 	78 	108 	109 
007731 	293 	78 	108 	109 
007732 	293 	78 	108 	109 
007733 	293 	78 	108 	109 
007734 	293 	78 	108 	109 
007735 	293 	78 	108 	109 
007736 	293 	78 	108 	109 
007737 	293 	78 	108 	109 
007738 	293 	78 	108 	109 
007739 	280 	80 	130 	130 
007740 	280 	80 	130 	130 
007741 	280 	80 	130 	130 
007742 	280 	80 	130 	130 
007743 	293 	90 	108 	109 
007744 	280 	80 	130 	130 
007745 	280 	80 	130 	130 
007746 	280 	80 	130 	130 
007747 	280 	80 	130 	130 
007748 	280 	80 	130 	130 
007749 	280 	80 	130 	130 
007750 	280 	80 	130 	130 
007751 	280 	80 	130 	130 
007752 	280 	80 	130 	130 
007753 	280 	80 	130 	130 
007754 	293 	78 	108 	109 
007755 	293 	78 	108 	109 
007756 	293 	78 	108 	109 
007757 	293 	78 	108 	109 
007758 	280 	66 	130 	130 
007759 	280 	66 	130 	130 
007760 	280 	66 	130 	130 
007761 	280 	66 	130 	130 
007762 	305 	78 	108 	109 
007763 	305 	78 	108 	109 
007764 	305 	66 	108 	109 
007765 	305 	66 	108 	109 
007766 	294 	66 	130 	130 
007767 	294 	66 	130 	130 
007768 	294 	66 	130 	130 
007769 	305 	78 	108 	109 
007770 	305 	78 	108 	109 
007771 	294 	66 	130 	130 
007772 	294 	66 	130 	130 
007773 	294 	66 	130 	130 
007774 	309 	66 	130 	130 
007775 	309 	66 	130 	130 
007776 	309 	66 	130 	130 
007777 	309 	66 	130 	130 
007778 	309 	66 	130 	130 
007779 	309 	80 	130 	130 
007780 	309 	66 	130 	130 
007781 	317 	78 	108 	109 
007782 	309 	80 	130 	130 
007783 	294 	80 	130 	130 
007784 	305 	90 	108 	109 
007785 	305 	90 	108 	109 
007786 	305 	90 	108 	109 
007787 	294 	66 	130 	130 
007788 	305 	78 	108 	109 
007789 	294 	66 	130 	130 
007790 	305 	78 	108 	109 
007791 	305 	78 	108 	109 
007792 	294 	66 	130 	130 
007793 	294 	66 	130 	130 
007794 	305 	78 	108 	109 
007795 	294 	66 	130 	130 
007796 	294 	66 	130 	130 
007797 	294 	66 	130 	130 
007798 	294 	66 	130 	130 
007799 	294 	66 	130 	130 
007800 	294 	66 	130 	130 
007801 	294 	66 	130 	130 
007802 	294 	66 	130 	130 
007803 	294 	66 	130 	130 
007804 	294 	66 	130 	130 
007805 	294 	66 	130 	130 
007806 	294 	66 	130 	130 
007807 	294 	66 	130 	130 
007808 	294 	66 	130 	130 
007809 	294 	66 	130 	130 
007810 	294 	66 	130 	130 
007811 	294 	66 	130 	130 
007812 	309 	66 	130 	130 
007813 	309 	66 	130 	130 
007814 	309 	66 	130 	130 
007815 	309 	66 	130 	130 
007816 	294 	66 	130 	130 
007817 	294 	66 	130 	130 
007818 	294 	66 	130 	130 
007819 	294 	66 	130 	130 
007820 	294 	66 	130 	130 
007821 	294 	66 	130 	130 
007822 	294 	66 	130 	130 
007823 	294 	80 	130 	130 
007824 	294 	80 	130 	130 
007825 	294 	80 	130 	130 
007826 	305 	78 	108 	109 
007827 	294 	66 	130 	130 
007828 	305 	78 	108 	109 
007829 	280 	66 	130 	130 
007830 	293 	78 	108 	109 
007831 	293 	78 	108 	109 
007832 	280 	66 	130 	130 
007833 	280 	66 	130 	130 
007834 	280 	66 	130 	130 
007835 	305 	78 	108 	109 
007836 	305 	78 	108 	109 
007837 	280 	66 	130 	130 
007838 	280 	66 	130 	130 
007839 	280 	66 	130 	130 
007840 	280 	66 	130 	130 
007841 	280 	66 	130 	130 
007842 	280 	66 	130 	130 
007843 	280 	66 	130 	130 
007844 	280 	66 	130 	130 
007845 	305 	66 	108 	109 
007846 	305 	66 	108 	109 
007847 	305 	66 	108 	109 
007848 	294 	66 	130 	130 
007849 	294 	66 	130 	130 
007850 	294 	66 	130 	130 
007851 	294 	66 	130 	130 
007852 	294 	66 	130 	130 
007853 	294 	66 	130 	130 
007854 	294 	66 	130 	130 
007855 	305 	78 	108 	109 
007856 	305 	78 	108 	109 
007857 	294 	80 	130 	130 
007858 	294 	80 	130 	130 
007859 	294 	80 	130 	130 
007860 	294 	80 	130 	130 
007861 	305 	90 	108 	109 
007862 	294 	80 	130 	130 
007863 	294 	80 	130 	130 
007864 	294 	80 	130 	130 
007865 	294 	80 	130 	130 
007866 	294 	80 	130 	130 
007867 	294 	80 	130 	130 
007868 	294 	80 	130 	130 
007869 	294 	80 	130 	130 
007870 	294 	80 	130 	130 
007871 	294 	80 	130 	130 
007872 	280 	80 	130 	130 
007873 	280 	80 	130 	130 
007874 	293 	78 	108 	109 
