Identity  : 	id10846
Reference : 	_gbdytw5r1g
Offset    : 	-2
FV Conf   : 	18.044
ASD Conf  : 	8.582

FRAME 	X 	Y 	W 	H 
006679 	216 	79 	156 	156 
006680 	216 	79 	156 	156 
006681 	216 	79 	156 	156 
006682 	216 	79 	156 	156 
006683 	216 	79 	156 	156 
006684 	216 	79 	156 	156 
006685 	216 	79 	156 	156 
006686 	216 	79 	156 	156 
006687 	216 	79 	156 	156 
006688 	216 	79 	156 	156 
006689 	216 	79 	156 	156 
006690 	199 	79 	155 	156 
006691 	199 	79 	155 	156 
006692 	199 	79 	155 	156 
006693 	199 	79 	155 	156 
006694 	199 	79 	155 	156 
006695 	199 	79 	155 	156 
006696 	199 	79 	155 	156 
006697 	199 	79 	155 	156 
006698 	197 	74 	187 	187 
006699 	216 	79 	156 	156 
006700 	216 	79 	156 	156 
006701 	216 	79 	156 	156 
006702 	233 	96 	156 	156 
006703 	233 	96 	156 	156 
006704 	233 	96 	156 	156 
006705 	233 	96 	156 	156 
006706 	233 	96 	156 	156 
006707 	233 	96 	156 	156 
006708 	233 	96 	156 	156 
006709 	233 	96 	156 	156 
006710 	233 	96 	156 	156 
006711 	216 	96 	156 	156 
006712 	216 	79 	156 	156 
006713 	216 	79 	156 	156 
006714 	216 	79 	156 	156 
006715 	216 	79 	156 	156 
006716 	216 	79 	156 	156 
006717 	216 	79 	156 	156 
006718 	216 	96 	156 	156 
006719 	216 	96 	156 	156 
006720 	216 	96 	156 	156 
006721 	216 	79 	156 	156 
006722 	216 	79 	156 	156 
006723 	216 	79 	156 	156 
006724 	216 	79 	156 	156 
006725 	216 	79 	156 	156 
006726 	216 	79 	156 	156 
006727 	216 	79 	156 	156 
006728 	216 	79 	156 	156 
006729 	216 	79 	156 	156 
006730 	216 	79 	156 	156 
006731 	216 	79 	156 	156 
006732 	216 	79 	156 	156 
006733 	216 	96 	156 	156 
006734 	233 	96 	156 	156 
006735 	233 	96 	156 	156 
006736 	233 	96 	156 	156 
006737 	233 	96 	156 	156 
006738 	233 	96 	156 	156 
006739 	237 	109 	130 	130 
006740 	237 	109 	130 	130 
006741 	216 	96 	156 	156 
006742 	216 	96 	156 	156 
006743 	197 	74 	187 	187 
006744 	197 	74 	187 	187 
006745 	233 	96 	156 	156 
006746 	233 	96 	156 	156 
006747 	233 	96 	156 	156 
006748 	233 	96 	156 	156 
006749 	233 	96 	156 	156 
006750 	233 	96 	156 	156 
006751 	233 	96 	156 	156 
006752 	233 	96 	156 	156 
006753 	233 	96 	156 	156 
006754 	216 	96 	156 	156 
006755 	216 	96 	156 	156 
006756 	216 	96 	156 	156 
006757 	216 	96 	156 	156 
006758 	216 	96 	156 	156 
006759 	216 	96 	156 	156 
006760 	216 	96 	156 	156 
006761 	216 	96 	156 	156 
006762 	216 	96 	156 	156 
006763 	216 	96 	156 	156 
006764 	216 	96 	156 	156 
006765 	216 	96 	156 	156 
006766 	216 	96 	156 	156 
006767 	216 	96 	156 	156 
006768 	216 	96 	156 	156 
006769 	216 	96 	156 	156 
006770 	216 	96 	156 	156 
006771 	216 	96 	156 	156 
006772 	216 	96 	156 	156 
006773 	216 	96 	156 	156 
006774 	216 	96 	156 	156 
006775 	216 	96 	156 	156 
006776 	216 	96 	156 	156 
006777 	216 	96 	156 	156 
006778 	216 	96 	156 	156 
006779 	216 	96 	156 	156 
006780 	216 	96 	156 	156 
006781 	216 	96 	156 	156 
006782 	216 	96 	156 	156 
006783 	216 	96 	156 	156 
006784 	216 	96 	156 	156 
006785 	216 	96 	156 	156 
006786 	216 	96 	156 	156 
006787 	216 	96 	156 	156 
006788 	216 	96 	156 	156 
006789 	216 	96 	156 	156 
006790 	216 	96 	156 	156 
006791 	216 	96 	156 	156 
006792 	216 	96 	156 	156 
006793 	216 	96 	156 	156 
006794 	216 	96 	156 	156 
006795 	216 	96 	156 	156 
006796 	216 	96 	156 	156 
006797 	216 	96 	156 	156 
006798 	216 	96 	156 	156 
006799 	216 	96 	156 	156 
006800 	216 	96 	156 	156 
006801 	216 	96 	156 	156 
006802 	216 	96 	156 	156 
006803 	216 	96 	156 	156 
006804 	233 	96 	156 	156 
006805 	233 	96 	156 	156 
006806 	233 	96 	156 	156 
006807 	233 	96 	156 	156 
006808 	233 	96 	156 	156 
006809 	233 	96 	156 	156 
006810 	233 	96 	156 	156 
006811 	233 	96 	156 	156 
006812 	233 	96 	156 	156 
006813 	233 	96 	156 	156 
006814 	233 	96 	156 	156 
006815 	233 	96 	156 	156 
006816 	233 	96 	156 	156 
006817 	233 	96 	156 	156 
006818 	233 	96 	156 	156 
006819 	233 	96 	156 	156 
006820 	233 	96 	156 	156 
006821 	233 	96 	156 	156 
006822 	233 	96 	156 	156 
006823 	233 	96 	156 	156 
006824 	233 	96 	156 	156 
006825 	233 	96 	156 	156 
006826 	233 	96 	156 	156 
006827 	233 	96 	156 	156 
006828 	233 	96 	156 	156 
006829 	233 	96 	156 	156 
006830 	233 	96 	156 	156 
006831 	233 	96 	156 	156 
006832 	250 	113 	156 	156 
006833 	250 	113 	156 	156 
006834 	218 	74 	187 	187 
006835 	233 	96 	156 	156 
006836 	233 	96 	156 	156 
006837 	233 	96 	156 	156 
006838 	233 	96 	156 	156 
006839 	233 	96 	156 	156 
006840 	233 	96 	156 	156 
006841 	233 	96 	156 	156 
006842 	233 	96 	156 	156 
006843 	233 	96 	156 	156 
006844 	233 	113 	156 	156 
006845 	233 	96 	156 	156 
006846 	233 	96 	156 	156 
006847 	233 	96 	156 	156 
006848 	233 	96 	156 	156 
006849 	233 	96 	156 	156 
006850 	233 	96 	156 	156 
006851 	233 	96 	156 	156 
006852 	233 	96 	156 	156 
006853 	233 	96 	156 	156 
006854 	233 	96 	156 	156 
006855 	233 	96 	156 	156 
006856 	233 	96 	156 	156 
006857 	233 	96 	156 	156 
006858 	233 	96 	156 	156 
006859 	233 	96 	156 	156 
006860 	233 	96 	156 	156 
006861 	233 	113 	156 	156 
006862 	233 	113 	156 	156 
006863 	233 	113 	156 	156 
006864 	233 	113 	156 	156 
006865 	233 	113 	156 	156 
006866 	216 	96 	156 	156 
006867 	216 	96 	156 	156 
006868 	216 	96 	156 	156 
006869 	216 	96 	156 	156 
006870 	216 	96 	156 	156 
006871 	216 	96 	156 	156 
006872 	216 	96 	156 	156 
006873 	216 	96 	156 	156 
006874 	216 	96 	156 	156 
006875 	216 	96 	156 	156 
006876 	216 	96 	156 	156 
006877 	216 	96 	156 	156 
006878 	233 	113 	156 	156 
006879 	233 	113 	156 	156 
006880 	233 	113 	156 	156 
006881 	233 	113 	156 	156 
006882 	233 	113 	156 	156 
006883 	233 	113 	156 	156 
006884 	233 	113 	156 	156 
006885 	233 	113 	156 	156 
006886 	233 	113 	156 	156 
006887 	250 	113 	156 	156 
006888 	250 	113 	156 	156 
006889 	250 	113 	156 	156 
006890 	250 	113 	156 	156 
006891 	250 	113 	156 	156 
006892 	250 	113 	156 	156 
006893 	250 	113 	156 	156 
006894 	250 	113 	156 	156 
006895 	250 	113 	156 	156 
006896 	250 	113 	156 	156 
006897 	250 	113 	156 	156 
006898 	250 	113 	156 	156 
006899 	250 	113 	156 	156 
006900 	250 	113 	156 	156 
006901 	250 	113 	156 	156 
006902 	250 	113 	156 	156 
006903 	250 	113 	156 	156 
006904 	250 	113 	156 	156 
006905 	250 	113 	156 	156 
006906 	250 	113 	156 	156 
006907 	250 	113 	156 	156 
006908 	250 	113 	156 	156 
006909 	250 	113 	156 	156 
006910 	233 	113 	156 	156 
006911 	233 	113 	156 	156 
006912 	233 	113 	156 	156 
006913 	233 	113 	156 	156 
006914 	250 	113 	156 	156 
006915 	250 	113 	156 	156 
006916 	250 	113 	156 	156 
006917 	250 	113 	156 	156 
006918 	250 	113 	156 	156 
006919 	250 	113 	156 	156 
006920 	250 	113 	156 	156 
006921 	233 	113 	156 	156 
006922 	233 	113 	156 	156 
006923 	233 	113 	156 	156 
006924 	233 	113 	156 	156 
006925 	233 	113 	156 	156 
006926 	233 	113 	156 	156 
006927 	233 	113 	156 	156 
006928 	233 	113 	156 	156 
006929 	233 	113 	156 	156 
006930 	233 	113 	156 	156 
006931 	233 	113 	156 	156 
006932 	233 	113 	156 	156 
006933 	233 	113 	156 	156 
006934 	233 	113 	156 	156 
006935 	233 	113 	156 	156 
006936 	233 	113 	156 	156 
006937 	233 	113 	156 	156 
006938 	233 	113 	156 	156 
006939 	233 	113 	156 	156 
006940 	233 	113 	156 	156 
006941 	233 	113 	156 	156 
006942 	233 	113 	156 	156 
006943 	233 	113 	156 	156 
006944 	233 	113 	156 	156 
006945 	233 	113 	156 	156 
006946 	237 	109 	130 	130 
006947 	216 	96 	156 	156 
006948 	216 	96 	156 	156 
006949 	216 	96 	156 	156 
006950 	216 	96 	156 	156 
006951 	216 	96 	156 	156 
006952 	237 	109 	130 	130 
006953 	237 	109 	130 	130 
006954 	216 	96 	156 	156 
006955 	216 	96 	156 	156 
006956 	237 	109 	130 	130 
006957 	233 	96 	156 	156 
006958 	233 	113 	156 	156 
006959 	233 	113 	156 	156 
006960 	233 	113 	156 	156 
006961 	233 	113 	156 	156 
006962 	233 	113 	156 	156 
006963 	233 	113 	156 	156 
006964 	233 	113 	156 	156 
006965 	233 	113 	156 	156 
006966 	233 	113 	156 	156 
006967 	233 	113 	156 	156 
006968 	233 	113 	156 	156 
006969 	237 	109 	130 	130 
006970 	237 	109 	130 	130 
006971 	237 	109 	130 	130 
006972 	233 	113 	156 	156 
006973 	233 	113 	156 	156 
006974 	233 	113 	156 	156 
