Identity  : 	id10846
Reference : 	_gbdytw5r1g
Offset    : 	-2
FV Conf   : 	18.044
ASD Conf  : 	7.886

FRAME 	X 	Y 	W 	H 
004331 	218 	74 	187 	187 
004332 	216 	96 	156 	156 
004333 	216 	96 	156 	156 
004334 	216 	96 	156 	156 
004335 	216 	96 	156 	156 
004336 	216 	96 	156 	156 
004337 	197 	95 	187 	186 
004338 	197 	95 	187 	186 
004339 	197 	95 	187 	186 
004340 	218 	95 	187 	186 
004341 	218 	95 	187 	186 
004342 	218 	95 	187 	186 
004343 	216 	96 	156 	156 
004344 	216 	96 	156 	156 
004345 	216 	96 	156 	156 
004346 	197 	74 	187 	187 
004347 	216 	96 	156 	156 
004348 	197 	74 	187 	187 
004349 	197 	74 	187 	187 
004350 	197 	74 	187 	187 
004351 	197 	74 	187 	187 
004352 	197 	74 	187 	187 
004353 	197 	74 	187 	187 
004354 	197 	74 	187 	187 
004355 	197 	74 	187 	187 
004356 	197 	74 	187 	187 
004357 	197 	74 	187 	187 
004358 	197 	74 	187 	187 
004359 	197 	74 	187 	187 
004360 	197 	74 	187 	187 
004361 	197 	74 	187 	187 
004362 	197 	74 	187 	187 
004363 	197 	74 	187 	187 
004364 	197 	74 	187 	187 
004365 	197 	74 	187 	187 
004366 	197 	74 	187 	187 
004367 	197 	74 	187 	187 
004368 	197 	74 	187 	187 
004369 	197 	74 	187 	187 
004370 	197 	74 	187 	187 
004371 	197 	74 	187 	187 
004372 	197 	74 	187 	187 
004373 	197 	74 	187 	187 
004374 	197 	74 	187 	187 
004375 	197 	74 	187 	187 
004376 	197 	74 	187 	187 
004377 	197 	74 	187 	187 
004378 	197 	74 	187 	187 
004379 	197 	74 	187 	187 
004380 	197 	74 	187 	187 
004381 	197 	74 	187 	187 
004382 	197 	74 	187 	187 
004383 	197 	74 	187 	187 
004384 	197 	95 	187 	186 
004385 	218 	74 	187 	187 
004386 	218 	74 	187 	187 
004387 	218 	74 	187 	187 
004388 	218 	74 	187 	187 
004389 	218 	95 	187 	186 
004390 	218 	95 	187 	186 
004391 	218 	95 	187 	186 
004392 	233 	113 	156 	156 
004393 	218 	95 	187 	186 
004394 	218 	95 	187 	186 
004395 	218 	74 	187 	187 
004396 	218 	74 	187 	187 
004397 	218 	74 	187 	187 
004398 	218 	74 	187 	187 
004399 	218 	74 	187 	187 
004400 	218 	74 	187 	187 
004401 	218 	74 	187 	187 
004402 	218 	95 	187 	186 
004403 	218 	95 	187 	186 
004404 	218 	95 	187 	186 
004405 	218 	95 	187 	186 
004406 	218 	95 	187 	186 
004407 	218 	95 	187 	186 
004408 	218 	95 	187 	186 
004409 	218 	74 	187 	187 
004410 	233 	96 	156 	156 
004411 	218 	74 	187 	187 
004412 	233 	96 	156 	156 
004413 	218 	74 	187 	187 
004414 	218 	74 	187 	187 
004415 	218 	74 	187 	187 
004416 	218 	74 	187 	187 
004417 	218 	74 	187 	187 
004418 	218 	74 	187 	187 
004419 	218 	74 	187 	187 
004420 	218 	74 	187 	187 
004421 	218 	74 	187 	187 
004422 	218 	74 	187 	187 
004423 	218 	74 	187 	187 
004424 	218 	95 	187 	186 
004425 	218 	95 	187 	186 
004426 	218 	95 	187 	186 
004427 	218 	95 	187 	186 
004428 	218 	95 	187 	186 
004429 	218 	95 	187 	186 
004430 	218 	95 	187 	186 
004431 	218 	95 	187 	186 
004432 	218 	95 	187 	186 
004433 	218 	95 	187 	186 
004434 	218 	95 	187 	186 
004435 	218 	95 	187 	186 
004436 	218 	95 	187 	186 
004437 	218 	95 	187 	186 
004438 	218 	95 	187 	186 
004439 	218 	95 	187 	186 
004440 	218 	95 	187 	186 
004441 	218 	74 	187 	187 
004442 	218 	95 	187 	186 
004443 	218 	74 	187 	187 
004444 	218 	95 	187 	186 
004445 	218 	95 	187 	186 
004446 	218 	95 	187 	186 
004447 	218 	95 	187 	186 
004448 	218 	74 	187 	187 
004449 	218 	95 	187 	186 
004450 	218 	95 	187 	186 
004451 	218 	95 	187 	186 
004452 	218 	95 	187 	186 
004453 	218 	95 	187 	186 
004454 	218 	95 	187 	186 
004455 	218 	95 	187 	186 
004456 	218 	95 	187 	186 
004457 	218 	95 	187 	186 
004458 	218 	95 	187 	186 
004459 	218 	95 	187 	186 
004460 	218 	95 	187 	186 
004461 	218 	95 	187 	186 
004462 	218 	95 	187 	186 
004463 	218 	95 	187 	186 
004464 	197 	74 	187 	187 
004465 	197 	74 	187 	187 
004466 	197 	74 	187 	187 
004467 	197 	74 	187 	187 
004468 	197 	74 	187 	187 
004469 	197 	74 	187 	187 
004470 	197 	74 	187 	187 
004471 	197 	74 	187 	187 
004472 	197 	74 	187 	187 
004473 	197 	74 	187 	187 
004474 	197 	74 	187 	187 
004475 	197 	74 	187 	187 
004476 	197 	74 	187 	187 
004477 	197 	74 	187 	187 
004478 	197 	74 	187 	187 
004479 	197 	74 	187 	187 
004480 	218 	95 	187 	186 
004481 	197 	74 	187 	187 
004482 	197 	74 	187 	187 
004483 	197 	74 	187 	187 
004484 	197 	74 	187 	187 
004485 	197 	74 	187 	187 
004486 	197 	74 	187 	187 
004487 	197 	74 	187 	187 
004488 	197 	74 	187 	187 
004489 	197 	74 	187 	187 
004490 	197 	74 	187 	187 
004491 	197 	74 	187 	187 
004492 	197 	95 	187 	186 
004493 	197 	95 	187 	186 
004494 	197 	95 	187 	186 
004495 	197 	95 	187 	186 
004496 	197 	95 	187 	186 
004497 	197 	95 	187 	186 
004498 	218 	95 	187 	186 
004499 	197 	95 	187 	186 
004500 	218 	95 	187 	186 
004501 	197 	95 	187 	186 
004502 	197 	95 	187 	186 
004503 	197 	95 	187 	186 
004504 	197 	95 	187 	186 
004505 	197 	95 	187 	186 
004506 	233 	113 	156 	156 
004507 	197 	95 	187 	186 
004508 	197 	95 	187 	186 
004509 	197 	95 	187 	186 
004510 	197 	95 	187 	186 
004511 	197 	95 	187 	186 
004512 	233 	113 	156 	156 
004513 	233 	113 	156 	156 
004514 	233 	113 	156 	156 
004515 	218 	95 	187 	186 
004516 	218 	95 	187 	186 
004517 	218 	95 	187 	186 
004518 	197 	95 	187 	186 
004519 	197 	95 	187 	186 
004520 	197 	95 	187 	186 
004521 	197 	95 	187 	186 
004522 	197 	95 	187 	186 
004523 	197 	95 	187 	186 
004524 	197 	95 	187 	186 
004525 	197 	95 	187 	186 
004526 	197 	95 	187 	186 
004527 	197 	95 	187 	186 
004528 	197 	95 	187 	186 
004529 	197 	95 	187 	186 
004530 	197 	95 	187 	186 
004531 	197 	95 	187 	186 
004532 	197 	95 	187 	186 
004533 	216 	96 	156 	156 
004534 	216 	96 	156 	156 
004535 	197 	74 	187 	187 
004536 	197 	74 	187 	187 
004537 	216 	96 	156 	156 
004538 	216 	96 	156 	156 
004539 	216 	96 	156 	156 
004540 	216 	96 	156 	156 
004541 	216 	96 	156 	156 
004542 	216 	96 	156 	156 
004543 	216 	96 	156 	156 
004544 	216 	96 	156 	156 
004545 	197 	95 	187 	186 
004546 	216 	96 	156 	156 
004547 	216 	96 	156 	156 
004548 	197 	74 	187 	187 
004549 	197 	74 	187 	187 
004550 	197 	74 	187 	187 
004551 	197 	74 	187 	187 
004552 	218 	95 	187 	186 
004553 	218 	74 	187 	187 
004554 	218 	74 	187 	187 
004555 	218 	74 	187 	187 
004556 	218 	74 	187 	187 
004557 	197 	74 	187 	187 
004558 	197 	74 	187 	187 
004559 	218 	74 	187 	187 
004560 	218 	74 	187 	187 
004561 	218 	74 	187 	187 
004562 	218 	74 	187 	187 
004563 	218 	74 	187 	187 
004564 	218 	74 	187 	187 
004565 	218 	74 	187 	187 
004566 	218 	74 	187 	187 
004567 	188 	64 	224 	224 
004568 	188 	64 	224 	224 
004569 	188 	64 	224 	224 
004570 	188 	64 	224 	224 
004571 	197 	74 	187 	187 
004572 	188 	64 	224 	224 
004573 	218 	74 	187 	187 
004574 	218 	95 	187 	186 
004575 	218 	95 	187 	186 
004576 	218 	95 	187 	186 
004577 	218 	95 	187 	186 
004578 	218 	95 	187 	186 
004579 	218 	95 	187 	186 
004580 	218 	95 	187 	186 
004581 	218 	95 	187 	186 
004582 	218 	95 	187 	186 
004583 	239 	95 	186 	186 
004584 	239 	95 	186 	186 
004585 	239 	95 	186 	186 
004586 	239 	95 	186 	186 
004587 	239 	95 	186 	186 
004588 	239 	95 	186 	186 
004589 	218 	95 	187 	186 
004590 	218 	95 	187 	186 
004591 	218 	95 	187 	186 
004592 	218 	95 	187 	186 
004593 	218 	95 	187 	186 
004594 	218 	95 	187 	186 
004595 	233 	96 	156 	156 
004596 	233 	96 	156 	156 
004597 	233 	96 	156 	156 
004598 	233 	96 	156 	156 
004599 	233 	96 	156 	156 
004600 	197 	74 	187 	187 
004601 	197 	74 	187 	187 
004602 	197 	74 	187 	187 
004603 	197 	74 	187 	187 
004604 	216 	96 	156 	156 
004605 	197 	74 	187 	187 
004606 	197 	74 	187 	187 
004607 	197 	74 	187 	187 
004608 	197 	74 	187 	187 
004609 	197 	95 	187 	186 
004610 	197 	95 	187 	186 
004611 	197 	95 	187 	186 
004612 	197 	95 	187 	186 
004613 	197 	95 	187 	186 
004614 	197 	95 	187 	186 
004615 	197 	95 	187 	186 
004616 	197 	95 	187 	186 
004617 	197 	95 	187 	186 
004618 	216 	113 	156 	156 
004619 	216 	113 	156 	156 
004620 	197 	95 	187 	186 
004621 	197 	95 	187 	186 
004622 	197 	95 	187 	186 
004623 	197 	74 	187 	187 
004624 	197 	74 	187 	187 
004625 	197 	95 	187 	186 
004626 	197 	95 	187 	186 
004627 	197 	95 	187 	186 
004628 	197 	95 	187 	186 
004629 	197 	95 	187 	186 
004630 	197 	95 	187 	186 
004631 	197 	95 	187 	186 
004632 	163 	64 	224 	224 
004633 	197 	95 	187 	186 
004634 	197 	95 	187 	186 
004635 	197 	95 	187 	186 
004636 	218 	95 	187 	186 
004637 	218 	95 	187 	186 
004638 	239 	95 	186 	186 
004639 	239 	95 	186 	186 
004640 	239 	95 	186 	186 
004641 	239 	115 	186 	187 
004642 	239 	115 	186 	187 
004643 	239 	115 	186 	187 
004644 	239 	115 	186 	187 
004645 	239 	115 	186 	187 
004646 	239 	115 	186 	187 
004647 	239 	95 	186 	186 
004648 	239 	95 	186 	186 
004649 	239 	95 	186 	186 
004650 	218 	95 	187 	186 
004651 	218 	95 	187 	186 
004652 	218 	95 	187 	186 
004653 	218 	95 	187 	186 
004654 	197 	95 	187 	186 
004655 	197 	74 	187 	187 
004656 	197 	74 	187 	187 
004657 	197 	74 	187 	187 
004658 	197 	74 	187 	187 
004659 	197 	74 	187 	187 
004660 	197 	95 	187 	186 
004661 	197 	95 	187 	186 
004662 	197 	95 	187 	186 
004663 	197 	95 	187 	186 
004664 	216 	96 	156 	156 
004665 	197 	74 	187 	187 
004666 	197 	74 	187 	187 
004667 	197 	74 	187 	187 
004668 	197 	74 	187 	187 
004669 	197 	74 	187 	187 
004670 	197 	74 	187 	187 
004671 	197 	74 	187 	187 
004672 	218 	95 	187 	186 
004673 	218 	95 	187 	186 
004674 	218 	95 	187 	186 
004675 	218 	95 	187 	186 
004676 	218 	95 	187 	186 
004677 	197 	74 	187 	187 
004678 	197 	74 	187 	187 
004679 	197 	74 	187 	187 
