Identity  : 	id10846
Reference : 	_gbdytw5r1g
Offset    : 	-2
FV Conf   : 	24.006
ASD Conf  : 	7.736

FRAME 	X 	Y 	W 	H 
010903 	233 	96 	156 	156 
010904 	233 	96 	156 	156 
010905 	233 	96 	156 	156 
010906 	233 	96 	156 	156 
010907 	233 	79 	156 	156 
010908 	250 	96 	156 	156 
010909 	250 	96 	156 	156 
010910 	250 	96 	156 	156 
010911 	250 	96 	156 	156 
010912 	250 	79 	156 	156 
010913 	250 	79 	156 	156 
010914 	250 	79 	156 	156 
010915 	250 	79 	156 	156 
010916 	250 	79 	156 	156 
010917 	250 	79 	156 	156 
010918 	233 	79 	156 	156 
010919 	233 	79 	156 	156 
010920 	233 	79 	156 	156 
010921 	233 	79 	156 	156 
010922 	233 	79 	156 	156 
010923 	233 	79 	156 	156 
010924 	233 	79 	156 	156 
010925 	233 	79 	156 	156 
010926 	233 	79 	156 	156 
010927 	233 	79 	156 	156 
010928 	233 	79 	156 	156 
010929 	233 	79 	156 	156 
010930 	233 	79 	156 	156 
010931 	233 	79 	156 	156 
010932 	233 	79 	156 	156 
010933 	233 	79 	156 	156 
010934 	233 	79 	156 	156 
010935 	233 	79 	156 	156 
010936 	233 	79 	156 	156 
010937 	233 	79 	156 	156 
010938 	233 	79 	156 	156 
010939 	233 	79 	156 	156 
010940 	233 	79 	156 	156 
010941 	233 	79 	156 	156 
010942 	233 	79 	156 	156 
010943 	233 	79 	156 	156 
010944 	233 	79 	156 	156 
010945 	233 	79 	156 	156 
010946 	233 	79 	156 	156 
010947 	233 	79 	156 	156 
010948 	233 	79 	156 	156 
010949 	233 	79 	156 	156 
010950 	233 	79 	156 	156 
010951 	233 	79 	156 	156 
010952 	233 	79 	156 	156 
010953 	233 	79 	156 	156 
010954 	233 	79 	156 	156 
010955 	233 	79 	156 	156 
010956 	233 	79 	156 	156 
010957 	251 	94 	130 	130 
010958 	233 	96 	156 	156 
010959 	233 	96 	156 	156 
010960 	233 	96 	156 	156 
010961 	233 	96 	156 	156 
010962 	233 	96 	156 	156 
010963 	233 	96 	156 	156 
010964 	233 	96 	156 	156 
010965 	233 	96 	156 	156 
010966 	233 	96 	156 	156 
010967 	233 	96 	156 	156 
010968 	233 	96 	156 	156 
010969 	233 	96 	156 	156 
010970 	233 	96 	156 	156 
010971 	233 	96 	156 	156 
010972 	233 	96 	156 	156 
010973 	233 	96 	156 	156 
010974 	233 	79 	156 	156 
010975 	233 	79 	156 	156 
010976 	233 	79 	156 	156 
010977 	233 	79 	156 	156 
010978 	233 	79 	156 	156 
010979 	233 	79 	156 	156 
010980 	233 	79 	156 	156 
010981 	233 	79 	156 	156 
010982 	233 	79 	156 	156 
010983 	233 	79 	156 	156 
010984 	233 	79 	156 	156 
010985 	233 	79 	156 	156 
010986 	233 	79 	156 	156 
010987 	233 	79 	156 	156 
010988 	233 	79 	156 	156 
010989 	233 	79 	156 	156 
010990 	233 	79 	156 	156 
010991 	233 	79 	156 	156 
010992 	233 	79 	156 	156 
010993 	233 	79 	156 	156 
010994 	233 	79 	156 	156 
010995 	233 	96 	156 	156 
010996 	233 	96 	156 	156 
010997 	233 	96 	156 	156 
010998 	233 	96 	156 	156 
010999 	233 	96 	156 	156 
011000 	233 	96 	156 	156 
011001 	233 	96 	156 	156 
011002 	233 	96 	156 	156 
011003 	233 	96 	156 	156 
011004 	233 	96 	156 	156 
011005 	233 	96 	156 	156 
011006 	233 	96 	156 	156 
011007 	233 	96 	156 	156 
011008 	233 	96 	156 	156 
011009 	233 	96 	156 	156 
011010 	233 	96 	156 	156 
011011 	233 	96 	156 	156 
011012 	233 	96 	156 	156 
011013 	233 	96 	156 	156 
011014 	233 	96 	156 	156 
011015 	233 	96 	156 	156 
011016 	233 	96 	156 	156 
011017 	233 	96 	156 	156 
011018 	233 	96 	156 	156 
011019 	233 	96 	156 	156 
011020 	233 	96 	156 	156 
011021 	233 	96 	156 	156 
011022 	233 	96 	156 	156 
011023 	233 	96 	156 	156 
011024 	233 	96 	156 	156 
011025 	233 	96 	156 	156 
011026 	233 	96 	156 	156 
011027 	233 	96 	156 	156 
011028 	233 	96 	156 	156 
011029 	233 	96 	156 	156 
011030 	233 	96 	156 	156 
011031 	233 	96 	156 	156 
011032 	233 	96 	156 	156 
011033 	233 	96 	156 	156 
011034 	233 	96 	156 	156 
011035 	233 	96 	156 	156 
011036 	233 	96 	156 	156 
011037 	250 	113 	156 	156 
011038 	250 	113 	156 	156 
011039 	250 	113 	156 	156 
011040 	250 	130 	156 	156 
011041 	250 	130 	156 	156 
011042 	267 	130 	156 	156 
011043 	280 	152 	130 	130 
011044 	267 	130 	156 	156 
011045 	280 	152 	130 	130 
011046 	267 	130 	156 	156 
011047 	267 	130 	156 	156 
011048 	267 	130 	156 	156 
011049 	267 	113 	156 	156 
011050 	267 	113 	156 	156 
011051 	267 	113 	156 	156 
011052 	267 	113 	156 	156 
011053 	267 	113 	156 	156 
011054 	267 	96 	156 	156 
011055 	267 	96 	156 	156 
011056 	267 	96 	156 	156 
