Identity  : 	id10244
Reference : 	EkKc5ydmtIU
Offset    : 	-1
FV Conf   : 	15.929
ASD Conf  : 	7.126

FRAME 	X 	Y 	W 	H 
005759 	144 	95 	91 	91 
005760 	144 	95 	91 	91 
005761 	144 	95 	91 	91 
005762 	144 	95 	91 	91 
005763 	144 	95 	91 	91 
005764 	144 	95 	91 	91 
005765 	138 	78 	108 	109 
005766 	138 	78 	108 	109 
005767 	138 	78 	108 	109 
005768 	138 	78 	108 	109 
005769 	138 	78 	108 	109 
005770 	138 	78 	108 	109 
005771 	138 	78 	108 	109 
005772 	138 	78 	108 	109 
005773 	154 	85 	91 	91 
005774 	154 	85 	91 	91 
005775 	154 	85 	91 	91 
005776 	154 	85 	91 	91 
005777 	150 	78 	108 	109 
005778 	154 	85 	91 	91 
005779 	150 	78 	108 	109 
005780 	150 	78 	108 	109 
005781 	150 	78 	108 	109 
005782 	150 	78 	108 	109 
005783 	150 	78 	108 	109 
005784 	150 	78 	108 	109 
005785 	150 	78 	108 	109 
005786 	150 	78 	108 	109 
005787 	150 	78 	108 	109 
005788 	164 	95 	91 	91 
005789 	164 	95 	91 	91 
005790 	164 	95 	91 	91 
005791 	164 	95 	91 	91 
005792 	164 	95 	91 	91 
005793 	164 	95 	91 	91 
005794 	164 	95 	91 	91 
005795 	164 	95 	91 	91 
005796 	164 	95 	91 	91 
005797 	164 	95 	91 	91 
005798 	164 	95 	91 	91 
005799 	164 	95 	91 	91 
005800 	164 	95 	91 	91 
005801 	164 	85 	91 	91 
005802 	164 	85 	91 	91 
005803 	164 	85 	91 	91 
005804 	164 	85 	91 	91 
005805 	164 	95 	91 	91 
005806 	164 	95 	91 	91 
005807 	164 	95 	91 	91 
005808 	164 	95 	91 	91 
005809 	164 	95 	91 	91 
005810 	164 	95 	91 	91 
005811 	164 	95 	91 	91 
005812 	164 	95 	91 	91 
005813 	164 	95 	91 	91 
005814 	164 	95 	91 	91 
005815 	164 	95 	91 	91 
005816 	164 	95 	91 	91 
005817 	164 	85 	91 	91 
005818 	164 	85 	91 	91 
005819 	164 	85 	91 	91 
005820 	164 	95 	91 	91 
005821 	164 	95 	91 	91 
005822 	164 	95 	91 	91 
005823 	164 	95 	91 	91 
005824 	164 	95 	91 	91 
005825 	164 	95 	91 	91 
005826 	164 	95 	91 	91 
005827 	164 	95 	91 	91 
005828 	164 	95 	91 	91 
005829 	164 	95 	91 	91 
005830 	164 	95 	91 	91 
005831 	164 	95 	91 	91 
005832 	164 	95 	91 	91 
005833 	164 	95 	91 	91 
005834 	164 	95 	91 	91 
005835 	164 	85 	91 	91 
005836 	164 	95 	91 	91 
005837 	164 	85 	91 	91 
005838 	164 	85 	91 	91 
005839 	164 	85 	91 	91 
005840 	164 	85 	91 	91 
005841 	164 	95 	91 	91 
005842 	164 	85 	91 	91 
005843 	164 	95 	91 	91 
005844 	164 	95 	91 	91 
005845 	164 	85 	91 	91 
005846 	164 	85 	91 	91 
005847 	164 	85 	91 	91 
005848 	150 	78 	108 	109 
005849 	150 	78 	108 	109 
005850 	164 	85 	91 	91 
005851 	164 	85 	91 	91 
005852 	164 	85 	91 	91 
005853 	164 	85 	91 	91 
005854 	164 	85 	91 	91 
005855 	164 	85 	91 	91 
005856 	164 	85 	91 	91 
005857 	164 	95 	91 	91 
005858 	164 	95 	91 	91 
005859 	164 	95 	91 	91 
005860 	164 	95 	91 	91 
005861 	164 	95 	91 	91 
005862 	164 	95 	91 	91 
005863 	164 	95 	91 	91 
005864 	164 	95 	91 	91 
005865 	164 	95 	91 	91 
005866 	164 	95 	91 	91 
005867 	164 	95 	91 	91 
005868 	164 	95 	91 	91 
005869 	164 	95 	91 	91 
005870 	164 	95 	91 	91 
005871 	164 	95 	91 	91 
005872 	164 	95 	91 	91 
005873 	164 	95 	91 	91 
005874 	164 	95 	91 	91 
005875 	164 	95 	91 	91 
005876 	164 	85 	91 	91 
005877 	164 	85 	91 	91 
005878 	164 	85 	91 	91 
005879 	164 	85 	91 	91 
005880 	164 	85 	91 	91 
005881 	164 	85 	91 	91 
005882 	154 	85 	91 	91 
005883 	154 	85 	91 	91 
005884 	154 	85 	91 	91 
005885 	150 	78 	108 	109 
005886 	164 	85 	91 	91 
005887 	164 	85 	91 	91 
005888 	164 	85 	91 	91 
005889 	164 	85 	91 	91 
005890 	164 	85 	91 	91 
005891 	164 	85 	91 	91 
005892 	161 	78 	109 	109 
005893 	164 	85 	91 	91 
005894 	164 	85 	91 	91 
005895 	164 	95 	91 	91 
005896 	164 	95 	91 	91 
005897 	164 	95 	91 	91 
005898 	164 	85 	91 	91 
005899 	164 	95 	91 	91 
005900 	164 	95 	91 	91 
005901 	164 	95 	91 	91 
005902 	164 	95 	91 	91 
005903 	164 	95 	91 	91 
005904 	164 	95 	91 	91 
005905 	164 	95 	91 	91 
005906 	164 	95 	91 	91 
005907 	164 	95 	91 	91 
005908 	164 	85 	91 	91 
005909 	164 	85 	91 	91 
005910 	164 	85 	91 	91 
005911 	164 	85 	91 	91 
005912 	164 	85 	91 	91 
005913 	164 	85 	91 	91 
005914 	164 	85 	91 	91 
005915 	164 	85 	91 	91 
005916 	164 	85 	91 	91 
005917 	164 	85 	91 	91 
005918 	164 	85 	91 	91 
005919 	164 	85 	91 	91 
005920 	164 	85 	91 	91 
005921 	164 	85 	91 	91 
005922 	164 	85 	91 	91 
005923 	164 	85 	91 	91 
005924 	164 	85 	91 	91 
005925 	164 	85 	91 	91 
005926 	164 	85 	91 	91 
005927 	164 	85 	91 	91 
005928 	164 	85 	91 	91 
005929 	164 	85 	91 	91 
005930 	164 	85 	91 	91 
005931 	164 	85 	91 	91 
005932 	164 	85 	91 	91 
005933 	164 	85 	91 	91 
005934 	164 	85 	91 	91 
005935 	164 	85 	91 	91 
005936 	164 	95 	91 	91 
005937 	164 	85 	91 	91 
005938 	164 	85 	91 	91 
005939 	164 	85 	91 	91 
005940 	164 	95 	91 	91 
005941 	164 	95 	91 	91 
005942 	164 	85 	91 	91 
005943 	164 	85 	91 	91 
005944 	164 	85 	91 	91 
005945 	164 	95 	91 	91 
005946 	164 	95 	91 	91 
005947 	164 	95 	91 	91 
005948 	164 	95 	91 	91 
005949 	164 	95 	91 	91 
005950 	164 	95 	91 	91 
005951 	154 	95 	91 	91 
005952 	154 	95 	91 	91 
005953 	164 	95 	91 	91 
005954 	164 	95 	91 	91 
005955 	164 	95 	91 	91 
005956 	164 	95 	91 	91 
005957 	164 	95 	91 	91 
005958 	164 	95 	91 	91 
005959 	164 	95 	91 	91 
005960 	164 	95 	91 	91 
005961 	164 	105 	91 	91 
005962 	164 	105 	91 	91 
005963 	164 	105 	91 	91 
005964 	164 	105 	91 	91 
005965 	164 	95 	91 	91 
005966 	164 	95 	91 	91 
005967 	164 	95 	91 	91 
005968 	161 	78 	109 	109 
005969 	174 	95 	91 	91 
005970 	174 	85 	91 	91 
005971 	174 	105 	91 	91 
005972 	174 	105 	91 	91 
005973 	174 	105 	91 	91 
005974 	174 	105 	91 	91 
005975 	174 	105 	91 	91 
005976 	174 	105 	91 	91 
005977 	174 	105 	91 	91 
005978 	174 	105 	91 	91 
005979 	174 	95 	91 	91 
005980 	174 	95 	91 	91 
005981 	174 	95 	91 	91 
005982 	174 	95 	91 	91 
005983 	174 	95 	91 	91 
005984 	174 	95 	91 	91 
005985 	174 	95 	91 	91 
005986 	161 	78 	109 	109 
