Identity  : 	id10020
Reference : 	zFyun6tYFaw
Offset    : 	-4
FV Conf   : 	16.009
ASD Conf  : 	7.444

FRAME 	X 	Y 	W 	H 
001442 	180 	80 	130 	130 
001443 	180 	80 	130 	130 
001444 	180 	80 	130 	130 
001445 	197 	102 	109 	109 
001446 	197 	102 	109 	109 
001447 	197 	102 	109 	109 
001448 	197 	102 	109 	109 
001449 	180 	80 	130 	130 
001450 	197 	102 	109 	109 
001451 	197 	102 	109 	109 
001452 	197 	102 	109 	109 
001453 	197 	102 	109 	109 
001454 	197 	102 	109 	109 
001455 	197 	102 	109 	109 
001456 	209 	102 	109 	109 
001457 	209 	102 	109 	109 
001458 	209 	102 	109 	109 
001459 	209 	102 	109 	109 
001460 	194 	94 	130 	130 
001461 	194 	94 	130 	130 
001462 	197 	102 	109 	109 
001463 	197 	102 	109 	109 
001464 	197 	102 	109 	109 
001465 	197 	102 	109 	109 
001466 	197 	102 	109 	109 
001467 	197 	102 	109 	109 
001468 	197 	102 	109 	109 
001469 	197 	102 	109 	109 
001470 	197 	90 	109 	109 
001471 	197 	90 	109 	109 
001472 	197 	102 	109 	109 
001473 	197 	102 	109 	109 
001474 	197 	102 	109 	109 
001475 	197 	102 	109 	109 
001476 	197 	102 	109 	109 
001477 	197 	102 	109 	109 
001478 	197 	102 	109 	109 
001479 	197 	102 	109 	109 
001480 	209 	102 	109 	109 
001481 	209 	102 	109 	109 
001482 	209 	102 	109 	109 
001483 	209 	102 	109 	109 
001484 	209 	102 	109 	109 
001485 	209 	102 	109 	109 
001486 	209 	102 	109 	109 
001487 	209 	102 	109 	109 
001488 	209 	102 	109 	109 
001489 	221 	102 	109 	109 
001490 	221 	102 	109 	109 
001491 	221 	102 	109 	109 
001492 	221 	102 	109 	109 
001493 	221 	102 	109 	109 
001494 	221 	102 	109 	109 
001495 	208 	80 	130 	130 
001496 	208 	80 	130 	130 
001497 	208 	80 	130 	130 
001498 	208 	80 	130 	130 
001499 	208 	80 	130 	130 
001500 	208 	80 	130 	130 
001501 	208 	80 	130 	130 
001502 	208 	80 	130 	130 
001503 	208 	80 	130 	130 
001504 	208 	80 	130 	130 
001505 	208 	80 	130 	130 
001506 	208 	80 	130 	130 
001507 	208 	80 	130 	130 
001508 	208 	80 	130 	130 
001509 	208 	80 	130 	130 
001510 	208 	80 	130 	130 
001511 	208 	80 	130 	130 
001512 	208 	80 	130 	130 
001513 	208 	80 	130 	130 
001514 	208 	80 	130 	130 
001515 	208 	80 	130 	130 
001516 	208 	80 	130 	130 
001517 	208 	80 	130 	130 
001518 	208 	80 	130 	130 
001519 	194 	80 	130 	130 
001520 	194 	80 	130 	130 
001521 	194 	80 	130 	130 
001522 	194 	80 	130 	130 
001523 	194 	80 	130 	130 
001524 	194 	80 	130 	130 
001525 	197 	102 	109 	109 
001526 	180 	94 	130 	130 
001527 	180 	94 	130 	130 
001528 	185 	102 	109 	109 
001529 	185 	102 	109 	109 
001530 	185 	102 	109 	109 
001531 	185 	102 	109 	109 
001532 	185 	102 	109 	109 
001533 	185 	102 	109 	109 
001534 	185 	102 	109 	109 
001535 	180 	80 	130 	130 
001536 	180 	80 	130 	130 
001537 	180 	80 	130 	130 
001538 	180 	80 	130 	130 
001539 	180 	80 	130 	130 
001540 	180 	80 	130 	130 
001541 	185 	102 	109 	109 
001542 	185 	102 	109 	109 
001543 	185 	102 	109 	109 
001544 	185 	102 	109 	109 
001545 	185 	102 	109 	109 
001546 	185 	102 	109 	109 
001547 	185 	102 	109 	109 
001548 	185 	102 	109 	109 
001549 	185 	102 	109 	109 
001550 	185 	102 	109 	109 
001551 	197 	102 	109 	109 
001552 	197 	102 	109 	109 
001553 	209 	102 	109 	109 
001554 	209 	102 	109 	109 
001555 	208 	94 	130 	130 
001556 	221 	90 	109 	109 
001557 	221 	90 	109 	109 
001558 	221 	90 	109 	109 
001559 	221 	90 	109 	109 
001560 	221 	90 	109 	109 
001561 	221 	90 	109 	109 
001562 	221 	90 	109 	109 
001563 	209 	90 	109 	109 
001564 	209 	90 	109 	109 
001565 	209 	90 	109 	109 
001566 	209 	90 	109 	109 
001567 	209 	90 	109 	109 
001568 	209 	90 	109 	109 
001569 	209 	102 	109 	109 
001570 	209 	102 	109 	109 
001571 	209 	102 	109 	109 
001572 	209 	102 	109 	109 
001573 	209 	102 	109 	109 
001574 	209 	90 	109 	109 
001575 	209 	90 	109 	109 
001576 	209 	90 	109 	109 
001577 	209 	90 	109 	109 
001578 	209 	90 	109 	109 
001579 	209 	90 	109 	109 
001580 	209 	90 	109 	109 
001581 	209 	90 	109 	109 
001582 	209 	90 	109 	109 
001583 	209 	90 	109 	109 
001584 	209 	90 	109 	109 
001585 	209 	102 	109 	109 
001586 	209 	102 	109 	109 
001587 	209 	102 	109 	109 
001588 	209 	102 	109 	109 
001589 	209 	102 	109 	109 
001590 	209 	102 	109 	109 
001591 	209 	102 	109 	109 
001592 	209 	102 	109 	109 
001593 	209 	102 	109 	109 
001594 	209 	102 	109 	109 
001595 	209 	102 	109 	109 
001596 	209 	102 	109 	109 
001597 	209 	102 	109 	109 
001598 	209 	102 	109 	109 
001599 	209 	102 	109 	109 
001600 	209 	114 	109 	109 
001601 	209 	114 	109 	109 
001602 	221 	114 	109 	109 
001603 	221 	114 	109 	109 
001604 	208 	94 	130 	130 
001605 	208 	94 	130 	130 
001606 	208 	94 	130 	130 
001607 	208 	94 	130 	130 
001608 	209 	90 	109 	109 
001609 	209 	90 	109 	109 
001610 	209 	90 	109 	109 
001611 	209 	90 	109 	109 
001612 	209 	90 	109 	109 
001613 	209 	90 	109 	109 
001614 	209 	90 	109 	109 
001615 	209 	102 	109 	109 
001616 	209 	102 	109 	109 
001617 	209 	102 	109 	109 
001618 	209 	102 	109 	109 
001619 	209 	102 	109 	109 
001620 	209 	102 	109 	109 
001621 	209 	102 	109 	109 
001622 	209 	102 	109 	109 
001623 	209 	102 	109 	109 
001624 	209 	102 	109 	109 
001625 	209 	102 	109 	109 
001626 	209 	102 	109 	109 
001627 	209 	114 	109 	109 
001628 	209 	114 	109 	109 
001629 	209 	114 	109 	109 
001630 	209 	114 	109 	109 
001631 	209 	114 	109 	109 
001632 	209 	114 	109 	109 
001633 	209 	114 	109 	109 
001634 	209 	114 	109 	109 
001635 	209 	114 	109 	109 
001636 	209 	114 	109 	109 
001637 	209 	114 	109 	109 
001638 	209 	114 	109 	109 
001639 	209 	114 	109 	109 
001640 	194 	94 	130 	130 
001641 	194 	94 	130 	130 
001642 	194 	94 	130 	130 
001643 	194 	94 	130 	130 
001644 	194 	94 	130 	130 
001645 	209 	102 	109 	109 
001646 	194 	94 	130 	130 
001647 	197 	102 	109 	109 
001648 	209 	102 	109 	109 
001649 	209 	102 	109 	109 
001650 	209 	102 	109 	109 
001651 	209 	102 	109 	109 
001652 	209 	102 	109 	109 
001653 	209 	102 	109 	109 
001654 	209 	102 	109 	109 
001655 	209 	102 	109 	109 
001656 	209 	102 	109 	109 
001657 	209 	102 	109 	109 
001658 	209 	102 	109 	109 
001659 	209 	102 	109 	109 
001660 	209 	102 	109 	109 
001661 	209 	102 	109 	109 
001662 	209 	102 	109 	109 
001663 	209 	102 	109 	109 
001664 	209 	102 	109 	109 
001665 	209 	102 	109 	109 
001666 	209 	102 	109 	109 
001667 	209 	102 	109 	109 
001668 	209 	102 	109 	109 
001669 	209 	102 	109 	109 
001670 	209 	102 	109 	109 
001671 	209 	102 	109 	109 
001672 	209 	102 	109 	109 
001673 	209 	102 	109 	109 
001674 	209 	102 	109 	109 
001675 	221 	102 	109 	109 
001676 	221 	102 	109 	109 
001677 	221 	90 	109 	109 
001678 	221 	90 	109 	109 
001679 	221 	90 	109 	109 
001680 	233 	90 	109 	109 
001681 	245 	102 	109 	109 
001682 	245 	102 	109 	109 
001683 	245 	102 	109 	109 
001684 	237 	94 	130 	130 
001685 	257 	102 	109 	109 
001686 	257 	102 	109 	109 
001687 	257 	102 	109 	109 
001688 	251 	94 	130 	130 
001689 	251 	94 	130 	130 
001690 	251 	94 	130 	130 
001691 	251 	94 	130 	130 
001692 	257 	102 	109 	109 
001693 	257 	102 	109 	109 
001694 	257 	102 	109 	109 
001695 	245 	102 	109 	109 
001696 	245 	102 	109 	109 
001697 	245 	90 	109 	109 
001698 	233 	90 	109 	109 
001699 	233 	90 	109 	109 
001700 	233 	102 	109 	109 
001701 	233 	102 	109 	109 
001702 	221 	102 	109 	109 
001703 	221 	102 	109 	109 
001704 	221 	102 	109 	109 
001705 	233 	114 	109 	109 
001706 	233 	114 	109 	109 
001707 	233 	114 	109 	109 
001708 	233 	114 	109 	109 
001709 	233 	114 	109 	109 
001710 	233 	114 	109 	109 
001711 	245 	114 	109 	109 
001712 	245 	102 	109 	109 
001713 	245 	102 	109 	109 
001714 	245 	102 	109 	109 
001715 	245 	102 	109 	109 
001716 	245 	102 	109 	109 
001717 	237 	94 	130 	130 
001718 	245 	90 	109 	109 
001719 	245 	90 	109 	109 
001720 	245 	90 	109 	109 
001721 	245 	102 	109 	109 
001722 	245 	102 	109 	109 
001723 	245 	102 	109 	109 
001724 	245 	102 	109 	109 
001725 	245 	102 	109 	109 
001726 	245 	102 	109 	109 
001727 	245 	102 	109 	109 
001728 	245 	102 	109 	109 
001729 	245 	102 	109 	109 
001730 	245 	102 	109 	109 
001731 	245 	102 	109 	109 
001732 	245 	102 	109 	109 
001733 	245 	102 	109 	109 
001734 	245 	102 	109 	109 
001735 	245 	102 	109 	109 
001736 	245 	102 	109 	109 
001737 	245 	102 	109 	109 
001738 	245 	102 	109 	109 
001739 	245 	102 	109 	109 
001740 	245 	102 	109 	109 
001741 	245 	102 	109 	109 
001742 	245 	102 	109 	109 
001743 	245 	102 	109 	109 
001744 	245 	102 	109 	109 
001745 	245 	102 	109 	109 
001746 	245 	102 	109 	109 
001747 	245 	102 	109 	109 
001748 	245 	102 	109 	109 
001749 	245 	102 	109 	109 
001750 	245 	102 	109 	109 
001751 	245 	102 	109 	109 
001752 	245 	102 	109 	109 
001753 	245 	102 	109 	109 
001754 	245 	102 	109 	109 
001755 	245 	102 	109 	109 
001756 	245 	102 	109 	109 
001757 	245 	102 	109 	109 
001758 	245 	102 	109 	109 
001759 	245 	102 	109 	109 
001760 	245 	102 	109 	109 
001761 	245 	102 	109 	109 
001762 	245 	102 	109 	109 
001763 	245 	102 	109 	109 
001764 	245 	102 	109 	109 
001765 	245 	102 	109 	109 
001766 	245 	102 	109 	109 
001767 	245 	102 	109 	109 
001768 	245 	102 	109 	109 
001769 	245 	102 	109 	109 
001770 	245 	102 	109 	109 
001771 	245 	102 	109 	109 
001772 	245 	102 	109 	109 
001773 	245 	102 	109 	109 
001774 	245 	102 	109 	109 
001775 	245 	102 	109 	109 
001776 	245 	102 	109 	109 
001777 	245 	102 	109 	109 
001778 	245 	102 	109 	109 
001779 	245 	102 	109 	109 
001780 	233 	102 	109 	109 
001781 	233 	102 	109 	109 
001782 	233 	102 	109 	109 
001783 	233 	102 	109 	109 
001784 	233 	102 	109 	109 
001785 	233 	102 	109 	109 
001786 	233 	102 	109 	109 
001787 	233 	102 	109 	109 
001788 	233 	102 	109 	109 
001789 	233 	102 	109 	109 
001790 	233 	90 	109 	109 
001791 	233 	90 	109 	109 
001792 	233 	90 	109 	109 
001793 	233 	90 	109 	109 
001794 	233 	90 	109 	109 
001795 	233 	90 	109 	109 
001796 	233 	102 	109 	109 
001797 	233 	102 	109 	109 
001798 	233 	102 	109 	109 
001799 	233 	102 	109 	109 
001800 	233 	102 	109 	109 
001801 	233 	102 	109 	109 
001802 	233 	102 	109 	109 
001803 	233 	90 	109 	109 
001804 	233 	90 	109 	109 
001805 	233 	90 	109 	109 
001806 	233 	90 	109 	109 
001807 	233 	90 	109 	109 
001808 	233 	90 	109 	109 
001809 	233 	90 	109 	109 
001810 	233 	102 	109 	109 
001811 	233 	102 	109 	109 
001812 	233 	102 	109 	109 
001813 	233 	102 	109 	109 
001814 	233 	102 	109 	109 
001815 	233 	102 	109 	109 
001816 	233 	102 	109 	109 
001817 	233 	102 	109 	109 
001818 	233 	102 	109 	109 
001819 	233 	102 	109 	109 
001820 	233 	102 	109 	109 
001821 	233 	102 	109 	109 
001822 	233 	102 	109 	109 
001823 	233 	102 	109 	109 
001824 	233 	102 	109 	109 
001825 	233 	102 	109 	109 
001826 	233 	102 	109 	109 
001827 	233 	102 	109 	109 
001828 	233 	102 	109 	109 
001829 	233 	102 	109 	109 
001830 	233 	102 	109 	109 
001831 	233 	102 	109 	109 
001832 	233 	102 	109 	109 
001833 	233 	102 	109 	109 
001834 	233 	90 	109 	109 
001835 	233 	90 	109 	109 
001836 	233 	90 	109 	109 
