Identity  : 	id10481
Reference : 	HJx5JpNR4mo
Offset    : 	-1
FV Conf   : 	18.050
ASD Conf  : 	6.451

FRAME 	X 	Y 	W 	H 
000275 	294 	66 	130 	130 
000276 	294 	66 	130 	130 
000277 	294 	66 	130 	130 
000278 	305 	66 	108 	109 
000279 	305 	66 	108 	109 
000280 	305 	66 	108 	109 
000281 	305 	66 	108 	109 
000282 	305 	66 	108 	109 
000283 	305 	54 	108 	109 
000284 	305 	54 	108 	109 
000285 	305 	66 	108 	109 
000286 	305 	66 	108 	109 
000287 	305 	66 	108 	109 
000288 	305 	66 	108 	109 
000289 	292 	58 	119 	120 
000290 	280 	51 	130 	130 
000291 	280 	51 	130 	130 
000292 	280 	51 	130 	130 
000293 	280 	51 	130 	130 
000294 	280 	66 	130 	130 
000295 	293 	78 	108 	109 
000296 	280 	66 	130 	130 
000297 	293 	78 	108 	109 
000298 	280 	66 	130 	130 
000299 	280 	66 	130 	130 
000300 	280 	66 	130 	130 
000301 	280 	66 	130 	130 
000302 	280 	66 	130 	130 
000303 	280 	66 	130 	130 
000304 	280 	66 	130 	130 
000305 	280 	66 	130 	130 
000306 	280 	66 	130 	130 
000307 	280 	66 	130 	130 
000308 	281 	78 	108 	109 
000309 	266 	66 	130 	130 
000310 	266 	66 	130 	130 
000311 	266 	66 	130 	130 
000312 	266 	66 	130 	130 
000313 	266 	80 	130 	130 
000314 	266 	80 	130 	130 
000315 	266 	80 	130 	130 
000316 	266 	66 	130 	130 
000317 	266 	66 	130 	130 
000318 	266 	66 	130 	130 
000319 	266 	80 	130 	130 
000320 	266 	80 	130 	130 
000321 	266 	80 	130 	130 
000322 	281 	90 	108 	109 
000323 	281 	90 	108 	109 
000324 	266 	66 	130 	130 
000325 	266 	66 	130 	130 
000326 	266 	66 	130 	130 
000327 	266 	66 	130 	130 
000328 	266 	66 	130 	130 
000329 	266 	66 	130 	130 
000330 	280 	66 	130 	130 
000331 	280 	66 	130 	130 
000332 	280 	66 	130 	130 
000333 	280 	66 	130 	130 
000334 	280 	66 	130 	130 
000335 	280 	66 	130 	130 
000336 	280 	66 	130 	130 
000337 	280 	66 	130 	130 
000338 	280 	66 	130 	130 
000339 	280 	66 	130 	130 
000340 	280 	66 	130 	130 
000341 	280 	66 	130 	130 
000342 	280 	66 	130 	130 
000343 	280 	66 	130 	130 
000344 	280 	66 	130 	130 
000345 	280 	66 	130 	130 
000346 	280 	66 	130 	130 
000347 	280 	80 	130 	130 
000348 	280 	66 	130 	130 
000349 	280 	80 	130 	130 
000350 	280 	80 	130 	130 
000351 	280 	80 	130 	130 
000352 	280 	80 	130 	130 
000353 	280 	80 	130 	130 
000354 	280 	80 	130 	130 
000355 	266 	66 	130 	130 
000356 	281 	90 	108 	109 
000357 	266 	80 	130 	130 
000358 	266 	80 	130 	130 
000359 	266 	80 	130 	130 
000360 	266 	80 	130 	130 
000361 	266 	80 	130 	130 
000362 	266 	80 	130 	130 
000363 	266 	80 	130 	130 
000364 	266 	80 	130 	130 
000365 	266 	80 	130 	130 
000366 	266 	80 	130 	130 
000367 	266 	80 	130 	130 
000368 	266 	80 	130 	130 
000369 	266 	80 	130 	130 
000370 	266 	80 	130 	130 
000371 	266 	80 	130 	130 
000372 	266 	80 	130 	130 
000373 	266 	80 	130 	130 
000374 	266 	80 	130 	130 
000375 	266 	80 	130 	130 
000376 	251 	80 	130 	130 
000377 	251 	80 	130 	130 
000378 	251 	80 	130 	130 
000379 	251 	80 	130 	130 
000380 	251 	80 	130 	130 
000381 	251 	80 	130 	130 
000382 	251 	80 	130 	130 
000383 	251 	80 	130 	130 
000384 	251 	80 	130 	130 
000385 	251 	80 	130 	130 
000386 	251 	80 	130 	130 
000387 	251 	80 	130 	130 
000388 	266 	80 	130 	130 
000389 	266 	80 	130 	130 
000390 	266 	80 	130 	130 
000391 	266 	80 	130 	130 
000392 	266 	80 	130 	130 
000393 	280 	80 	130 	130 
000394 	280 	80 	130 	130 
000395 	280 	80 	130 	130 
000396 	280 	80 	130 	130 
000397 	280 	80 	130 	130 
000398 	280 	80 	130 	130 
000399 	280 	80 	130 	130 
000400 	280 	80 	130 	130 
000401 	280 	80 	130 	130 
000402 	280 	80 	130 	130 
000403 	280 	80 	130 	130 
000404 	280 	80 	130 	130 
000405 	280 	66 	130 	130 
000406 	280 	66 	130 	130 
000407 	280 	66 	130 	130 
000408 	280 	66 	130 	130 
000409 	273 	66 	130 	130 
000410 	266 	66 	130 	130 
000411 	266 	66 	130 	130 
000412 	266 	66 	130 	130 
000413 	266 	66 	130 	130 
000414 	266 	66 	130 	130 
000415 	266 	66 	130 	130 
000416 	266 	66 	130 	130 
000417 	266 	66 	130 	130 
000418 	281 	90 	108 	109 
000419 	281 	90 	108 	109 
000420 	266 	80 	130 	130 
000421 	266 	80 	130 	130 
000422 	266 	80 	130 	130 
000423 	266 	80 	130 	130 
000424 	266 	80 	130 	130 
000425 	266 	80 	130 	130 
000426 	266 	80 	130 	130 
000427 	266 	80 	130 	130 
000428 	266 	80 	130 	130 
000429 	266 	80 	130 	130 
000430 	266 	80 	130 	130 
000431 	266 	80 	130 	130 
000432 	266 	80 	130 	130 
000433 	266 	80 	130 	130 
000434 	266 	80 	130 	130 
000435 	266 	80 	130 	130 
000436 	266 	80 	130 	130 
000437 	266 	80 	130 	130 
000438 	266 	80 	130 	130 
