Identity  : 	id10495
Reference : 	s6O6u2g6HTE
Offset    : 	-1
FV Conf   : 	17.286
ASD Conf  : 	4.638

FRAME 	X 	Y 	W 	H 
003410 	460 	46 	76 	76 
003411 	460 	46 	76 	76 
003412 	452 	46 	75 	76 
003413 	460 	46 	76 	76 
003414 	460 	46 	76 	76 
003415 	460 	46 	76 	76 
003416 	452 	46 	75 	76 
003417 	452 	46 	75 	76 
003418 	452 	46 	75 	76 
003419 	452 	46 	75 	76 
003420 	452 	46 	75 	76 
003421 	452 	46 	75 	76 
003422 	452 	46 	75 	76 
003423 	452 	46 	75 	76 
003424 	452 	46 	75 	76 
003425 	452 	46 	75 	76 
003426 	452 	46 	75 	76 
003427 	452 	46 	75 	76 
003428 	452 	46 	75 	76 
003429 	452 	46 	75 	76 
003430 	452 	46 	75 	76 
003431 	452 	46 	75 	76 
003432 	460 	46 	76 	76 
003433 	460 	46 	76 	76 
003434 	460 	46 	76 	76 
003435 	460 	46 	76 	76 
003436 	460 	46 	76 	76 
003437 	460 	46 	76 	76 
003438 	460 	46 	76 	76 
003439 	468 	46 	76 	76 
003440 	468 	46 	76 	76 
003441 	468 	46 	76 	76 
003442 	468 	46 	76 	76 
003443 	468 	46 	76 	76 
003444 	468 	46 	76 	76 
003445 	468 	46 	76 	76 
003446 	468 	46 	76 	76 
003447 	468 	46 	76 	76 
003448 	468 	46 	76 	76 
003449 	468 	46 	76 	76 
003450 	468 	46 	76 	76 
003451 	468 	46 	76 	76 
003452 	468 	46 	76 	76 
003453 	468 	46 	76 	76 
003454 	460 	46 	76 	76 
003455 	460 	46 	76 	76 
003456 	460 	46 	76 	76 
003457 	460 	46 	76 	76 
003458 	460 	46 	76 	76 
003459 	460 	46 	76 	76 
003460 	460 	46 	76 	76 
003461 	460 	46 	76 	76 
003462 	460 	46 	76 	76 
003463 	460 	46 	76 	76 
003464 	460 	46 	76 	76 
003465 	460 	46 	76 	76 
003466 	460 	46 	76 	76 
003467 	460 	46 	76 	76 
003468 	460 	46 	76 	76 
003469 	452 	54 	75 	76 
003470 	452 	54 	75 	76 
003471 	452 	46 	75 	76 
003472 	452 	46 	75 	76 
003473 	452 	46 	75 	76 
003474 	460 	46 	76 	76 
003475 	460 	46 	76 	76 
003476 	460 	46 	76 	76 
003477 	460 	46 	76 	76 
003478 	460 	46 	76 	76 
003479 	460 	46 	76 	76 
003480 	460 	46 	76 	76 
003481 	460 	38 	76 	75 
003482 	460 	38 	76 	75 
003483 	460 	38 	76 	75 
003484 	460 	46 	76 	76 
003485 	460 	46 	76 	76 
003486 	460 	46 	76 	76 
003487 	460 	46 	76 	76 
003488 	460 	46 	76 	76 
003489 	460 	46 	76 	76 
003490 	460 	46 	76 	76 
003491 	460 	46 	76 	76 
003492 	460 	46 	76 	76 
003493 	460 	46 	76 	76 
003494 	460 	46 	76 	76 
003495 	460 	46 	76 	76 
003496 	460 	46 	76 	76 
003497 	468 	46 	76 	76 
003498 	468 	46 	76 	76 
003499 	468 	46 	76 	76 
003500 	468 	46 	76 	76 
003501 	468 	46 	76 	76 
003502 	468 	46 	76 	76 
003503 	468 	46 	76 	76 
003504 	468 	46 	76 	76 
003505 	468 	46 	76 	76 
003506 	468 	46 	76 	76 
003507 	468 	46 	76 	76 
003508 	468 	46 	76 	76 
003509 	468 	46 	76 	76 
003510 	468 	46 	76 	76 
003511 	468 	46 	76 	76 
