Identity  : 	id10999
Reference : 	KCDxXirtBoI
Offset    : 	4
FV Conf   : 	18.338
ASD Conf  : 	6.297

FRAME 	X 	Y 	W 	H 
006515 	209 	31 	109 	108 
006516 	209 	31 	109 	108 
006517 	209 	31 	109 	108 
006518 	209 	31 	109 	108 
006519 	209 	31 	109 	108 
006520 	209 	31 	109 	108 
006521 	209 	31 	109 	108 
006522 	209 	31 	109 	108 
006523 	209 	31 	109 	108 
006524 	209 	31 	109 	108 
006525 	209 	31 	109 	108 
006526 	209 	31 	109 	108 
006527 	209 	31 	109 	108 
006528 	209 	31 	109 	108 
006529 	209 	31 	109 	108 
006530 	209 	31 	109 	108 
006531 	209 	31 	109 	108 
006532 	209 	31 	109 	108 
006533 	209 	31 	109 	108 
006534 	209 	31 	109 	108 
006535 	209 	31 	109 	108 
006536 	209 	31 	109 	108 
006537 	209 	31 	109 	108 
006538 	209 	31 	109 	108 
006539 	209 	31 	109 	108 
006540 	209 	31 	109 	108 
006541 	209 	31 	109 	108 
006542 	209 	31 	109 	108 
006543 	209 	31 	109 	108 
006544 	209 	31 	109 	108 
006545 	209 	31 	109 	108 
006546 	209 	31 	109 	108 
006547 	209 	31 	109 	108 
006548 	209 	31 	109 	108 
006549 	209 	31 	109 	108 
006550 	209 	31 	109 	108 
006551 	209 	31 	109 	108 
006552 	209 	31 	109 	108 
006553 	209 	31 	109 	108 
006554 	209 	31 	109 	108 
006555 	209 	31 	109 	108 
006556 	209 	31 	109 	108 
006557 	209 	31 	109 	108 
006558 	209 	31 	109 	108 
006559 	209 	31 	109 	108 
006560 	209 	31 	109 	108 
006561 	209 	31 	109 	108 
006562 	209 	31 	109 	108 
006563 	209 	31 	109 	108 
006564 	209 	31 	109 	108 
006565 	209 	31 	109 	108 
006566 	209 	31 	109 	108 
006567 	209 	31 	109 	108 
006568 	209 	31 	109 	108 
006569 	209 	31 	109 	108 
006570 	209 	31 	109 	108 
006571 	209 	31 	109 	108 
006572 	209 	31 	109 	108 
006573 	209 	43 	109 	108 
006574 	209 	43 	109 	108 
006575 	209 	43 	109 	108 
006576 	209 	43 	109 	108 
006577 	209 	43 	109 	108 
006578 	209 	43 	109 	108 
006579 	209 	43 	109 	108 
006580 	209 	31 	109 	108 
006581 	209 	31 	109 	108 
006582 	209 	31 	109 	108 
006583 	209 	31 	109 	108 
006584 	209 	43 	109 	108 
006585 	209 	43 	109 	108 
006586 	209 	43 	109 	108 
006587 	209 	43 	109 	108 
006588 	209 	43 	109 	108 
006589 	209 	43 	109 	108 
006590 	209 	43 	109 	108 
006591 	209 	43 	109 	108 
006592 	209 	43 	109 	108 
006593 	209 	43 	109 	108 
006594 	209 	43 	109 	108 
006595 	209 	43 	109 	108 
006596 	209 	43 	109 	108 
006597 	209 	43 	109 	108 
006598 	209 	43 	109 	108 
006599 	209 	43 	109 	108 
006600 	209 	43 	109 	108 
006601 	209 	43 	109 	108 
006602 	209 	43 	109 	108 
006603 	209 	43 	109 	108 
006604 	209 	43 	109 	108 
006605 	209 	43 	109 	108 
006606 	209 	43 	109 	108 
006607 	209 	43 	109 	108 
006608 	209 	43 	109 	108 
006609 	209 	43 	109 	108 
006610 	224 	45 	91 	91 
006611 	224 	45 	91 	91 
006612 	224 	45 	91 	91 
006613 	224 	45 	91 	91 
006614 	224 	45 	91 	91 
006615 	221 	43 	109 	108 
006616 	224 	55 	91 	91 
006617 	224 	55 	91 	91 
006618 	224 	55 	91 	91 
006619 	224 	55 	91 	91 
006620 	224 	45 	91 	91 
006621 	224 	45 	91 	91 
006622 	224 	45 	91 	91 
006623 	224 	45 	91 	91 
006624 	224 	45 	91 	91 
006625 	224 	55 	91 	91 
006626 	224 	55 	91 	91 
006627 	224 	55 	91 	91 
006628 	224 	55 	91 	91 
006629 	224 	55 	91 	91 
006630 	224 	55 	91 	91 
006631 	224 	55 	91 	91 
006632 	224 	55 	91 	91 
006633 	224 	55 	91 	91 
006634 	224 	55 	91 	91 
006635 	224 	55 	91 	91 
006636 	224 	55 	91 	91 
006637 	224 	55 	91 	91 
006638 	224 	55 	91 	91 
006639 	224 	55 	91 	91 
006640 	224 	55 	91 	91 
006641 	224 	55 	91 	91 
006642 	209 	43 	109 	108 
006643 	209 	43 	109 	108 
006644 	209 	43 	109 	108 
006645 	209 	43 	109 	108 
006646 	209 	43 	109 	108 
006647 	209 	43 	109 	108 
006648 	209 	43 	109 	108 
006649 	209 	43 	109 	108 
006650 	209 	43 	109 	108 
006651 	209 	43 	109 	108 
006652 	209 	43 	109 	108 
006653 	209 	43 	109 	108 
006654 	209 	43 	109 	108 
