Identity  : 	id11051
Reference : 	QsXUHg-4UJo
Offset    : 	0
FV Conf   : 	14.002
ASD Conf  : 	7.901

FRAME 	X 	Y 	W 	H 
000382 	237 	80 	130 	130 
000383 	237 	80 	130 	130 
000384 	237 	80 	130 	130 
000385 	216 	62 	156 	155 
000386 	216 	62 	156 	155 
000387 	216 	62 	156 	155 
000388 	216 	62 	156 	155 
000389 	237 	80 	130 	130 
000390 	237 	80 	130 	130 
000391 	237 	80 	130 	130 
000392 	237 	80 	130 	130 
000393 	237 	80 	130 	130 
000394 	237 	80 	130 	130 
000395 	237 	80 	130 	130 
000396 	237 	80 	130 	130 
000397 	237 	80 	130 	130 
000398 	237 	80 	130 	130 
000399 	237 	80 	130 	130 
000400 	245 	90 	109 	109 
000401 	245 	90 	109 	109 
000402 	237 	94 	130 	130 
000403 	237 	94 	130 	130 
000404 	237 	80 	130 	130 
000405 	237 	94 	130 	130 
000406 	237 	94 	130 	130 
000407 	237 	94 	130 	130 
000408 	237 	94 	130 	130 
000409 	237 	94 	130 	130 
000410 	237 	94 	130 	130 
000411 	257 	90 	109 	109 
000412 	251 	80 	130 	130 
000413 	251 	80 	130 	130 
000414 	251 	80 	130 	130 
000415 	251 	80 	130 	130 
000416 	237 	94 	130 	130 
000417 	237 	94 	130 	130 
000418 	237 	94 	130 	130 
000419 	237 	94 	130 	130 
000420 	216 	79 	156 	156 
000421 	237 	94 	130 	130 
000422 	237 	94 	130 	130 
000423 	237 	94 	130 	130 
000424 	237 	94 	130 	130 
000425 	251 	94 	130 	130 
000426 	251 	94 	130 	130 
000427 	266 	94 	130 	130 
000428 	266 	80 	130 	130 
000429 	267 	62 	156 	155 
000430 	267 	62 	156 	155 
000431 	267 	62 	156 	155 
000432 	267 	62 	156 	155 
000433 	266 	80 	130 	130 
000434 	266 	80 	130 	130 
000435 	250 	62 	156 	155 
000436 	250 	62 	156 	155 
000437 	250 	62 	156 	155 
000438 	250 	62 	156 	155 
000439 	250 	62 	156 	155 
000440 	250 	62 	156 	155 
000441 	250 	62 	156 	155 
000442 	250 	62 	156 	155 
000443 	250 	62 	156 	155 
000444 	250 	62 	156 	155 
000445 	250 	62 	156 	155 
000446 	250 	62 	156 	155 
000447 	250 	62 	156 	155 
000448 	250 	62 	156 	155 
000449 	250 	62 	156 	155 
000450 	250 	62 	156 	155 
000451 	250 	62 	156 	155 
000452 	250 	62 	156 	155 
000453 	250 	62 	156 	155 
000454 	250 	62 	156 	155 
000455 	251 	80 	130 	130 
000456 	251 	80 	130 	130 
000457 	251 	80 	130 	130 
000458 	251 	80 	130 	130 
000459 	251 	80 	130 	130 
000460 	251 	80 	130 	130 
000461 	251 	80 	130 	130 
000462 	251 	80 	130 	130 
000463 	251 	80 	130 	130 
000464 	251 	80 	130 	130 
000465 	251 	94 	130 	130 
000466 	251 	94 	130 	130 
000467 	251 	94 	130 	130 
000468 	251 	80 	130 	130 
000469 	251 	80 	130 	130 
000470 	251 	80 	130 	130 
000471 	251 	80 	130 	130 
000472 	251 	80 	130 	130 
000473 	251 	80 	130 	130 
000474 	251 	80 	130 	130 
000475 	251 	80 	130 	130 
000476 	251 	80 	130 	130 
000477 	251 	80 	130 	130 
000478 	251 	80 	130 	130 
000479 	251 	80 	130 	130 
000480 	251 	80 	130 	130 
000481 	251 	80 	130 	130 
000482 	251 	80 	130 	130 
000483 	251 	80 	130 	130 
000484 	257 	90 	109 	109 
000485 	251 	80 	130 	130 
000486 	251 	80 	130 	130 
000487 	251 	80 	130 	130 
000488 	237 	80 	130 	130 
000489 	237 	80 	130 	130 
000490 	233 	62 	156 	155 
000491 	233 	62 	156 	155 
000492 	251 	80 	130 	130 
000493 	251 	80 	130 	130 
000494 	251 	80 	130 	130 
000495 	251 	80 	130 	130 
000496 	251 	80 	130 	130 
000497 	251 	80 	130 	130 
000498 	251 	80 	130 	130 
000499 	251 	80 	130 	130 
000500 	237 	80 	130 	130 
000501 	237 	80 	130 	130 
000502 	237 	80 	130 	130 
000503 	237 	66 	130 	130 
000504 	237 	66 	130 	130 
000505 	237 	66 	130 	130 
000506 	237 	66 	130 	130 
000507 	237 	80 	130 	130 
000508 	223 	80 	130 	130 
000509 	223 	80 	130 	130 
000510 	223 	94 	130 	130 
000511 	223 	94 	130 	130 
000512 	237 	94 	130 	130 
000513 	237 	94 	130 	130 
000514 	237 	94 	130 	130 
000515 	237 	94 	130 	130 
000516 	237 	94 	130 	130 
000517 	237 	80 	130 	130 
000518 	237 	80 	130 	130 
000519 	237 	80 	130 	130 
000520 	251 	94 	130 	130 
000521 	251 	94 	130 	130 
000522 	251 	94 	130 	130 
000523 	251 	94 	130 	130 
000524 	251 	94 	130 	130 
000525 	257 	90 	109 	109 
000526 	237 	94 	130 	130 
000527 	237 	94 	130 	130 
000528 	237 	94 	130 	130 
000529 	237 	94 	130 	130 
000530 	237 	94 	130 	130 
000531 	237 	94 	130 	130 
000532 	237 	94 	130 	130 
000533 	257 	102 	109 	109 
000534 	257 	102 	109 	109 
000535 	257 	102 	109 	109 
000536 	233 	79 	156 	156 
000537 	251 	94 	130 	130 
000538 	251 	94 	130 	130 
000539 	251 	80 	130 	130 
000540 	251 	80 	130 	130 
000541 	251 	94 	130 	130 
000542 	250 	79 	156 	156 
000543 	266 	80 	130 	130 
000544 	266 	80 	130 	130 
000545 	266 	80 	130 	130 
000546 	266 	80 	130 	130 
000547 	266 	80 	130 	130 
000548 	266 	80 	130 	130 
000549 	266 	80 	130 	130 
000550 	266 	80 	130 	130 
000551 	266 	80 	130 	130 
000552 	266 	80 	130 	130 
000553 	266 	80 	130 	130 
000554 	266 	80 	130 	130 
000555 	266 	80 	130 	130 
000556 	266 	80 	130 	130 
000557 	266 	80 	130 	130 
000558 	266 	80 	130 	130 
000559 	266 	80 	130 	130 
000560 	266 	80 	130 	130 
000561 	269 	90 	108 	109 
000562 	269 	90 	108 	109 
000563 	269 	90 	108 	109 
000564 	269 	90 	108 	109 
000565 	269 	90 	108 	109 
000566 	251 	94 	130 	130 
000567 	251 	80 	130 	130 
000568 	251 	80 	130 	130 
000569 	251 	94 	130 	130 
000570 	251 	94 	130 	130 
000571 	251 	94 	130 	130 
000572 	251 	94 	130 	130 
000573 	251 	94 	130 	130 
000574 	251 	94 	130 	130 
000575 	251 	94 	130 	130 
000576 	251 	94 	130 	130 
000577 	237 	94 	130 	130 
000578 	237 	94 	130 	130 
000579 	223 	94 	130 	130 
000580 	208 	80 	130 	130 
000581 	208 	80 	130 	130 
000582 	208 	80 	130 	130 
000583 	199 	79 	155 	156 
000584 	199 	79 	155 	156 
000585 	223 	94 	130 	130 
000586 	223 	94 	130 	130 
000587 	237 	94 	130 	130 
000588 	237 	94 	130 	130 
000589 	237 	94 	130 	130 
000590 	237 	94 	130 	130 
000591 	237 	94 	130 	130 
000592 	237 	94 	130 	130 
000593 	237 	94 	130 	130 
000594 	237 	94 	130 	130 
000595 	223 	94 	130 	130 
000596 	223 	94 	130 	130 
000597 	233 	90 	109 	109 
000598 	233 	90 	109 	109 
000599 	233 	90 	109 	109 
000600 	233 	90 	109 	109 
000601 	233 	90 	109 	109 
000602 	233 	90 	109 	109 
000603 	233 	90 	109 	109 
000604 	233 	90 	109 	109 
000605 	223 	80 	130 	130 
000606 	245 	90 	109 	109 
000607 	245 	90 	109 	109 
000608 	216 	79 	156 	156 
000609 	245 	90 	109 	109 
000610 	245 	90 	109 	109 
000611 	245 	90 	109 	109 
000612 	245 	90 	109 	109 
000613 	237 	94 	130 	130 
000614 	237 	80 	130 	130 
000615 	237 	80 	130 	130 
000616 	237 	80 	130 	130 
000617 	237 	80 	130 	130 
000618 	237 	80 	130 	130 
000619 	237 	80 	130 	130 
000620 	237 	80 	130 	130 
000621 	237 	80 	130 	130 
000622 	237 	80 	130 	130 
000623 	237 	80 	130 	130 
000624 	237 	80 	130 	130 
000625 	237 	80 	130 	130 
000626 	237 	80 	130 	130 
000627 	237 	80 	130 	130 
000628 	237 	80 	130 	130 
000629 	237 	94 	130 	130 
000630 	237 	80 	130 	130 
000631 	237 	80 	130 	130 
000632 	237 	80 	130 	130 
000633 	233 	79 	156 	156 
000634 	237 	80 	130 	130 
000635 	237 	94 	130 	130 
000636 	237 	94 	130 	130 
000637 	237 	94 	130 	130 
000638 	237 	94 	130 	130 
000639 	237 	80 	130 	130 
000640 	216 	62 	156 	155 
