Identity  : 	id11051
Reference : 	QsXUHg-4UJo
Offset    : 	0
FV Conf   : 	11.694
ASD Conf  : 	8.642

FRAME 	X 	Y 	W 	H 
001955 	237 	94 	130 	130 
001956 	237 	94 	130 	130 
001957 	237 	94 	130 	130 
001958 	237 	94 	130 	130 
001959 	237 	94 	130 	130 
001960 	237 	94 	130 	130 
001961 	237 	94 	130 	130 
001962 	237 	94 	130 	130 
001963 	237 	109 	130 	130 
001964 	237 	109 	130 	130 
001965 	237 	109 	130 	130 
001966 	241 	106 	120 	120 
001967 	245 	102 	109 	109 
001968 	216 	96 	156 	156 
001969 	223 	94 	130 	130 
001970 	223 	94 	130 	130 
001971 	223 	109 	130 	130 
001972 	223 	109 	130 	130 
001973 	216 	96 	156 	156 
001974 	216 	96 	156 	156 
001975 	237 	94 	130 	130 
001976 	257 	102 	109 	109 
001977 	237 	94 	130 	130 
001978 	237 	94 	130 	130 
001979 	237 	94 	130 	130 
001980 	257 	102 	109 	109 
001981 	251 	94 	130 	130 
001982 	251 	80 	130 	130 
001983 	269 	102 	108 	109 
001984 	266 	80 	130 	130 
001985 	266 	94 	130 	130 
001986 	266 	94 	130 	130 
001987 	266 	94 	130 	130 
001988 	266 	94 	130 	130 
001989 	266 	80 	130 	130 
001990 	266 	80 	130 	130 
001991 	266 	80 	130 	130 
001992 	266 	80 	130 	130 
001993 	266 	80 	130 	130 
001994 	266 	80 	130 	130 
001995 	266 	80 	130 	130 
001996 	266 	80 	130 	130 
001997 	266 	80 	130 	130 
001998 	266 	80 	130 	130 
001999 	266 	80 	130 	130 
002000 	266 	80 	130 	130 
002001 	269 	102 	108 	109 
002002 	251 	94 	130 	130 
002003 	251 	94 	130 	130 
002004 	251 	94 	130 	130 
002005 	251 	94 	130 	130 
002006 	251 	94 	130 	130 
002007 	251 	94 	130 	130 
002008 	269 	102 	108 	109 
002009 	266 	80 	130 	130 
002010 	266 	80 	130 	130 
002011 	266 	80 	130 	130 
002012 	266 	80 	130 	130 
002013 	266 	80 	130 	130 
002014 	266 	80 	130 	130 
002015 	266 	80 	130 	130 
002016 	266 	80 	130 	130 
002017 	269 	102 	108 	109 
002018 	251 	94 	130 	130 
002019 	251 	94 	130 	130 
002020 	251 	94 	130 	130 
002021 	251 	94 	130 	130 
002022 	251 	94 	130 	130 
002023 	251 	94 	130 	130 
002024 	251 	94 	130 	130 
002025 	251 	94 	130 	130 
002026 	251 	109 	130 	130 
002027 	251 	109 	130 	130 
002028 	251 	109 	130 	130 
002029 	251 	109 	130 	130 
002030 	237 	109 	130 	130 
002031 	237 	109 	130 	130 
002032 	237 	109 	130 	130 
002033 	237 	109 	130 	130 
002034 	257 	102 	109 	109 
002035 	237 	94 	130 	130 
002036 	237 	94 	130 	130 
002037 	237 	94 	130 	130 
002038 	237 	94 	130 	130 
002039 	237 	94 	130 	130 
002040 	237 	94 	130 	130 
002041 	237 	94 	130 	130 
002042 	237 	94 	130 	130 
002043 	237 	94 	130 	130 
002044 	237 	94 	130 	130 
002045 	237 	94 	130 	130 
002046 	237 	94 	130 	130 
002047 	245 	102 	109 	109 
002048 	237 	94 	130 	130 
002049 	245 	102 	109 	109 
002050 	223 	94 	130 	130 
002051 	223 	94 	130 	130 
002052 	223 	94 	130 	130 
002053 	223 	94 	130 	130 
002054 	223 	94 	130 	130 
002055 	223 	94 	130 	130 
002056 	223 	94 	130 	130 
002057 	223 	94 	130 	130 
002058 	223 	94 	130 	130 
002059 	223 	94 	130 	130 
002060 	223 	94 	130 	130 
002061 	223 	94 	130 	130 
002062 	223 	94 	130 	130 
002063 	223 	94 	130 	130 
002064 	223 	94 	130 	130 
002065 	223 	94 	130 	130 
002066 	223 	94 	130 	130 
002067 	223 	94 	130 	130 
002068 	223 	94 	130 	130 
002069 	208 	94 	130 	130 
002070 	208 	94 	130 	130 
002071 	208 	94 	130 	130 
002072 	194 	94 	130 	130 
002073 	194 	94 	130 	130 
002074 	194 	94 	130 	130 
002075 	208 	94 	130 	130 
002076 	208 	94 	130 	130 
002077 	223 	94 	130 	130 
002078 	223 	80 	130 	130 
002079 	237 	80 	130 	130 
002080 	237 	80 	130 	130 
002081 	237 	80 	130 	130 
002082 	237 	80 	130 	130 
002083 	237 	80 	130 	130 
002084 	237 	80 	130 	130 
002085 	237 	80 	130 	130 
002086 	237 	80 	130 	130 
002087 	237 	80 	130 	130 
002088 	237 	80 	130 	130 
002089 	237 	80 	130 	130 
002090 	237 	80 	130 	130 
002091 	237 	80 	130 	130 
002092 	237 	80 	130 	130 
002093 	237 	80 	130 	130 
002094 	237 	80 	130 	130 
002095 	237 	80 	130 	130 
002096 	237 	80 	130 	130 
002097 	237 	80 	130 	130 
002098 	237 	80 	130 	130 
002099 	251 	80 	130 	130 
002100 	251 	80 	130 	130 
002101 	251 	80 	130 	130 
002102 	251 	80 	130 	130 
002103 	251 	80 	130 	130 
002104 	251 	80 	130 	130 
002105 	237 	80 	130 	130 
002106 	237 	80 	130 	130 
002107 	237 	80 	130 	130 
002108 	237 	80 	130 	130 
002109 	237 	80 	130 	130 
002110 	237 	80 	130 	130 
002111 	237 	80 	130 	130 
002112 	237 	80 	130 	130 
002113 	223 	80 	130 	130 
002114 	223 	80 	130 	130 
002115 	223 	80 	130 	130 
002116 	223 	80 	130 	130 
002117 	223 	80 	130 	130 
002118 	237 	80 	130 	130 
002119 	237 	80 	130 	130 
002120 	237 	80 	130 	130 
002121 	237 	80 	130 	130 
002122 	237 	80 	130 	130 
002123 	237 	80 	130 	130 
002124 	237 	80 	130 	130 
002125 	237 	80 	130 	130 
002126 	237 	80 	130 	130 
002127 	237 	80 	130 	130 
002128 	237 	80 	130 	130 
002129 	237 	80 	130 	130 
002130 	223 	94 	130 	130 
002131 	223 	94 	130 	130 
002132 	223 	94 	130 	130 
002133 	223 	94 	130 	130 
002134 	223 	94 	130 	130 
002135 	223 	94 	130 	130 
002136 	223 	94 	130 	130 
002137 	223 	94 	130 	130 
002138 	223 	94 	130 	130 
002139 	223 	109 	130 	130 
002140 	223 	109 	130 	130 
002141 	223 	109 	130 	130 
002142 	223 	109 	130 	130 
002143 	237 	94 	130 	130 
002144 	237 	94 	130 	130 
002145 	237 	94 	130 	130 
002146 	237 	94 	130 	130 
002147 	237 	94 	130 	130 
002148 	237 	80 	130 	130 
002149 	237 	80 	130 	130 
002150 	237 	94 	130 	130 
002151 	237 	94 	130 	130 
002152 	237 	94 	130 	130 
002153 	237 	94 	130 	130 
002154 	237 	80 	130 	130 
002155 	237 	80 	130 	130 
002156 	237 	80 	130 	130 
002157 	237 	94 	130 	130 
002158 	237 	94 	130 	130 
002159 	237 	94 	130 	130 
002160 	237 	80 	130 	130 
002161 	237 	80 	130 	130 
002162 	237 	80 	130 	130 
002163 	237 	80 	130 	130 
002164 	237 	80 	130 	130 
002165 	237 	80 	130 	130 
002166 	237 	80 	130 	130 
002167 	237 	80 	130 	130 
002168 	237 	80 	130 	130 
002169 	237 	80 	130 	130 
002170 	237 	94 	130 	130 
002171 	237 	94 	130 	130 
002172 	237 	94 	130 	130 
002173 	245 	102 	109 	109 
002174 	223 	94 	130 	130 
002175 	223 	94 	130 	130 
002176 	223 	94 	130 	130 
002177 	223 	94 	130 	130 
002178 	223 	94 	130 	130 
002179 	223 	94 	130 	130 
002180 	223 	94 	130 	130 
002181 	223 	94 	130 	130 
002182 	223 	94 	130 	130 
002183 	223 	94 	130 	130 
002184 	223 	94 	130 	130 
002185 	223 	94 	130 	130 
002186 	223 	94 	130 	130 
002187 	223 	94 	130 	130 
002188 	223 	94 	130 	130 
002189 	223 	94 	130 	130 
002190 	223 	94 	130 	130 
002191 	223 	94 	130 	130 
002192 	223 	94 	130 	130 
002193 	223 	94 	130 	130 
002194 	223 	94 	130 	130 
002195 	208 	94 	130 	130 
002196 	208 	94 	130 	130 
002197 	208 	94 	130 	130 
002198 	208 	94 	130 	130 
002199 	208 	94 	130 	130 
002200 	208 	94 	130 	130 
002201 	208 	94 	130 	130 
002202 	208 	94 	130 	130 
002203 	208 	94 	130 	130 
002204 	208 	94 	130 	130 
002205 	208 	94 	130 	130 
002206 	208 	94 	130 	130 
002207 	223 	109 	130 	130 
002208 	223 	109 	130 	130 
002209 	223 	94 	130 	130 
002210 	223 	94 	130 	130 
002211 	223 	94 	130 	130 
002212 	223 	94 	130 	130 
002213 	223 	94 	130 	130 
002214 	223 	94 	130 	130 
002215 	223 	94 	130 	130 
002216 	208 	94 	130 	130 
002217 	208 	94 	130 	130 
002218 	208 	94 	130 	130 
002219 	208 	94 	130 	130 
002220 	208 	109 	130 	130 
002221 	208 	109 	130 	130 
002222 	208 	109 	130 	130 
002223 	223 	109 	130 	130 
002224 	223 	109 	130 	130 
002225 	223 	109 	130 	130 
002226 	223 	109 	130 	130 
002227 	223 	109 	130 	130 
002228 	223 	94 	130 	130 
002229 	223 	94 	130 	130 
002230 	223 	94 	130 	130 
002231 	223 	94 	130 	130 
002232 	223 	94 	130 	130 
002233 	223 	94 	130 	130 
002234 	223 	94 	130 	130 
002235 	221 	102 	109 	109 
002236 	221 	102 	109 	109 
002237 	221 	102 	109 	109 
002238 	208 	109 	130 	130 
002239 	223 	94 	130 	130 
002240 	245 	102 	109 	109 
002241 	237 	94 	130 	130 
002242 	237 	80 	130 	130 
002243 	251 	80 	130 	130 
002244 	251 	80 	130 	130 
002245 	266 	80 	130 	130 
002246 	266 	80 	130 	130 
002247 	266 	80 	130 	130 
002248 	266 	80 	130 	130 
002249 	266 	80 	130 	130 
002250 	251 	80 	130 	130 
002251 	251 	94 	130 	130 
002252 	251 	94 	130 	130 
002253 	237 	80 	130 	130 
002254 	237 	94 	130 	130 
002255 	223 	94 	130 	130 
002256 	223 	94 	130 	130 
002257 	223 	94 	130 	130 
002258 	208 	94 	130 	130 
002259 	208 	94 	130 	130 
002260 	208 	94 	130 	130 
002261 	194 	94 	130 	130 
002262 	194 	94 	130 	130 
002263 	194 	80 	130 	130 
002264 	194 	80 	130 	130 
002265 	194 	80 	130 	130 
002266 	208 	80 	130 	130 
002267 	208 	80 	130 	130 
002268 	208 	80 	130 	130 
002269 	223 	80 	130 	130 
002270 	223 	80 	130 	130 
002271 	237 	80 	130 	130 
002272 	237 	80 	130 	130 
002273 	237 	80 	130 	130 
002274 	237 	80 	130 	130 
002275 	223 	80 	130 	130 
002276 	223 	80 	130 	130 
002277 	223 	94 	130 	130 
002278 	223 	94 	130 	130 
002279 	223 	94 	130 	130 
