Identity  : 	id10216
Reference : 	eC2Ce7ayUi4
Offset    : 	0
FV Conf   : 	15.685
ASD Conf  : 	8.486

FRAME 	X 	Y 	W 	H 
000387 	194 	94 	130 	130 
000388 	194 	94 	130 	130 
000389 	194 	94 	130 	130 
000390 	194 	94 	130 	130 
000391 	194 	94 	130 	130 
000392 	194 	94 	130 	130 
000393 	194 	94 	130 	130 
000394 	181 	79 	156 	156 
000395 	181 	79 	156 	156 
000396 	181 	79 	156 	156 
000397 	181 	79 	156 	156 
000398 	181 	79 	156 	156 
000399 	180 	94 	130 	130 
000400 	180 	94 	130 	130 
000401 	180 	94 	130 	130 
000402 	180 	94 	130 	130 
000403 	194 	109 	130 	130 
000404 	194 	109 	130 	130 
000405 	194 	109 	130 	130 
000406 	194 	109 	130 	130 
000407 	194 	94 	130 	130 
000408 	194 	94 	130 	130 
000409 	194 	94 	130 	130 
000410 	194 	94 	130 	130 
000411 	194 	94 	130 	130 
000412 	194 	94 	130 	130 
000413 	194 	94 	130 	130 
000414 	194 	94 	130 	130 
000415 	194 	94 	130 	130 
000416 	194 	94 	130 	130 
000417 	194 	94 	130 	130 
000418 	194 	94 	130 	130 
000419 	194 	94 	130 	130 
000420 	194 	94 	130 	130 
000421 	194 	94 	130 	130 
000422 	194 	94 	130 	130 
000423 	194 	94 	130 	130 
000424 	194 	94 	130 	130 
000425 	194 	94 	130 	130 
000426 	194 	94 	130 	130 
000427 	194 	94 	130 	130 
000428 	194 	94 	130 	130 
000429 	194 	94 	130 	130 
000430 	194 	94 	130 	130 
000431 	194 	94 	130 	130 
000432 	180 	94 	130 	130 
000433 	180 	94 	130 	130 
000434 	180 	94 	130 	130 
000435 	180 	109 	130 	130 
000436 	180 	109 	130 	130 
000437 	180 	109 	130 	130 
000438 	180 	109 	130 	130 
000439 	180 	109 	130 	130 
000440 	180 	109 	130 	130 
000441 	165 	94 	130 	130 
000442 	180 	94 	130 	130 
000443 	180 	94 	130 	130 
000444 	180 	94 	130 	130 
000445 	180 	94 	130 	130 
000446 	180 	94 	130 	130 
000447 	180 	94 	130 	130 
000448 	180 	94 	130 	130 
000449 	180 	94 	130 	130 
000450 	180 	94 	130 	130 
000451 	180 	94 	130 	130 
000452 	180 	94 	130 	130 
000453 	180 	94 	130 	130 
000454 	180 	80 	130 	130 
000455 	180 	80 	130 	130 
000456 	180 	80 	130 	130 
000457 	180 	80 	130 	130 
000458 	180 	80 	130 	130 
000459 	180 	80 	130 	130 
000460 	180 	80 	130 	130 
000461 	180 	80 	130 	130 
000462 	180 	94 	130 	130 
000463 	180 	94 	130 	130 
000464 	180 	94 	130 	130 
000465 	180 	80 	130 	130 
000466 	180 	80 	130 	130 
000467 	180 	80 	130 	130 
000468 	180 	80 	130 	130 
000469 	180 	94 	130 	130 
000470 	180 	80 	130 	130 
000471 	180 	80 	130 	130 
000472 	180 	80 	130 	130 
000473 	180 	80 	130 	130 
000474 	180 	80 	130 	130 
000475 	180 	80 	130 	130 
000476 	180 	80 	130 	130 
000477 	180 	94 	130 	130 
000478 	180 	80 	130 	130 
000479 	180 	94 	130 	130 
000480 	180 	94 	130 	130 
000481 	180 	94 	130 	130 
000482 	180 	94 	130 	130 
000483 	180 	94 	130 	130 
000484 	180 	94 	130 	130 
000485 	180 	80 	130 	130 
000486 	180 	80 	130 	130 
000487 	180 	80 	130 	130 
000488 	180 	80 	130 	130 
000489 	180 	80 	130 	130 
000490 	180 	80 	130 	130 
000491 	180 	80 	130 	130 
000492 	180 	80 	130 	130 
000493 	180 	80 	130 	130 
000494 	180 	80 	130 	130 
000495 	180 	80 	130 	130 
000496 	180 	80 	130 	130 
000497 	180 	80 	130 	130 
000498 	180 	80 	130 	130 
000499 	180 	80 	130 	130 
000500 	180 	80 	130 	130 
000501 	180 	80 	130 	130 
000502 	180 	80 	130 	130 
000503 	180 	80 	130 	130 
000504 	180 	80 	130 	130 
000505 	180 	80 	130 	130 
000506 	180 	80 	130 	130 
000507 	180 	80 	130 	130 
000508 	180 	80 	130 	130 
000509 	180 	80 	130 	130 
000510 	180 	80 	130 	130 
000511 	194 	80 	130 	130 
000512 	194 	80 	130 	130 
000513 	194 	80 	130 	130 
000514 	194 	80 	130 	130 
000515 	194 	80 	130 	130 
000516 	194 	80 	130 	130 
000517 	194 	80 	130 	130 
000518 	194 	80 	130 	130 
000519 	194 	80 	130 	130 
000520 	194 	80 	130 	130 
000521 	194 	80 	130 	130 
000522 	194 	80 	130 	130 
000523 	194 	80 	130 	130 
000524 	194 	80 	130 	130 
000525 	194 	80 	130 	130 
000526 	194 	94 	130 	130 
000527 	194 	80 	130 	130 
000528 	194 	80 	130 	130 
000529 	194 	80 	130 	130 
000530 	194 	80 	130 	130 
000531 	194 	80 	130 	130 
000532 	194 	80 	130 	130 
000533 	194 	80 	130 	130 
000534 	208 	80 	130 	130 
000535 	208 	80 	130 	130 
000536 	208 	80 	130 	130 
000537 	208 	80 	130 	130 
000538 	208 	80 	130 	130 
000539 	208 	94 	130 	130 
000540 	199 	79 	155 	156 
000541 	199 	79 	155 	156 
000542 	199 	79 	155 	156 
000543 	199 	79 	155 	156 
000544 	199 	79 	155 	156 
000545 	223 	94 	130 	130 
000546 	208 	80 	130 	130 
000547 	208 	80 	130 	130 
000548 	208 	80 	130 	130 
000549 	208 	80 	130 	130 
000550 	208 	80 	130 	130 
000551 	208 	80 	130 	130 
000552 	208 	80 	130 	130 
000553 	208 	80 	130 	130 
000554 	208 	80 	130 	130 
000555 	208 	94 	130 	130 
000556 	208 	94 	130 	130 
000557 	194 	94 	130 	130 
000558 	194 	94 	130 	130 
000559 	194 	109 	130 	130 
000560 	194 	109 	130 	130 
000561 	194 	109 	130 	130 
000562 	194 	109 	130 	130 
000563 	180 	109 	130 	130 
000564 	180 	94 	130 	130 
000565 	180 	94 	130 	130 
000566 	180 	94 	130 	130 
000567 	180 	94 	130 	130 
000568 	180 	94 	130 	130 
000569 	180 	94 	130 	130 
000570 	180 	94 	130 	130 
000571 	180 	80 	130 	130 
000572 	180 	80 	130 	130 
000573 	180 	80 	130 	130 
000574 	180 	80 	130 	130 
000575 	180 	80 	130 	130 
000576 	180 	80 	130 	130 
000577 	180 	80 	130 	130 
000578 	180 	80 	130 	130 
000579 	180 	80 	130 	130 
000580 	180 	80 	130 	130 
000581 	180 	80 	130 	130 
000582 	181 	62 	156 	155 
000583 	180 	80 	130 	130 
000584 	181 	62 	156 	155 
000585 	181 	62 	156 	155 
000586 	180 	80 	130 	130 
000587 	180 	80 	130 	130 
000588 	194 	80 	130 	130 
000589 	194 	80 	130 	130 
000590 	194 	80 	130 	130 
000591 	194 	80 	130 	130 
000592 	180 	80 	130 	130 
000593 	180 	80 	130 	130 
000594 	180 	80 	130 	130 
000595 	180 	80 	130 	130 
000596 	180 	80 	130 	130 
000597 	180 	80 	130 	130 
000598 	180 	80 	130 	130 
000599 	180 	94 	130 	130 
000600 	180 	94 	130 	130 
000601 	180 	94 	130 	130 
000602 	180 	94 	130 	130 
000603 	180 	94 	130 	130 
000604 	180 	94 	130 	130 
000605 	180 	94 	130 	130 
000606 	180 	94 	130 	130 
000607 	180 	94 	130 	130 
000608 	180 	94 	130 	130 
000609 	180 	94 	130 	130 
000610 	180 	94 	130 	130 
000611 	180 	94 	130 	130 
000612 	180 	94 	130 	130 
000613 	180 	80 	130 	130 
000614 	180 	80 	130 	130 
000615 	180 	80 	130 	130 
000616 	180 	80 	130 	130 
000617 	180 	80 	130 	130 
000618 	180 	80 	130 	130 
000619 	180 	80 	130 	130 
000620 	180 	80 	130 	130 
000621 	180 	80 	130 	130 
000622 	180 	80 	130 	130 
000623 	180 	80 	130 	130 
000624 	180 	80 	130 	130 
000625 	180 	80 	130 	130 
000626 	180 	80 	130 	130 
000627 	180 	80 	130 	130 
000628 	180 	94 	130 	130 
000629 	180 	94 	130 	130 
000630 	180 	94 	130 	130 
000631 	180 	94 	130 	130 
000632 	180 	94 	130 	130 
000633 	180 	94 	130 	130 
000634 	180 	94 	130 	130 
000635 	180 	94 	130 	130 
000636 	180 	94 	130 	130 
000637 	180 	94 	130 	130 
000638 	180 	94 	130 	130 
000639 	180 	94 	130 	130 
000640 	180 	94 	130 	130 
000641 	180 	94 	130 	130 
000642 	180 	94 	130 	130 
000643 	180 	94 	130 	130 
000644 	180 	94 	130 	130 
000645 	180 	94 	130 	130 
000646 	180 	94 	130 	130 
000647 	180 	94 	130 	130 
000648 	180 	94 	130 	130 
000649 	180 	94 	130 	130 
000650 	180 	94 	130 	130 
000651 	180 	94 	130 	130 
000652 	180 	80 	130 	130 
000653 	180 	94 	130 	130 
000654 	180 	94 	130 	130 
000655 	180 	94 	130 	130 
000656 	180 	94 	130 	130 
000657 	180 	94 	130 	130 
000658 	180 	94 	130 	130 
000659 	180 	94 	130 	130 
000660 	180 	94 	130 	130 
000661 	194 	94 	130 	130 
000662 	194 	94 	130 	130 
000663 	194 	80 	130 	130 
000664 	194 	80 	130 	130 
000665 	194 	80 	130 	130 
000666 	194 	80 	130 	130 
000667 	208 	80 	130 	130 
000668 	208 	80 	130 	130 
000669 	208 	80 	130 	130 
000670 	208 	80 	130 	130 
000671 	208 	80 	130 	130 
000672 	208 	80 	130 	130 
000673 	208 	80 	130 	130 
000674 	208 	94 	130 	130 
000675 	208 	94 	130 	130 
000676 	208 	94 	130 	130 
000677 	208 	94 	130 	130 
000678 	208 	94 	130 	130 
000679 	208 	94 	130 	130 
000680 	194 	94 	130 	130 
000681 	194 	94 	130 	130 
000682 	194 	94 	130 	130 
000683 	194 	94 	130 	130 
000684 	194 	94 	130 	130 
000685 	194 	94 	130 	130 
000686 	194 	94 	130 	130 
000687 	194 	94 	130 	130 
000688 	194 	94 	130 	130 
000689 	194 	94 	130 	130 
000690 	194 	94 	130 	130 
000691 	194 	94 	130 	130 
000692 	194 	94 	130 	130 
000693 	194 	94 	130 	130 
000694 	194 	94 	130 	130 
000695 	180 	94 	130 	130 
000696 	180 	94 	130 	130 
000697 	180 	94 	130 	130 
000698 	180 	94 	130 	130 
000699 	180 	109 	130 	130 
000700 	165 	109 	130 	130 
000701 	165 	109 	130 	130 
000702 	165 	109 	130 	130 
000703 	165 	109 	130 	130 
000704 	165 	109 	130 	130 
000705 	165 	109 	130 	130 
000706 	180 	109 	130 	130 
000707 	180 	109 	130 	130 
000708 	180 	109 	130 	130 
000709 	180 	109 	130 	130 
000710 	180 	109 	130 	130 
000711 	180 	94 	130 	130 
000712 	180 	94 	130 	130 
000713 	180 	94 	130 	130 
000714 	180 	94 	130 	130 
000715 	180 	94 	130 	130 
000716 	180 	94 	130 	130 
000717 	194 	94 	130 	130 
000718 	194 	94 	130 	130 
000719 	194 	94 	130 	130 
000720 	194 	94 	130 	130 
000721 	194 	94 	130 	130 
000722 	194 	94 	130 	130 
000723 	181 	79 	156 	156 
000724 	181 	79 	156 	156 
000725 	181 	79 	156 	156 
000726 	194 	94 	130 	130 
000727 	194 	94 	130 	130 
000728 	181 	79 	156 	156 
000729 	194 	94 	130 	130 
000730 	194 	94 	130 	130 
