Identity  : 	id10666
Reference : 	Cq3HBh5062s
Offset    : 	-2
FV Conf   : 	24.280
ASD Conf  : 	7.345

FRAME 	X 	Y 	W 	H 
014696 	237 	109 	130 	130 
014697 	233 	79 	156 	156 
014698 	233 	79 	156 	156 
014699 	233 	79 	156 	156 
014700 	233 	79 	156 	156 
014701 	233 	79 	156 	156 
014702 	233 	79 	156 	156 
014703 	233 	79 	156 	156 
014704 	233 	79 	156 	156 
014705 	251 	80 	130 	130 
014706 	251 	80 	130 	130 
014707 	251 	80 	130 	130 
014708 	251 	80 	130 	130 
014709 	251 	80 	130 	130 
014710 	251 	80 	130 	130 
014711 	251 	80 	130 	130 
014712 	233 	62 	156 	155 
014713 	233 	62 	156 	155 
014714 	250 	62 	156 	155 
014715 	250 	62 	156 	155 
014716 	250 	62 	156 	155 
014717 	250 	62 	156 	155 
014718 	250 	62 	156 	155 
014719 	233 	62 	156 	155 
014720 	233 	62 	156 	155 
014721 	233 	62 	156 	155 
014722 	237 	66 	130 	130 
014723 	237 	66 	130 	130 
014724 	237 	66 	130 	130 
014725 	216 	62 	156 	155 
014726 	216 	62 	156 	155 
014727 	223 	80 	130 	130 
014728 	199 	62 	155 	155 
014729 	199 	79 	155 	156 
014730 	208 	94 	130 	130 
014731 	208 	94 	130 	130 
014732 	208 	94 	130 	130 
014733 	208 	94 	130 	130 
014734 	208 	94 	130 	130 
014735 	194 	94 	130 	130 
014736 	194 	94 	130 	130 
014737 	194 	94 	130 	130 
014738 	194 	94 	130 	130 
014739 	194 	94 	130 	130 
014740 	194 	94 	130 	130 
014741 	208 	109 	130 	130 
014742 	194 	109 	130 	130 
014743 	194 	109 	130 	130 
014744 	194 	109 	130 	130 
014745 	194 	109 	130 	130 
014746 	208 	109 	130 	130 
014747 	208 	109 	130 	130 
014748 	208 	109 	130 	130 
014749 	208 	109 	130 	130 
014750 	208 	109 	130 	130 
014751 	208 	109 	130 	130 
014752 	208 	109 	130 	130 
014753 	208 	109 	130 	130 
014754 	208 	109 	130 	130 
014755 	223 	109 	130 	130 
014756 	223 	109 	130 	130 
014757 	223 	109 	130 	130 
014758 	223 	109 	130 	130 
014759 	223 	109 	130 	130 
014760 	223 	109 	130 	130 
014761 	223 	109 	130 	130 
014762 	223 	109 	130 	130 
014763 	223 	94 	130 	130 
014764 	223 	94 	130 	130 
014765 	223 	94 	130 	130 
014766 	223 	94 	130 	130 
014767 	223 	109 	130 	130 
014768 	223 	109 	130 	130 
014769 	237 	109 	130 	130 
014770 	251 	109 	130 	130 
014771 	251 	109 	130 	130 
014772 	233 	96 	156 	156 
014773 	251 	109 	130 	130 
014774 	233 	96 	156 	156 
014775 	233 	96 	156 	156 
014776 	233 	96 	156 	156 
014777 	251 	109 	130 	130 
014778 	251 	109 	130 	130 
014779 	251 	109 	130 	130 
014780 	233 	96 	156 	156 
014781 	251 	123 	130 	130 
014782 	251 	123 	130 	130 
014783 	251 	123 	130 	130 
014784 	251 	123 	130 	130 
014785 	251 	109 	130 	130 
014786 	251 	109 	130 	130 
014787 	251 	123 	130 	130 
014788 	251 	123 	130 	130 
014789 	251 	123 	130 	130 
014790 	237 	123 	130 	130 
014791 	237 	123 	130 	130 
014792 	237 	123 	130 	130 
014793 	237 	123 	130 	130 
014794 	251 	123 	130 	130 
014795 	251 	123 	130 	130 
014796 	251 	123 	130 	130 
014797 	251 	123 	130 	130 
014798 	251 	123 	130 	130 
014799 	251 	123 	130 	130 
014800 	251 	123 	130 	130 
014801 	251 	123 	130 	130 
014802 	251 	123 	130 	130 
014803 	251 	123 	130 	130 
014804 	251 	123 	130 	130 
014805 	251 	123 	130 	130 
014806 	251 	109 	130 	130 
014807 	251 	109 	130 	130 
014808 	237 	94 	130 	130 
014809 	237 	94 	130 	130 
014810 	237 	94 	130 	130 
014811 	237 	94 	130 	130 
014812 	251 	94 	130 	130 
014813 	251 	94 	130 	130 
014814 	251 	94 	130 	130 
014815 	251 	94 	130 	130 
014816 	251 	94 	130 	130 
014817 	251 	94 	130 	130 
014818 	251 	94 	130 	130 
014819 	251 	94 	130 	130 
014820 	251 	94 	130 	130 
014821 	233 	96 	156 	156 
014822 	251 	109 	130 	130 
014823 	251 	109 	130 	130 
014824 	251 	109 	130 	130 
014825 	251 	109 	130 	130 
014826 	251 	109 	130 	130 
014827 	251 	109 	130 	130 
014828 	251 	109 	130 	130 
014829 	251 	109 	130 	130 
014830 	251 	109 	130 	130 
014831 	251 	109 	130 	130 
014832 	251 	109 	130 	130 
014833 	251 	123 	130 	130 
014834 	251 	123 	130 	130 
014835 	251 	123 	130 	130 
014836 	251 	123 	130 	130 
014837 	251 	123 	130 	130 
014838 	251 	123 	130 	130 
014839 	251 	123 	130 	130 
014840 	251 	123 	130 	130 
014841 	251 	123 	130 	130 
014842 	251 	123 	130 	130 
014843 	233 	113 	156 	156 
014844 	233 	113 	156 	156 
014845 	233 	96 	156 	156 
014846 	233 	96 	156 	156 
014847 	233 	96 	156 	156 
014848 	237 	109 	130 	130 
014849 	237 	109 	130 	130 
