Identity  : 	id10244
Reference : 	vLNDTLUEVSY
Offset    : 	-2
FV Conf   : 	19.553
ASD Conf  : 	6.741

FRAME 	X 	Y 	W 	H 
002742 	337 	94 	130 	130 
002743 	337 	94 	130 	130 
002744 	337 	80 	130 	130 
002745 	337 	80 	130 	130 
002746 	323 	80 	130 	130 
002747 	341 	90 	108 	109 
002748 	323 	66 	130 	130 
002749 	323 	66 	130 	130 
002750 	323 	66 	130 	130 
002751 	323 	66 	130 	130 
002752 	323 	66 	130 	130 
002753 	323 	66 	130 	130 
002754 	341 	66 	108 	109 
002755 	341 	66 	108 	109 
002756 	341 	66 	108 	109 
002757 	341 	66 	108 	109 
002758 	341 	66 	108 	109 
002759 	341 	66 	108 	109 
002760 	341 	66 	108 	109 
002761 	341 	66 	108 	109 
002762 	337 	51 	130 	130 
002763 	353 	66 	108 	109 
002764 	353 	66 	108 	109 
002765 	353 	66 	108 	109 
002766 	365 	66 	108 	109 
002767 	365 	66 	108 	109 
002768 	365 	66 	108 	109 
002769 	353 	66 	108 	109 
002770 	365 	66 	108 	109 
002771 	365 	66 	108 	109 
002772 	365 	66 	108 	109 
002773 	353 	66 	108 	109 
002774 	353 	66 	108 	109 
002775 	353 	66 	108 	109 
002776 	353 	66 	108 	109 
002777 	353 	78 	108 	109 
002778 	353 	78 	108 	109 
002779 	353 	78 	108 	109 
002780 	353 	78 	108 	109 
002781 	341 	78 	108 	109 
002782 	341 	78 	108 	109 
002783 	341 	78 	108 	109 
002784 	341 	78 	108 	109 
002785 	341 	78 	108 	109 
002786 	341 	78 	108 	109 
002787 	341 	78 	108 	109 
002788 	341 	78 	108 	109 
002789 	341 	78 	108 	109 
002790 	341 	78 	108 	109 
002791 	341 	78 	108 	109 
002792 	341 	78 	108 	109 
002793 	341 	78 	108 	109 
002794 	341 	78 	108 	109 
002795 	341 	78 	108 	109 
002796 	341 	78 	108 	109 
002797 	353 	78 	108 	109 
002798 	353 	78 	108 	109 
002799 	353 	90 	108 	109 
002800 	353 	90 	108 	109 
002801 	353 	90 	108 	109 
002802 	353 	90 	108 	109 
002803 	353 	90 	108 	109 
002804 	353 	90 	108 	109 
002805 	353 	90 	108 	109 
002806 	365 	102 	108 	109 
002807 	365 	102 	108 	109 
002808 	365 	102 	108 	109 
002809 	353 	90 	108 	109 
002810 	353 	90 	108 	109 
002811 	341 	78 	108 	109 
002812 	341 	78 	108 	109 
002813 	341 	78 	108 	109 
002814 	329 	78 	108 	109 
002815 	329 	78 	108 	109 
002816 	329 	78 	108 	109 
002817 	329 	78 	108 	109 
002818 	329 	78 	108 	109 
002819 	329 	78 	108 	109 
002820 	329 	78 	108 	109 
002821 	329 	78 	108 	109 
002822 	329 	78 	108 	109 
002823 	329 	78 	108 	109 
002824 	329 	78 	108 	109 
002825 	329 	78 	108 	109 
002826 	329 	66 	108 	109 
002827 	341 	66 	108 	109 
002828 	341 	66 	108 	109 
002829 	341 	66 	108 	109 
002830 	341 	66 	108 	109 
002831 	341 	66 	108 	109 
002832 	341 	66 	108 	109 
002833 	341 	66 	108 	109 
002834 	341 	66 	108 	109 
002835 	341 	66 	108 	109 
002836 	341 	66 	108 	109 
002837 	341 	78 	108 	109 
002838 	341 	78 	108 	109 
002839 	341 	66 	108 	109 
002840 	341 	66 	108 	109 
002841 	341 	66 	108 	109 
002842 	329 	66 	108 	109 
002843 	329 	66 	108 	109 
002844 	329 	66 	108 	109 
002845 	329 	66 	108 	109 
002846 	329 	66 	108 	109 
002847 	329 	66 	108 	109 
002848 	329 	78 	108 	109 
002849 	329 	78 	108 	109 
002850 	329 	78 	108 	109 
002851 	329 	78 	108 	109 
002852 	341 	78 	108 	109 
002853 	341 	78 	108 	109 
002854 	341 	78 	108 	109 
002855 	341 	78 	108 	109 
002856 	341 	78 	108 	109 
002857 	341 	78 	108 	109 
002858 	341 	78 	108 	109 
002859 	341 	66 	108 	109 
002860 	329 	66 	108 	109 
002861 	329 	66 	108 	109 
002862 	329 	66 	108 	109 
002863 	329 	66 	108 	109 
002864 	329 	78 	108 	109 
002865 	329 	78 	108 	109 
002866 	329 	78 	108 	109 
002867 	329 	78 	108 	109 
002868 	329 	90 	108 	109 
002869 	329 	90 	108 	109 
002870 	329 	90 	108 	109 
002871 	329 	90 	108 	109 
002872 	341 	90 	108 	109 
002873 	341 	90 	108 	109 
002874 	341 	90 	108 	109 
002875 	341 	90 	108 	109 
002876 	341 	90 	108 	109 
002877 	341 	90 	108 	109 
002878 	341 	90 	108 	109 
002879 	341 	90 	108 	109 
002880 	341 	78 	108 	109 
002881 	341 	78 	108 	109 
002882 	341 	78 	108 	109 
002883 	341 	78 	108 	109 
002884 	341 	78 	108 	109 
002885 	341 	78 	108 	109 
002886 	341 	78 	108 	109 
002887 	341 	78 	108 	109 
002888 	341 	78 	108 	109 
002889 	341 	78 	108 	109 
002890 	341 	78 	108 	109 
002891 	341 	78 	108 	109 
002892 	341 	78 	108 	109 
002893 	341 	78 	108 	109 
002894 	341 	78 	108 	109 
002895 	341 	78 	108 	109 
002896 	341 	78 	108 	109 
002897 	341 	78 	108 	109 
002898 	341 	78 	108 	109 
002899 	341 	78 	108 	109 
002900 	341 	78 	108 	109 
002901 	341 	78 	108 	109 
002902 	341 	78 	108 	109 
002903 	341 	78 	108 	109 
002904 	341 	78 	108 	109 
002905 	341 	78 	108 	109 
002906 	341 	78 	108 	109 
002907 	341 	78 	108 	109 
002908 	341 	78 	108 	109 
002909 	341 	78 	108 	109 
002910 	341 	78 	108 	109 
002911 	341 	78 	108 	109 
002912 	341 	78 	108 	109 
002913 	341 	78 	108 	109 
002914 	341 	78 	108 	109 
002915 	341 	78 	108 	109 
002916 	341 	78 	108 	109 
002917 	341 	78 	108 	109 
002918 	341 	78 	108 	109 
002919 	341 	78 	108 	109 
002920 	341 	78 	108 	109 
002921 	341 	78 	108 	109 
002922 	341 	78 	108 	109 
002923 	341 	90 	108 	109 
002924 	341 	90 	108 	109 
002925 	329 	90 	108 	109 
002926 	329 	90 	108 	109 
002927 	329 	90 	108 	109 
002928 	341 	90 	108 	109 
002929 	341 	90 	108 	109 
002930 	341 	90 	108 	109 
002931 	341 	90 	108 	109 
002932 	341 	90 	108 	109 
002933 	341 	90 	108 	109 
002934 	341 	90 	108 	109 
002935 	341 	90 	108 	109 
002936 	341 	90 	108 	109 
002937 	341 	90 	108 	109 
002938 	341 	90 	108 	109 
002939 	341 	90 	108 	109 
002940 	341 	90 	108 	109 
