Identity  : 	id10572
Reference : 	wPh7KMvTPkg
Offset    : 	-1
FV Conf   : 	20.245
ASD Conf  : 	6.679

FRAME 	X 	Y 	W 	H 
000584 	323 	80 	130 	130 
000585 	323 	80 	130 	130 
000586 	323 	80 	130 	130 
000587 	323 	80 	130 	130 
000588 	323 	80 	130 	130 
000589 	323 	80 	130 	130 
000590 	323 	80 	130 	130 
000591 	323 	80 	130 	130 
000592 	323 	80 	130 	130 
000593 	323 	80 	130 	130 
000594 	323 	80 	130 	130 
000595 	323 	80 	130 	130 
000596 	323 	80 	130 	130 
000597 	323 	80 	130 	130 
000598 	323 	80 	130 	130 
000599 	323 	80 	130 	130 
000600 	323 	80 	130 	130 
000601 	323 	80 	130 	130 
000602 	323 	80 	130 	130 
000603 	323 	80 	130 	130 
000604 	323 	80 	130 	130 
000605 	323 	80 	130 	130 
000606 	323 	80 	130 	130 
000607 	323 	80 	130 	130 
000608 	323 	80 	130 	130 
000609 	323 	80 	130 	130 
000610 	323 	80 	130 	130 
000611 	323 	80 	130 	130 
000612 	323 	80 	130 	130 
000613 	323 	80 	130 	130 
000614 	323 	80 	130 	130 
000615 	323 	80 	130 	130 
000616 	323 	80 	130 	130 
000617 	323 	80 	130 	130 
000618 	323 	80 	130 	130 
000619 	323 	80 	130 	130 
000620 	323 	80 	130 	130 
000621 	323 	80 	130 	130 
000622 	323 	80 	130 	130 
000623 	323 	80 	130 	130 
000624 	323 	80 	130 	130 
000625 	323 	80 	130 	130 
000626 	323 	80 	130 	130 
000627 	323 	80 	130 	130 
000628 	323 	80 	130 	130 
000629 	323 	80 	130 	130 
000630 	323 	80 	130 	130 
000631 	323 	80 	130 	130 
000632 	323 	80 	130 	130 
000633 	323 	80 	130 	130 
000634 	323 	80 	130 	130 
000635 	323 	80 	130 	130 
000636 	337 	80 	130 	130 
000637 	337 	80 	130 	130 
000638 	337 	80 	130 	130 
000639 	323 	80 	130 	130 
000640 	323 	80 	130 	130 
000641 	323 	80 	130 	130 
000642 	323 	80 	130 	130 
000643 	323 	80 	130 	130 
000644 	323 	80 	130 	130 
000645 	323 	80 	130 	130 
000646 	323 	80 	130 	130 
000647 	323 	80 	130 	130 
000648 	323 	80 	130 	130 
000649 	323 	94 	130 	130 
000650 	323 	94 	130 	130 
000651 	323 	94 	130 	130 
000652 	323 	94 	130 	130 
000653 	323 	94 	130 	130 
000654 	337 	94 	130 	130 
000655 	337 	94 	130 	130 
000656 	337 	94 	130 	130 
000657 	337 	94 	130 	130 
000658 	337 	94 	130 	130 
000659 	337 	80 	130 	130 
000660 	337 	80 	130 	130 
000661 	352 	94 	130 	130 
000662 	337 	80 	130 	130 
000663 	337 	80 	130 	130 
000664 	337 	80 	130 	130 
000665 	337 	80 	130 	130 
000666 	337 	80 	130 	130 
000667 	337 	80 	130 	130 
000668 	337 	80 	130 	130 
000669 	337 	80 	130 	130 
000670 	337 	80 	130 	130 
000671 	337 	80 	130 	130 
000672 	337 	80 	130 	130 
000673 	337 	80 	130 	130 
000674 	337 	80 	130 	130 
000675 	337 	80 	130 	130 
000676 	337 	80 	130 	130 
000677 	337 	80 	130 	130 
000678 	352 	80 	130 	130 
000679 	352 	94 	130 	130 
000680 	352 	94 	130 	130 
000681 	352 	94 	130 	130 
000682 	352 	80 	130 	130 
000683 	352 	80 	130 	130 
000684 	352 	80 	130 	130 
000685 	352 	80 	130 	130 
000686 	352 	80 	130 	130 
000687 	352 	80 	130 	130 
000688 	352 	80 	130 	130 
000689 	352 	80 	130 	130 
000690 	352 	80 	130 	130 
000691 	352 	80 	130 	130 
000692 	352 	80 	130 	130 
000693 	352 	80 	130 	130 
000694 	337 	80 	130 	130 
000695 	337 	80 	130 	130 
000696 	337 	80 	130 	130 
000697 	337 	80 	130 	130 
000698 	337 	80 	130 	130 
000699 	337 	80 	130 	130 
000700 	337 	80 	130 	130 
000701 	337 	80 	130 	130 
000702 	337 	80 	130 	130 
000703 	337 	80 	130 	130 
000704 	337 	80 	130 	130 
000705 	337 	80 	130 	130 
000706 	337 	80 	130 	130 
000707 	337 	80 	130 	130 
000708 	337 	80 	130 	130 
000709 	337 	80 	130 	130 
000710 	337 	80 	130 	130 
000711 	337 	80 	130 	130 
000712 	337 	94 	130 	130 
000713 	337 	94 	130 	130 
000714 	337 	94 	130 	130 
000715 	337 	94 	130 	130 
000716 	337 	94 	130 	130 
000717 	337 	94 	130 	130 
000718 	337 	94 	130 	130 
000719 	337 	94 	130 	130 
000720 	337 	94 	130 	130 
000721 	337 	94 	130 	130 
000722 	337 	94 	130 	130 
000723 	337 	94 	130 	130 
000724 	337 	94 	130 	130 
000725 	337 	94 	130 	130 
000726 	319 	79 	156 	156 
000727 	337 	94 	130 	130 
000728 	319 	79 	156 	156 
000729 	337 	94 	130 	130 
000730 	337 	94 	130 	130 
000731 	337 	94 	130 	130 
000732 	337 	94 	130 	130 
000733 	337 	94 	130 	130 
000734 	323 	94 	130 	130 
000735 	323 	94 	130 	130 
000736 	323 	94 	130 	130 
000737 	323 	94 	130 	130 
000738 	323 	94 	130 	130 
000739 	319 	79 	156 	156 
000740 	319 	79 	156 	156 
000741 	319 	79 	156 	156 
000742 	319 	79 	156 	156 
000743 	319 	79 	156 	156 
000744 	319 	79 	156 	156 
000745 	319 	79 	156 	156 
000746 	319 	79 	156 	156 
000747 	319 	79 	156 	156 
000748 	319 	79 	156 	156 
000749 	319 	79 	156 	156 
000750 	319 	79 	156 	156 
000751 	319 	79 	156 	156 
000752 	319 	79 	156 	156 
000753 	319 	79 	156 	156 
000754 	337 	80 	130 	130 
000755 	337 	80 	130 	130 
000756 	337 	80 	130 	130 
000757 	337 	80 	130 	130 
000758 	319 	79 	156 	156 
000759 	337 	80 	130 	130 
000760 	337 	80 	130 	130 
000761 	337 	80 	130 	130 
000762 	337 	80 	130 	130 
000763 	337 	80 	130 	130 
000764 	337 	80 	130 	130 
000765 	337 	80 	130 	130 
000766 	337 	80 	130 	130 
000767 	337 	80 	130 	130 
000768 	337 	80 	130 	130 
000769 	337 	80 	130 	130 
000770 	337 	80 	130 	130 
000771 	319 	79 	156 	156 
000772 	319 	79 	156 	156 
000773 	319 	79 	156 	156 
000774 	319 	79 	156 	156 
000775 	323 	80 	130 	130 
000776 	323 	80 	130 	130 
000777 	323 	80 	130 	130 
000778 	323 	80 	130 	130 
000779 	323 	80 	130 	130 
000780 	323 	94 	130 	130 
000781 	323 	94 	130 	130 
000782 	323 	94 	130 	130 
