Identity  : 	id10493
Reference : 	m8rWUWniJwI
Offset    : 	-1
FV Conf   : 	11.583
ASD Conf  : 	6.900

FRAME 	X 	Y 	W 	H 
002995 	204 	65 	91 	91 
002996 	204 	65 	91 	91 
002997 	204 	75 	91 	91 
002998 	204 	75 	91 	91 
002999 	204 	75 	91 	91 
003000 	204 	75 	91 	91 
003001 	204 	75 	91 	91 
003002 	204 	75 	91 	91 
003003 	204 	75 	91 	91 
003004 	204 	75 	91 	91 
003005 	204 	75 	91 	91 
003006 	204 	75 	91 	91 
003007 	204 	75 	91 	91 
003008 	204 	75 	91 	91 
003009 	204 	75 	91 	91 
003010 	204 	75 	91 	91 
003011 	204 	65 	91 	91 
003012 	204 	65 	91 	91 
003013 	204 	65 	91 	91 
003014 	204 	65 	91 	91 
003015 	204 	65 	91 	91 
003016 	204 	65 	91 	91 
003017 	203 	71 	76 	75 
003018 	194 	65 	91 	91 
003019 	194 	65 	91 	91 
003020 	194 	65 	91 	91 
003021 	194 	65 	91 	91 
003022 	194 	65 	91 	91 
003023 	194 	65 	91 	91 
003024 	194 	65 	91 	91 
003025 	194 	65 	91 	91 
003026 	194 	65 	91 	91 
003027 	194 	65 	91 	91 
003028 	194 	65 	91 	91 
003029 	194 	65 	91 	91 
003030 	194 	65 	91 	91 
003031 	194 	65 	91 	91 
003032 	194 	65 	91 	91 
003033 	194 	65 	91 	91 
003034 	194 	65 	91 	91 
003035 	194 	65 	91 	91 
003036 	194 	65 	91 	91 
003037 	194 	65 	91 	91 
003038 	194 	65 	91 	91 
003039 	194 	65 	91 	91 
003040 	194 	65 	91 	91 
003041 	203 	79 	76 	76 
003042 	203 	79 	76 	76 
003043 	203 	79 	76 	76 
003044 	203 	79 	76 	76 
003045 	203 	79 	76 	76 
003046 	203 	79 	76 	76 
003047 	203 	79 	76 	76 
003048 	203 	79 	76 	76 
003049 	203 	79 	76 	76 
003050 	203 	79 	76 	76 
003051 	203 	79 	76 	76 
003052 	203 	79 	76 	76 
003053 	203 	79 	76 	76 
003054 	203 	79 	76 	76 
003055 	203 	79 	76 	76 
003056 	203 	79 	76 	76 
003057 	203 	79 	76 	76 
003058 	203 	79 	76 	76 
003059 	203 	79 	76 	76 
003060 	203 	79 	76 	76 
003061 	203 	79 	76 	76 
003062 	203 	79 	76 	76 
003063 	203 	79 	76 	76 
003064 	203 	79 	76 	76 
003065 	194 	75 	91 	91 
003066 	194 	75 	91 	91 
003067 	194 	75 	91 	91 
003068 	194 	75 	91 	91 
003069 	203 	79 	76 	76 
003070 	203 	79 	76 	76 
003071 	194 	65 	91 	91 
003072 	194 	65 	91 	91 
003073 	194 	65 	91 	91 
003074 	194 	65 	91 	91 
003075 	194 	65 	91 	91 
003076 	194 	65 	91 	91 
003077 	203 	79 	76 	76 
003078 	203 	79 	76 	76 
003079 	204 	65 	91 	91 
003080 	204 	65 	91 	91 
003081 	204 	65 	91 	91 
003082 	204 	65 	91 	91 
003083 	204 	65 	91 	91 
003084 	204 	65 	91 	91 
003085 	204 	65 	91 	91 
003086 	204 	65 	91 	91 
003087 	204 	65 	91 	91 
003088 	203 	79 	76 	76 
003089 	203 	79 	76 	76 
003090 	203 	79 	76 	76 
003091 	203 	79 	76 	76 
003092 	203 	79 	76 	76 
003093 	204 	65 	91 	91 
003094 	204 	65 	91 	91 
003095 	204 	65 	91 	91 
003096 	204 	65 	91 	91 
003097 	204 	65 	91 	91 
003098 	204 	65 	91 	91 
003099 	204 	65 	91 	91 
003100 	204 	65 	91 	91 
003101 	204 	65 	91 	91 
003102 	204 	65 	91 	91 
003103 	204 	65 	91 	91 
003104 	204 	65 	91 	91 
003105 	204 	65 	91 	91 
003106 	204 	65 	91 	91 
003107 	204 	65 	91 	91 
003108 	204 	65 	91 	91 
003109 	214 	65 	91 	91 
003110 	214 	65 	91 	91 
003111 	214 	65 	91 	91 
003112 	214 	65 	91 	91 
003113 	214 	65 	91 	91 
003114 	214 	65 	91 	91 
003115 	214 	65 	91 	91 
003116 	214 	65 	91 	91 
003117 	214 	65 	91 	91 
003118 	214 	65 	91 	91 
003119 	214 	65 	91 	91 
003120 	214 	65 	91 	91 
003121 	214 	65 	91 	91 
003122 	214 	65 	91 	91 
003123 	214 	65 	91 	91 
003124 	214 	65 	91 	91 
003125 	214 	65 	91 	91 
003126 	214 	65 	91 	91 
003127 	214 	65 	91 	91 
003128 	214 	65 	91 	91 
003129 	214 	65 	91 	91 
003130 	214 	65 	91 	91 
003131 	214 	65 	91 	91 
003132 	214 	65 	91 	91 
003133 	214 	65 	91 	91 
003134 	214 	65 	91 	91 
003135 	214 	65 	91 	91 
003136 	214 	65 	91 	91 
003137 	214 	65 	91 	91 
003138 	214 	65 	91 	91 
003139 	214 	65 	91 	91 
003140 	214 	65 	91 	91 
003141 	214 	65 	91 	91 
003142 	214 	65 	91 	91 
