Identity  : 	id11048
Reference : 	x9dFXEN1UXs
Offset    : 	0
FV Conf   : 	17.261
ASD Conf  : 	6.782

FRAME 	X 	Y 	W 	H 
004054 	209 	78 	109 	109 
004055 	209 	78 	109 	109 
004056 	209 	78 	109 	109 
004057 	209 	78 	109 	109 
004058 	209 	90 	109 	109 
004059 	209 	90 	109 	109 
004060 	208 	80 	130 	130 
004061 	208 	80 	130 	130 
004062 	208 	80 	130 	130 
004063 	208 	80 	130 	130 
004064 	208 	66 	130 	130 
004065 	208 	66 	130 	130 
004066 	209 	90 	109 	109 
004067 	209 	90 	109 	109 
004068 	209 	90 	109 	109 
004069 	209 	90 	109 	109 
004070 	209 	90 	109 	109 
004071 	209 	90 	109 	109 
004072 	209 	90 	109 	109 
004073 	194 	80 	130 	130 
004074 	194 	80 	130 	130 
004075 	197 	90 	109 	109 
004076 	197 	90 	109 	109 
004077 	197 	90 	109 	109 
004078 	197 	90 	109 	109 
004079 	197 	90 	109 	109 
004080 	197 	90 	109 	109 
004081 	180 	80 	130 	130 
004082 	180 	80 	130 	130 
004083 	197 	90 	109 	109 
004084 	197 	90 	109 	109 
004085 	197 	102 	109 	109 
004086 	194 	80 	130 	130 
004087 	194 	94 	130 	130 
004088 	194 	80 	130 	130 
004089 	209 	102 	109 	109 
004090 	209 	102 	109 	109 
004091 	209 	102 	109 	109 
004092 	209 	102 	109 	109 
004093 	209 	102 	109 	109 
004094 	209 	102 	109 	109 
004095 	209 	102 	109 	109 
004096 	209 	102 	109 	109 
004097 	209 	102 	109 	109 
004098 	209 	102 	109 	109 
004099 	209 	102 	109 	109 
004100 	209 	102 	109 	109 
004101 	209 	102 	109 	109 
004102 	209 	102 	109 	109 
004103 	209 	102 	109 	109 
004104 	209 	102 	109 	109 
004105 	194 	80 	130 	130 
004106 	209 	102 	109 	109 
004107 	194 	80 	130 	130 
004108 	209 	90 	109 	109 
004109 	209 	90 	109 	109 
004110 	209 	90 	109 	109 
004111 	194 	80 	130 	130 
004112 	194 	80 	130 	130 
004113 	194 	80 	130 	130 
004114 	194 	80 	130 	130 
004115 	194 	80 	130 	130 
004116 	194 	80 	130 	130 
004117 	194 	80 	130 	130 
004118 	194 	80 	130 	130 
004119 	194 	80 	130 	130 
004120 	194 	80 	130 	130 
004121 	209 	90 	109 	109 
004122 	209 	90 	109 	109 
004123 	209 	90 	109 	109 
004124 	209 	90 	109 	109 
004125 	209 	90 	109 	109 
004126 	209 	90 	109 	109 
004127 	209 	90 	109 	109 
004128 	209 	90 	109 	109 
004129 	209 	90 	109 	109 
004130 	194 	80 	130 	130 
004131 	194 	80 	130 	130 
004132 	194 	80 	130 	130 
004133 	194 	80 	130 	130 
004134 	209 	90 	109 	109 
004135 	194 	80 	130 	130 
004136 	194 	80 	130 	130 
004137 	194 	80 	130 	130 
004138 	194 	80 	130 	130 
004139 	209 	102 	109 	109 
004140 	209 	102 	109 	109 
004141 	209 	102 	109 	109 
004142 	209 	102 	109 	109 
004143 	209 	102 	109 	109 
004144 	209 	102 	109 	109 
004145 	209 	90 	109 	109 
004146 	209 	90 	109 	109 
004147 	194 	80 	130 	130 
004148 	209 	90 	109 	109 
004149 	209 	90 	109 	109 
004150 	209 	90 	109 	109 
004151 	209 	90 	109 	109 
004152 	209 	102 	109 	109 
004153 	209 	102 	109 	109 
004154 	209 	102 	109 	109 
004155 	209 	102 	109 	109 
004156 	209 	102 	109 	109 
004157 	209 	102 	109 	109 
004158 	209 	102 	109 	109 
004159 	194 	94 	130 	130 
004160 	197 	102 	109 	109 
004161 	197 	102 	109 	109 
004162 	197 	102 	109 	109 
004163 	197 	102 	109 	109 
004164 	197 	102 	109 	109 
004165 	197 	102 	109 	109 
004166 	197 	102 	109 	109 
004167 	194 	80 	130 	130 
004168 	197 	102 	109 	109 
004169 	197 	102 	109 	109 
004170 	197 	102 	109 	109 
004171 	197 	102 	109 	109 
004172 	197 	102 	109 	109 
004173 	197 	102 	109 	109 
004174 	197 	90 	109 	109 
004175 	197 	90 	109 	109 
004176 	197 	102 	109 	109 
004177 	197 	102 	109 	109 
004178 	197 	102 	109 	109 
004179 	197 	102 	109 	109 
004180 	197 	102 	109 	109 
004181 	197 	102 	109 	109 
004182 	197 	102 	109 	109 
004183 	197 	102 	109 	109 
004184 	197 	102 	109 	109 
004185 	197 	102 	109 	109 
004186 	197 	102 	109 	109 
004187 	197 	102 	109 	109 
004188 	197 	102 	109 	109 
004189 	197 	102 	109 	109 
004190 	197 	102 	109 	109 
004191 	197 	102 	109 	109 
004192 	197 	102 	109 	109 
004193 	197 	102 	109 	109 
004194 	197 	102 	109 	109 
004195 	197 	102 	109 	109 
004196 	197 	102 	109 	109 
004197 	197 	102 	109 	109 
004198 	197 	102 	109 	109 
004199 	197 	102 	109 	109 
004200 	197 	102 	109 	109 
004201 	197 	102 	109 	109 
004202 	197 	102 	109 	109 
004203 	197 	102 	109 	109 
004204 	194 	94 	130 	130 
004205 	209 	102 	109 	109 
004206 	209 	102 	109 	109 
004207 	209 	102 	109 	109 
004208 	209 	102 	109 	109 
004209 	209 	102 	109 	109 
004210 	209 	102 	109 	109 
004211 	209 	102 	109 	109 
004212 	209 	102 	109 	109 
004213 	209 	102 	109 	109 
004214 	209 	102 	109 	109 
004215 	209 	102 	109 	109 
004216 	209 	102 	109 	109 
004217 	209 	102 	109 	109 
004218 	209 	102 	109 	109 
004219 	209 	102 	109 	109 
004220 	209 	102 	109 	109 
004221 	209 	102 	109 	109 
004222 	209 	102 	109 	109 
004223 	209 	102 	109 	109 
004224 	209 	102 	109 	109 
004225 	209 	102 	109 	109 
004226 	209 	102 	109 	109 
004227 	209 	102 	109 	109 
004228 	209 	102 	109 	109 
004229 	209 	102 	109 	109 
004230 	209 	102 	109 	109 
004231 	209 	102 	109 	109 
004232 	209 	102 	109 	109 
004233 	209 	102 	109 	109 
004234 	209 	102 	109 	109 
004235 	221 	102 	109 	109 
004236 	221 	102 	109 	109 
004237 	221 	102 	109 	109 
004238 	221 	102 	109 	109 
004239 	221 	102 	109 	109 
004240 	221 	102 	109 	109 
004241 	209 	102 	109 	109 
004242 	209 	102 	109 	109 
004243 	209 	102 	109 	109 
004244 	209 	102 	109 	109 
004245 	209 	102 	109 	109 
004246 	209 	102 	109 	109 
004247 	209 	102 	109 	109 
004248 	209 	102 	109 	109 
004249 	209 	102 	109 	109 
004250 	209 	102 	109 	109 
004251 	209 	102 	109 	109 
004252 	209 	102 	109 	109 
004253 	209 	102 	109 	109 
004254 	209 	102 	109 	109 
004255 	209 	102 	109 	109 
004256 	209 	102 	109 	109 
004257 	209 	102 	109 	109 
004258 	209 	102 	109 	109 
004259 	209 	102 	109 	109 
004260 	221 	102 	109 	109 
004261 	221 	102 	109 	109 
004262 	221 	102 	109 	109 
004263 	221 	102 	109 	109 
004264 	233 	102 	109 	109 
004265 	233 	102 	109 	109 
004266 	233 	102 	109 	109 
004267 	233 	102 	109 	109 
004268 	233 	102 	109 	109 
004269 	233 	102 	109 	109 
004270 	233 	102 	109 	109 
004271 	233 	102 	109 	109 
004272 	233 	102 	109 	109 
004273 	233 	102 	109 	109 
004274 	233 	102 	109 	109 
004275 	233 	102 	109 	109 
004276 	233 	102 	109 	109 
004277 	221 	102 	109 	109 
004278 	221 	102 	109 	109 
004279 	221 	102 	109 	109 
004280 	221 	102 	109 	109 
004281 	221 	90 	109 	109 
004282 	221 	90 	109 	109 
004283 	221 	90 	109 	109 
004284 	221 	90 	109 	109 
004285 	221 	90 	109 	109 
004286 	208 	66 	130 	130 
004287 	208 	66 	130 	130 
004288 	208 	66 	130 	130 
004289 	208 	66 	130 	130 
004290 	208 	66 	130 	130 
004291 	194 	66 	130 	130 
004292 	194 	66 	130 	130 
004293 	194 	66 	130 	130 
004294 	209 	90 	109 	109 
004295 	194 	66 	130 	130 
004296 	194 	80 	130 	130 
004297 	194 	80 	130 	130 
004298 	194 	80 	130 	130 
004299 	194 	66 	130 	130 
