Identity  : 	id10839
Reference : 	zcJvWWSdvqk
Offset    : 	0
FV Conf   : 	16.995
ASD Conf  : 	6.801

FRAME 	X 	Y 	W 	H 
001946 	150 	102 	108 	109 
001947 	150 	102 	108 	109 
001948 	150 	90 	108 	109 
001949 	150 	90 	108 	109 
001950 	150 	90 	108 	109 
001951 	150 	90 	108 	109 
001952 	161 	90 	109 	109 
001953 	161 	90 	109 	109 
001954 	161 	90 	109 	109 
001955 	161 	90 	109 	109 
001956 	173 	90 	109 	109 
001957 	173 	102 	109 	109 
001958 	185 	102 	109 	109 
001959 	185 	102 	109 	109 
001960 	185 	102 	109 	109 
001961 	197 	102 	109 	109 
001962 	197 	102 	109 	109 
001963 	197 	102 	109 	109 
001964 	197 	90 	109 	109 
001965 	197 	90 	109 	109 
001966 	197 	90 	109 	109 
001967 	197 	90 	109 	109 
001968 	197 	102 	109 	109 
001969 	197 	102 	109 	109 
001970 	197 	102 	109 	109 
001971 	209 	102 	109 	109 
001972 	209 	102 	109 	109 
001973 	209 	102 	109 	109 
001974 	209 	102 	109 	109 
001975 	209 	102 	109 	109 
001976 	197 	102 	109 	109 
001977 	197 	102 	109 	109 
001978 	197 	102 	109 	109 
001979 	197 	102 	109 	109 
001980 	197 	102 	109 	109 
001981 	197 	102 	109 	109 
001982 	185 	102 	109 	109 
001983 	185 	102 	109 	109 
001984 	185 	102 	109 	109 
001985 	185 	102 	109 	109 
001986 	185 	102 	109 	109 
001987 	185 	102 	109 	109 
001988 	185 	102 	109 	109 
001989 	185 	102 	109 	109 
001990 	185 	102 	109 	109 
001991 	185 	102 	109 	109 
001992 	185 	102 	109 	109 
001993 	185 	102 	109 	109 
001994 	185 	102 	109 	109 
001995 	185 	102 	109 	109 
001996 	185 	102 	109 	109 
001997 	185 	102 	109 	109 
001998 	185 	114 	109 	109 
001999 	185 	114 	109 	109 
002000 	185 	114 	109 	109 
002001 	185 	114 	109 	109 
002002 	204 	115 	91 	91 
002003 	204 	115 	91 	91 
002004 	204 	115 	91 	91 
002005 	204 	115 	91 	91 
002006 	204 	115 	91 	91 
002007 	204 	115 	91 	91 
002008 	204 	115 	91 	91 
002009 	204 	115 	91 	91 
002010 	185 	114 	109 	109 
002011 	180 	109 	130 	130 
002012 	197 	102 	109 	109 
002013 	197 	102 	109 	109 
002014 	197 	102 	109 	109 
002015 	197 	102 	109 	109 
002016 	197 	102 	109 	109 
002017 	197 	102 	109 	109 
002018 	197 	102 	109 	109 
002019 	197 	102 	109 	109 
002020 	197 	102 	109 	109 
002021 	197 	102 	109 	109 
002022 	197 	102 	109 	109 
002023 	197 	102 	109 	109 
002024 	185 	102 	109 	109 
002025 	185 	102 	109 	109 
002026 	185 	102 	109 	109 
002027 	185 	102 	109 	109 
002028 	185 	102 	109 	109 
002029 	185 	102 	109 	109 
002030 	185 	102 	109 	109 
002031 	185 	102 	109 	109 
002032 	185 	102 	109 	109 
002033 	185 	102 	109 	109 
002034 	185 	102 	109 	109 
002035 	185 	102 	109 	109 
002036 	173 	102 	109 	109 
002037 	173 	102 	109 	109 
002038 	173 	102 	109 	109 
002039 	173 	102 	109 	109 
002040 	161 	102 	109 	109 
002041 	161 	102 	109 	109 
002042 	161 	102 	109 	109 
002043 	164 	115 	91 	91 
002044 	150 	102 	108 	109 
002045 	150 	102 	108 	109 
002046 	150 	102 	108 	109 
002047 	150 	102 	108 	109 
002048 	138 	102 	108 	109 
002049 	138 	102 	108 	109 
002050 	138 	102 	108 	109 
002051 	138 	102 	108 	109 
002052 	150 	102 	108 	109 
002053 	150 	102 	108 	109 
002054 	150 	102 	108 	109 
002055 	150 	102 	108 	109 
002056 	150 	102 	108 	109 
002057 	150 	102 	108 	109 
002058 	150 	102 	108 	109 
002059 	150 	102 	108 	109 
002060 	150 	102 	108 	109 
002061 	150 	102 	108 	109 
002062 	150 	102 	108 	109 
002063 	150 	102 	108 	109 
002064 	161 	102 	109 	109 
002065 	161 	102 	109 	109 
002066 	161 	102 	109 	109 
002067 	161 	102 	109 	109 
002068 	161 	102 	109 	109 
002069 	161 	102 	109 	109 
002070 	161 	102 	109 	109 
002071 	161 	102 	109 	109 
002072 	161 	102 	109 	109 
002073 	161 	102 	109 	109 
002074 	161 	102 	109 	109 
002075 	173 	102 	109 	109 
002076 	173 	102 	109 	109 
002077 	173 	102 	109 	109 
002078 	173 	102 	109 	109 
002079 	161 	102 	109 	109 
002080 	161 	102 	109 	109 
002081 	161 	102 	109 	109 
002082 	161 	102 	109 	109 
002083 	161 	102 	109 	109 
002084 	161 	102 	109 	109 
002085 	161 	102 	109 	109 
002086 	161 	102 	109 	109 
002087 	173 	102 	109 	109 
002088 	173 	102 	109 	109 
002089 	173 	102 	109 	109 
002090 	173 	102 	109 	109 
002091 	173 	102 	109 	109 
002092 	173 	102 	109 	109 
002093 	173 	102 	109 	109 
002094 	173 	102 	109 	109 
002095 	173 	102 	109 	109 
002096 	185 	102 	109 	109 
002097 	185 	102 	109 	109 
002098 	185 	102 	109 	109 
002099 	185 	102 	109 	109 
002100 	185 	102 	109 	109 
