Identity  : 	id10663
Reference : 	OLIIuB3hcQw
Offset    : 	0
FV Conf   : 	14.775
ASD Conf  : 	6.323

FRAME 	X 	Y 	W 	H 
001954 	134 	75 	91 	91 
001955 	134 	75 	91 	91 
001956 	134 	75 	91 	91 
001957 	134 	75 	91 	91 
001958 	134 	75 	91 	91 
001959 	134 	65 	91 	91 
001960 	134 	65 	91 	91 
001961 	144 	65 	91 	91 
001962 	144 	65 	91 	91 
001963 	144 	65 	91 	91 
001964 	144 	65 	91 	91 
001965 	144 	65 	91 	91 
001966 	144 	65 	91 	91 
001967 	144 	65 	91 	91 
001968 	154 	65 	91 	91 
001969 	154 	65 	91 	91 
001970 	154 	65 	91 	91 
001971 	154 	65 	91 	91 
001972 	154 	65 	91 	91 
001973 	154 	65 	91 	91 
001974 	154 	65 	91 	91 
001975 	154 	65 	91 	91 
001976 	154 	65 	91 	91 
001977 	154 	65 	91 	91 
001978 	154 	65 	91 	91 
001979 	154 	65 	91 	91 
001980 	154 	65 	91 	91 
001981 	154 	65 	91 	91 
001982 	154 	65 	91 	91 
001983 	154 	65 	91 	91 
001984 	154 	65 	91 	91 
001985 	154 	65 	91 	91 
001986 	154 	65 	91 	91 
001987 	154 	65 	91 	91 
001988 	154 	65 	91 	91 
001989 	154 	65 	91 	91 
001990 	154 	65 	91 	91 
001991 	154 	65 	91 	91 
001992 	154 	65 	91 	91 
001993 	154 	65 	91 	91 
001994 	154 	65 	91 	91 
001995 	154 	65 	91 	91 
001996 	154 	65 	91 	91 
001997 	154 	65 	91 	91 
001998 	154 	65 	91 	91 
001999 	154 	65 	91 	91 
002000 	154 	65 	91 	91 
002001 	154 	65 	91 	91 
002002 	154 	65 	91 	91 
002003 	153 	71 	76 	75 
002004 	144 	65 	91 	91 
002005 	154 	65 	91 	91 
002006 	154 	65 	91 	91 
002007 	154 	65 	91 	91 
002008 	154 	65 	91 	91 
002009 	154 	65 	91 	91 
002010 	154 	65 	91 	91 
002011 	154 	65 	91 	91 
002012 	144 	65 	91 	91 
002013 	144 	65 	91 	91 
002014 	144 	65 	91 	91 
002015 	144 	65 	91 	91 
002016 	144 	65 	91 	91 
002017 	144 	65 	91 	91 
002018 	144 	65 	91 	91 
002019 	144 	65 	91 	91 
002020 	144 	65 	91 	91 
002021 	144 	65 	91 	91 
002022 	144 	65 	91 	91 
002023 	144 	65 	91 	91 
002024 	144 	65 	91 	91 
002025 	154 	65 	91 	91 
002026 	154 	65 	91 	91 
002027 	154 	65 	91 	91 
002028 	154 	65 	91 	91 
002029 	154 	65 	91 	91 
002030 	154 	65 	91 	91 
002031 	154 	65 	91 	91 
002032 	154 	65 	91 	91 
002033 	154 	65 	91 	91 
002034 	154 	65 	91 	91 
002035 	154 	65 	91 	91 
002036 	154 	65 	91 	91 
002037 	154 	65 	91 	91 
002038 	154 	65 	91 	91 
002039 	154 	65 	91 	91 
002040 	154 	65 	91 	91 
002041 	154 	65 	91 	91 
002042 	154 	65 	91 	91 
002043 	154 	65 	91 	91 
002044 	154 	65 	91 	91 
002045 	154 	65 	91 	91 
002046 	154 	65 	91 	91 
002047 	154 	65 	91 	91 
002048 	154 	65 	91 	91 
002049 	154 	75 	91 	91 
002050 	154 	75 	91 	91 
002051 	154 	75 	91 	91 
002052 	154 	75 	91 	91 
002053 	154 	65 	91 	91 
002054 	154 	65 	91 	91 
002055 	154 	65 	91 	91 
002056 	154 	65 	91 	91 
002057 	154 	75 	91 	91 
002058 	154 	75 	91 	91 
002059 	154 	75 	91 	91 
002060 	154 	75 	91 	91 
002061 	154 	75 	91 	91 
002062 	154 	75 	91 	91 
002063 	154 	75 	91 	91 
002064 	154 	75 	91 	91 
002065 	154 	75 	91 	91 
002066 	154 	75 	91 	91 
002067 	154 	75 	91 	91 
002068 	154 	75 	91 	91 
002069 	162 	79 	75 	76 
002070 	162 	79 	75 	76 
002071 	162 	79 	75 	76 
002072 	154 	75 	91 	91 
002073 	154 	75 	91 	91 
002074 	154 	75 	91 	91 
002075 	154 	75 	91 	91 
002076 	154 	65 	91 	91 
002077 	154 	65 	91 	91 
002078 	154 	65 	91 	91 
002079 	162 	79 	75 	76 
002080 	162 	79 	75 	76 
002081 	154 	75 	91 	91 
002082 	154 	75 	91 	91 
002083 	154 	75 	91 	91 
002084 	154 	65 	91 	91 
002085 	154 	65 	91 	91 
002086 	154 	65 	91 	91 
002087 	154 	75 	91 	91 
002088 	154 	75 	91 	91 
002089 	154 	75 	91 	91 
002090 	154 	75 	91 	91 
002091 	154 	75 	91 	91 
002092 	154 	65 	91 	91 
002093 	154 	65 	91 	91 
002094 	154 	65 	91 	91 
002095 	154 	65 	91 	91 
002096 	154 	65 	91 	91 
002097 	154 	65 	91 	91 
002098 	154 	65 	91 	91 
002099 	154 	65 	91 	91 
002100 	154 	65 	91 	91 
002101 	154 	65 	91 	91 
002102 	154 	65 	91 	91 
002103 	154 	65 	91 	91 
002104 	154 	65 	91 	91 
002105 	154 	65 	91 	91 
002106 	154 	65 	91 	91 
002107 	154 	65 	91 	91 
002108 	154 	65 	91 	91 
002109 	154 	65 	91 	91 
002110 	154 	65 	91 	91 
002111 	154 	65 	91 	91 
002112 	154 	65 	91 	91 
002113 	154 	65 	91 	91 
002114 	154 	65 	91 	91 
002115 	154 	65 	91 	91 
002116 	154 	65 	91 	91 
002117 	154 	65 	91 	91 
002118 	154 	65 	91 	91 
002119 	154 	65 	91 	91 
002120 	154 	65 	91 	91 
002121 	154 	65 	91 	91 
002122 	154 	65 	91 	91 
002123 	154 	65 	91 	91 
002124 	154 	65 	91 	91 
002125 	154 	65 	91 	91 
002126 	154 	65 	91 	91 
002127 	154 	65 	91 	91 
002128 	154 	65 	91 	91 
002129 	154 	65 	91 	91 
002130 	154 	65 	91 	91 
002131 	154 	65 	91 	91 
002132 	154 	65 	91 	91 
002133 	164 	65 	91 	91 
002134 	164 	65 	91 	91 
002135 	154 	65 	91 	91 
002136 	154 	65 	91 	91 
002137 	154 	65 	91 	91 
002138 	154 	75 	91 	91 
002139 	154 	75 	91 	91 
002140 	154 	75 	91 	91 
002141 	154 	75 	91 	91 
002142 	154 	75 	91 	91 
002143 	154 	75 	91 	91 
002144 	154 	75 	91 	91 
002145 	154 	75 	91 	91 
002146 	154 	75 	91 	91 
