Identity  : 	id11250
Reference : 	4AXVcdYxaUI
Offset    : 	-1
FV Conf   : 	13.766
ASD Conf  : 	9.153

FRAME 	X 	Y 	W 	H 
002537 	224 	65 	91 	91 
002538 	224 	65 	91 	91 
002539 	224 	65 	91 	91 
002540 	234 	65 	90 	91 
002541 	234 	65 	90 	91 
002542 	234 	65 	90 	91 
002543 	234 	55 	90 	91 
002544 	234 	55 	90 	91 
002545 	224 	65 	91 	91 
002546 	224 	65 	91 	91 
002547 	214 	65 	91 	91 
002548 	214 	65 	91 	91 
002549 	214 	65 	91 	91 
002550 	214 	75 	91 	91 
002551 	214 	75 	91 	91 
002552 	214 	75 	91 	91 
002553 	214 	75 	91 	91 
002554 	214 	75 	91 	91 
002555 	209 	66 	109 	109 
002556 	224 	75 	91 	91 
002557 	224 	75 	91 	91 
002558 	224 	75 	91 	91 
002559 	224 	75 	91 	91 
002560 	224 	75 	91 	91 
002561 	234 	75 	90 	91 
002562 	234 	75 	90 	91 
002563 	234 	75 	90 	91 
002564 	234 	75 	90 	91 
002565 	234 	75 	90 	91 
002566 	234 	75 	90 	91 
002567 	234 	75 	90 	91 
002568 	234 	75 	90 	91 
002569 	234 	75 	90 	91 
002570 	234 	75 	90 	91 
002571 	234 	75 	90 	91 
002572 	234 	75 	90 	91 
002573 	234 	75 	90 	91 
002574 	234 	75 	90 	91 
002575 	234 	75 	90 	91 
002576 	234 	65 	90 	91 
002577 	224 	65 	91 	91 
002578 	224 	65 	91 	91 
002579 	224 	65 	91 	91 
002580 	224 	65 	91 	91 
002581 	224 	65 	91 	91 
002582 	224 	65 	91 	91 
002583 	224 	55 	91 	91 
002584 	224 	55 	91 	91 
002585 	224 	55 	91 	91 
002586 	221 	54 	109 	109 
002587 	221 	54 	109 	109 
002588 	221 	54 	109 	109 
002589 	221 	54 	109 	109 
002590 	234 	65 	90 	91 
002591 	234 	65 	90 	91 
002592 	234 	65 	90 	91 
002593 	234 	65 	90 	91 
002594 	234 	65 	90 	91 
002595 	234 	65 	90 	91 
002596 	234 	65 	90 	91 
002597 	234 	65 	90 	91 
002598 	234 	65 	90 	91 
002599 	234 	65 	90 	91 
002600 	234 	65 	90 	91 
002601 	234 	65 	90 	91 
002602 	234 	65 	90 	91 
002603 	234 	65 	90 	91 
002604 	234 	65 	90 	91 
002605 	234 	65 	90 	91 
002606 	234 	65 	90 	91 
002607 	234 	65 	90 	91 
002608 	234 	65 	90 	91 
002609 	234 	65 	90 	91 
002610 	234 	65 	90 	91 
002611 	234 	65 	90 	91 
002612 	234 	65 	90 	91 
002613 	234 	65 	90 	91 
002614 	234 	65 	90 	91 
002615 	234 	65 	90 	91 
002616 	234 	65 	90 	91 
002617 	234 	65 	90 	91 
002618 	234 	65 	90 	91 
002619 	234 	65 	90 	91 
002620 	221 	54 	109 	109 
002621 	221 	54 	109 	109 
002622 	221 	54 	109 	109 
002623 	221 	54 	109 	109 
002624 	221 	54 	109 	109 
002625 	234 	55 	90 	91 
002626 	234 	55 	90 	91 
002627 	234 	55 	90 	91 
002628 	234 	55 	90 	91 
002629 	234 	55 	90 	91 
002630 	234 	55 	90 	91 
002631 	234 	55 	90 	91 
002632 	234 	55 	90 	91 
002633 	234 	55 	90 	91 
002634 	234 	55 	90 	91 
002635 	234 	55 	90 	91 
002636 	234 	55 	90 	91 
002637 	234 	55 	90 	91 
002638 	234 	55 	90 	91 
002639 	234 	55 	90 	91 
002640 	234 	55 	90 	91 
002641 	234 	55 	90 	91 
002642 	234 	55 	90 	91 
002643 	234 	55 	90 	91 
002644 	234 	55 	90 	91 
002645 	234 	45 	90 	91 
002646 	234 	45 	90 	91 
002647 	234 	45 	90 	91 
002648 	234 	45 	90 	91 
002649 	234 	45 	90 	91 
002650 	234 	45 	90 	91 
002651 	234 	45 	90 	91 
002652 	234 	45 	90 	91 
002653 	234 	45 	90 	91 
002654 	234 	55 	90 	91 
002655 	234 	55 	90 	91 
002656 	234 	45 	90 	91 
002657 	234 	55 	90 	91 
002658 	234 	55 	90 	91 
002659 	234 	55 	90 	91 
002660 	234 	55 	90 	91 
002661 	234 	55 	90 	91 
002662 	234 	55 	90 	91 
002663 	234 	55 	90 	91 
002664 	234 	55 	90 	91 
002665 	234 	55 	90 	91 
002666 	234 	55 	90 	91 
002667 	234 	55 	90 	91 
002668 	234 	55 	90 	91 
002669 	234 	55 	90 	91 
002670 	234 	55 	90 	91 
002671 	234 	55 	90 	91 
002672 	234 	55 	90 	91 
002673 	234 	55 	90 	91 
002674 	234 	55 	90 	91 
002675 	234 	55 	90 	91 
002676 	234 	55 	90 	91 
002677 	234 	55 	90 	91 
002678 	234 	55 	90 	91 
002679 	234 	55 	90 	91 
002680 	234 	55 	90 	91 
002681 	234 	55 	90 	91 
002682 	234 	55 	90 	91 
002683 	234 	55 	90 	91 
002684 	234 	55 	90 	91 
002685 	234 	55 	90 	91 
002686 	224 	55 	91 	91 
002687 	224 	55 	91 	91 
002688 	224 	55 	91 	91 
002689 	224 	55 	91 	91 
002690 	224 	65 	91 	91 
002691 	224 	65 	91 	91 
002692 	224 	65 	91 	91 
002693 	224 	65 	91 	91 
002694 	224 	65 	91 	91 
002695 	224 	65 	91 	91 
002696 	224 	65 	91 	91 
002697 	224 	65 	91 	91 
002698 	224 	65 	91 	91 
002699 	224 	65 	91 	91 
002700 	224 	65 	91 	91 
002701 	224 	65 	91 	91 
002702 	224 	65 	91 	91 
002703 	234 	55 	90 	91 
002704 	234 	55 	90 	91 
002705 	234 	55 	90 	91 
002706 	234 	55 	90 	91 
002707 	234 	55 	90 	91 
002708 	234 	65 	90 	91 
002709 	234 	65 	90 	91 
002710 	234 	65 	90 	91 
002711 	234 	65 	90 	91 
002712 	234 	65 	90 	91 
002713 	234 	65 	90 	91 
002714 	234 	65 	90 	91 
002715 	234 	65 	90 	91 
002716 	234 	65 	90 	91 
002717 	234 	65 	90 	91 
002718 	234 	65 	90 	91 
002719 	234 	65 	90 	91 
002720 	234 	75 	90 	91 
002721 	234 	65 	90 	91 
002722 	234 	65 	90 	91 
002723 	234 	65 	90 	91 
002724 	234 	65 	90 	91 
002725 	234 	65 	90 	91 
002726 	234 	65 	90 	91 
002727 	234 	65 	90 	91 
002728 	234 	65 	90 	91 
002729 	234 	65 	90 	91 
002730 	234 	65 	90 	91 
002731 	234 	65 	90 	91 
002732 	234 	65 	90 	91 
002733 	234 	65 	90 	91 
002734 	234 	65 	90 	91 
002735 	234 	65 	90 	91 
002736 	234 	65 	90 	91 
002737 	234 	65 	90 	91 
002738 	234 	65 	90 	91 
002739 	234 	65 	90 	91 
002740 	234 	65 	90 	91 
002741 	234 	65 	90 	91 
002742 	234 	65 	90 	91 
002743 	234 	65 	90 	91 
002744 	234 	65 	90 	91 
002745 	234 	65 	90 	91 
002746 	234 	65 	90 	91 
002747 	234 	65 	90 	91 
002748 	234 	65 	90 	91 
002749 	234 	65 	90 	91 
002750 	234 	65 	90 	91 
002751 	234 	65 	90 	91 
002752 	234 	65 	90 	91 
002753 	233 	66 	109 	109 
002754 	233 	66 	109 	109 
002755 	244 	75 	90 	91 
002756 	244 	75 	90 	91 
002757 	233 	66 	109 	109 
002758 	244 	75 	90 	91 
002759 	244 	65 	90 	91 
002760 	244 	65 	90 	91 
002761 	244 	65 	90 	91 
002762 	244 	65 	90 	91 
002763 	244 	65 	90 	91 
002764 	244 	65 	90 	91 
002765 	244 	65 	90 	91 
002766 	244 	65 	90 	91 
002767 	244 	65 	90 	91 
002768 	244 	65 	90 	91 
002769 	244 	65 	90 	91 
002770 	244 	65 	90 	91 
002771 	244 	65 	90 	91 
002772 	244 	65 	90 	91 
002773 	244 	65 	90 	91 
002774 	244 	65 	90 	91 
002775 	244 	65 	90 	91 
002776 	244 	65 	90 	91 
002777 	244 	55 	90 	91 
002778 	244 	55 	90 	91 
002779 	244 	55 	90 	91 
002780 	234 	55 	90 	91 
002781 	234 	65 	90 	91 
002782 	234 	65 	90 	91 
002783 	234 	65 	90 	91 
002784 	234 	65 	90 	91 
002785 	234 	65 	90 	91 
002786 	234 	65 	90 	91 
002787 	234 	65 	90 	91 
002788 	234 	65 	90 	91 
002789 	234 	65 	90 	91 
002790 	234 	65 	90 	91 
002791 	234 	65 	90 	91 
002792 	234 	65 	90 	91 
002793 	234 	65 	90 	91 
002794 	234 	65 	90 	91 
002795 	234 	65 	90 	91 
002796 	234 	65 	90 	91 
002797 	234 	75 	90 	91 
002798 	234 	75 	90 	91 
002799 	234 	75 	90 	91 
002800 	234 	75 	90 	91 
002801 	234 	85 	90 	91 
002802 	234 	85 	90 	91 
002803 	234 	85 	90 	91 
002804 	234 	85 	90 	91 
002805 	234 	75 	90 	91 
002806 	234 	75 	90 	91 
002807 	234 	75 	90 	91 
002808 	234 	75 	90 	91 
002809 	234 	75 	90 	91 
002810 	234 	85 	90 	91 
002811 	234 	85 	90 	91 
002812 	234 	75 	90 	91 
002813 	234 	75 	90 	91 
002814 	234 	75 	90 	91 
002815 	234 	75 	90 	91 
002816 	234 	75 	90 	91 
002817 	234 	75 	90 	91 
002818 	234 	75 	90 	91 
002819 	234 	75 	90 	91 
002820 	234 	75 	90 	91 
002821 	234 	75 	90 	91 
002822 	224 	75 	91 	91 
002823 	224 	75 	91 	91 
002824 	224 	75 	91 	91 
002825 	224 	75 	91 	91 
002826 	234 	65 	90 	91 
002827 	234 	65 	90 	91 
002828 	234 	65 	90 	91 
002829 	234 	65 	90 	91 
002830 	234 	65 	90 	91 
002831 	234 	75 	90 	91 
002832 	234 	75 	90 	91 
002833 	234 	75 	90 	91 
002834 	234 	75 	90 	91 
002835 	234 	75 	90 	91 
002836 	234 	75 	90 	91 
002837 	234 	75 	90 	91 
002838 	234 	75 	90 	91 
002839 	234 	75 	90 	91 
002840 	234 	75 	90 	91 
002841 	234 	75 	90 	91 
002842 	234 	75 	90 	91 
002843 	234 	75 	90 	91 
002844 	234 	75 	90 	91 
002845 	234 	75 	90 	91 
002846 	234 	75 	90 	91 
002847 	234 	75 	90 	91 
002848 	234 	75 	90 	91 
002849 	234 	75 	90 	91 
002850 	234 	75 	90 	91 
002851 	234 	75 	90 	91 
002852 	234 	75 	90 	91 
002853 	234 	75 	90 	91 
002854 	234 	75 	90 	91 
002855 	234 	75 	90 	91 
002856 	234 	75 	90 	91 
002857 	234 	75 	90 	91 
002858 	234 	75 	90 	91 
002859 	234 	75 	90 	91 
002860 	234 	75 	90 	91 
002861 	234 	75 	90 	91 
002862 	234 	75 	90 	91 
002863 	234 	75 	90 	91 
002864 	234 	75 	90 	91 
002865 	234 	75 	90 	91 
002866 	234 	75 	90 	91 
002867 	234 	75 	90 	91 
002868 	234 	75 	90 	91 
002869 	234 	75 	90 	91 
002870 	234 	75 	90 	91 
002871 	234 	75 	90 	91 
002872 	234 	75 	90 	91 
002873 	234 	75 	90 	91 
002874 	234 	75 	90 	91 
002875 	234 	75 	90 	91 
002876 	234 	75 	90 	91 
002877 	234 	75 	90 	91 
002878 	234 	75 	90 	91 
002879 	234 	75 	90 	91 
002880 	234 	75 	90 	91 
002881 	224 	75 	91 	91 
002882 	224 	75 	91 	91 
002883 	224 	65 	91 	91 
002884 	224 	65 	91 	91 
002885 	224 	65 	91 	91 
002886 	224 	65 	91 	91 
002887 	221 	66 	109 	109 
002888 	234 	75 	90 	91 
002889 	234 	75 	90 	91 
002890 	234 	75 	90 	91 
002891 	234 	75 	90 	91 
002892 	234 	85 	90 	91 
002893 	234 	85 	90 	91 
002894 	234 	85 	90 	91 
002895 	234 	85 	90 	91 
002896 	234 	85 	90 	91 
002897 	234 	85 	90 	91 
002898 	234 	85 	90 	91 
002899 	234 	85 	90 	91 
002900 	234 	85 	90 	91 
002901 	234 	85 	90 	91 
