Identity  : 	id10846
Reference : 	s9SNfXvBVNE
Offset    : 	-2
FV Conf   : 	15.112
ASD Conf  : 	6.936

FRAME 	X 	Y 	W 	H 
006458 	331 	95 	53 	53 
006459 	325 	89 	53 	53 
006460 	325 	95 	53 	53 
006461 	325 	89 	53 	53 
006462 	325 	89 	53 	53 
006463 	325 	89 	53 	53 
006464 	325 	89 	53 	53 
006465 	325 	89 	53 	53 
006466 	325 	89 	53 	53 
006467 	325 	89 	53 	53 
006468 	325 	83 	53 	53 
006469 	325 	83 	53 	53 
006470 	325 	83 	53 	53 
006471 	325 	83 	53 	53 
006472 	319 	89 	53 	53 
006473 	319 	89 	53 	53 
006474 	319 	89 	53 	53 
006475 	319 	89 	53 	53 
006476 	319 	95 	53 	53 
006477 	319 	95 	53 	53 
006478 	319 	95 	53 	53 
006479 	319 	95 	53 	53 
006480 	319 	95 	53 	53 
006481 	319 	95 	53 	53 
006482 	319 	95 	53 	53 
006483 	319 	95 	53 	53 
006484 	319 	95 	53 	53 
006485 	319 	95 	53 	53 
006486 	313 	95 	53 	53 
006487 	313 	95 	53 	53 
006488 	319 	95 	53 	53 
006489 	319 	89 	53 	53 
006490 	319 	89 	53 	53 
006491 	319 	89 	53 	53 
006492 	319 	89 	53 	53 
006493 	313 	89 	53 	53 
006494 	313 	89 	53 	53 
006495 	313 	89 	53 	53 
006496 	313 	89 	53 	53 
006497 	313 	89 	53 	53 
006498 	313 	89 	53 	53 
006499 	313 	83 	53 	53 
006500 	319 	83 	53 	53 
006501 	319 	83 	53 	53 
006502 	319 	83 	53 	53 
006503 	319 	83 	53 	53 
006504 	319 	83 	53 	53 
006505 	325 	83 	53 	53 
006506 	325 	83 	53 	53 
006507 	325 	83 	53 	53 
006508 	325 	83 	53 	53 
006509 	325 	83 	53 	53 
006510 	325 	83 	53 	53 
006511 	325 	83 	53 	53 
006512 	325 	89 	53 	53 
006513 	325 	89 	53 	53 
006514 	325 	89 	53 	53 
006515 	325 	83 	53 	53 
006516 	325 	83 	53 	53 
006517 	325 	83 	53 	53 
006518 	325 	83 	53 	53 
006519 	325 	83 	53 	53 
006520 	325 	83 	53 	53 
006521 	331 	83 	53 	53 
006522 	331 	83 	53 	53 
006523 	331 	83 	53 	53 
006524 	331 	83 	53 	53 
006525 	331 	83 	53 	53 
006526 	331 	83 	53 	53 
006527 	331 	83 	53 	53 
006528 	331 	83 	53 	53 
006529 	331 	83 	53 	53 
006530 	331 	83 	53 	53 
006531 	331 	83 	53 	53 
006532 	331 	83 	53 	53 
006533 	331 	89 	53 	53 
006534 	331 	89 	53 	53 
006535 	331 	89 	53 	53 
006536 	331 	89 	53 	53 
006537 	331 	83 	53 	53 
006538 	331 	83 	53 	53 
006539 	331 	83 	53 	53 
006540 	331 	83 	53 	53 
006541 	331 	83 	53 	53 
006542 	331 	83 	53 	53 
006543 	331 	83 	53 	53 
006544 	331 	83 	53 	53 
006545 	325 	83 	53 	53 
006546 	325 	83 	53 	53 
006547 	325 	83 	53 	53 
006548 	325 	83 	53 	53 
006549 	325 	83 	53 	53 
006550 	325 	83 	53 	53 
006551 	325 	83 	53 	53 
006552 	325 	83 	53 	53 
006553 	321 	80 	63 	63 
006554 	331 	83 	53 	53 
006555 	331 	83 	53 	53 
006556 	331 	83 	53 	53 
006557 	331 	83 	53 	53 
006558 	331 	83 	53 	53 
006559 	331 	83 	53 	53 
006560 	331 	83 	53 	53 
006561 	331 	83 	53 	53 
006562 	331 	83 	53 	53 
006563 	331 	83 	53 	53 
006564 	331 	83 	53 	53 
006565 	331 	83 	53 	53 
006566 	331 	83 	53 	53 
006567 	331 	83 	53 	53 
006568 	331 	83 	53 	53 
006569 	331 	83 	53 	53 
006570 	331 	83 	53 	53 
006571 	331 	83 	53 	53 
006572 	331 	83 	53 	53 
006573 	331 	89 	53 	53 
006574 	331 	89 	53 	53 
006575 	331 	89 	53 	53 
006576 	331 	89 	53 	53 
006577 	331 	89 	53 	53 
006578 	331 	89 	53 	53 
006579 	331 	89 	53 	53 
006580 	331 	89 	53 	53 
006581 	331 	89 	53 	53 
006582 	331 	89 	53 	53 
006583 	331 	89 	53 	53 
006584 	331 	89 	53 	53 
006585 	331 	89 	53 	53 
006586 	331 	89 	53 	53 
006587 	331 	89 	53 	53 
006588 	331 	89 	53 	53 
006589 	331 	89 	53 	53 
006590 	331 	89 	53 	53 
006591 	331 	89 	53 	53 
006592 	331 	89 	53 	53 
006593 	331 	89 	53 	53 
006594 	331 	89 	53 	53 
006595 	331 	89 	53 	53 
006596 	331 	89 	53 	53 
006597 	331 	89 	53 	53 
006598 	331 	89 	53 	53 
006599 	331 	89 	53 	53 
006600 	331 	89 	53 	53 
006601 	331 	89 	53 	53 
006602 	331 	89 	53 	53 
006603 	331 	89 	53 	53 
006604 	331 	89 	53 	53 
006605 	331 	89 	53 	53 
006606 	331 	89 	53 	53 
006607 	331 	89 	53 	53 
006608 	331 	89 	53 	53 
006609 	331 	89 	53 	53 
006610 	331 	89 	53 	53 
006611 	331 	89 	53 	53 
006612 	331 	89 	53 	53 
006613 	331 	89 	53 	53 
