Identity  : 	id11078
Reference : 	PACo1W9A99g
Offset    : 	-2
FV Conf   : 	22.592
ASD Conf  : 	7.026

FRAME 	X 	Y 	W 	H 
004247 	244 	85 	90 	91 
004248 	244 	85 	90 	91 
004249 	244 	85 	90 	91 
004250 	253 	87 	75 	76 
004251 	254 	75 	90 	91 
004252 	254 	75 	90 	91 
004253 	254 	65 	90 	91 
004254 	254 	65 	90 	91 
004255 	261 	79 	76 	76 
004256 	261 	79 	76 	76 
004257 	254 	75 	90 	91 
004258 	261 	87 	76 	76 
004259 	261 	87 	76 	76 
004260 	261 	96 	76 	75 
004261 	269 	87 	76 	76 
004262 	269 	87 	76 	76 
004263 	269 	87 	76 	76 
004264 	269 	87 	76 	76 
004265 	269 	87 	76 	76 
004266 	269 	87 	76 	76 
004267 	269 	87 	76 	76 
004268 	269 	87 	76 	76 
004269 	269 	87 	76 	76 
004270 	269 	87 	76 	76 
004271 	269 	87 	76 	76 
004272 	269 	87 	76 	76 
004273 	269 	87 	76 	76 
004274 	269 	87 	76 	76 
004275 	269 	87 	76 	76 
004276 	269 	87 	76 	76 
004277 	269 	87 	76 	76 
004278 	269 	87 	76 	76 
004279 	269 	87 	76 	76 
004280 	264 	75 	90 	91 
004281 	278 	71 	75 	75 
004282 	278 	71 	75 	75 
004283 	278 	62 	75 	76 
004284 	278 	62 	75 	76 
004285 	269 	62 	76 	76 
004286 	253 	62 	75 	76 
004287 	253 	62 	75 	76 
004288 	244 	62 	76 	76 
004289 	244 	62 	76 	76 
004290 	244 	62 	76 	76 
004291 	244 	71 	76 	75 
004292 	244 	71 	76 	75 
004293 	244 	71 	76 	75 
004294 	234 	55 	90 	91 
004295 	234 	65 	90 	91 
004296 	244 	71 	76 	75 
004297 	244 	71 	76 	75 
004298 	244 	71 	76 	75 
004299 	244 	71 	76 	75 
004300 	244 	71 	76 	75 
004301 	244 	65 	90 	91 
004302 	244 	65 	90 	91 
004303 	244 	65 	90 	91 
004304 	253 	71 	75 	75 
004305 	253 	71 	75 	75 
004306 	244 	65 	90 	91 
004307 	244 	65 	90 	91 
004308 	253 	79 	75 	76 
004309 	253 	79 	75 	76 
004310 	253 	79 	75 	76 
004311 	253 	79 	75 	76 
004312 	253 	79 	75 	76 
004313 	253 	79 	75 	76 
004314 	253 	79 	75 	76 
004315 	253 	79 	75 	76 
004316 	253 	79 	75 	76 
004317 	253 	79 	75 	76 
004318 	253 	79 	75 	76 
004319 	253 	79 	75 	76 
004320 	253 	79 	75 	76 
004321 	253 	79 	75 	76 
004322 	253 	79 	75 	76 
004323 	244 	65 	90 	91 
004324 	253 	79 	75 	76 
004325 	244 	65 	90 	91 
004326 	244 	75 	90 	91 
004327 	244 	79 	76 	76 
004328 	244 	87 	76 	76 
004329 	244 	87 	76 	76 
004330 	244 	87 	76 	76 
004331 	244 	87 	76 	76 
004332 	234 	75 	90 	91 
004333 	234 	75 	90 	91 
004334 	234 	75 	90 	91 
004335 	234 	75 	90 	91 
004336 	236 	87 	76 	76 
004337 	234 	75 	90 	91 
004338 	236 	87 	76 	76 
004339 	236 	87 	76 	76 
004340 	236 	87 	76 	76 
004341 	234 	75 	90 	91 
004342 	234 	75 	90 	91 
004343 	234 	75 	90 	91 
004344 	234 	75 	90 	91 
004345 	234 	75 	90 	91 
004346 	234 	75 	90 	91 
004347 	234 	75 	90 	91 
004348 	234 	75 	90 	91 
004349 	234 	75 	90 	91 
004350 	234 	75 	90 	91 
004351 	234 	75 	90 	91 
004352 	234 	75 	90 	91 
004353 	234 	85 	90 	91 
004354 	234 	75 	90 	91 
004355 	244 	87 	76 	76 
004356 	244 	87 	76 	76 
004357 	234 	75 	90 	91 
004358 	234 	75 	90 	91 
004359 	244 	87 	76 	76 
004360 	244 	87 	76 	76 
004361 	244 	87 	76 	76 
004362 	244 	87 	76 	76 
004363 	244 	87 	76 	76 
004364 	244 	87 	76 	76 
004365 	244 	87 	76 	76 
004366 	244 	87 	76 	76 
004367 	244 	87 	76 	76 
004368 	244 	87 	76 	76 
004369 	244 	87 	76 	76 
004370 	253 	87 	75 	76 
004371 	253 	87 	75 	76 
004372 	253 	87 	75 	76 
004373 	253 	87 	75 	76 
004374 	253 	87 	75 	76 
004375 	253 	87 	75 	76 
004376 	253 	87 	75 	76 
004377 	253 	87 	75 	76 
004378 	253 	87 	75 	76 
004379 	253 	87 	75 	76 
004380 	253 	87 	75 	76 
004381 	253 	87 	75 	76 
004382 	253 	87 	75 	76 
004383 	253 	87 	75 	76 
004384 	253 	87 	75 	76 
004385 	253 	87 	75 	76 
004386 	253 	87 	75 	76 
004387 	253 	87 	75 	76 
004388 	253 	87 	75 	76 
004389 	244 	85 	90 	91 
004390 	244 	85 	90 	91 
004391 	244 	85 	90 	91 
004392 	253 	87 	75 	76 
004393 	253 	87 	75 	76 
004394 	253 	87 	75 	76 
004395 	253 	87 	75 	76 
004396 	253 	87 	75 	76 
004397 	253 	87 	75 	76 
004398 	253 	87 	75 	76 
004399 	253 	87 	75 	76 
004400 	253 	87 	75 	76 
004401 	253 	87 	75 	76 
004402 	253 	87 	75 	76 
004403 	253 	87 	75 	76 
004404 	253 	87 	75 	76 
004405 	253 	79 	75 	76 
004406 	244 	75 	90 	91 
004407 	244 	75 	90 	91 
004408 	244 	75 	90 	91 
004409 	244 	75 	90 	91 
004410 	244 	75 	90 	91 
004411 	244 	75 	90 	91 
004412 	253 	87 	75 	76 
004413 	253 	87 	75 	76 
004414 	254 	75 	90 	91 
004415 	261 	79 	76 	76 
004416 	261 	79 	76 	76 
004417 	269 	79 	76 	76 
004418 	269 	79 	76 	76 
004419 	264 	65 	90 	91 
004420 	264 	65 	90 	91 
004421 	269 	79 	76 	76 
004422 	269 	71 	76 	75 
004423 	269 	79 	76 	76 
004424 	269 	71 	76 	75 
004425 	269 	71 	76 	75 
004426 	269 	71 	76 	75 
004427 	269 	71 	76 	75 
004428 	261 	71 	76 	75 
004429 	261 	71 	76 	75 
004430 	261 	71 	76 	75 
004431 	261 	71 	76 	75 
004432 	261 	71 	76 	75 
004433 	261 	71 	76 	75 
004434 	261 	71 	76 	75 
004435 	261 	71 	76 	75 
004436 	261 	71 	76 	75 
004437 	261 	71 	76 	75 
004438 	261 	71 	76 	75 
004439 	261 	71 	76 	75 
004440 	261 	71 	76 	75 
004441 	261 	71 	76 	75 
004442 	261 	71 	76 	75 
004443 	261 	71 	76 	75 
004444 	261 	71 	76 	75 
004445 	261 	71 	76 	75 
004446 	261 	71 	76 	75 
004447 	261 	71 	76 	75 
004448 	261 	71 	76 	75 
004449 	261 	71 	76 	75 
004450 	261 	71 	76 	75 
004451 	261 	71 	76 	75 
004452 	261 	79 	76 	76 
004453 	261 	79 	76 	76 
004454 	261 	79 	76 	76 
004455 	261 	79 	76 	76 
004456 	253 	79 	75 	76 
004457 	253 	79 	75 	76 
004458 	253 	79 	75 	76 
004459 	253 	79 	75 	76 
004460 	244 	79 	76 	76 
004461 	244 	79 	76 	76 
004462 	244 	79 	76 	76 
004463 	244 	79 	76 	76 
004464 	244 	79 	76 	76 
004465 	244 	79 	76 	76 
004466 	244 	79 	76 	76 
004467 	244 	79 	76 	76 
004468 	244 	79 	76 	76 
004469 	244 	79 	76 	76 
004470 	244 	75 	90 	91 
004471 	244 	75 	90 	91 
004472 	244 	75 	90 	91 
004473 	253 	79 	75 	76 
004474 	253 	79 	75 	76 
004475 	253 	79 	75 	76 
004476 	253 	79 	75 	76 
004477 	253 	79 	75 	76 
004478 	244 	65 	90 	91 
004479 	253 	79 	75 	76 
004480 	253 	79 	75 	76 
004481 	244 	65 	90 	91 
004482 	254 	65 	90 	91 
004483 	254 	65 	90 	91 
004484 	254 	65 	90 	91 
004485 	254 	65 	90 	91 
004486 	254 	65 	90 	91 
004487 	254 	65 	90 	91 
004488 	254 	65 	90 	91 
004489 	254 	65 	90 	91 
004490 	261 	71 	76 	75 
004491 	254 	65 	90 	91 
004492 	254 	65 	90 	91 
004493 	254 	65 	90 	91 
004494 	254 	65 	90 	91 
004495 	254 	65 	90 	91 
004496 	254 	65 	90 	91 
004497 	254 	65 	90 	91 
004498 	254 	65 	90 	91 
004499 	254 	65 	90 	91 
004500 	261 	71 	76 	75 
004501 	254 	65 	90 	91 
004502 	254 	65 	90 	91 
004503 	261 	71 	76 	75 
004504 	261 	71 	76 	75 
004505 	254 	65 	90 	91 
004506 	261 	71 	76 	75 
004507 	261 	71 	76 	75 
004508 	261 	71 	76 	75 
004509 	254 	65 	90 	91 
004510 	261 	71 	76 	75 
004511 	261 	71 	76 	75 
004512 	261 	71 	76 	75 
004513 	261 	71 	76 	75 
004514 	254 	65 	90 	91 
004515 	254 	65 	90 	91 
004516 	261 	71 	76 	75 
004517 	261 	71 	76 	75 
004518 	253 	79 	75 	76 
004519 	253 	71 	75 	75 
004520 	253 	71 	75 	75 
004521 	253 	71 	75 	75 
004522 	244 	65 	90 	91 
004523 	244 	65 	90 	91 
004524 	244 	79 	76 	76 
004525 	244 	79 	76 	76 
004526 	244 	71 	76 	75 
004527 	244 	71 	76 	75 
004528 	244 	71 	76 	75 
004529 	244 	55 	90 	91 
004530 	244 	55 	90 	91 
004531 	244 	62 	76 	76 
004532 	244 	62 	76 	76 
004533 	244 	62 	76 	76 
004534 	244 	62 	76 	76 
004535 	244 	62 	76 	76 
004536 	244 	62 	76 	76 
004537 	244 	62 	76 	76 
004538 	244 	55 	90 	91 
004539 	253 	62 	75 	76 
004540 	253 	54 	75 	76 
004541 	253 	54 	75 	76 
004542 	261 	54 	76 	76 
004543 	261 	54 	76 	76 
004544 	261 	54 	76 	76 
004545 	261 	54 	76 	76 
004546 	261 	54 	76 	76 
