Identity  : 	id10595
Reference : 	EEQeKhm02xg
Offset    : 	-2
FV Conf   : 	21.381
ASD Conf  : 	6.104

FRAME 	X 	Y 	W 	H 
004120 	138 	66 	108 	109 
004121 	138 	66 	108 	109 
004122 	138 	66 	108 	109 
004123 	138 	66 	108 	109 
004124 	138 	66 	108 	109 
004125 	138 	66 	108 	109 
004126 	138 	66 	108 	109 
004127 	144 	85 	91 	91 
004128 	144 	85 	91 	91 
004129 	144 	85 	91 	91 
004130 	145 	87 	76 	76 
004131 	142 	82 	92 	92 
004132 	138 	78 	108 	109 
004133 	138 	66 	108 	109 
004134 	138 	66 	108 	109 
004135 	144 	85 	91 	91 
004136 	138 	66 	108 	109 
004137 	138 	66 	108 	109 
004138 	138 	66 	108 	109 
004139 	138 	66 	108 	109 
004140 	138 	66 	108 	109 
004141 	138 	66 	108 	109 
004142 	138 	66 	108 	109 
004143 	144 	75 	91 	91 
004144 	138 	66 	108 	109 
004145 	154 	65 	91 	91 
004146 	154 	65 	91 	91 
004147 	154 	65 	91 	91 
004148 	154 	65 	91 	91 
004149 	154 	65 	91 	91 
004150 	154 	65 	91 	91 
004151 	154 	65 	91 	91 
004152 	154 	65 	91 	91 
004153 	154 	65 	91 	91 
004154 	154 	65 	91 	91 
004155 	138 	54 	108 	109 
004156 	138 	54 	108 	109 
004157 	138 	54 	108 	109 
004158 	138 	54 	108 	109 
004159 	138 	54 	108 	109 
004160 	138 	54 	108 	109 
004161 	138 	54 	108 	109 
004162 	138 	54 	108 	109 
004163 	138 	66 	108 	109 
004164 	154 	75 	91 	91 
004165 	138 	54 	108 	109 
004166 	138 	54 	108 	109 
004167 	138 	54 	108 	109 
004168 	138 	54 	108 	109 
004169 	138 	54 	108 	109 
004170 	138 	54 	108 	109 
004171 	138 	66 	108 	109 
004172 	138 	66 	108 	109 
004173 	138 	66 	108 	109 
004174 	138 	66 	108 	109 
004175 	138 	66 	108 	109 
004176 	138 	66 	108 	109 
004177 	138 	66 	108 	109 
004178 	138 	54 	108 	109 
004179 	138 	66 	108 	109 
004180 	126 	66 	108 	109 
004181 	126 	66 	108 	109 
004182 	126 	66 	108 	109 
004183 	126 	66 	108 	109 
004184 	126 	66 	108 	109 
004185 	138 	54 	108 	109 
004186 	138 	54 	108 	109 
004187 	138 	54 	108 	109 
004188 	154 	65 	91 	91 
004189 	150 	54 	108 	109 
004190 	154 	65 	91 	91 
004191 	154 	65 	91 	91 
004192 	154 	65 	91 	91 
004193 	154 	65 	91 	91 
004194 	154 	65 	91 	91 
004195 	154 	55 	91 	91 
004196 	154 	55 	91 	91 
004197 	154 	55 	91 	91 
004198 	154 	55 	91 	91 
004199 	154 	65 	91 	91 
004200 	154 	65 	91 	91 
004201 	154 	65 	91 	91 
004202 	150 	54 	108 	109 
004203 	154 	55 	91 	91 
004204 	150 	54 	108 	109 
004205 	150 	54 	108 	109 
004206 	150 	54 	108 	109 
004207 	154 	65 	91 	91 
004208 	154 	65 	91 	91 
004209 	154 	65 	91 	91 
004210 	154 	65 	91 	91 
004211 	150 	54 	108 	109 
004212 	150 	54 	108 	109 
004213 	164 	65 	91 	91 
004214 	161 	54 	109 	109 
004215 	167 	54 	109 	109 
004216 	173 	54 	109 	109 
004217 	179 	54 	109 	109 
004218 	185 	54 	109 	109 
004219 	185 	54 	109 	109 
004220 	184 	65 	91 	91 
004221 	173 	54 	109 	109 
004222 	174 	65 	91 	91 
004223 	161 	54 	109 	109 
004224 	164 	65 	91 	91 
004225 	154 	65 	91 	91 
004226 	138 	54 	108 	109 
004227 	138 	54 	108 	109 
004228 	138 	54 	108 	109 
004229 	140 	57 	104 	104 
004230 	141 	60 	100 	100 
004231 	142 	62 	95 	96 
004232 	144 	65 	91 	91 
004233 	144 	65 	91 	91 
004234 	144 	65 	91 	91 
004235 	154 	65 	91 	91 
004236 	150 	54 	108 	109 
004237 	150 	54 	108 	109 
004238 	150 	54 	108 	109 
004239 	150 	54 	108 	109 
004240 	150 	54 	108 	109 
004241 	154 	55 	91 	91 
004242 	154 	55 	91 	91 
004243 	154 	55 	91 	91 
004244 	154 	55 	91 	91 
004245 	154 	55 	91 	91 
004246 	154 	55 	91 	91 
004247 	154 	55 	91 	91 
004248 	154 	55 	91 	91 
004249 	154 	55 	91 	91 
004250 	154 	55 	91 	91 
004251 	154 	55 	91 	91 
004252 	154 	60 	91 	91 
004253 	154 	65 	91 	91 
004254 	154 	55 	91 	91 
004255 	153 	62 	76 	76 
004256 	144 	65 	91 	91 
004257 	144 	65 	91 	91 
004258 	145 	71 	76 	75 
004259 	134 	65 	91 	91 
004260 	144 	65 	91 	91 
004261 	144 	65 	91 	91 
004262 	154 	65 	91 	91 
004263 	154 	65 	91 	91 
004264 	164 	65 	91 	91 
004265 	161 	54 	109 	109 
004266 	174 	65 	91 	91 
004267 	174 	65 	91 	91 
004268 	173 	54 	109 	109 
004269 	173 	54 	109 	109 
004270 	173 	54 	109 	109 
004271 	173 	54 	109 	109 
004272 	174 	65 	91 	91 
004273 	174 	65 	91 	91 
004274 	161 	54 	109 	109 
004275 	164 	65 	91 	91 
004276 	150 	54 	108 	109 
004277 	150 	54 	108 	109 
004278 	151 	57 	104 	104 
004279 	152 	60 	100 	100 
004280 	153 	62 	95 	96 
004281 	154 	65 	91 	91 
004282 	154 	65 	91 	91 
004283 	154 	65 	91 	91 
004284 	154 	65 	91 	91 
004285 	154 	75 	91 	91 
004286 	154 	75 	91 	91 
004287 	154 	75 	91 	91 
004288 	154 	75 	91 	91 
004289 	154 	75 	91 	91 
004290 	138 	66 	108 	109 
004291 	138 	54 	108 	109 
004292 	138 	54 	108 	109 
004293 	138 	54 	108 	109 
004294 	138 	54 	108 	109 
004295 	138 	54 	108 	109 
004296 	154 	65 	91 	91 
004297 	154 	65 	91 	91 
004298 	154 	65 	91 	91 
004299 	150 	66 	108 	109 
004300 	138 	54 	108 	109 
004301 	138 	54 	108 	109 
004302 	138 	54 	108 	109 
004303 	138 	54 	108 	109 
004304 	138 	54 	108 	109 
004305 	138 	54 	108 	109 
004306 	138 	54 	108 	109 
004307 	138 	54 	108 	109 
004308 	138 	54 	108 	109 
004309 	138 	54 	108 	109 
004310 	138 	54 	108 	109 
004311 	144 	75 	91 	91 
004312 	144 	75 	91 	91 
004313 	144 	75 	91 	91 
004314 	135 	70 	100 	100 
004315 	126 	66 	108 	109 
004316 	126 	66 	108 	109 
004317 	126 	66 	108 	109 
004318 	126 	66 	108 	109 
004319 	126 	66 	108 	109 
004320 	153 	104 	76 	76 
004321 	153 	104 	76 	76 
004322 	144 	75 	91 	91 
004323 	138 	66 	108 	109 
004324 	154 	75 	91 	91 
004325 	150 	66 	108 	109 
004326 	150 	66 	108 	109 
004327 	150 	66 	108 	109 
004328 	150 	66 	108 	109 
004329 	154 	65 	91 	91 
004330 	138 	54 	108 	109 
004331 	154 	65 	91 	91 
004332 	154 	65 	91 	91 
004333 	154 	65 	91 	91 
004334 	154 	65 	91 	91 
004335 	154 	65 	91 	91 
004336 	154 	65 	91 	91 
004337 	154 	65 	91 	91 
004338 	154 	65 	91 	91 
004339 	154 	65 	91 	91 
004340 	154 	65 	91 	91 
004341 	154 	65 	91 	91 
004342 	154 	65 	91 	91 
004343 	154 	65 	91 	91 
004344 	154 	65 	91 	91 
004345 	154 	65 	91 	91 
004346 	154 	65 	91 	91 
004347 	154 	65 	91 	91 
004348 	154 	65 	91 	91 
004349 	164 	65 	91 	91 
004350 	164 	65 	91 	91 
004351 	174 	65 	91 	91 
004352 	174 	65 	91 	91 
004353 	186 	71 	76 	75 
004354 	184 	65 	91 	91 
004355 	184 	65 	91 	91 
004356 	184 	65 	91 	91 
004357 	186 	71 	76 	75 
004358 	186 	79 	76 	76 
004359 	174 	75 	91 	91 
004360 	174 	75 	91 	91 
004361 	164 	75 	91 	91 
004362 	161 	66 	109 	109 
004363 	164 	75 	91 	91 
004364 	164 	75 	91 	91 
004365 	164 	75 	91 	91 
004366 	164 	75 	91 	91 
004367 	164 	85 	91 	91 
004368 	164 	85 	91 	91 
004369 	164 	85 	91 	91 
004370 	164 	85 	91 	91 
004371 	150 	78 	108 	109 
004372 	164 	85 	91 	91 
004373 	164 	85 	91 	91 
004374 	164 	85 	91 	91 
004375 	164 	85 	91 	91 
004376 	150 	78 	108 	109 
004377 	150 	66 	108 	109 
004378 	150 	66 	108 	109 
004379 	154 	85 	91 	91 
004380 	150 	66 	108 	109 
004381 	164 	75 	91 	91 
004382 	161 	66 	109 	109 
004383 	161 	66 	109 	109 
004384 	161 	66 	109 	109 
004385 	161 	66 	109 	109 
004386 	164 	75 	91 	91 
004387 	164 	75 	91 	91 
004388 	164 	75 	91 	91 
004389 	150 	66 	108 	109 
004390 	164 	75 	91 	91 
004391 	164 	75 	91 	91 
004392 	164 	75 	91 	91 
004393 	164 	75 	91 	91 
004394 	164 	75 	91 	91 
004395 	164 	75 	91 	91 
004396 	164 	75 	91 	91 
004397 	150 	66 	108 	109 
004398 	150 	66 	108 	109 
004399 	150 	66 	108 	109 
004400 	150 	66 	108 	109 
004401 	150 	66 	108 	109 
004402 	150 	66 	108 	109 
004403 	150 	66 	108 	109 
004404 	150 	66 	108 	109 
004405 	150 	66 	108 	109 
004406 	150 	66 	108 	109 
004407 	150 	66 	108 	109 
004408 	150 	66 	108 	109 
004409 	164 	75 	91 	91 
004410 	164 	75 	91 	91 
004411 	150 	66 	108 	109 
004412 	150 	66 	108 	109 
004413 	150 	66 	108 	109 
004414 	150 	66 	108 	109 
004415 	150 	66 	108 	109 
004416 	150 	66 	108 	109 
004417 	150 	66 	108 	109 
004418 	150 	66 	108 	109 
004419 	150 	66 	108 	109 
004420 	150 	66 	108 	109 
004421 	150 	66 	108 	109 
004422 	150 	66 	108 	109 
004423 	150 	66 	108 	109 
004424 	150 	66 	108 	109 
004425 	150 	66 	108 	109 
004426 	150 	66 	108 	109 
004427 	150 	66 	108 	109 
004428 	150 	66 	108 	109 
004429 	150 	66 	108 	109 
004430 	150 	66 	108 	109 
004431 	150 	66 	108 	109 
004432 	150 	66 	108 	109 
004433 	150 	66 	108 	109 
004434 	150 	66 	108 	109 
004435 	150 	66 	108 	109 
004436 	150 	66 	108 	109 
004437 	150 	66 	108 	109 
004438 	164 	75 	91 	91 
004439 	150 	66 	108 	109 
004440 	150 	66 	108 	109 
004441 	154 	75 	91 	91 
004442 	138 	66 	108 	109 
004443 	138 	66 	108 	109 
004444 	144 	75 	91 	91 
004445 	138 	54 	108 	109 
004446 	138 	54 	108 	109 
004447 	138 	54 	108 	109 
004448 	146 	64 	100 	100 
004449 	154 	75 	91 	91 
004450 	164 	75 	91 	91 
004451 	161 	66 	109 	109 
004452 	161 	66 	109 	109 
