Identity  : 	id10572
Reference : 	L-AHrvURQd4
Offset    : 	-5
FV Conf   : 	15.543
ASD Conf  : 	7.189

FRAME 	X 	Y 	W 	H 
014011 	150 	90 	108 	109 
014012 	150 	90 	108 	109 
014013 	150 	90 	108 	109 
014014 	150 	102 	108 	109 
014015 	150 	102 	108 	109 
014016 	164 	105 	91 	91 
014017 	164 	105 	91 	91 
014018 	164 	105 	91 	91 
014019 	164 	95 	91 	91 
014020 	164 	95 	91 	91 
014021 	150 	90 	108 	109 
014022 	150 	90 	108 	109 
014023 	161 	90 	109 	109 
014024 	161 	90 	109 	109 
014025 	161 	90 	109 	109 
014026 	161 	90 	109 	109 
014027 	161 	90 	109 	109 
014028 	173 	90 	109 	109 
014029 	173 	90 	109 	109 
014030 	173 	90 	109 	109 
014031 	173 	90 	109 	109 
014032 	161 	90 	109 	109 
014033 	161 	90 	109 	109 
014034 	161 	90 	109 	109 
014035 	161 	90 	109 	109 
014036 	161 	90 	109 	109 
014037 	164 	105 	91 	91 
014038 	150 	102 	108 	109 
014039 	164 	105 	91 	91 
014040 	164 	105 	91 	91 
014041 	161 	90 	109 	109 
014042 	161 	90 	109 	109 
014043 	161 	90 	109 	109 
014044 	161 	78 	109 	109 
014045 	161 	78 	109 	109 
014046 	161 	90 	109 	109 
014047 	161 	90 	109 	109 
014048 	161 	90 	109 	109 
014049 	161 	102 	109 	109 
014050 	161 	102 	109 	109 
014051 	161 	102 	109 	109 
014052 	161 	102 	109 	109 
014053 	161 	102 	109 	109 
014054 	161 	90 	109 	109 
014055 	161 	90 	109 	109 
014056 	161 	90 	109 	109 
014057 	173 	78 	109 	109 
014058 	173 	78 	109 	109 
014059 	173 	90 	109 	109 
014060 	173 	90 	109 	109 
014061 	173 	102 	109 	109 
014062 	173 	102 	109 	109 
014063 	173 	102 	109 	109 
014064 	173 	102 	109 	109 
014065 	173 	102 	109 	109 
014066 	174 	105 	91 	91 
014067 	174 	95 	91 	91 
014068 	174 	95 	91 	91 
014069 	161 	90 	109 	109 
014070 	161 	90 	109 	109 
014071 	161 	90 	109 	109 
014072 	161 	90 	109 	109 
014073 	161 	90 	109 	109 
014074 	161 	90 	109 	109 
014075 	161 	90 	109 	109 
014076 	161 	90 	109 	109 
014077 	161 	90 	109 	109 
014078 	161 	90 	109 	109 
014079 	161 	90 	109 	109 
014080 	161 	90 	109 	109 
014081 	161 	90 	109 	109 
014082 	161 	90 	109 	109 
014083 	161 	90 	109 	109 
014084 	161 	90 	109 	109 
014085 	161 	90 	109 	109 
014086 	161 	90 	109 	109 
014087 	161 	90 	109 	109 
014088 	161 	90 	109 	109 
014089 	174 	105 	91 	91 
014090 	174 	105 	91 	91 
014091 	173 	102 	109 	109 
014092 	173 	102 	109 	109 
014093 	184 	105 	91 	91 
014094 	184 	105 	91 	91 
014095 	173 	102 	109 	109 
014096 	174 	105 	91 	91 
014097 	174 	105 	91 	91 
014098 	174 	105 	91 	91 
014099 	173 	90 	109 	109 
014100 	173 	102 	109 	109 
014101 	173 	102 	109 	109 
014102 	173 	102 	109 	109 
014103 	173 	102 	109 	109 
014104 	173 	102 	109 	109 
014105 	173 	102 	109 	109 
014106 	174 	105 	91 	91 
014107 	174 	105 	91 	91 
014108 	174 	95 	91 	91 
014109 	174 	95 	91 	91 
014110 	161 	90 	109 	109 
014111 	161 	90 	109 	109 
014112 	161 	90 	109 	109 
014113 	161 	90 	109 	109 
014114 	161 	90 	109 	109 
014115 	161 	78 	109 	109 
014116 	164 	85 	91 	91 
