Identity  : 	id10381
Reference : 	uwTOyHjDjW8
Offset    : 	-1
FV Conf   : 	13.850
ASD Conf  : 	8.130

FRAME 	X 	Y 	W 	H 
001886 	393 	75 	91 	91 
001887 	388 	66 	109 	109 
001888 	403 	75 	91 	91 
001889 	403 	75 	91 	91 
001890 	403 	75 	91 	91 
001891 	400 	66 	109 	109 
001892 	403 	75 	91 	91 
001893 	403 	75 	91 	91 
001894 	403 	75 	91 	91 
001895 	403 	75 	91 	91 
001896 	403 	75 	91 	91 
001897 	403 	75 	91 	91 
001898 	403 	75 	91 	91 
001899 	403 	75 	91 	91 
001900 	403 	75 	91 	91 
001901 	403 	75 	91 	91 
001902 	403 	75 	91 	91 
001903 	403 	75 	91 	91 
001904 	403 	75 	91 	91 
001905 	403 	75 	91 	91 
001906 	403 	75 	91 	91 
001907 	403 	75 	91 	91 
001908 	403 	75 	91 	91 
001909 	403 	75 	91 	91 
001910 	388 	66 	109 	109 
001911 	403 	75 	91 	91 
001912 	403 	75 	91 	91 
001913 	403 	75 	91 	91 
001914 	403 	75 	91 	91 
001915 	403 	75 	91 	91 
001916 	403 	75 	91 	91 
001917 	388 	66 	109 	109 
001918 	388 	66 	109 	109 
001919 	388 	66 	109 	109 
001920 	388 	66 	109 	109 
001921 	388 	66 	109 	109 
001922 	403 	75 	91 	91 
001923 	403 	75 	91 	91 
001924 	403 	75 	91 	91 
001925 	403 	75 	91 	91 
001926 	403 	75 	91 	91 
001927 	403 	75 	91 	91 
001928 	403 	75 	91 	91 
001929 	403 	75 	91 	91 
001930 	403 	75 	91 	91 
001931 	403 	75 	91 	91 
001932 	403 	75 	91 	91 
001933 	403 	75 	91 	91 
001934 	403 	75 	91 	91 
001935 	403 	75 	91 	91 
001936 	403 	75 	91 	91 
001937 	403 	75 	91 	91 
001938 	403 	75 	91 	91 
001939 	403 	75 	91 	91 
001940 	403 	75 	91 	91 
001941 	403 	75 	91 	91 
001942 	403 	75 	91 	91 
001943 	403 	75 	91 	91 
001944 	403 	75 	91 	91 
001945 	403 	75 	91 	91 
001946 	403 	75 	91 	91 
001947 	403 	75 	91 	91 
001948 	403 	75 	91 	91 
001949 	403 	75 	91 	91 
001950 	403 	75 	91 	91 
001951 	403 	75 	91 	91 
001952 	403 	75 	91 	91 
001953 	403 	75 	91 	91 
001954 	403 	75 	91 	91 
001955 	403 	75 	91 	91 
001956 	403 	75 	91 	91 
001957 	403 	75 	91 	91 
001958 	403 	75 	91 	91 
001959 	403 	75 	91 	91 
001960 	403 	75 	91 	91 
001961 	403 	75 	91 	91 
001962 	403 	75 	91 	91 
001963 	403 	75 	91 	91 
001964 	403 	75 	91 	91 
001965 	403 	75 	91 	91 
001966 	403 	75 	91 	91 
001967 	403 	75 	91 	91 
001968 	403 	75 	91 	91 
001969 	403 	75 	91 	91 
001970 	403 	75 	91 	91 
001971 	403 	75 	91 	91 
001972 	403 	75 	91 	91 
001973 	403 	75 	91 	91 
001974 	403 	75 	91 	91 
001975 	403 	75 	91 	91 
001976 	403 	75 	91 	91 
001977 	403 	75 	91 	91 
001978 	403 	75 	91 	91 
001979 	403 	75 	91 	91 
001980 	403 	75 	91 	91 
001981 	403 	75 	91 	91 
001982 	403 	75 	91 	91 
001983 	403 	75 	91 	91 
001984 	403 	75 	91 	91 
001985 	388 	66 	109 	109 
001986 	388 	66 	109 	109 
001987 	388 	66 	109 	109 
001988 	388 	66 	109 	109 
001989 	388 	66 	109 	109 
001990 	388 	66 	109 	109 
001991 	388 	66 	109 	109 
001992 	388 	66 	109 	109 
001993 	388 	66 	109 	109 
001994 	388 	66 	109 	109 
001995 	388 	66 	109 	109 
001996 	388 	66 	109 	109 
001997 	388 	66 	109 	109 
001998 	388 	66 	109 	109 
001999 	388 	66 	109 	109 
002000 	388 	66 	109 	109 
002001 	388 	66 	109 	109 
002002 	388 	66 	109 	109 
002003 	388 	66 	109 	109 
002004 	388 	66 	109 	109 
002005 	388 	66 	109 	109 
002006 	403 	75 	91 	91 
002007 	403 	75 	91 	91 
002008 	388 	66 	109 	109 
002009 	388 	66 	109 	109 
002010 	388 	66 	109 	109 
002011 	388 	66 	109 	109 
002012 	388 	66 	109 	109 
002013 	388 	66 	109 	109 
002014 	388 	66 	109 	109 
002015 	388 	66 	109 	109 
002016 	388 	66 	109 	109 
002017 	388 	66 	109 	109 
002018 	388 	66 	109 	109 
002019 	388 	66 	109 	109 
002020 	388 	66 	109 	109 
002021 	388 	66 	109 	109 
002022 	388 	66 	109 	109 
002023 	388 	66 	109 	109 
002024 	388 	66 	109 	109 
002025 	388 	66 	109 	109 
002026 	388 	66 	109 	109 
002027 	388 	66 	109 	109 
002028 	388 	66 	109 	109 
002029 	388 	66 	109 	109 
002030 	388 	66 	109 	109 
002031 	388 	66 	109 	109 
002032 	388 	66 	109 	109 
002033 	388 	66 	109 	109 
002034 	388 	66 	109 	109 
002035 	388 	66 	109 	109 
002036 	388 	66 	109 	109 
002037 	388 	66 	109 	109 
002038 	388 	66 	109 	109 
002039 	388 	66 	109 	109 
002040 	388 	66 	109 	109 
002041 	388 	66 	109 	109 
002042 	388 	66 	109 	109 
002043 	388 	66 	109 	109 
002044 	388 	66 	109 	109 
002045 	388 	66 	109 	109 
002046 	388 	66 	109 	109 
002047 	388 	66 	109 	109 
002048 	388 	66 	109 	109 
002049 	388 	78 	109 	109 
002050 	388 	78 	109 	109 
002051 	388 	78 	109 	109 
002052 	403 	85 	91 	91 
002053 	403 	85 	91 	91 
002054 	403 	85 	91 	91 
002055 	403 	85 	91 	91 
002056 	403 	85 	91 	91 
002057 	403 	85 	91 	91 
002058 	403 	85 	91 	91 
002059 	403 	85 	91 	91 
002060 	403 	85 	91 	91 
002061 	388 	78 	109 	109 
002062 	388 	78 	109 	109 
002063 	388 	78 	109 	109 
002064 	388 	78 	109 	109 
002065 	388 	78 	109 	109 
002066 	388 	78 	109 	109 
002067 	393 	85 	91 	91 
002068 	393 	85 	91 	91 
002069 	393 	85 	91 	91 
002070 	393 	85 	91 	91 
002071 	393 	85 	91 	91 
002072 	393 	85 	91 	91 
002073 	393 	85 	91 	91 
002074 	393 	85 	91 	91 
002075 	393 	85 	91 	91 
002076 	393 	85 	91 	91 
002077 	393 	85 	91 	91 
002078 	393 	85 	91 	91 
002079 	393 	85 	91 	91 
002080 	388 	78 	109 	109 
002081 	388 	78 	109 	109 
002082 	388 	78 	109 	109 
002083 	393 	85 	91 	91 
002084 	393 	85 	91 	91 
002085 	393 	85 	91 	91 
002086 	388 	78 	109 	109 
002087 	388 	78 	109 	109 
002088 	388 	78 	109 	109 
002089 	393 	85 	91 	91 
002090 	393 	85 	91 	91 
002091 	393 	85 	91 	91 
002092 	393 	85 	91 	91 
002093 	376 	66 	109 	109 
002094 	376 	66 	109 	109 
002095 	376 	66 	109 	109 
002096 	383 	85 	91 	91 
002097 	383 	85 	91 	91 
002098 	365 	66 	108 	109 
002099 	365 	66 	108 	109 
002100 	365 	66 	108 	109 
002101 	365 	66 	108 	109 
002102 	365 	66 	108 	109 
002103 	365 	66 	108 	109 
002104 	365 	66 	108 	109 
002105 	365 	66 	108 	109 
002106 	365 	66 	108 	109 
002107 	365 	66 	108 	109 
002108 	365 	66 	108 	109 
002109 	365 	66 	108 	109 
002110 	365 	66 	108 	109 
002111 	365 	66 	108 	109 
002112 	365 	66 	108 	109 
002113 	365 	66 	108 	109 
002114 	365 	66 	108 	109 
002115 	365 	66 	108 	109 
002116 	365 	66 	108 	109 
002117 	365 	66 	108 	109 
002118 	365 	66 	108 	109 
002119 	365 	66 	108 	109 
002120 	365 	66 	108 	109 
002121 	365 	66 	108 	109 
002122 	383 	85 	91 	91 
002123 	383 	85 	91 	91 
002124 	376 	66 	109 	109 
002125 	376 	66 	109 	109 
002126 	376 	66 	109 	109 
002127 	376 	66 	109 	109 
002128 	376 	66 	109 	109 
002129 	393 	85 	91 	91 
002130 	393 	85 	91 	91 
002131 	388 	78 	109 	109 
002132 	403 	85 	91 	91 
002133 	400 	78 	109 	109 
002134 	400 	78 	109 	109 
002135 	400 	78 	109 	109 
002136 	400 	78 	109 	109 
002137 	403 	85 	91 	91 
002138 	388 	78 	109 	109 
002139 	393 	85 	91 	91 
002140 	383 	85 	91 	91 
002141 	365 	66 	108 	109 
002142 	365 	66 	108 	109 
002143 	365 	66 	108 	109 
002144 	365 	66 	108 	109 
002145 	365 	66 	108 	109 
002146 	365 	66 	108 	109 
002147 	365 	66 	108 	109 
002148 	365 	54 	108 	109 
002149 	383 	75 	91 	91 
002150 	383 	75 	91 	91 
002151 	365 	54 	108 	109 
002152 	365 	54 	108 	109 
002153 	365 	54 	108 	109 
002154 	365 	54 	108 	109 
002155 	365 	54 	108 	109 
002156 	365 	54 	108 	109 
002157 	365 	54 	108 	109 
002158 	383 	75 	91 	91 
002159 	376 	66 	109 	109 
002160 	376 	66 	109 	109 
002161 	376 	66 	109 	109 
002162 	383 	75 	91 	91 
002163 	383 	75 	91 	91 
002164 	383 	75 	91 	91 
002165 	365 	66 	108 	109 
002166 	365 	66 	108 	109 
002167 	365 	66 	108 	109 
002168 	365 	66 	108 	109 
002169 	365 	66 	108 	109 
002170 	365 	66 	108 	109 
002171 	365 	66 	108 	109 
002172 	365 	66 	108 	109 
002173 	365 	66 	108 	109 
002174 	365 	66 	108 	109 
002175 	365 	66 	108 	109 
002176 	365 	66 	108 	109 
002177 	365 	66 	108 	109 
002178 	365 	66 	108 	109 
002179 	365 	66 	108 	109 
002180 	365 	66 	108 	109 
002181 	365 	66 	108 	109 
002182 	365 	66 	108 	109 
002183 	365 	66 	108 	109 
002184 	383 	85 	91 	91 
002185 	383 	85 	91 	91 
002186 	383 	85 	91 	91 
002187 	383 	85 	91 	91 
002188 	376 	78 	109 	109 
002189 	376 	66 	109 	109 
002190 	393 	85 	91 	91 
002191 	393 	85 	91 	91 
002192 	376 	66 	109 	109 
002193 	376 	66 	109 	109 
002194 	376 	66 	109 	109 
002195 	376 	66 	109 	109 
002196 	376 	66 	109 	109 
002197 	383 	85 	91 	91 
002198 	365 	66 	108 	109 
002199 	365 	66 	108 	109 
002200 	365 	66 	108 	109 
002201 	365 	66 	108 	109 
002202 	365 	66 	108 	109 
002203 	365 	66 	108 	109 
002204 	353 	66 	108 	109 
002205 	353 	66 	108 	109 
002206 	353 	66 	108 	109 
002207 	353 	66 	108 	109 
002208 	365 	66 	108 	109 
002209 	365 	66 	108 	109 
002210 	365 	66 	108 	109 
002211 	365 	66 	108 	109 
002212 	365 	66 	108 	109 
002213 	365 	66 	108 	109 
002214 	365 	66 	108 	109 
002215 	365 	66 	108 	109 
002216 	365 	66 	108 	109 
002217 	365 	66 	108 	109 
002218 	365 	66 	108 	109 
002219 	365 	66 	108 	109 
002220 	365 	66 	108 	109 
002221 	365 	66 	108 	109 
002222 	373 	85 	91 	91 
002223 	373 	85 	91 	91 
002224 	373 	85 	91 	91 
002225 	373 	85 	91 	91 
002226 	373 	85 	91 	91 
002227 	365 	78 	108 	109 
002228 	373 	85 	91 	91 
002229 	373 	85 	91 	91 
002230 	373 	85 	91 	91 
002231 	373 	85 	91 	91 
002232 	373 	85 	91 	91 
002233 	373 	85 	91 	91 
002234 	365 	78 	108 	109 
002235 	353 	66 	108 	109 
002236 	353 	66 	108 	109 
002237 	353 	78 	108 	109 
002238 	353 	78 	108 	109 
002239 	353 	78 	108 	109 
002240 	353 	78 	108 	109 
002241 	353 	78 	108 	109 
002242 	353 	78 	108 	109 
002243 	353 	78 	108 	109 
002244 	353 	78 	108 	109 
002245 	353 	78 	108 	109 
002246 	353 	78 	108 	109 
002247 	353 	78 	108 	109 
002248 	353 	78 	108 	109 
002249 	353 	78 	108 	109 
002250 	353 	78 	108 	109 
002251 	353 	78 	108 	109 
002252 	373 	85 	91 	91 
002253 	365 	66 	108 	109 
002254 	365 	66 	108 	109 
002255 	365 	66 	108 	109 
002256 	365 	66 	108 	109 
002257 	365 	66 	108 	109 
002258 	365 	66 	108 	109 
002259 	365 	66 	108 	109 
002260 	365 	66 	108 	109 
002261 	365 	66 	108 	109 
002262 	365 	78 	108 	109 
002263 	365 	78 	108 	109 
002264 	365 	78 	108 	109 
002265 	365 	78 	108 	109 
002266 	353 	78 	108 	109 
002267 	353 	78 	108 	109 
002268 	353 	78 	108 	109 
002269 	353 	78 	108 	109 
002270 	353 	78 	108 	109 
002271 	353 	78 	108 	109 
002272 	353 	78 	108 	109 
002273 	365 	78 	108 	109 
002274 	365 	78 	108 	109 
002275 	365 	78 	108 	109 
002276 	365 	78 	108 	109 
002277 	365 	78 	108 	109 
002278 	365 	78 	108 	109 
002279 	365 	78 	108 	109 
002280 	365 	78 	108 	109 
002281 	365 	78 	108 	109 
002282 	365 	78 	108 	109 
002283 	365 	78 	108 	109 
002284 	365 	78 	108 	109 
002285 	365 	78 	108 	109 
002286 	365 	78 	108 	109 
002287 	365 	78 	108 	109 
002288 	365 	78 	108 	109 
002289 	365 	78 	108 	109 
002290 	365 	78 	108 	109 
002291 	365 	78 	108 	109 
002292 	365 	78 	108 	109 
002293 	365 	78 	108 	109 
002294 	365 	78 	108 	109 
002295 	365 	78 	108 	109 
002296 	365 	78 	108 	109 
002297 	365 	78 	108 	109 
002298 	365 	78 	108 	109 
002299 	365 	78 	108 	109 
002300 	365 	78 	108 	109 
002301 	365 	78 	108 	109 
002302 	365 	78 	108 	109 
002303 	365 	78 	108 	109 
002304 	365 	78 	108 	109 
002305 	365 	78 	108 	109 
002306 	365 	78 	108 	109 
002307 	365 	78 	108 	109 
002308 	365 	78 	108 	109 
002309 	365 	78 	108 	109 
002310 	365 	78 	108 	109 
002311 	365 	78 	108 	109 
002312 	365 	78 	108 	109 
002313 	365 	78 	108 	109 
002314 	365 	78 	108 	109 
002315 	365 	78 	108 	109 
002316 	365 	78 	108 	109 
002317 	365 	78 	108 	109 
002318 	365 	78 	108 	109 
002319 	365 	78 	108 	109 
002320 	365 	78 	108 	109 
002321 	365 	78 	108 	109 
002322 	365 	78 	108 	109 
002323 	365 	78 	108 	109 
002324 	365 	78 	108 	109 
002325 	365 	78 	108 	109 
002326 	365 	78 	108 	109 
002327 	365 	78 	108 	109 
002328 	373 	95 	91 	91 
002329 	353 	78 	108 	109 
002330 	353 	78 	108 	109 
002331 	353 	78 	108 	109 
002332 	353 	78 	108 	109 
002333 	353 	78 	108 	109 
002334 	353 	78 	108 	109 
002335 	353 	78 	108 	109 
002336 	373 	85 	91 	91 
002337 	365 	78 	108 	109 
002338 	365 	78 	108 	109 
002339 	365 	78 	108 	109 
002340 	365 	78 	108 	109 
002341 	365 	78 	108 	109 
002342 	365 	78 	108 	109 
002343 	365 	78 	108 	109 
002344 	365 	78 	108 	109 
002345 	365 	78 	108 	109 
002346 	365 	78 	108 	109 
002347 	365 	78 	108 	109 
002348 	365 	78 	108 	109 
002349 	365 	78 	108 	109 
002350 	365 	78 	108 	109 
002351 	365 	78 	108 	109 
002352 	365 	78 	108 	109 
002353 	365 	78 	108 	109 
002354 	365 	78 	108 	109 
002355 	365 	78 	108 	109 
002356 	365 	66 	108 	109 
002357 	365 	66 	108 	109 
002358 	376 	78 	109 	109 
002359 	376 	78 	109 	109 
002360 	376 	78 	109 	109 
002361 	376 	78 	109 	109 
002362 	376 	78 	109 	109 
002363 	376 	78 	109 	109 
002364 	376 	78 	109 	109 
002365 	376 	78 	109 	109 
002366 	365 	66 	108 	109 
002367 	365 	66 	108 	109 
002368 	365 	78 	108 	109 
002369 	365 	66 	108 	109 
002370 	365 	66 	108 	109 
002371 	365 	66 	108 	109 
002372 	365 	66 	108 	109 
002373 	365 	78 	108 	109 
002374 	365 	66 	108 	109 
002375 	365 	66 	108 	109 
002376 	365 	66 	108 	109 
002377 	365 	66 	108 	109 
002378 	365 	66 	108 	109 
002379 	365 	66 	108 	109 
002380 	365 	66 	108 	109 
002381 	365 	66 	108 	109 
002382 	365 	66 	108 	109 
002383 	365 	66 	108 	109 
002384 	365 	66 	108 	109 
002385 	365 	66 	108 	109 
002386 	365 	66 	108 	109 
002387 	365 	66 	108 	109 
002388 	365 	66 	108 	109 
002389 	365 	66 	108 	109 
002390 	353 	66 	108 	109 
002391 	353 	66 	108 	109 
002392 	353 	78 	108 	109 
002393 	353 	78 	108 	109 
002394 	341 	66 	108 	109 
002395 	341 	66 	108 	109 
002396 	341 	66 	108 	109 
002397 	341 	66 	108 	109 
002398 	341 	66 	108 	109 
002399 	341 	66 	108 	109 
002400 	341 	66 	108 	109 
002401 	353 	66 	108 	109 
002402 	353 	66 	108 	109 
002403 	353 	66 	108 	109 
002404 	353 	66 	108 	109 
002405 	353 	66 	108 	109 
002406 	353 	66 	108 	109 
002407 	353 	66 	108 	109 
002408 	353 	66 	108 	109 
002409 	353 	66 	108 	109 
002410 	341 	66 	108 	109 
002411 	341 	66 	108 	109 
002412 	341 	66 	108 	109 
002413 	341 	66 	108 	109 
002414 	341 	66 	108 	109 
002415 	341 	66 	108 	109 
002416 	341 	66 	108 	109 
002417 	341 	66 	108 	109 
002418 	341 	66 	108 	109 
002419 	341 	66 	108 	109 
002420 	341 	66 	108 	109 
002421 	353 	66 	108 	109 
002422 	353 	66 	108 	109 
002423 	353 	66 	108 	109 
002424 	353 	66 	108 	109 
002425 	365 	78 	108 	109 
002426 	365 	66 	108 	109 
002427 	365 	66 	108 	109 
002428 	365 	66 	108 	109 
002429 	383 	85 	91 	91 
002430 	376 	78 	109 	109 
002431 	376 	78 	109 	109 
002432 	376 	78 	109 	109 
002433 	376 	78 	109 	109 
002434 	376 	78 	109 	109 
002435 	376 	78 	109 	109 
002436 	376 	78 	109 	109 
002437 	376 	78 	109 	109 
002438 	376 	78 	109 	109 
002439 	376 	78 	109 	109 
002440 	376 	78 	109 	109 
002441 	376 	78 	109 	109 
002442 	376 	78 	109 	109 
002443 	376 	78 	109 	109 
002444 	376 	78 	109 	109 
002445 	376 	78 	109 	109 
002446 	376 	78 	109 	109 
002447 	376 	78 	109 	109 
002448 	376 	78 	109 	109 
002449 	376 	78 	109 	109 
002450 	376 	78 	109 	109 
002451 	376 	78 	109 	109 
002452 	383 	95 	91 	91 
002453 	383 	95 	91 	91 
002454 	376 	78 	109 	109 
002455 	376 	78 	109 	109 
002456 	383 	85 	91 	91 
002457 	365 	66 	108 	109 
002458 	365 	66 	108 	109 
002459 	365 	66 	108 	109 
002460 	365 	66 	108 	109 
002461 	365 	66 	108 	109 
002462 	365 	66 	108 	109 
002463 	365 	66 	108 	109 
002464 	365 	66 	108 	109 
002465 	365 	66 	108 	109 
002466 	365 	66 	108 	109 
002467 	383 	75 	91 	91 
002468 	376 	66 	109 	109 
002469 	376 	66 	109 	109 
002470 	376 	78 	109 	109 
002471 	376 	78 	109 	109 
002472 	376 	78 	109 	109 
002473 	376 	78 	109 	109 
002474 	376 	78 	109 	109 
002475 	376 	78 	109 	109 
002476 	376 	78 	109 	109 
002477 	376 	78 	109 	109 
002478 	376 	78 	109 	109 
002479 	383 	85 	91 	91 
002480 	365 	66 	108 	109 
002481 	365 	66 	108 	109 
002482 	365 	66 	108 	109 
002483 	383 	85 	91 	91 
002484 	383 	85 	91 	91 
002485 	393 	85 	91 	91 
002486 	388 	78 	109 	109 
002487 	388 	78 	109 	109 
002488 	388 	78 	109 	109 
002489 	388 	78 	109 	109 
002490 	376 	78 	109 	109 
002491 	376 	78 	109 	109 
002492 	388 	66 	109 	109 
002493 	388 	66 	109 	109 
002494 	388 	66 	109 	109 
002495 	388 	54 	109 	109 
002496 	388 	54 	109 	109 
