Identity  : 	id10666
Reference : 	ZjKxQIy_Gwk
Offset    : 	-3
FV Conf   : 	16.109
ASD Conf  : 	9.498

FRAME 	X 	Y 	W 	H 
012261 	286 	96 	76 	75 
012262 	284 	95 	90 	91 
012263 	284 	95 	90 	91 
012264 	284 	95 	90 	91 
012265 	294 	95 	90 	91 
012266 	294 	95 	90 	91 
012267 	294 	95 	90 	91 
012268 	303 	104 	75 	76 
012269 	303 	104 	75 	76 
012270 	303 	104 	75 	76 
012271 	294 	95 	90 	91 
012272 	294 	95 	90 	91 
012273 	294 	96 	76 	75 
012274 	284 	85 	90 	91 
012275 	274 	85 	90 	91 
012276 	274 	85 	90 	91 
012277 	264 	75 	90 	91 
012278 	264 	75 	90 	91 
012279 	264 	75 	90 	91 
012280 	254 	75 	90 	91 
012281 	254 	75 	90 	91 
012282 	254 	75 	90 	91 
012283 	254 	75 	90 	91 
012284 	254 	75 	90 	91 
012285 	254 	75 	90 	91 
012286 	254 	75 	90 	91 
012287 	254 	75 	90 	91 
012288 	264 	75 	90 	91 
012289 	264 	75 	90 	91 
012290 	264 	75 	90 	91 
012291 	264 	75 	90 	91 
012292 	245 	66 	109 	109 
012293 	245 	66 	109 	109 
012294 	254 	75 	90 	91 
012295 	254 	75 	90 	91 
012296 	254 	85 	90 	91 
012297 	254 	85 	90 	91 
012298 	254 	85 	90 	91 
012299 	254 	85 	90 	91 
012300 	254 	85 	90 	91 
012301 	254 	85 	90 	91 
012302 	254 	85 	90 	91 
012303 	264 	85 	90 	91 
012304 	264 	85 	90 	91 
012305 	264 	85 	90 	91 
012306 	264 	85 	90 	91 
012307 	264 	85 	90 	91 
012308 	264 	85 	90 	91 
012309 	264 	85 	90 	91 
012310 	264 	85 	90 	91 
012311 	264 	85 	90 	91 
012312 	264 	85 	90 	91 
012313 	245 	78 	109 	109 
012314 	245 	78 	109 	109 
012315 	254 	85 	90 	91 
012316 	254 	85 	90 	91 
012317 	254 	85 	90 	91 
012318 	254 	85 	90 	91 
012319 	254 	85 	90 	91 
012320 	254 	85 	90 	91 
012321 	254 	85 	90 	91 
012322 	254 	85 	90 	91 
012323 	254 	85 	90 	91 
012324 	254 	85 	90 	91 
012325 	254 	85 	90 	91 
012326 	254 	85 	90 	91 
012327 	254 	85 	90 	91 
012328 	254 	85 	90 	91 
012329 	254 	85 	90 	91 
012330 	244 	85 	90 	91 
012331 	244 	75 	90 	91 
012332 	244 	75 	90 	91 
012333 	233 	66 	109 	109 
012334 	244 	75 	90 	91 
012335 	244 	75 	90 	91 
012336 	244 	75 	90 	91 
012337 	254 	85 	90 	91 
012338 	254 	75 	90 	91 
012339 	254 	75 	90 	91 
012340 	254 	75 	90 	91 
012341 	254 	75 	90 	91 
012342 	254 	75 	90 	91 
012343 	254 	75 	90 	91 
012344 	254 	75 	90 	91 
012345 	254 	75 	90 	91 
012346 	254 	75 	90 	91 
012347 	244 	75 	90 	91 
012348 	244 	85 	90 	91 
012349 	244 	85 	90 	91 
012350 	244 	85 	90 	91 
012351 	244 	85 	90 	91 
012352 	244 	85 	90 	91 
012353 	244 	85 	90 	91 
012354 	244 	85 	90 	91 
012355 	244 	85 	90 	91 
012356 	234 	85 	90 	91 
012357 	234 	85 	90 	91 
012358 	234 	85 	90 	91 
012359 	234 	85 	90 	91 
012360 	234 	85 	90 	91 
012361 	244 	85 	90 	91 
012362 	244 	75 	90 	91 
012363 	244 	75 	90 	91 
012364 	244 	75 	90 	91 
012365 	244 	75 	90 	91 
012366 	244 	75 	90 	91 
012367 	254 	75 	90 	91 
012368 	254 	75 	90 	91 
012369 	264 	75 	90 	91 
012370 	264 	85 	90 	91 
012371 	264 	85 	90 	91 
