Identity  : 	id10774
Reference : 	doI8mhVErgs
Offset    : 	-2
FV Conf   : 	14.863
ASD Conf  : 	7.333

FRAME 	X 	Y 	W 	H 
000913 	197 	90 	109 	109 
000914 	197 	90 	109 	109 
000915 	204 	95 	91 	91 
000916 	204 	95 	91 	91 
000917 	204 	95 	91 	91 
000918 	204 	95 	91 	91 
000919 	204 	95 	91 	91 
000920 	204 	95 	91 	91 
000921 	194 	85 	91 	91 
000922 	194 	85 	91 	91 
000923 	194 	85 	91 	91 
000924 	194 	85 	91 	91 
000925 	194 	85 	91 	91 
000926 	184 	85 	91 	91 
000927 	184 	95 	91 	91 
000928 	184 	95 	91 	91 
000929 	184 	95 	91 	91 
000930 	184 	95 	91 	91 
000931 	184 	95 	91 	91 
000932 	184 	85 	91 	91 
000933 	184 	85 	91 	91 
000934 	194 	95 	91 	91 
000935 	194 	85 	91 	91 
000936 	194 	85 	91 	91 
000937 	194 	85 	91 	91 
000938 	194 	85 	91 	91 
000939 	194 	85 	91 	91 
000940 	194 	85 	91 	91 
000941 	194 	85 	91 	91 
000942 	194 	85 	91 	91 
000943 	194 	85 	91 	91 
000944 	194 	85 	91 	91 
000945 	185 	78 	109 	109 
000946 	194 	85 	91 	91 
000947 	185 	78 	109 	109 
000948 	194 	95 	91 	91 
000949 	194 	95 	91 	91 
000950 	185 	78 	109 	109 
000951 	185 	78 	109 	109 
000952 	194 	85 	91 	91 
000953 	194 	85 	91 	91 
000954 	194 	85 	91 	91 
000955 	194 	85 	91 	91 
000956 	194 	85 	91 	91 
000957 	194 	85 	91 	91 
000958 	204 	85 	91 	91 
000959 	204 	85 	91 	91 
000960 	204 	85 	91 	91 
000961 	204 	85 	91 	91 
000962 	185 	78 	109 	109 
000963 	185 	78 	109 	109 
000964 	185 	78 	109 	109 
000965 	185 	78 	109 	109 
000966 	185 	78 	109 	109 
000967 	185 	78 	109 	109 
000968 	185 	78 	109 	109 
000969 	185 	78 	109 	109 
000970 	185 	78 	109 	109 
000971 	197 	78 	109 	109 
000972 	197 	78 	109 	109 
000973 	185 	66 	109 	109 
000974 	197 	78 	109 	109 
000975 	197 	78 	109 	109 
000976 	197 	78 	109 	109 
000977 	204 	85 	91 	91 
000978 	204 	85 	91 	91 
000979 	204 	85 	91 	91 
000980 	197 	78 	109 	109 
000981 	204 	85 	91 	91 
000982 	197 	78 	109 	109 
000983 	197 	78 	109 	109 
000984 	197 	78 	109 	109 
000985 	197 	78 	109 	109 
000986 	204 	95 	91 	91 
000987 	204 	85 	91 	91 
000988 	204 	85 	91 	91 
000989 	204 	85 	91 	91 
000990 	204 	85 	91 	91 
000991 	204 	85 	91 	91 
000992 	197 	78 	109 	109 
000993 	197 	78 	109 	109 
000994 	204 	95 	91 	91 
000995 	204 	95 	91 	91 
000996 	204 	95 	91 	91 
000997 	197 	78 	109 	109 
000998 	197 	78 	109 	109 
000999 	204 	85 	91 	91 
001000 	197 	78 	109 	109 
001001 	197 	78 	109 	109 
001002 	197 	78 	109 	109 
001003 	197 	78 	109 	109 
001004 	197 	78 	109 	109 
001005 	197 	78 	109 	109 
001006 	197 	78 	109 	109 
001007 	197 	66 	109 	109 
001008 	214 	85 	91 	91 
001009 	214 	85 	91 	91 
001010 	214 	85 	91 	91 
001011 	209 	78 	109 	109 
001012 	209 	78 	109 	109 
001013 	209 	78 	109 	109 
001014 	209 	66 	109 	109 
001015 	209 	66 	109 	109 
001016 	209 	66 	109 	109 
001017 	209 	66 	109 	109 
001018 	209 	66 	109 	109 
001019 	209 	66 	109 	109 
001020 	209 	66 	109 	109 
001021 	209 	66 	109 	109 
001022 	209 	66 	109 	109 
001023 	209 	66 	109 	109 
001024 	209 	66 	109 	109 
001025 	209 	66 	109 	109 
001026 	209 	66 	109 	109 
001027 	209 	66 	109 	109 
001028 	209 	66 	109 	109 
001029 	209 	66 	109 	109 
001030 	209 	66 	109 	109 
001031 	209 	66 	109 	109 
001032 	209 	66 	109 	109 
001033 	209 	66 	109 	109 
001034 	209 	66 	109 	109 
001035 	209 	66 	109 	109 
001036 	209 	66 	109 	109 
001037 	209 	66 	109 	109 
001038 	209 	66 	109 	109 
001039 	209 	66 	109 	109 
001040 	209 	66 	109 	109 
001041 	209 	66 	109 	109 
001042 	209 	66 	109 	109 
001043 	209 	66 	109 	109 
001044 	209 	66 	109 	109 
001045 	209 	66 	109 	109 
001046 	209 	66 	109 	109 
001047 	221 	66 	109 	109 
