Identity  : 	id10468
Reference : 	EICQVj70ePE
Offset    : 	2
FV Conf   : 	24.890
ASD Conf  : 	7.648

FRAME 	X 	Y 	W 	H 
004147 	257 	102 	109 	109 
004148 	257 	102 	109 	109 
004149 	257 	102 	109 	109 
004150 	257 	102 	109 	109 
004151 	257 	102 	109 	109 
004152 	257 	102 	109 	109 
004153 	257 	102 	109 	109 
004154 	237 	94 	130 	130 
004155 	245 	102 	109 	109 
004156 	245 	102 	109 	109 
004157 	245 	102 	109 	109 
004158 	245 	102 	109 	109 
004159 	245 	102 	109 	109 
004160 	245 	102 	109 	109 
004161 	245 	102 	109 	109 
004162 	245 	102 	109 	109 
004163 	245 	102 	109 	109 
004164 	245 	102 	109 	109 
004165 	245 	102 	109 	109 
004166 	245 	102 	109 	109 
004167 	245 	102 	109 	109 
004168 	245 	102 	109 	109 
004169 	245 	90 	109 	109 
004170 	245 	90 	109 	109 
004171 	245 	90 	109 	109 
004172 	245 	90 	109 	109 
004173 	245 	90 	109 	109 
004174 	233 	90 	109 	109 
004175 	233 	90 	109 	109 
004176 	233 	90 	109 	109 
004177 	233 	90 	109 	109 
004178 	233 	90 	109 	109 
004179 	233 	90 	109 	109 
004180 	233 	90 	109 	109 
004181 	233 	90 	109 	109 
004182 	233 	90 	109 	109 
004183 	233 	90 	109 	109 
004184 	233 	90 	109 	109 
004185 	245 	90 	109 	109 
004186 	245 	90 	109 	109 
004187 	245 	90 	109 	109 
004188 	245 	90 	109 	109 
004189 	245 	90 	109 	109 
004190 	245 	90 	109 	109 
004191 	245 	90 	109 	109 
004192 	245 	90 	109 	109 
004193 	245 	90 	109 	109 
004194 	245 	90 	109 	109 
004195 	233 	90 	109 	109 
004196 	233 	90 	109 	109 
004197 	233 	90 	109 	109 
004198 	233 	90 	109 	109 
004199 	233 	102 	109 	109 
004200 	233 	102 	109 	109 
004201 	233 	102 	109 	109 
004202 	233 	102 	109 	109 
004203 	233 	102 	109 	109 
004204 	233 	102 	109 	109 
004205 	233 	102 	109 	109 
004206 	233 	102 	109 	109 
004207 	233 	102 	109 	109 
004208 	233 	102 	109 	109 
004209 	233 	102 	109 	109 
004210 	233 	102 	109 	109 
004211 	233 	102 	109 	109 
004212 	233 	102 	109 	109 
004213 	233 	102 	109 	109 
004214 	233 	102 	109 	109 
004215 	233 	90 	109 	109 
004216 	233 	90 	109 	109 
004217 	233 	90 	109 	109 
004218 	233 	90 	109 	109 
004219 	233 	90 	109 	109 
004220 	233 	90 	109 	109 
004221 	233 	90 	109 	109 
004222 	233 	90 	109 	109 
004223 	233 	90 	109 	109 
004224 	233 	90 	109 	109 
004225 	233 	90 	109 	109 
004226 	233 	90 	109 	109 
004227 	233 	90 	109 	109 
004228 	233 	90 	109 	109 
004229 	233 	90 	109 	109 
004230 	233 	90 	109 	109 
004231 	233 	90 	109 	109 
004232 	233 	102 	109 	109 
004233 	233 	102 	109 	109 
004234 	233 	102 	109 	109 
004235 	233 	102 	109 	109 
004236 	233 	102 	109 	109 
004237 	233 	102 	109 	109 
004238 	233 	102 	109 	109 
004239 	233 	102 	109 	109 
004240 	233 	102 	109 	109 
004241 	233 	102 	109 	109 
004242 	233 	102 	109 	109 
004243 	233 	102 	109 	109 
004244 	233 	102 	109 	109 
004245 	233 	102 	109 	109 
004246 	233 	102 	109 	109 
004247 	233 	102 	109 	109 
004248 	233 	102 	109 	109 
004249 	233 	102 	109 	109 
004250 	233 	102 	109 	109 
004251 	233 	102 	109 	109 
004252 	233 	102 	109 	109 
004253 	233 	102 	109 	109 
004254 	233 	90 	109 	109 
004255 	233 	90 	109 	109 
004256 	233 	90 	109 	109 
004257 	233 	90 	109 	109 
004258 	233 	90 	109 	109 
004259 	233 	90 	109 	109 
004260 	233 	90 	109 	109 
004261 	245 	90 	109 	109 
004262 	245 	90 	109 	109 
004263 	245 	90 	109 	109 
004264 	245 	90 	109 	109 
004265 	245 	90 	109 	109 
004266 	245 	90 	109 	109 
004267 	245 	90 	109 	109 
004268 	245 	90 	109 	109 
004269 	245 	90 	109 	109 
004270 	245 	90 	109 	109 
004271 	245 	90 	109 	109 
004272 	245 	90 	109 	109 
004273 	245 	90 	109 	109 
004274 	245 	90 	109 	109 
004275 	245 	90 	109 	109 
004276 	245 	90 	109 	109 
004277 	245 	90 	109 	109 
004278 	245 	90 	109 	109 
004279 	245 	90 	109 	109 
004280 	245 	90 	109 	109 
004281 	245 	90 	109 	109 
004282 	245 	90 	109 	109 
004283 	245 	90 	109 	109 
