Identity  : 	id10468
Reference : 	EICQVj70ePE
Offset    : 	2
FV Conf   : 	19.057
ASD Conf  : 	6.393

FRAME 	X 	Y 	W 	H 
001891 	245 	78 	109 	109 
001892 	245 	78 	109 	109 
001893 	257 	78 	109 	109 
001894 	257 	78 	109 	109 
001895 	257 	78 	109 	109 
001896 	257 	78 	109 	109 
001897 	257 	78 	109 	109 
001898 	257 	78 	109 	109 
001899 	257 	78 	109 	109 
001900 	257 	78 	109 	109 
001901 	257 	78 	109 	109 
001902 	257 	78 	109 	109 
001903 	257 	78 	109 	109 
001904 	257 	78 	109 	109 
001905 	257 	78 	109 	109 
001906 	257 	78 	109 	109 
001907 	257 	78 	109 	109 
001908 	257 	78 	109 	109 
001909 	257 	78 	109 	109 
001910 	257 	78 	109 	109 
001911 	257 	78 	109 	109 
001912 	245 	78 	109 	109 
001913 	245 	78 	109 	109 
001914 	245 	78 	109 	109 
001915 	245 	78 	109 	109 
001916 	233 	78 	109 	109 
001917 	221 	66 	109 	109 
001918 	221 	66 	109 	109 
001919 	209 	66 	109 	109 
001920 	194 	51 	130 	130 
001921 	194 	51 	130 	130 
001922 	197 	78 	109 	109 
001923 	197 	78 	109 	109 
001924 	197 	90 	109 	109 
001925 	197 	90 	109 	109 
001926 	197 	90 	109 	109 
001927 	197 	90 	109 	109 
001928 	197 	90 	109 	109 
001929 	194 	80 	130 	130 
001930 	194 	80 	130 	130 
001931 	194 	80 	130 	130 
001932 	194 	80 	130 	130 
001933 	194 	80 	130 	130 
001934 	209 	102 	109 	109 
001935 	209 	102 	109 	109 
001936 	209 	102 	109 	109 
001937 	208 	94 	130 	130 
001938 	221 	102 	109 	109 
001939 	221 	102 	109 	109 
001940 	221 	102 	109 	109 
001941 	221 	102 	109 	109 
001942 	221 	102 	109 	109 
001943 	233 	90 	109 	109 
001944 	233 	90 	109 	109 
001945 	233 	90 	109 	109 
001946 	233 	90 	109 	109 
001947 	233 	78 	109 	109 
001948 	233 	78 	109 	109 
001949 	233 	78 	109 	109 
001950 	233 	78 	109 	109 
001951 	233 	78 	109 	109 
001952 	233 	78 	109 	109 
001953 	233 	78 	109 	109 
001954 	233 	78 	109 	109 
001955 	233 	78 	109 	109 
001956 	233 	78 	109 	109 
001957 	233 	78 	109 	109 
001958 	233 	78 	109 	109 
001959 	233 	78 	109 	109 
001960 	233 	78 	109 	109 
001961 	233 	90 	109 	109 
001962 	233 	90 	109 	109 
001963 	233 	90 	109 	109 
001964 	233 	90 	109 	109 
001965 	233 	90 	109 	109 
001966 	233 	90 	109 	109 
001967 	233 	90 	109 	109 
001968 	245 	90 	109 	109 
001969 	245 	90 	109 	109 
001970 	245 	90 	109 	109 
001971 	245 	90 	109 	109 
001972 	245 	90 	109 	109 
001973 	245 	90 	109 	109 
001974 	245 	90 	109 	109 
001975 	245 	90 	109 	109 
001976 	245 	90 	109 	109 
001977 	245 	90 	109 	109 
001978 	245 	90 	109 	109 
001979 	245 	90 	109 	109 
001980 	245 	90 	109 	109 
001981 	245 	90 	109 	109 
001982 	245 	90 	109 	109 
001983 	245 	90 	109 	109 
001984 	245 	90 	109 	109 
001985 	245 	90 	109 	109 
001986 	245 	90 	109 	109 
001987 	245 	90 	109 	109 
001988 	237 	80 	130 	130 
001989 	237 	80 	130 	130 
001990 	237 	80 	130 	130 
001991 	245 	78 	109 	109 
001992 	245 	78 	109 	109 
001993 	245 	78 	109 	109 
001994 	237 	80 	130 	130 
001995 	237 	66 	130 	130 
001996 	237 	66 	130 	130 
001997 	237 	66 	130 	130 
001998 	237 	66 	130 	130 
001999 	237 	66 	130 	130 
002000 	237 	66 	130 	130 
002001 	237 	80 	130 	130 
002002 	245 	90 	109 	109 
002003 	245 	90 	109 	109 
002004 	237 	80 	130 	130 
002005 	257 	90 	109 	109 
002006 	257 	90 	109 	109 
002007 	257 	90 	109 	109 
002008 	257 	90 	109 	109 
002009 	257 	90 	109 	109 
002010 	257 	90 	109 	109 
002011 	257 	90 	109 	109 
002012 	257 	90 	109 	109 
002013 	257 	90 	109 	109 
002014 	257 	78 	109 	109 
002015 	257 	78 	109 	109 
002016 	251 	66 	130 	130 
002017 	257 	90 	109 	109 
002018 	257 	90 	109 	109 
002019 	257 	90 	109 	109 
002020 	257 	78 	109 	109 
002021 	257 	78 	109 	109 
002022 	257 	78 	109 	109 
002023 	257 	78 	109 	109 
002024 	257 	78 	109 	109 
002025 	257 	78 	109 	109 
002026 	257 	78 	109 	109 
002027 	257 	78 	109 	109 
002028 	257 	78 	109 	109 
002029 	257 	78 	109 	109 
002030 	257 	78 	109 	109 
002031 	257 	78 	109 	109 
002032 	257 	78 	109 	109 
002033 	245 	78 	109 	109 
002034 	245 	78 	109 	109 
002035 	257 	78 	109 	109 
002036 	257 	78 	109 	109 
002037 	245 	78 	109 	109 
002038 	257 	78 	109 	109 
002039 	257 	78 	109 	109 
002040 	257 	78 	109 	109 
002041 	257 	78 	109 	109 
002042 	257 	78 	109 	109 
002043 	257 	78 	109 	109 
002044 	245 	78 	109 	109 
002045 	245 	78 	109 	109 
002046 	245 	78 	109 	109 
002047 	245 	78 	109 	109 
