Identity  : 	id10104
Reference : 	5id_AcV2gkU
Offset    : 	-1
FV Conf   : 	13.805
ASD Conf  : 	6.004

FRAME 	X 	Y 	W 	H 
001133 	197 	102 	109 	109 
001134 	197 	102 	109 	109 
001135 	197 	102 	109 	109 
001136 	197 	102 	109 	109 
001137 	209 	102 	109 	109 
001138 	209 	102 	109 	109 
001139 	209 	102 	109 	109 
001140 	209 	102 	109 	109 
001141 	209 	102 	109 	109 
001142 	209 	102 	109 	109 
001143 	197 	102 	109 	109 
001144 	197 	102 	109 	109 
001145 	197 	102 	109 	109 
001146 	197 	102 	109 	109 
001147 	197 	102 	109 	109 
001148 	204 	105 	91 	91 
001149 	185 	90 	109 	109 
001150 	185 	90 	109 	109 
001151 	185 	90 	109 	109 
001152 	185 	90 	109 	109 
001153 	185 	90 	109 	109 
001154 	185 	90 	109 	109 
001155 	165 	80 	130 	130 
001156 	173 	78 	109 	109 
001157 	173 	78 	109 	109 
001158 	173 	78 	109 	109 
001159 	173 	78 	109 	109 
001160 	173 	78 	109 	109 
001161 	173 	78 	109 	109 
001162 	173 	78 	109 	109 
001163 	173 	78 	109 	109 
001164 	173 	78 	109 	109 
001165 	151 	66 	130 	130 
001166 	151 	66 	130 	130 
001167 	161 	78 	109 	109 
001168 	161 	78 	109 	109 
001169 	161 	78 	109 	109 
001170 	161 	78 	109 	109 
001171 	161 	78 	109 	109 
001172 	161 	78 	109 	109 
001173 	161 	78 	109 	109 
001174 	173 	90 	109 	109 
001175 	161 	78 	109 	109 
001176 	173 	90 	109 	109 
001177 	173 	90 	109 	109 
001178 	151 	80 	130 	130 
001179 	151 	80 	130 	130 
001180 	173 	90 	109 	109 
001181 	173 	102 	109 	109 
001182 	173 	102 	109 	109 
001183 	173 	102 	109 	109 
001184 	173 	102 	109 	109 
001185 	173 	102 	109 	109 
001186 	173 	102 	109 	109 
001187 	173 	102 	109 	109 
001188 	173 	102 	109 	109 
001189 	173 	102 	109 	109 
001190 	173 	102 	109 	109 
001191 	173 	102 	109 	109 
001192 	173 	102 	109 	109 
001193 	173 	102 	109 	109 
001194 	173 	102 	109 	109 
001195 	173 	102 	109 	109 
001196 	173 	102 	109 	109 
001197 	173 	102 	109 	109 
001198 	173 	102 	109 	109 
001199 	173 	102 	109 	109 
001200 	173 	102 	109 	109 
001201 	173 	102 	109 	109 
001202 	173 	102 	109 	109 
001203 	173 	102 	109 	109 
001204 	173 	102 	109 	109 
001205 	173 	102 	109 	109 
001206 	173 	102 	109 	109 
001207 	151 	80 	130 	130 
001208 	151 	80 	130 	130 
001209 	173 	102 	109 	109 
001210 	151 	80 	130 	130 
001211 	151 	80 	130 	130 
001212 	173 	90 	109 	109 
001213 	173 	90 	109 	109 
001214 	151 	80 	130 	130 
001215 	151 	80 	130 	130 
001216 	151 	80 	130 	130 
001217 	151 	80 	130 	130 
001218 	173 	90 	109 	109 
001219 	173 	90 	109 	109 
001220 	173 	90 	109 	109 
001221 	173 	90 	109 	109 
001222 	173 	90 	109 	109 
001223 	173 	90 	109 	109 
001224 	173 	90 	109 	109 
001225 	173 	90 	109 	109 
001226 	173 	90 	109 	109 
001227 	173 	90 	109 	109 
001228 	173 	90 	109 	109 
001229 	173 	90 	109 	109 
001230 	173 	90 	109 	109 
001231 	173 	90 	109 	109 
001232 	173 	90 	109 	109 
001233 	173 	90 	109 	109 
001234 	173 	90 	109 	109 
001235 	173 	90 	109 	109 
001236 	173 	90 	109 	109 
001237 	173 	90 	109 	109 
001238 	173 	90 	109 	109 
001239 	173 	90 	109 	109 
001240 	173 	90 	109 	109 
001241 	173 	90 	109 	109 
001242 	165 	80 	130 	130 
001243 	165 	80 	130 	130 
001244 	173 	90 	109 	109 
001245 	173 	90 	109 	109 
001246 	173 	90 	109 	109 
001247 	173 	90 	109 	109 
001248 	173 	90 	109 	109 
001249 	173 	90 	109 	109 
001250 	173 	90 	109 	109 
001251 	173 	90 	109 	109 
001252 	173 	90 	109 	109 
001253 	173 	90 	109 	109 
001254 	173 	90 	109 	109 
001255 	165 	80 	130 	130 
001256 	173 	90 	109 	109 
001257 	173 	90 	109 	109 
001258 	173 	90 	109 	109 
001259 	173 	90 	109 	109 
001260 	173 	90 	109 	109 
001261 	173 	90 	109 	109 
001262 	173 	90 	109 	109 
001263 	173 	90 	109 	109 
001264 	173 	90 	109 	109 
001265 	173 	90 	109 	109 
001266 	173 	90 	109 	109 
001267 	173 	90 	109 	109 
001268 	173 	90 	109 	109 
001269 	173 	90 	109 	109 
001270 	173 	90 	109 	109 
001271 	173 	90 	109 	109 
001272 	173 	90 	109 	109 
001273 	173 	90 	109 	109 
001274 	173 	90 	109 	109 
001275 	173 	90 	109 	109 
001276 	173 	90 	109 	109 
001277 	173 	90 	109 	109 
001278 	173 	90 	109 	109 
001279 	173 	90 	109 	109 
001280 	173 	90 	109 	109 
001281 	173 	78 	109 	109 
001282 	173 	90 	109 	109 
001283 	173 	90 	109 	109 
001284 	173 	90 	109 	109 
001285 	173 	90 	109 	109 
001286 	173 	90 	109 	109 
001287 	173 	90 	109 	109 
001288 	173 	90 	109 	109 
001289 	173 	90 	109 	109 
001290 	173 	90 	109 	109 
001291 	173 	90 	109 	109 
001292 	173 	90 	109 	109 
001293 	173 	90 	109 	109 
001294 	173 	90 	109 	109 
001295 	173 	90 	109 	109 
001296 	173 	90 	109 	109 
001297 	173 	90 	109 	109 
001298 	173 	90 	109 	109 
001299 	173 	90 	109 	109 
001300 	173 	90 	109 	109 
001301 	173 	90 	109 	109 
001302 	173 	90 	109 	109 
001303 	173 	102 	109 	109 
001304 	173 	102 	109 	109 
001305 	173 	102 	109 	109 
001306 	173 	102 	109 	109 
001307 	173 	102 	109 	109 
001308 	173 	102 	109 	109 
001309 	173 	102 	109 	109 
001310 	173 	102 	109 	109 
001311 	173 	102 	109 	109 
001312 	173 	102 	109 	109 
001313 	165 	94 	130 	130 
001314 	173 	102 	109 	109 
001315 	173 	102 	109 	109 
001316 	165 	94 	130 	130 
001317 	165 	94 	130 	130 
001318 	173 	90 	109 	109 
001319 	173 	90 	109 	109 
001320 	173 	90 	109 	109 
001321 	173 	90 	109 	109 
001322 	173 	90 	109 	109 
001323 	173 	90 	109 	109 
001324 	173 	102 	109 	109 
001325 	173 	102 	109 	109 
