Identity  : 	id10672
Reference : 	yHdOKC5Kevc
Offset    : 	-2
FV Conf   : 	13.899
ASD Conf  : 	9.080

FRAME 	X 	Y 	W 	H 
001148 	151 	80 	130 	130 
001149 	150 	90 	108 	109 
001150 	137 	80 	130 	130 
001151 	137 	80 	130 	130 
001152 	137 	80 	130 	130 
001153 	137 	80 	130 	130 
001154 	137 	80 	130 	130 
001155 	137 	80 	130 	130 
001156 	137 	80 	130 	130 
001157 	137 	80 	130 	130 
001158 	137 	80 	130 	130 
001159 	137 	80 	130 	130 
001160 	137 	80 	130 	130 
001161 	137 	80 	130 	130 
001162 	137 	80 	130 	130 
001163 	137 	80 	130 	130 
001164 	137 	80 	130 	130 
001165 	137 	80 	130 	130 
001166 	137 	80 	130 	130 
001167 	137 	80 	130 	130 
001168 	137 	80 	130 	130 
001169 	137 	80 	130 	130 
001170 	137 	80 	130 	130 
001171 	137 	80 	130 	130 
001172 	137 	80 	130 	130 
001173 	137 	94 	130 	130 
001174 	137 	80 	130 	130 
001175 	137 	80 	130 	130 
001176 	137 	80 	130 	130 
001177 	137 	80 	130 	130 
001178 	137 	80 	130 	130 
001179 	137 	80 	130 	130 
001180 	137 	80 	130 	130 
001181 	137 	80 	130 	130 
001182 	137 	80 	130 	130 
001183 	137 	94 	130 	130 
001184 	137 	94 	130 	130 
001185 	137 	94 	130 	130 
001186 	137 	94 	130 	130 
001187 	137 	94 	130 	130 
001188 	137 	94 	130 	130 
001189 	137 	94 	130 	130 
001190 	137 	94 	130 	130 
001191 	137 	94 	130 	130 
001192 	137 	80 	130 	130 
001193 	137 	80 	130 	130 
001194 	137 	80 	130 	130 
001195 	137 	80 	130 	130 
001196 	137 	80 	130 	130 
001197 	137 	80 	130 	130 
001198 	130 	44 	156 	156 
001199 	151 	66 	130 	130 
001200 	151 	66 	130 	130 
001201 	137 	66 	130 	130 
001202 	137 	66 	130 	130 
001203 	122 	80 	130 	130 
001204 	122 	80 	130 	130 
001205 	122 	80 	130 	130 
001206 	122 	80 	130 	130 
001207 	122 	80 	130 	130 
001208 	122 	80 	130 	130 
001209 	122 	94 	130 	130 
001210 	122 	94 	130 	130 
001211 	137 	94 	130 	130 
001212 	137 	109 	130 	130 
001213 	137 	109 	130 	130 
001214 	137 	109 	130 	130 
001215 	137 	109 	130 	130 
001216 	137 	109 	130 	130 
001217 	137 	109 	130 	130 
001218 	137 	109 	130 	130 
001219 	137 	94 	130 	130 
001220 	137 	94 	130 	130 
001221 	137 	94 	130 	130 
001222 	137 	94 	130 	130 
001223 	137 	94 	130 	130 
001224 	137 	80 	130 	130 
001225 	137 	80 	130 	130 
001226 	137 	80 	130 	130 
001227 	137 	80 	130 	130 
001228 	137 	80 	130 	130 
001229 	151 	80 	130 	130 
001230 	151 	80 	130 	130 
001231 	151 	80 	130 	130 
001232 	151 	80 	130 	130 
001233 	151 	80 	130 	130 
001234 	151 	80 	130 	130 
001235 	151 	80 	130 	130 
001236 	151 	80 	130 	130 
001237 	151 	80 	130 	130 
001238 	151 	80 	130 	130 
001239 	151 	80 	130 	130 
001240 	151 	66 	130 	130 
001241 	151 	66 	130 	130 
001242 	151 	66 	130 	130 
001243 	151 	66 	130 	130 
001244 	151 	66 	130 	130 
001245 	151 	66 	130 	130 
001246 	151 	66 	130 	130 
001247 	151 	80 	130 	130 
001248 	151 	80 	130 	130 
001249 	151 	80 	130 	130 
001250 	151 	80 	130 	130 
001251 	151 	80 	130 	130 
001252 	151 	80 	130 	130 
001253 	151 	80 	130 	130 
001254 	151 	80 	130 	130 
001255 	151 	80 	130 	130 
001256 	151 	80 	130 	130 
001257 	151 	80 	130 	130 
001258 	151 	80 	130 	130 
001259 	151 	80 	130 	130 
001260 	151 	80 	130 	130 
001261 	151 	80 	130 	130 
001262 	151 	80 	130 	130 
001263 	151 	80 	130 	130 
001264 	151 	80 	130 	130 
001265 	151 	80 	130 	130 
001266 	151 	80 	130 	130 
001267 	151 	80 	130 	130 
001268 	151 	80 	130 	130 
001269 	151 	80 	130 	130 
001270 	151 	80 	130 	130 
001271 	151 	80 	130 	130 
001272 	151 	80 	130 	130 
001273 	151 	80 	130 	130 
001274 	151 	80 	130 	130 
001275 	151 	80 	130 	130 
001276 	137 	80 	130 	130 
001277 	137 	80 	130 	130 
001278 	137 	94 	130 	130 
001279 	137 	94 	130 	130 
001280 	137 	94 	130 	130 
001281 	137 	94 	130 	130 
001282 	137 	94 	130 	130 
001283 	137 	109 	130 	130 
001284 	138 	114 	108 	109 
001285 	138 	114 	108 	109 
001286 	138 	114 	108 	109 
001287 	138 	114 	108 	109 
001288 	122 	109 	130 	130 
001289 	122 	109 	130 	130 
001290 	122 	109 	130 	130 
001291 	122 	109 	130 	130 
001292 	122 	109 	130 	130 
001293 	122 	109 	130 	130 
001294 	122 	109 	130 	130 
001295 	122 	109 	130 	130 
001296 	122 	109 	130 	130 
001297 	122 	109 	130 	130 
001298 	122 	109 	130 	130 
001299 	122 	109 	130 	130 
001300 	122 	109 	130 	130 
001301 	122 	109 	130 	130 
001302 	122 	109 	130 	130 
