Identity  : 	id10672
Reference : 	yHdOKC5Kevc
Offset    : 	-2
FV Conf   : 	13.899
ASD Conf  : 	7.274

FRAME 	X 	Y 	W 	H 
000209 	87 	62 	76 	76 
000210 	87 	62 	76 	76 
000211 	87 	62 	76 	76 
000212 	87 	62 	76 	76 
000213 	87 	62 	76 	76 
000214 	87 	62 	76 	76 
000215 	87 	71 	76 	75 
000216 	79 	71 	75 	75 
000217 	79 	71 	75 	75 
000218 	79 	71 	75 	75 
000219 	79 	71 	75 	75 
000220 	79 	71 	75 	75 
000221 	79 	71 	75 	75 
000222 	79 	71 	75 	75 
000223 	79 	71 	75 	75 
000224 	79 	71 	75 	75 
000225 	79 	71 	75 	75 
000226 	79 	71 	75 	75 
000227 	75 	65 	90 	91 
000228 	79 	71 	75 	75 
000229 	75 	65 	90 	91 
000230 	75 	65 	90 	91 
000231 	87 	71 	76 	75 
000232 	87 	71 	76 	75 
000233 	87 	71 	76 	75 
000234 	87 	71 	76 	75 
000235 	87 	71 	76 	75 
000236 	87 	71 	76 	75 
000237 	87 	71 	76 	75 
000238 	87 	71 	76 	75 
000239 	87 	71 	76 	75 
000240 	87 	71 	76 	75 
000241 	87 	71 	76 	75 
000242 	87 	71 	76 	75 
000243 	87 	71 	76 	75 
000244 	87 	71 	76 	75 
000245 	87 	71 	76 	75 
000246 	87 	71 	76 	75 
000247 	87 	71 	76 	75 
000248 	87 	71 	76 	75 
000249 	87 	71 	76 	75 
000250 	87 	71 	76 	75 
000251 	87 	71 	76 	75 
000252 	87 	71 	76 	75 
000253 	87 	71 	76 	75 
000254 	87 	71 	76 	75 
000255 	87 	71 	76 	75 
000256 	87 	71 	76 	75 
000257 	87 	71 	76 	75 
000258 	87 	71 	76 	75 
000259 	87 	71 	76 	75 
000260 	87 	71 	76 	75 
000261 	87 	71 	76 	75 
000262 	87 	71 	76 	75 
000263 	87 	71 	76 	75 
000264 	79 	71 	75 	75 
000265 	79 	71 	75 	75 
000266 	86 	73 	63 	63 
000267 	79 	62 	75 	76 
000268 	79 	62 	75 	76 
000269 	79 	62 	75 	76 
000270 	79 	62 	75 	76 
000271 	79 	73 	63 	63 
000272 	70 	62 	76 	76 
000273 	70 	62 	76 	76 
000274 	70 	62 	76 	76 
000275 	70 	62 	76 	76 
000276 	70 	62 	76 	76 
000277 	79 	62 	75 	76 
000278 	79 	62 	75 	76 
000279 	79 	62 	75 	76 
000280 	79 	62 	75 	76 
000281 	79 	62 	75 	76 
000282 	79 	62 	75 	76 
000283 	79 	62 	75 	76 
000284 	79 	71 	75 	75 
000285 	79 	71 	75 	75 
000286 	79 	71 	75 	75 
000287 	79 	71 	75 	75 
000288 	79 	62 	75 	76 
000289 	79 	71 	75 	75 
000290 	79 	71 	75 	75 
000291 	79 	71 	75 	75 
000292 	79 	71 	75 	75 
000293 	79 	62 	75 	76 
000294 	79 	62 	75 	76 
000295 	79 	62 	75 	76 
000296 	79 	62 	75 	76 
000297 	79 	62 	75 	76 
000298 	79 	71 	75 	75 
000299 	79 	71 	75 	75 
000300 	79 	71 	75 	75 
000301 	79 	71 	75 	75 
000302 	79 	71 	75 	75 
000303 	79 	71 	75 	75 
000304 	79 	71 	75 	75 
000305 	79 	71 	75 	75 
000306 	79 	71 	75 	75 
000307 	79 	71 	75 	75 
000308 	79 	71 	75 	75 
000309 	79 	71 	75 	75 
000310 	79 	71 	75 	75 
000311 	79 	71 	75 	75 
000312 	79 	71 	75 	75 
000313 	79 	71 	75 	75 
000314 	79 	71 	75 	75 
000315 	79 	71 	75 	75 
000316 	79 	71 	75 	75 
000317 	79 	71 	75 	75 
000318 	79 	71 	75 	75 
000319 	79 	71 	75 	75 
000320 	79 	71 	75 	75 
000321 	79 	71 	75 	75 
000322 	79 	71 	75 	75 
000323 	87 	71 	76 	75 
000324 	87 	62 	76 	76 
000325 	87 	62 	76 	76 
000326 	87 	62 	76 	76 
000327 	85 	55 	90 	91 
000328 	85 	55 	90 	91 
000329 	95 	71 	76 	75 
000330 	95 	71 	76 	75 
000331 	95 	71 	76 	75 
000332 	95 	71 	76 	75 
000333 	95 	71 	76 	75 
000334 	95 	71 	76 	75 
000335 	95 	71 	76 	75 
000336 	95 	71 	76 	75 
000337 	95 	71 	76 	75 
000338 	95 	71 	76 	75 
000339 	95 	71 	76 	75 
000340 	95 	71 	76 	75 
000341 	95 	62 	76 	76 
000342 	95 	62 	76 	76 
000343 	95 	62 	76 	76 
000344 	95 	62 	76 	76 
000345 	95 	62 	76 	76 
000346 	95 	62 	76 	76 
000347 	95 	62 	76 	76 
000348 	87 	62 	76 	76 
000349 	87 	62 	76 	76 
000350 	87 	62 	76 	76 
000351 	87 	62 	76 	76 
000352 	87 	62 	76 	76 
000353 	87 	62 	76 	76 
000354 	87 	62 	76 	76 
000355 	87 	62 	76 	76 
000356 	87 	62 	76 	76 
000357 	87 	62 	76 	76 
000358 	87 	62 	76 	76 
000359 	87 	62 	76 	76 
000360 	87 	62 	76 	76 
000361 	87 	62 	76 	76 
000362 	87 	62 	76 	76 
000363 	87 	62 	76 	76 
000364 	87 	62 	76 	76 
000365 	87 	62 	76 	76 
000366 	87 	62 	76 	76 
000367 	87 	62 	76 	76 
000368 	87 	62 	76 	76 
000369 	87 	62 	76 	76 
000370 	87 	71 	76 	75 
000371 	87 	71 	76 	75 
000372 	87 	71 	76 	75 
000373 	87 	71 	76 	75 
000374 	87 	71 	76 	75 
000375 	87 	71 	76 	75 
000376 	87 	71 	76 	75 
000377 	87 	71 	76 	75 
000378 	87 	71 	76 	75 
000379 	87 	71 	76 	75 
000380 	87 	71 	76 	75 
000381 	87 	71 	76 	75 
000382 	87 	71 	76 	75 
000383 	87 	71 	76 	75 
000384 	87 	71 	76 	75 
000385 	87 	71 	76 	75 
000386 	87 	71 	76 	75 
000387 	87 	71 	76 	75 
000388 	87 	71 	76 	75 
000389 	87 	71 	76 	75 
000390 	87 	71 	76 	75 
000391 	87 	71 	76 	75 
000392 	87 	71 	76 	75 
000393 	87 	71 	76 	75 
000394 	87 	71 	76 	75 
000395 	87 	71 	76 	75 
000396 	87 	71 	76 	75 
000397 	87 	71 	76 	75 
000398 	87 	71 	76 	75 
000399 	87 	71 	76 	75 
000400 	87 	71 	76 	75 
000401 	87 	71 	76 	75 
000402 	87 	71 	76 	75 
000403 	87 	71 	76 	75 
000404 	87 	71 	76 	75 
000405 	87 	71 	76 	75 
000406 	95 	71 	76 	75 
000407 	95 	71 	76 	75 
000408 	95 	71 	76 	75 
000409 	95 	65 	90 	91 
000410 	103 	79 	76 	76 
000411 	103 	79 	76 	76 
000412 	103 	79 	76 	76 
000413 	103 	79 	76 	76 
000414 	103 	79 	76 	76 
000415 	103 	79 	76 	76 
000416 	103 	79 	76 	76 
000417 	103 	79 	76 	76 
000418 	103 	79 	76 	76 
000419 	103 	79 	76 	76 
000420 	103 	79 	76 	76 
000421 	95 	65 	90 	91 
000422 	95 	71 	76 	75 
000423 	95 	71 	76 	75 
000424 	95 	71 	76 	75 
000425 	95 	71 	76 	75 
000426 	95 	71 	76 	75 
000427 	95 	71 	76 	75 
000428 	95 	71 	76 	75 
000429 	95 	71 	76 	75 
000430 	95 	71 	76 	75 
000431 	95 	62 	76 	76 
000432 	95 	62 	76 	76 
000433 	95 	62 	76 	76 
000434 	95 	62 	76 	76 
000435 	95 	62 	76 	76 
000436 	95 	62 	76 	76 
000437 	95 	62 	76 	76 
000438 	95 	62 	76 	76 
000439 	95 	62 	76 	76 
000440 	95 	62 	76 	76 
000441 	95 	62 	76 	76 
000442 	95 	62 	76 	76 
000443 	95 	62 	76 	76 
000444 	95 	62 	76 	76 
000445 	95 	62 	76 	76 
000446 	95 	62 	76 	76 
000447 	85 	55 	90 	91 
000448 	85 	55 	90 	91 
000449 	87 	62 	76 	76 
000450 	87 	62 	76 	76 
000451 	87 	62 	76 	76 
000452 	87 	62 	76 	76 
000453 	87 	62 	76 	76 
000454 	87 	62 	76 	76 
000455 	87 	62 	76 	76 
000456 	87 	62 	76 	76 
000457 	87 	62 	76 	76 
000458 	87 	62 	76 	76 
000459 	87 	62 	76 	76 
000460 	87 	62 	76 	76 
000461 	87 	62 	76 	76 
000462 	87 	62 	76 	76 
000463 	85 	55 	90 	91 
000464 	85 	55 	90 	91 
000465 	87 	62 	76 	76 
000466 	87 	62 	76 	76 
000467 	87 	62 	76 	76 
000468 	85 	55 	90 	91 
000469 	85 	55 	90 	91 
000470 	85 	55 	90 	91 
000471 	85 	55 	90 	91 
000472 	85 	55 	90 	91 
000473 	85 	55 	90 	91 
000474 	85 	55 	90 	91 
000475 	85 	55 	90 	91 
000476 	95 	71 	76 	75 
000477 	95 	71 	76 	75 
000478 	95 	71 	76 	75 
000479 	95 	71 	76 	75 
000480 	95 	71 	76 	75 
000481 	95 	71 	76 	75 
000482 	95 	71 	76 	75 
000483 	95 	71 	76 	75 
000484 	95 	71 	76 	75 
000485 	95 	71 	76 	75 
000486 	95 	71 	76 	75 
000487 	95 	79 	76 	76 
000488 	95 	79 	76 	76 
000489 	95 	79 	76 	76 
000490 	107 	87 	63 	63 
000491 	107 	87 	63 	63 
000492 	107 	87 	63 	63 
000493 	103 	79 	76 	76 
000494 	103 	79 	76 	76 
000495 	103 	79 	76 	76 
000496 	103 	79 	76 	76 
000497 	103 	79 	76 	76 
000498 	103 	79 	76 	76 
000499 	103 	79 	76 	76 
000500 	103 	79 	76 	76 
000501 	103 	79 	76 	76 
000502 	103 	79 	76 	76 
000503 	103 	79 	76 	76 
000504 	114 	87 	63 	63 
000505 	112 	79 	75 	76 
000506 	112 	79 	75 	76 
000507 	112 	79 	75 	76 
000508 	112 	79 	75 	76 
000509 	112 	79 	75 	76 
000510 	112 	79 	75 	76 
000511 	112 	79 	75 	76 
000512 	112 	79 	75 	76 
000513 	112 	79 	75 	76 
000514 	112 	79 	75 	76 
000515 	120 	79 	76 	76 
000516 	120 	79 	76 	76 
000517 	120 	71 	76 	75 
000518 	120 	71 	76 	75 
000519 	114 	65 	91 	91 
000520 	114 	65 	91 	91 
000521 	114 	65 	91 	91 
000522 	128 	71 	76 	75 
000523 	124 	65 	91 	91 
000524 	124 	65 	91 	91 
000525 	124 	65 	91 	91 
000526 	124 	65 	91 	91 
000527 	137 	79 	75 	76 
000528 	137 	79 	75 	76 
000529 	137 	79 	75 	76 
000530 	137 	79 	75 	76 
000531 	134 	75 	91 	91 
000532 	134 	75 	91 	91 
000533 	134 	75 	91 	91 
000534 	134 	75 	91 	91 
000535 	134 	75 	91 	91 
000536 	134 	75 	91 	91 
000537 	134 	75 	91 	91 
000538 	134 	75 	91 	91 
000539 	134 	75 	91 	91 
000540 	134 	75 	91 	91 
000541 	134 	75 	91 	91 
000542 	134 	75 	91 	91 
000543 	134 	75 	91 	91 
000544 	144 	75 	91 	91 
000545 	144 	75 	91 	91 
000546 	144 	75 	91 	91 
000547 	144 	75 	91 	91 
000548 	144 	75 	91 	91 
000549 	144 	75 	91 	91 
000550 	144 	75 	91 	91 
000551 	144 	75 	91 	91 
000552 	144 	75 	91 	91 
000553 	144 	75 	91 	91 
000554 	144 	75 	91 	91 
000555 	144 	75 	91 	91 
000556 	144 	75 	91 	91 
000557 	144 	75 	91 	91 
000558 	144 	75 	91 	91 
000559 	144 	75 	91 	91 
000560 	144 	75 	91 	91 
000561 	144 	75 	91 	91 
000562 	154 	75 	91 	91 
000563 	154 	75 	91 	91 
000564 	154 	75 	91 	91 
000565 	154 	75 	91 	91 
000566 	154 	75 	91 	91 
000567 	154 	75 	91 	91 
000568 	154 	75 	91 	91 
000569 	154 	75 	91 	91 
000570 	154 	75 	91 	91 
000571 	154 	75 	91 	91 
000572 	154 	75 	91 	91 
000573 	154 	75 	91 	91 
000574 	150 	66 	108 	109 
000575 	150 	66 	108 	109 
000576 	150 	66 	108 	109 
000577 	150 	66 	108 	109 
000578 	150 	66 	108 	109 
000579 	164 	85 	91 	91 
000580 	164 	85 	91 	91 
000581 	164 	85 	91 	91 
000582 	164 	85 	91 	91 
000583 	164 	85 	91 	91 
000584 	164 	85 	91 	91 
000585 	164 	85 	91 	91 
000586 	164 	85 	91 	91 
000587 	164 	85 	91 	91 
000588 	164 	85 	91 	91 
000589 	164 	85 	91 	91 
000590 	174 	85 	91 	91 
000591 	174 	85 	91 	91 
000592 	174 	85 	91 	91 
000593 	174 	85 	91 	91 
000594 	174 	85 	91 	91 
000595 	173 	78 	109 	109 
000596 	173 	78 	109 	109 
000597 	173 	78 	109 	109 
000598 	173 	78 	109 	109 
000599 	184 	85 	91 	91 
000600 	173 	66 	109 	109 
000601 	173 	66 	109 	109 
000602 	173 	66 	109 	109 
000603 	173 	66 	109 	109 
000604 	173 	66 	109 	109 
000605 	173 	66 	109 	109 
000606 	173 	78 	109 	109 
000607 	184 	85 	91 	91 
000608 	184 	85 	91 	91 
000609 	184 	85 	91 	91 
000610 	184 	85 	91 	91 
000611 	184 	85 	91 	91 
000612 	184 	85 	91 	91 
000613 	184 	85 	91 	91 
000614 	184 	85 	91 	91 
000615 	184 	85 	91 	91 
000616 	173 	66 	109 	109 
000617 	184 	75 	91 	91 
000618 	173 	66 	109 	109 
000619 	184 	85 	91 	91 
000620 	184 	85 	91 	91 
000621 	185 	66 	109 	109 
000622 	185 	66 	109 	109 
000623 	185 	66 	109 	109 
000624 	184 	75 	91 	91 
000625 	173 	66 	109 	109 
000626 	173 	66 	109 	109 
000627 	173 	66 	109 	109 
000628 	184 	85 	91 	91 
000629 	184 	85 	91 	91 
000630 	184 	85 	91 	91 
000631 	184 	85 	91 	91 
000632 	184 	85 	91 	91 
000633 	173 	78 	109 	109 
000634 	173 	78 	109 	109 
000635 	173 	78 	109 	109 
000636 	173 	78 	109 	109 
000637 	173 	78 	109 	109 
000638 	173 	78 	109 	109 
000639 	173 	78 	109 	109 
000640 	173 	78 	109 	109 
000641 	173 	78 	109 	109 
000642 	173 	78 	109 	109 
000643 	173 	78 	109 	109 
000644 	161 	78 	109 	109 
000645 	161 	78 	109 	109 
000646 	161 	78 	109 	109 
000647 	161 	78 	109 	109 
000648 	161 	78 	109 	109 
000649 	174 	95 	91 	91 
000650 	174 	95 	91 	91 
000651 	161 	90 	109 	109 
000652 	161 	90 	109 	109 
000653 	161 	90 	109 	109 
000654 	161 	90 	109 	109 
000655 	161 	90 	109 	109 
000656 	161 	90 	109 	109 
000657 	161 	90 	109 	109 
000658 	161 	90 	109 	109 
000659 	161 	90 	109 	109 
000660 	161 	90 	109 	109 
000661 	161 	90 	109 	109 
000662 	161 	90 	109 	109 
000663 	161 	90 	109 	109 
000664 	161 	90 	109 	109 
000665 	161 	90 	109 	109 
000666 	161 	90 	109 	109 
000667 	161 	90 	109 	109 
000668 	161 	90 	109 	109 
000669 	161 	90 	109 	109 
000670 	161 	90 	109 	109 
000671 	161 	90 	109 	109 
000672 	161 	90 	109 	109 
000673 	161 	90 	109 	109 
000674 	161 	90 	109 	109 
000675 	161 	90 	109 	109 
000676 	161 	90 	109 	109 
000677 	161 	90 	109 	109 
000678 	161 	90 	109 	109 
000679 	161 	90 	109 	109 
000680 	161 	90 	109 	109 
000681 	151 	80 	130 	130 
000682 	151 	80 	130 	130 
000683 	151 	80 	130 	130 
000684 	151 	80 	130 	130 
000685 	161 	90 	109 	109 
000686 	151 	80 	130 	130 
000687 	151 	80 	130 	130 
000688 	151 	80 	130 	130 
000689 	151 	80 	130 	130 
000690 	151 	80 	130 	130 
000691 	161 	90 	109 	109 
000692 	151 	80 	130 	130 
000693 	151 	80 	130 	130 
000694 	161 	90 	109 	109 
000695 	161 	90 	109 	109 
000696 	161 	90 	109 	109 
000697 	173 	90 	109 	109 
000698 	165 	80 	130 	130 
000699 	165 	80 	130 	130 
000700 	165 	80 	130 	130 
000701 	165 	80 	130 	130 
000702 	165 	80 	130 	130 
000703 	165 	80 	130 	130 
000704 	165 	80 	130 	130 
000705 	165 	80 	130 	130 
000706 	165 	80 	130 	130 
000707 	165 	80 	130 	130 
000708 	165 	80 	130 	130 
000709 	165 	80 	130 	130 
000710 	165 	80 	130 	130 
000711 	165 	80 	130 	130 
000712 	151 	80 	130 	130 
000713 	151 	80 	130 	130 
000714 	151 	80 	130 	130 
000715 	151 	80 	130 	130 
000716 	151 	80 	130 	130 
000717 	151 	80 	130 	130 
000718 	151 	80 	130 	130 
000719 	151 	80 	130 	130 
000720 	151 	80 	130 	130 
000721 	151 	80 	130 	130 
000722 	137 	80 	130 	130 
000723 	137 	80 	130 	130 
000724 	137 	80 	130 	130 
000725 	137 	80 	130 	130 
000726 	137 	80 	130 	130 
000727 	137 	80 	130 	130 
000728 	137 	80 	130 	130 
000729 	137 	80 	130 	130 
000730 	137 	80 	130 	130 
000731 	151 	80 	130 	130 
000732 	151 	80 	130 	130 
000733 	151 	80 	130 	130 
000734 	151 	80 	130 	130 
000735 	151 	80 	130 	130 
000736 	151 	80 	130 	130 
000737 	151 	80 	130 	130 
000738 	151 	80 	130 	130 
000739 	151 	80 	130 	130 
000740 	151 	80 	130 	130 
000741 	151 	80 	130 	130 
000742 	151 	80 	130 	130 
000743 	151 	80 	130 	130 
000744 	137 	80 	130 	130 
000745 	137 	80 	130 	130 
000746 	137 	80 	130 	130 
000747 	137 	80 	130 	130 
000748 	137 	80 	130 	130 
000749 	137 	80 	130 	130 
000750 	137 	80 	130 	130 
000751 	137 	80 	130 	130 
000752 	137 	80 	130 	130 
000753 	151 	80 	130 	130 
000754 	151 	80 	130 	130 
000755 	151 	80 	130 	130 
000756 	151 	80 	130 	130 
000757 	151 	80 	130 	130 
000758 	151 	80 	130 	130 
000759 	151 	80 	130 	130 
000760 	151 	80 	130 	130 
000761 	151 	80 	130 	130 
000762 	151 	80 	130 	130 
000763 	151 	80 	130 	130 
000764 	151 	80 	130 	130 
000765 	151 	80 	130 	130 
000766 	151 	80 	130 	130 
000767 	151 	80 	130 	130 
000768 	151 	80 	130 	130 
000769 	151 	80 	130 	130 
000770 	151 	80 	130 	130 
000771 	151 	80 	130 	130 
000772 	151 	80 	130 	130 
000773 	151 	80 	130 	130 
000774 	151 	80 	130 	130 
000775 	130 	62 	156 	155 
000776 	130 	62 	156 	155 
000777 	130 	62 	156 	155 
000778 	130 	62 	156 	155 
000779 	130 	62 	156 	155 
000780 	130 	62 	156 	155 
000781 	130 	62 	156 	155 
000782 	130 	62 	156 	155 
000783 	130 	62 	156 	155 
000784 	130 	62 	156 	155 
000785 	137 	80 	130 	130 
000786 	130 	62 	156 	155 
000787 	130 	62 	156 	155 
000788 	137 	80 	130 	130 
000789 	137 	80 	130 	130 
000790 	137 	80 	130 	130 
000791 	137 	80 	130 	130 
000792 	137 	80 	130 	130 
000793 	137 	80 	130 	130 
000794 	137 	80 	130 	130 
000795 	137 	80 	130 	130 
000796 	137 	80 	130 	130 
000797 	137 	80 	130 	130 
000798 	137 	80 	130 	130 
000799 	137 	80 	130 	130 
000800 	137 	80 	130 	130 
000801 	137 	80 	130 	130 
000802 	137 	80 	130 	130 
000803 	137 	80 	130 	130 
000804 	137 	80 	130 	130 
000805 	137 	80 	130 	130 
000806 	137 	80 	130 	130 
000807 	137 	80 	130 	130 
000808 	137 	80 	130 	130 
000809 	137 	80 	130 	130 
000810 	137 	94 	130 	130 
000811 	122 	94 	130 	130 
000812 	122 	94 	130 	130 
000813 	122 	94 	130 	130 
000814 	122 	94 	130 	130 
000815 	122 	80 	130 	130 
000816 	122 	80 	130 	130 
000817 	122 	80 	130 	130 
000818 	122 	80 	130 	130 
000819 	122 	80 	130 	130 
000820 	122 	80 	130 	130 
000821 	122 	80 	130 	130 
000822 	122 	80 	130 	130 
000823 	122 	80 	130 	130 
000824 	122 	80 	130 	130 
000825 	122 	80 	130 	130 
000826 	122 	80 	130 	130 
000827 	122 	94 	130 	130 
000828 	122 	94 	130 	130 
000829 	122 	80 	130 	130 
000830 	122 	80 	130 	130 
000831 	122 	80 	130 	130 
000832 	122 	80 	130 	130 
000833 	122 	80 	130 	130 
000834 	122 	80 	130 	130 
000835 	122 	80 	130 	130 
000836 	122 	80 	130 	130 
000837 	138 	90 	108 	109 
000838 	138 	90 	108 	109 
000839 	138 	90 	108 	109 
000840 	138 	90 	108 	109 
000841 	138 	90 	108 	109 
000842 	138 	90 	108 	109 
000843 	138 	90 	108 	109 
000844 	138 	90 	108 	109 
000845 	138 	90 	108 	109 
000846 	138 	90 	108 	109 
000847 	137 	80 	130 	130 
000848 	137 	80 	130 	130 
000849 	137 	80 	130 	130 
000850 	137 	80 	130 	130 
000851 	137 	80 	130 	130 
000852 	137 	80 	130 	130 
000853 	137 	80 	130 	130 
000854 	137 	80 	130 	130 
000855 	137 	80 	130 	130 
000856 	137 	94 	130 	130 
000857 	137 	94 	130 	130 
000858 	137 	94 	130 	130 
000859 	137 	94 	130 	130 
000860 	137 	94 	130 	130 
000861 	138 	102 	108 	109 
000862 	138 	102 	108 	109 
000863 	122 	94 	130 	130 
000864 	122 	94 	130 	130 
000865 	138 	102 	108 	109 
000866 	138 	102 	108 	109 
000867 	122 	80 	130 	130 
000868 	138 	90 	108 	109 
000869 	122 	80 	130 	130 
000870 	138 	90 	108 	109 
000871 	122 	94 	130 	130 
000872 	122 	94 	130 	130 
000873 	122 	94 	130 	130 
000874 	138 	102 	108 	109 
000875 	138 	102 	108 	109 
000876 	137 	94 	130 	130 
000877 	137 	94 	130 	130 
000878 	137 	94 	130 	130 
000879 	137 	94 	130 	130 
000880 	137 	94 	130 	130 
000881 	137 	94 	130 	130 
000882 	137 	94 	130 	130 
000883 	137 	94 	130 	130 
000884 	137 	94 	130 	130 
000885 	137 	94 	130 	130 
000886 	137 	94 	130 	130 
000887 	137 	94 	130 	130 
000888 	137 	94 	130 	130 
000889 	137 	94 	130 	130 
000890 	137 	94 	130 	130 
000891 	137 	94 	130 	130 
000892 	137 	94 	130 	130 
000893 	137 	94 	130 	130 
000894 	137 	94 	130 	130 
000895 	137 	80 	130 	130 
000896 	137 	80 	130 	130 
000897 	137 	80 	130 	130 
000898 	137 	80 	130 	130 
000899 	137 	80 	130 	130 
000900 	137 	80 	130 	130 
000901 	137 	80 	130 	130 
000902 	137 	80 	130 	130 
000903 	122 	94 	130 	130 
000904 	122 	94 	130 	130 
000905 	122 	94 	130 	130 
000906 	122 	94 	130 	130 
000907 	122 	94 	130 	130 
000908 	122 	94 	130 	130 
000909 	122 	94 	130 	130 
000910 	122 	94 	130 	130 
000911 	122 	94 	130 	130 
000912 	122 	94 	130 	130 
000913 	122 	94 	130 	130 
000914 	122 	94 	130 	130 
000915 	122 	94 	130 	130 
000916 	122 	94 	130 	130 
000917 	122 	94 	130 	130 
000918 	122 	94 	130 	130 
000919 	122 	94 	130 	130 
000920 	122 	94 	130 	130 
000921 	126 	102 	108 	109 
000922 	122 	94 	130 	130 
000923 	122 	94 	130 	130 
000924 	126 	102 	108 	109 
000925 	126 	102 	108 	109 
000926 	126 	102 	108 	109 
000927 	126 	102 	108 	109 
000928 	126 	102 	108 	109 
000929 	126 	102 	108 	109 
000930 	126 	102 	108 	109 
000931 	126 	102 	108 	109 
000932 	126 	102 	108 	109 
000933 	126 	102 	108 	109 
000934 	126 	102 	108 	109 
000935 	126 	102 	108 	109 
000936 	126 	102 	108 	109 
000937 	126 	102 	108 	109 
000938 	126 	102 	108 	109 
000939 	126 	102 	108 	109 
000940 	126 	102 	108 	109 
000941 	126 	102 	108 	109 
000942 	126 	102 	108 	109 
000943 	126 	102 	108 	109 
000944 	126 	102 	108 	109 
000945 	126 	102 	108 	109 
000946 	126 	102 	108 	109 
000947 	122 	94 	130 	130 
000948 	122 	94 	130 	130 
000949 	122 	94 	130 	130 
000950 	122 	94 	130 	130 
000951 	122 	94 	130 	130 
000952 	122 	94 	130 	130 
000953 	122 	94 	130 	130 
000954 	122 	94 	130 	130 
000955 	122 	94 	130 	130 
000956 	122 	94 	130 	130 
000957 	122 	94 	130 	130 
000958 	122 	109 	130 	130 
000959 	122 	109 	130 	130 
000960 	122 	109 	130 	130 
000961 	126 	114 	108 	109 
000962 	126 	114 	108 	109 
000963 	126 	114 	108 	109 
000964 	126 	114 	108 	109 
000965 	126 	114 	108 	109 
000966 	126 	114 	108 	109 
000967 	126 	114 	108 	109 
000968 	126 	114 	108 	109 
000969 	126 	114 	108 	109 
000970 	126 	114 	108 	109 
000971 	122 	109 	130 	130 
000972 	122 	109 	130 	130 
000973 	122 	109 	130 	130 
000974 	122 	109 	130 	130 
000975 	126 	114 	108 	109 
000976 	122 	109 	130 	130 
000977 	122 	109 	130 	130 
000978 	122 	109 	130 	130 
000979 	122 	109 	130 	130 
000980 	122 	109 	130 	130 
000981 	122 	109 	130 	130 
000982 	122 	109 	130 	130 
000983 	122 	109 	130 	130 
000984 	122 	109 	130 	130 
000985 	122 	109 	130 	130 
000986 	122 	94 	130 	130 
000987 	122 	94 	130 	130 
000988 	122 	94 	130 	130 
000989 	122 	94 	130 	130 
000990 	122 	94 	130 	130 
000991 	122 	80 	130 	130 
000992 	137 	80 	130 	130 
000993 	137 	80 	130 	130 
000994 	137 	80 	130 	130 
000995 	137 	80 	130 	130 
000996 	137 	66 	130 	130 
000997 	130 	44 	156 	156 
000998 	151 	66 	130 	130 
000999 	151 	66 	130 	130 
001000 	151 	66 	130 	130 
001001 	151 	66 	130 	130 
001002 	147 	44 	156 	156 
001003 	165 	51 	130 	130 
001004 	165 	51 	130 	130 
001005 	165 	51 	130 	130 
001006 	165 	51 	130 	130 
001007 	165 	51 	130 	130 
001008 	164 	44 	156 	156 
001009 	180 	66 	130 	130 
001010 	180 	66 	130 	130 
001011 	180 	66 	130 	130 
001012 	180 	80 	130 	130 
001013 	180 	80 	130 	130 
001014 	180 	80 	130 	130 
001015 	180 	80 	130 	130 
001016 	180 	80 	130 	130 
001017 	165 	80 	130 	130 
001018 	165 	94 	130 	130 
001019 	165 	94 	130 	130 
001020 	165 	94 	130 	130 
001021 	165 	94 	130 	130 
001022 	165 	94 	130 	130 
001023 	165 	94 	130 	130 
001024 	165 	94 	130 	130 
001025 	165 	94 	130 	130 
001026 	165 	94 	130 	130 
001027 	165 	94 	130 	130 
001028 	165 	94 	130 	130 
001029 	165 	94 	130 	130 
001030 	165 	94 	130 	130 
001031 	165 	94 	130 	130 
001032 	165 	94 	130 	130 
001033 	165 	94 	130 	130 
001034 	165 	94 	130 	130 
001035 	165 	94 	130 	130 
001036 	165 	94 	130 	130 
001037 	165 	94 	130 	130 
001038 	165 	80 	130 	130 
001039 	165 	80 	130 	130 
001040 	165 	80 	130 	130 
001041 	165 	80 	130 	130 
001042 	165 	80 	130 	130 
001043 	165 	80 	130 	130 
001044 	151 	80 	130 	130 
001045 	151 	80 	130 	130 
001046 	151 	80 	130 	130 
001047 	151 	80 	130 	130 
001048 	151 	80 	130 	130 
001049 	151 	80 	130 	130 
001050 	151 	80 	130 	130 
001051 	151 	80 	130 	130 
001052 	137 	94 	130 	130 
001053 	151 	94 	130 	130 
001054 	151 	94 	130 	130 
001055 	151 	94 	130 	130 
001056 	151 	94 	130 	130 
001057 	151 	94 	130 	130 
001058 	151 	94 	130 	130 
001059 	151 	94 	130 	130 
001060 	151 	80 	130 	130 
001061 	151 	80 	130 	130 
001062 	151 	80 	130 	130 
001063 	151 	80 	130 	130 
001064 	151 	80 	130 	130 
001065 	151 	80 	130 	130 
001066 	151 	80 	130 	130 
001067 	165 	80 	130 	130 
001068 	147 	62 	156 	155 
001069 	151 	80 	130 	130 
001070 	151 	80 	130 	130 
001071 	151 	80 	130 	130 
001072 	151 	80 	130 	130 
001073 	151 	80 	130 	130 
001074 	151 	80 	130 	130 
001075 	151 	80 	130 	130 
001076 	151 	80 	130 	130 
001077 	151 	80 	130 	130 
001078 	151 	80 	130 	130 
001079 	151 	80 	130 	130 
001080 	151 	80 	130 	130 
001081 	151 	80 	130 	130 
001082 	151 	80 	130 	130 
001083 	151 	80 	130 	130 
001084 	151 	80 	130 	130 
001085 	151 	80 	130 	130 
001086 	151 	80 	130 	130 
001087 	151 	80 	130 	130 
001088 	151 	80 	130 	130 
001089 	151 	80 	130 	130 
001090 	151 	80 	130 	130 
001091 	151 	80 	130 	130 
001092 	151 	80 	130 	130 
001093 	151 	80 	130 	130 
001094 	151 	80 	130 	130 
001095 	151 	80 	130 	130 
001096 	137 	80 	130 	130 
001097 	137 	80 	130 	130 
001098 	137 	80 	130 	130 
001099 	137 	80 	130 	130 
001100 	151 	80 	130 	130 
001101 	151 	80 	130 	130 
001102 	151 	80 	130 	130 
001103 	151 	80 	130 	130 
001104 	151 	80 	130 	130 
001105 	151 	80 	130 	130 
001106 	151 	80 	130 	130 
001107 	151 	80 	130 	130 
001108 	151 	80 	130 	130 
001109 	151 	80 	130 	130 
001110 	151 	80 	130 	130 
001111 	151 	80 	130 	130 
001112 	151 	80 	130 	130 
001113 	151 	80 	130 	130 
001114 	151 	80 	130 	130 
001115 	151 	80 	130 	130 
001116 	151 	80 	130 	130 
001117 	151 	80 	130 	130 
001118 	151 	80 	130 	130 
001119 	151 	80 	130 	130 
001120 	151 	80 	130 	130 
001121 	151 	80 	130 	130 
001122 	151 	80 	130 	130 
001123 	151 	80 	130 	130 
