Identity  : 	id10376
Reference : 	HZ1boEyPgQ4
Offset    : 	-1
FV Conf   : 	19.355
ASD Conf  : 	7.215

FRAME 	X 	Y 	W 	H 
002263 	336 	71 	75 	75 
002264 	336 	71 	75 	75 
002265 	336 	71 	75 	75 
002266 	336 	79 	75 	76 
002267 	336 	79 	75 	76 
002268 	336 	79 	75 	76 
002269 	336 	79 	75 	76 
002270 	336 	79 	75 	76 
002271 	336 	79 	75 	76 
002272 	336 	79 	75 	76 
002273 	336 	79 	75 	76 
002274 	336 	79 	75 	76 
002275 	336 	79 	75 	76 
002276 	336 	79 	75 	76 
002277 	336 	79 	75 	76 
002278 	336 	79 	75 	76 
002279 	336 	79 	75 	76 
002280 	336 	79 	75 	76 
002281 	336 	79 	75 	76 
002282 	336 	79 	75 	76 
002283 	336 	79 	75 	76 
002284 	336 	79 	75 	76 
002285 	336 	79 	75 	76 
002286 	336 	79 	75 	76 
002287 	336 	79 	75 	76 
002288 	336 	79 	75 	76 
002289 	336 	79 	75 	76 
002290 	336 	79 	75 	76 
002291 	336 	79 	75 	76 
002292 	336 	79 	75 	76 
002293 	336 	79 	75 	76 
002294 	336 	79 	75 	76 
002295 	336 	79 	75 	76 
002296 	327 	79 	76 	76 
002297 	327 	79 	76 	76 
002298 	327 	79 	76 	76 
002299 	327 	79 	76 	76 
002300 	327 	79 	76 	76 
002301 	327 	79 	76 	76 
002302 	327 	79 	76 	76 
002303 	327 	79 	76 	76 
002304 	327 	79 	76 	76 
002305 	327 	79 	76 	76 
002306 	327 	79 	76 	76 
002307 	327 	79 	76 	76 
002308 	327 	79 	76 	76 
002309 	327 	79 	76 	76 
002310 	327 	79 	76 	76 
002311 	327 	79 	76 	76 
002312 	327 	79 	76 	76 
002313 	323 	65 	91 	91 
002314 	323 	65 	91 	91 
002315 	323 	65 	91 	91 
002316 	323 	65 	91 	91 
002317 	323 	65 	91 	91 
002318 	336 	71 	75 	75 
002319 	323 	65 	91 	91 
002320 	336 	71 	75 	75 
002321 	336 	71 	75 	75 
002322 	336 	71 	75 	75 
002323 	336 	71 	75 	75 
002324 	336 	71 	75 	75 
002325 	336 	71 	75 	75 
002326 	336 	71 	75 	75 
002327 	336 	71 	75 	75 
002328 	336 	71 	75 	75 
002329 	336 	71 	75 	75 
002330 	344 	71 	76 	75 
002331 	344 	71 	76 	75 
002332 	344 	71 	76 	75 
002333 	344 	71 	76 	75 
002334 	344 	71 	76 	75 
002335 	344 	62 	76 	76 
002336 	344 	62 	76 	76 
002337 	344 	62 	76 	76 
002338 	344 	62 	76 	76 
002339 	344 	62 	76 	76 
002340 	344 	62 	76 	76 
002341 	344 	62 	76 	76 
002342 	344 	62 	76 	76 
002343 	344 	62 	76 	76 
002344 	344 	62 	76 	76 
002345 	344 	62 	76 	76 
002346 	344 	62 	76 	76 
002347 	344 	62 	76 	76 
002348 	344 	62 	76 	76 
002349 	333 	55 	91 	91 
002350 	344 	62 	76 	76 
002351 	344 	62 	76 	76 
002352 	344 	62 	76 	76 
002353 	344 	62 	76 	76 
002354 	344 	62 	76 	76 
002355 	344 	71 	76 	75 
002356 	344 	71 	76 	75 
002357 	344 	71 	76 	75 
002358 	344 	71 	76 	75 
002359 	344 	71 	76 	75 
002360 	344 	71 	76 	75 
002361 	344 	71 	76 	75 
002362 	344 	71 	76 	75 
002363 	336 	71 	75 	75 
002364 	336 	71 	75 	75 
002365 	344 	71 	76 	75 
002366 	336 	71 	75 	75 
002367 	336 	71 	75 	75 
002368 	336 	71 	75 	75 
002369 	336 	71 	75 	75 
002370 	336 	71 	75 	75 
002371 	336 	71 	75 	75 
002372 	336 	71 	75 	75 
002373 	336 	71 	75 	75 
002374 	336 	71 	75 	75 
002375 	336 	71 	75 	75 
002376 	336 	71 	75 	75 
002377 	336 	71 	75 	75 
002378 	336 	71 	75 	75 
002379 	336 	71 	75 	75 
002380 	336 	71 	75 	75 
002381 	336 	71 	75 	75 
002382 	336 	71 	75 	75 
002383 	336 	71 	75 	75 
002384 	336 	71 	75 	75 
002385 	336 	71 	75 	75 
002386 	336 	71 	75 	75 
002387 	336 	71 	75 	75 
002388 	336 	71 	75 	75 
002389 	336 	71 	75 	75 
002390 	336 	71 	75 	75 
002391 	336 	71 	75 	75 
002392 	336 	71 	75 	75 
002393 	336 	71 	75 	75 
002394 	336 	71 	75 	75 
002395 	336 	71 	75 	75 
002396 	336 	71 	75 	75 
002397 	336 	71 	75 	75 
002398 	344 	71 	76 	75 
002399 	344 	71 	76 	75 
002400 	336 	71 	75 	75 
002401 	336 	71 	75 	75 
002402 	336 	71 	75 	75 
002403 	336 	71 	75 	75 
002404 	336 	71 	75 	75 
002405 	336 	71 	75 	75 
002406 	336 	71 	75 	75 
002407 	336 	71 	75 	75 
002408 	336 	71 	75 	75 
002409 	336 	71 	75 	75 
002410 	336 	71 	75 	75 
002411 	336 	71 	75 	75 
002412 	336 	71 	75 	75 
002413 	349 	73 	63 	63 
002414 	349 	73 	63 	63 
002415 	344 	62 	76 	76 
002416 	344 	62 	76 	76 
002417 	344 	62 	76 	76 
002418 	344 	62 	76 	76 
002419 	344 	54 	76 	76 
002420 	356 	66 	63 	63 
002421 	352 	54 	76 	76 
002422 	352 	54 	76 	76 
002423 	352 	54 	76 	76 
002424 	352 	54 	76 	76 
002425 	352 	54 	76 	76 
002426 	352 	54 	76 	76 
002427 	352 	54 	76 	76 
002428 	352 	54 	76 	76 
002429 	352 	62 	76 	76 
002430 	352 	62 	76 	76 
002431 	352 	62 	76 	76 
002432 	352 	62 	76 	76 
002433 	352 	62 	76 	76 
002434 	352 	62 	76 	76 
002435 	352 	62 	76 	76 
002436 	352 	62 	76 	76 
002437 	352 	62 	76 	76 
002438 	352 	62 	76 	76 
002439 	352 	62 	76 	76 
002440 	352 	62 	76 	76 
002441 	352 	62 	76 	76 
002442 	352 	62 	76 	76 
002443 	352 	62 	76 	76 
002444 	352 	62 	76 	76 
002445 	344 	62 	76 	76 
002446 	344 	62 	76 	76 
002447 	344 	62 	76 	76 
002448 	344 	62 	76 	76 
002449 	344 	62 	76 	76 
002450 	344 	62 	76 	76 
002451 	344 	62 	76 	76 
002452 	344 	62 	76 	76 
002453 	344 	62 	76 	76 
002454 	344 	62 	76 	76 
002455 	344 	62 	76 	76 
002456 	344 	62 	76 	76 
002457 	344 	62 	76 	76 
002458 	344 	62 	76 	76 
002459 	344 	62 	76 	76 
002460 	344 	71 	76 	75 
002461 	344 	71 	76 	75 
002462 	344 	71 	76 	75 
002463 	344 	71 	76 	75 
002464 	352 	71 	76 	75 
002465 	352 	71 	76 	75 
002466 	352 	71 	76 	75 
002467 	352 	71 	76 	75 
002468 	352 	71 	76 	75 
002469 	352 	71 	76 	75 
002470 	352 	71 	76 	75 
002471 	352 	71 	76 	75 
002472 	352 	71 	76 	75 
002473 	352 	71 	76 	75 
002474 	352 	71 	76 	75 
002475 	344 	71 	76 	75 
002476 	344 	71 	76 	75 
002477 	344 	71 	76 	75 
002478 	344 	71 	76 	75 
002479 	344 	71 	76 	75 
002480 	344 	71 	76 	75 
002481 	344 	71 	76 	75 
002482 	344 	71 	76 	75 
002483 	344 	71 	76 	75 
002484 	344 	71 	76 	75 
002485 	344 	71 	76 	75 
002486 	344 	71 	76 	75 
002487 	344 	71 	76 	75 
002488 	344 	71 	76 	75 
002489 	344 	71 	76 	75 
