Identity  : 	id10376
Reference : 	HZ1boEyPgQ4
Offset    : 	-1
FV Conf   : 	17.694
ASD Conf  : 	7.119

FRAME 	X 	Y 	W 	H 
003579 	336 	71 	75 	75 
003580 	336 	71 	75 	75 
003581 	336 	62 	75 	76 
003582 	336 	62 	75 	76 
003583 	336 	62 	75 	76 
003584 	336 	62 	75 	76 
003585 	336 	71 	75 	75 
003586 	336 	71 	75 	75 
003587 	336 	71 	75 	75 
003588 	336 	71 	75 	75 
003589 	336 	71 	75 	75 
003590 	336 	71 	75 	75 
003591 	333 	65 	91 	91 
003592 	344 	71 	76 	75 
003593 	336 	71 	75 	75 
003594 	336 	71 	75 	75 
003595 	336 	71 	75 	75 
003596 	336 	71 	75 	75 
003597 	336 	71 	75 	75 
003598 	336 	71 	75 	75 
003599 	336 	71 	75 	75 
003600 	336 	71 	75 	75 
003601 	336 	71 	75 	75 
003602 	336 	71 	75 	75 
003603 	336 	71 	75 	75 
003604 	336 	71 	75 	75 
003605 	336 	71 	75 	75 
003606 	336 	71 	75 	75 
003607 	344 	71 	76 	75 
003608 	344 	71 	76 	75 
003609 	344 	71 	76 	75 
003610 	344 	71 	76 	75 
003611 	333 	65 	91 	91 
003612 	333 	65 	91 	91 
003613 	336 	71 	75 	75 
003614 	336 	71 	75 	75 
003615 	336 	71 	75 	75 
003616 	336 	71 	75 	75 
003617 	336 	71 	75 	75 
003618 	336 	71 	75 	75 
003619 	336 	71 	75 	75 
003620 	336 	71 	75 	75 
003621 	336 	71 	75 	75 
003622 	336 	71 	75 	75 
003623 	336 	71 	75 	75 
003624 	336 	71 	75 	75 
003625 	336 	71 	75 	75 
003626 	336 	71 	75 	75 
003627 	336 	71 	75 	75 
003628 	336 	71 	75 	75 
003629 	336 	71 	75 	75 
003630 	336 	71 	75 	75 
003631 	327 	71 	76 	75 
003632 	327 	71 	76 	75 
003633 	327 	71 	76 	75 
003634 	327 	71 	76 	75 
003635 	327 	71 	76 	75 
003636 	327 	71 	76 	75 
003637 	327 	71 	76 	75 
003638 	327 	71 	76 	75 
003639 	327 	71 	76 	75 
003640 	327 	71 	76 	75 
003641 	327 	71 	76 	75 
003642 	327 	71 	76 	75 
003643 	327 	71 	76 	75 
003644 	327 	71 	76 	75 
003645 	327 	71 	76 	75 
003646 	336 	71 	75 	75 
003647 	336 	71 	75 	75 
003648 	336 	71 	75 	75 
003649 	336 	71 	75 	75 
003650 	336 	71 	75 	75 
003651 	336 	71 	75 	75 
003652 	336 	71 	75 	75 
003653 	336 	71 	75 	75 
003654 	336 	71 	75 	75 
003655 	336 	71 	75 	75 
003656 	336 	71 	75 	75 
003657 	336 	71 	75 	75 
003658 	336 	71 	75 	75 
003659 	336 	71 	75 	75 
003660 	336 	71 	75 	75 
003661 	336 	71 	75 	75 
003662 	336 	71 	75 	75 
003663 	336 	71 	75 	75 
003664 	336 	71 	75 	75 
003665 	336 	71 	75 	75 
003666 	336 	71 	75 	75 
003667 	336 	71 	75 	75 
003668 	336 	71 	75 	75 
003669 	336 	71 	75 	75 
003670 	336 	71 	75 	75 
003671 	336 	71 	75 	75 
003672 	336 	71 	75 	75 
003673 	336 	71 	75 	75 
003674 	336 	71 	75 	75 
003675 	336 	71 	75 	75 
003676 	336 	71 	75 	75 
003677 	336 	71 	75 	75 
003678 	336 	71 	75 	75 
003679 	336 	71 	75 	75 
003680 	336 	71 	75 	75 
003681 	336 	71 	75 	75 
003682 	336 	71 	75 	75 
003683 	336 	71 	75 	75 
003684 	336 	71 	75 	75 
003685 	336 	71 	75 	75 
003686 	336 	62 	75 	76 
003687 	336 	62 	75 	76 
003688 	336 	71 	75 	75 
003689 	336 	71 	75 	75 
003690 	336 	71 	75 	75 
003691 	336 	71 	75 	75 
003692 	336 	71 	75 	75 
003693 	336 	71 	75 	75 
003694 	336 	71 	75 	75 
003695 	336 	71 	75 	75 
003696 	336 	71 	75 	75 
003697 	336 	71 	75 	75 
003698 	336 	71 	75 	75 
003699 	336 	71 	75 	75 
003700 	336 	71 	75 	75 
003701 	336 	71 	75 	75 
003702 	336 	71 	75 	75 
003703 	336 	71 	75 	75 
003704 	336 	71 	75 	75 
003705 	336 	71 	75 	75 
003706 	336 	71 	75 	75 
003707 	336 	71 	75 	75 
003708 	336 	71 	75 	75 
003709 	336 	71 	75 	75 
003710 	336 	71 	75 	75 
003711 	336 	71 	75 	75 
