Identity  : 	id10376
Reference : 	HZ1boEyPgQ4
Offset    : 	-1
FV Conf   : 	18.960
ASD Conf  : 	8.864

FRAME 	X 	Y 	W 	H 
002859 	344 	71 	76 	75 
002860 	344 	71 	76 	75 
002861 	344 	71 	76 	75 
002862 	344 	71 	76 	75 
002863 	344 	71 	76 	75 
002864 	344 	71 	76 	75 
002865 	344 	71 	76 	75 
002866 	344 	71 	76 	75 
002867 	344 	71 	76 	75 
002868 	344 	71 	76 	75 
002869 	344 	71 	76 	75 
002870 	344 	71 	76 	75 
002871 	344 	71 	76 	75 
002872 	344 	71 	76 	75 
002873 	344 	71 	76 	75 
002874 	344 	71 	76 	75 
002875 	344 	71 	76 	75 
002876 	344 	71 	76 	75 
002877 	344 	71 	76 	75 
002878 	344 	71 	76 	75 
002879 	344 	71 	76 	75 
002880 	344 	62 	76 	76 
002881 	352 	71 	76 	75 
002882 	352 	62 	76 	76 
002883 	352 	62 	76 	76 
002884 	352 	62 	76 	76 
002885 	352 	62 	76 	76 
002886 	352 	62 	76 	76 
002887 	352 	62 	76 	76 
002888 	352 	62 	76 	76 
002889 	352 	62 	76 	76 
002890 	361 	62 	75 	76 
002891 	361 	62 	75 	76 
002892 	361 	62 	75 	76 
002893 	361 	62 	75 	76 
002894 	361 	62 	75 	76 
002895 	361 	62 	75 	76 
002896 	361 	62 	75 	76 
002897 	361 	62 	75 	76 
002898 	361 	62 	75 	76 
002899 	369 	62 	76 	76 
002900 	369 	62 	76 	76 
002901 	369 	62 	76 	76 
002902 	369 	62 	76 	76 
002903 	369 	62 	76 	76 
002904 	369 	62 	76 	76 
002905 	369 	62 	76 	76 
002906 	369 	62 	76 	76 
002907 	369 	62 	76 	76 
002908 	369 	62 	76 	76 
002909 	369 	62 	76 	76 
002910 	369 	73 	64 	63 
002911 	369 	73 	64 	63 
002912 	369 	73 	64 	63 
002913 	369 	73 	64 	63 
002914 	369 	73 	64 	63 
002915 	361 	62 	75 	76 
002916 	361 	71 	75 	75 
002917 	361 	71 	75 	75 
002918 	361 	71 	75 	75 
002919 	361 	71 	75 	75 
002920 	361 	71 	75 	75 
002921 	361 	71 	75 	75 
002922 	361 	71 	75 	75 
002923 	361 	71 	75 	75 
002924 	361 	71 	75 	75 
002925 	361 	71 	75 	75 
002926 	361 	71 	75 	75 
002927 	361 	71 	75 	75 
002928 	361 	71 	75 	75 
002929 	361 	71 	75 	75 
002930 	361 	71 	75 	75 
002931 	361 	71 	75 	75 
002932 	361 	71 	75 	75 
002933 	369 	71 	76 	75 
002934 	369 	71 	76 	75 
002935 	369 	73 	64 	63 
002936 	369 	71 	76 	75 
002937 	369 	71 	76 	75 
002938 	369 	71 	76 	75 
002939 	369 	62 	76 	76 
002940 	369 	62 	76 	76 
002941 	369 	62 	76 	76 
002942 	369 	62 	76 	76 
002943 	369 	62 	76 	76 
002944 	369 	62 	76 	76 
002945 	369 	62 	76 	76 
002946 	369 	62 	76 	76 
002947 	376 	66 	64 	63 
002948 	376 	66 	64 	63 
002949 	376 	66 	64 	63 
002950 	369 	62 	76 	76 
002951 	369 	62 	76 	76 
002952 	369 	62 	76 	76 
002953 	369 	62 	76 	76 
002954 	369 	62 	76 	76 
002955 	369 	62 	76 	76 
002956 	369 	62 	76 	76 
002957 	369 	62 	76 	76 
002958 	369 	62 	76 	76 
002959 	369 	62 	76 	76 
002960 	369 	62 	76 	76 
002961 	369 	62 	76 	76 
002962 	361 	62 	75 	76 
002963 	361 	62 	75 	76 
002964 	361 	62 	75 	76 
002965 	361 	62 	75 	76 
002966 	361 	62 	75 	76 
002967 	361 	62 	75 	76 
002968 	361 	62 	75 	76 
002969 	361 	62 	75 	76 
002970 	361 	62 	75 	76 
002971 	361 	62 	75 	76 
002972 	361 	62 	75 	76 
002973 	361 	62 	75 	76 
002974 	361 	62 	75 	76 
002975 	361 	62 	75 	76 
002976 	361 	62 	75 	76 
002977 	361 	62 	75 	76 
002978 	361 	62 	75 	76 
002979 	361 	62 	75 	76 
002980 	361 	62 	75 	76 
002981 	361 	62 	75 	76 
002982 	361 	62 	75 	76 
002983 	361 	62 	75 	76 
002984 	361 	62 	75 	76 
002985 	361 	62 	75 	76 
002986 	361 	62 	75 	76 
002987 	361 	62 	75 	76 
002988 	361 	62 	75 	76 
002989 	361 	62 	75 	76 
002990 	361 	62 	75 	76 
002991 	361 	62 	75 	76 
002992 	361 	62 	75 	76 
002993 	361 	62 	75 	76 
002994 	353 	55 	91 	91 
002995 	369 	66 	64 	63 
002996 	361 	54 	75 	76 
002997 	369 	66 	64 	63 
002998 	369 	54 	76 	76 
002999 	361 	54 	75 	76 
003000 	369 	54 	76 	76 
003001 	369 	62 	76 	76 
003002 	369 	62 	76 	76 
003003 	369 	62 	76 	76 
003004 	369 	62 	76 	76 
003005 	369 	62 	76 	76 
003006 	369 	62 	76 	76 
003007 	369 	62 	76 	76 
003008 	369 	62 	76 	76 
003009 	369 	62 	76 	76 
003010 	369 	62 	76 	76 
003011 	377 	62 	76 	76 
003012 	377 	62 	76 	76 
003013 	377 	62 	76 	76 
003014 	377 	62 	76 	76 
003015 	377 	62 	76 	76 
003016 	377 	62 	76 	76 
003017 	377 	62 	76 	76 
003018 	377 	62 	76 	76 
003019 	377 	62 	76 	76 
003020 	377 	62 	76 	76 
003021 	377 	62 	76 	76 
003022 	377 	54 	76 	76 
003023 	377 	54 	76 	76 
003024 	377 	54 	76 	76 
003025 	377 	54 	76 	76 
003026 	377 	54 	76 	76 
003027 	377 	54 	76 	76 
003028 	377 	62 	76 	76 
003029 	377 	62 	76 	76 
003030 	377 	62 	76 	76 
003031 	377 	62 	76 	76 
003032 	377 	62 	76 	76 
003033 	377 	62 	76 	76 
003034 	377 	62 	76 	76 
003035 	377 	62 	76 	76 
003036 	377 	62 	76 	76 
003037 	377 	62 	76 	76 
003038 	377 	62 	76 	76 
003039 	377 	62 	76 	76 
003040 	377 	62 	76 	76 
003041 	377 	62 	76 	76 
003042 	377 	62 	76 	76 
003043 	377 	62 	76 	76 
003044 	377 	62 	76 	76 
003045 	377 	62 	76 	76 
003046 	377 	62 	76 	76 
003047 	377 	62 	76 	76 
003048 	377 	62 	76 	76 
003049 	377 	62 	76 	76 
003050 	369 	62 	76 	76 
003051 	369 	62 	76 	76 
003052 	369 	62 	76 	76 
003053 	369 	62 	76 	76 
003054 	369 	62 	76 	76 
003055 	369 	62 	76 	76 
003056 	361 	62 	75 	76 
003057 	361 	62 	75 	76 
003058 	361 	62 	75 	76 
003059 	361 	62 	75 	76 
003060 	352 	62 	76 	76 
003061 	352 	62 	76 	76 
003062 	352 	62 	76 	76 
003063 	352 	62 	76 	76 
003064 	352 	62 	76 	76 
003065 	352 	62 	76 	76 
003066 	352 	62 	76 	76 
003067 	352 	62 	76 	76 
003068 	344 	62 	76 	76 
003069 	344 	62 	76 	76 
003070 	344 	62 	76 	76 
003071 	344 	62 	76 	76 
003072 	344 	62 	76 	76 
003073 	344 	62 	76 	76 
003074 	344 	62 	76 	76 
003075 	344 	71 	76 	75 
003076 	344 	71 	76 	75 
003077 	344 	71 	76 	75 
003078 	344 	71 	76 	75 
003079 	344 	71 	76 	75 
003080 	344 	71 	76 	75 
003081 	344 	62 	76 	76 
003082 	344 	71 	76 	75 
003083 	344 	71 	76 	75 
003084 	344 	71 	76 	75 
003085 	344 	71 	76 	75 
003086 	344 	71 	76 	75 
003087 	344 	71 	76 	75 
003088 	344 	71 	76 	75 
003089 	336 	71 	75 	75 
003090 	336 	71 	75 	75 
003091 	336 	71 	75 	75 
003092 	336 	71 	75 	75 
003093 	336 	71 	75 	75 
003094 	336 	71 	75 	75 
003095 	336 	71 	75 	75 
003096 	336 	71 	75 	75 
003097 	336 	71 	75 	75 
003098 	336 	71 	75 	75 
003099 	336 	71 	75 	75 
003100 	336 	71 	75 	75 
003101 	336 	71 	75 	75 
003102 	336 	71 	75 	75 
003103 	336 	71 	75 	75 
003104 	336 	71 	75 	75 
003105 	336 	71 	75 	75 
003106 	336 	71 	75 	75 
003107 	336 	71 	75 	75 
003108 	336 	71 	75 	75 
003109 	336 	71 	75 	75 
003110 	336 	71 	75 	75 
003111 	336 	71 	75 	75 
003112 	336 	71 	75 	75 
003113 	336 	71 	75 	75 
003114 	336 	71 	75 	75 
003115 	336 	71 	75 	75 
003116 	336 	71 	75 	75 
003117 	336 	71 	75 	75 
003118 	336 	71 	75 	75 
003119 	336 	71 	75 	75 
003120 	336 	71 	75 	75 
003121 	336 	71 	75 	75 
003122 	336 	71 	75 	75 
003123 	336 	71 	75 	75 
003124 	336 	71 	75 	75 
003125 	344 	71 	76 	75 
003126 	344 	71 	76 	75 
003127 	344 	71 	76 	75 
003128 	344 	71 	76 	75 
003129 	344 	71 	76 	75 
003130 	344 	71 	76 	75 
003131 	344 	71 	76 	75 
003132 	344 	71 	76 	75 
003133 	344 	71 	76 	75 
003134 	344 	71 	76 	75 
003135 	344 	71 	76 	75 
003136 	344 	71 	76 	75 
003137 	344 	71 	76 	75 
003138 	344 	71 	76 	75 
003139 	344 	71 	76 	75 
003140 	344 	71 	76 	75 
003141 	344 	71 	76 	75 
003142 	344 	71 	76 	75 
003143 	344 	71 	76 	75 
003144 	344 	71 	76 	75 
003145 	344 	71 	76 	75 
003146 	344 	71 	76 	75 
003147 	344 	71 	76 	75 
003148 	333 	65 	91 	91 
003149 	333 	65 	91 	91 
003150 	333 	65 	91 	91 
003151 	336 	71 	75 	75 
003152 	336 	71 	75 	75 
003153 	336 	71 	75 	75 
003154 	336 	71 	75 	75 
003155 	336 	71 	75 	75 
003156 	336 	71 	75 	75 
003157 	336 	71 	75 	75 
003158 	336 	71 	75 	75 
003159 	336 	71 	75 	75 
003160 	336 	71 	75 	75 
003161 	336 	71 	75 	75 
003162 	336 	71 	75 	75 
003163 	336 	71 	75 	75 
003164 	336 	71 	75 	75 
003165 	336 	71 	75 	75 
003166 	336 	71 	75 	75 
003167 	336 	71 	75 	75 
003168 	336 	71 	75 	75 
003169 	336 	71 	75 	75 
003170 	336 	71 	75 	75 
003171 	336 	71 	75 	75 
003172 	336 	71 	75 	75 
003173 	336 	71 	75 	75 
003174 	336 	71 	75 	75 
003175 	336 	71 	75 	75 
003176 	336 	71 	75 	75 
003177 	336 	71 	75 	75 
003178 	336 	71 	75 	75 
003179 	336 	71 	75 	75 
003180 	336 	71 	75 	75 
003181 	336 	71 	75 	75 
003182 	336 	71 	75 	75 
003183 	336 	71 	75 	75 
003184 	336 	71 	75 	75 
003185 	336 	71 	75 	75 
003186 	336 	71 	75 	75 
003187 	336 	71 	75 	75 
003188 	336 	71 	75 	75 
003189 	336 	71 	75 	75 
003190 	336 	71 	75 	75 
003191 	336 	71 	75 	75 
003192 	336 	71 	75 	75 
003193 	344 	71 	76 	75 
003194 	344 	71 	76 	75 
003195 	344 	71 	76 	75 
003196 	344 	62 	76 	76 
003197 	344 	71 	76 	75 
003198 	344 	71 	76 	75 
003199 	352 	71 	76 	75 
003200 	352 	71 	76 	75 
003201 	352 	71 	76 	75 
003202 	352 	71 	76 	75 
003203 	352 	71 	76 	75 
003204 	352 	71 	76 	75 
003205 	352 	71 	76 	75 
003206 	344 	71 	76 	75 
003207 	344 	71 	76 	75 
003208 	344 	71 	76 	75 
003209 	344 	71 	76 	75 
003210 	352 	71 	76 	75 
003211 	352 	71 	76 	75 
003212 	352 	71 	76 	75 
003213 	352 	71 	76 	75 
003214 	352 	71 	76 	75 
003215 	352 	71 	76 	75 
003216 	352 	71 	76 	75 
003217 	352 	71 	76 	75 
003218 	352 	71 	76 	75 
003219 	352 	71 	76 	75 
003220 	352 	71 	76 	75 
003221 	352 	71 	76 	75 
003222 	352 	71 	76 	75 
003223 	352 	71 	76 	75 
003224 	352 	71 	76 	75 
003225 	352 	71 	76 	75 
003226 	352 	71 	76 	75 
003227 	352 	71 	76 	75 
003228 	352 	71 	76 	75 
003229 	352 	71 	76 	75 
003230 	352 	71 	76 	75 
003231 	352 	71 	76 	75 
003232 	352 	71 	76 	75 
003233 	352 	71 	76 	75 
003234 	352 	71 	76 	75 
003235 	352 	71 	76 	75 
003236 	352 	71 	76 	75 
003237 	352 	71 	76 	75 
003238 	352 	71 	76 	75 
003239 	352 	71 	76 	75 
003240 	352 	71 	76 	75 
003241 	352 	71 	76 	75 
003242 	352 	71 	76 	75 
003243 	352 	71 	76 	75 
003244 	352 	71 	76 	75 
003245 	352 	71 	76 	75 
003246 	352 	71 	76 	75 
003247 	352 	71 	76 	75 
003248 	352 	71 	76 	75 
003249 	352 	71 	76 	75 
003250 	352 	71 	76 	75 
003251 	344 	71 	76 	75 
003252 	344 	71 	76 	75 
003253 	344 	71 	76 	75 
003254 	344 	71 	76 	75 
003255 	344 	71 	76 	75 
003256 	344 	71 	76 	75 
003257 	344 	71 	76 	75 
003258 	344 	71 	76 	75 
003259 	344 	71 	76 	75 
003260 	344 	71 	76 	75 
003261 	344 	71 	76 	75 
