Identity  : 	id10376
Reference : 	HZ1boEyPgQ4
Offset    : 	-1
FV Conf   : 	17.696
ASD Conf  : 	5.936

FRAME 	X 	Y 	W 	H 
007651 	385 	79 	76 	76 
007652 	385 	79 	76 	76 
007653 	385 	79 	76 	76 
007654 	385 	79 	76 	76 
007655 	385 	79 	76 	76 
007656 	385 	79 	76 	76 
007657 	385 	79 	76 	76 
007658 	385 	79 	76 	76 
007659 	385 	71 	76 	75 
007660 	377 	71 	76 	75 
007661 	377 	71 	76 	75 
007662 	369 	71 	76 	75 
007663 	369 	62 	76 	76 
007664 	369 	62 	76 	76 
007665 	361 	62 	75 	76 
007666 	352 	62 	76 	76 
007667 	352 	62 	76 	76 
007668 	352 	62 	76 	76 
007669 	344 	62 	76 	76 
007670 	344 	62 	76 	76 
007671 	344 	62 	76 	76 
007672 	336 	62 	75 	76 
007673 	336 	62 	75 	76 
007674 	336 	62 	75 	76 
007675 	336 	62 	75 	76 
007676 	336 	62 	75 	76 
007677 	336 	62 	75 	76 
007678 	336 	62 	75 	76 
007679 	336 	62 	75 	76 
007680 	336 	62 	75 	76 
007681 	336 	62 	75 	76 
007682 	344 	62 	76 	76 
007683 	349 	66 	63 	63 
007684 	344 	54 	76 	76 
007685 	356 	66 	63 	63 
007686 	352 	54 	76 	76 
007687 	352 	54 	76 	76 
007688 	362 	66 	64 	63 
007689 	361 	62 	75 	76 
007690 	361 	62 	75 	76 
007691 	353 	55 	91 	91 
007692 	369 	62 	76 	76 
007693 	369 	71 	76 	75 
007694 	369 	71 	76 	75 
007695 	377 	71 	76 	75 
007696 	377 	71 	76 	75 
007697 	377 	71 	76 	75 
007698 	377 	71 	76 	75 
007699 	377 	71 	76 	75 
007700 	377 	71 	76 	75 
007701 	377 	71 	76 	75 
007702 	377 	71 	76 	75 
007703 	377 	71 	76 	75 
007704 	377 	71 	76 	75 
007705 	377 	71 	76 	75 
007706 	377 	71 	76 	75 
007707 	377 	71 	76 	75 
007708 	377 	71 	76 	75 
007709 	369 	62 	76 	76 
007710 	369 	62 	76 	76 
007711 	369 	62 	76 	76 
007712 	361 	62 	75 	76 
007713 	361 	62 	75 	76 
007714 	361 	62 	75 	76 
007715 	361 	71 	75 	75 
007716 	361 	71 	75 	75 
007717 	361 	71 	75 	75 
007718 	369 	80 	64 	63 
007719 	361 	71 	75 	75 
007720 	361 	71 	75 	75 
007721 	361 	71 	75 	75 
007722 	361 	71 	75 	75 
007723 	369 	80 	64 	63 
007724 	369 	71 	76 	75 
007725 	369 	71 	76 	75 
007726 	377 	71 	76 	75 
007727 	377 	71 	76 	75 
007728 	377 	79 	76 	76 
007729 	377 	79 	76 	76 
007730 	377 	79 	76 	76 
007731 	377 	79 	76 	76 
007732 	377 	79 	76 	76 
007733 	377 	79 	76 	76 
007734 	377 	79 	76 	76 
007735 	377 	71 	76 	75 
007736 	377 	71 	76 	75 
007737 	369 	71 	76 	75 
007738 	369 	71 	76 	75 
007739 	369 	62 	76 	76 
007740 	361 	62 	75 	76 
007741 	361 	62 	75 	76 
007742 	361 	62 	75 	76 
007743 	352 	62 	76 	76 
007744 	352 	62 	76 	76 
007745 	344 	62 	76 	76 
007746 	344 	62 	76 	76 
007747 	336 	62 	75 	76 
007748 	336 	62 	75 	76 
007749 	327 	62 	76 	76 
007750 	327 	62 	76 	76 
007751 	319 	62 	76 	76 
007752 	319 	62 	76 	76 
007753 	319 	62 	76 	76 
007754 	319 	62 	76 	76 
007755 	319 	62 	76 	76 
007756 	319 	62 	76 	76 
007757 	319 	62 	76 	76 
007758 	319 	62 	76 	76 
007759 	319 	62 	76 	76 
007760 	319 	62 	76 	76 
007761 	314 	55 	90 	91 
007762 	314 	55 	90 	91 
007763 	314 	55 	90 	91 
007764 	327 	62 	76 	76 
007765 	327 	71 	76 	75 
007766 	327 	71 	76 	75 
007767 	336 	79 	75 	76 
007768 	336 	79 	75 	76 
007769 	336 	79 	75 	76 
007770 	344 	79 	76 	76 
007771 	344 	79 	76 	76 
007772 	344 	79 	76 	76 
007773 	361 	71 	75 	75 
007774 	352 	79 	76 	76 
007775 	352 	71 	76 	75 
007776 	352 	71 	76 	75 
007777 	361 	71 	75 	75 
007778 	361 	71 	75 	75 
007779 	361 	71 	75 	75 
007780 	369 	71 	76 	75 
007781 	369 	71 	76 	75 
007782 	369 	71 	76 	75 
007783 	369 	71 	76 	75 
007784 	369 	62 	76 	76 
007785 	369 	62 	76 	76 
007786 	369 	71 	76 	75 
007787 	369 	71 	76 	75 
007788 	369 	71 	76 	75 
007789 	369 	71 	76 	75 
007790 	377 	71 	76 	75 
007791 	377 	71 	76 	75 
007792 	369 	62 	76 	76 
007793 	369 	62 	76 	76 
007794 	369 	62 	76 	76 
007795 	369 	62 	76 	76 
007796 	377 	62 	76 	76 
007797 	377 	54 	76 	76 
007798 	377 	54 	76 	76 
007799 	377 	54 	76 	76 
007800 	377 	54 	76 	76 
007801 	377 	54 	76 	76 
007802 	369 	54 	76 	76 
007803 	369 	54 	76 	76 
007804 	369 	54 	76 	76 
007805 	369 	54 	76 	76 
007806 	369 	54 	76 	76 
007807 	369 	62 	76 	76 
007808 	369 	54 	76 	76 
007809 	369 	54 	76 	76 
007810 	369 	62 	76 	76 
007811 	369 	62 	76 	76 
007812 	361 	62 	75 	76 
007813 	361 	62 	75 	76 
007814 	361 	62 	75 	76 
007815 	361 	62 	75 	76 
007816 	361 	62 	75 	76 
007817 	361 	62 	75 	76 
007818 	361 	62 	75 	76 
007819 	361 	62 	75 	76 
007820 	352 	62 	76 	76 
007821 	352 	62 	76 	76 
007822 	352 	62 	76 	76 
007823 	352 	62 	76 	76 
007824 	352 	62 	76 	76 
007825 	352 	62 	76 	76 
007826 	352 	62 	76 	76 
007827 	352 	62 	76 	76 
007828 	352 	62 	76 	76 
007829 	352 	62 	76 	76 
007830 	352 	62 	76 	76 
007831 	352 	62 	76 	76 
007832 	352 	62 	76 	76 
007833 	352 	71 	76 	75 
007834 	352 	71 	76 	75 
007835 	352 	71 	76 	75 
007836 	352 	71 	76 	75 
007837 	352 	71 	76 	75 
007838 	352 	71 	76 	75 
007839 	352 	71 	76 	75 
007840 	352 	71 	76 	75 
007841 	352 	71 	76 	75 
007842 	352 	71 	76 	75 
007843 	352 	71 	76 	75 
007844 	352 	71 	76 	75 
007845 	352 	62 	76 	76 
007846 	352 	62 	76 	76 
007847 	352 	54 	76 	76 
007848 	352 	54 	76 	76 
007849 	352 	54 	76 	76 
007850 	352 	46 	76 	76 
007851 	361 	46 	75 	76 
007852 	361 	46 	75 	76 
007853 	361 	46 	75 	76 
007854 	361 	46 	75 	76 
007855 	361 	38 	75 	75 
