Identity  : 	id11048
Reference : 	O8yIcoe2doA
Offset    : 	0
FV Conf   : 	13.728
ASD Conf  : 	8.656

FRAME 	X 	Y 	W 	H 
011211 	185 	78 	109 	109 
011212 	194 	85 	91 	91 
011213 	185 	66 	109 	109 
011214 	185 	66 	109 	109 
011215 	185 	66 	109 	109 
011216 	185 	66 	109 	109 
011217 	185 	66 	109 	109 
011218 	185 	66 	109 	109 
011219 	185 	66 	109 	109 
011220 	185 	66 	109 	109 
011221 	185 	66 	109 	109 
011222 	185 	66 	109 	109 
011223 	185 	66 	109 	109 
011224 	185 	66 	109 	109 
011225 	185 	66 	109 	109 
011226 	185 	66 	109 	109 
011227 	185 	66 	109 	109 
011228 	185 	66 	109 	109 
011229 	185 	66 	109 	109 
011230 	185 	66 	109 	109 
011231 	185 	66 	109 	109 
011232 	185 	54 	109 	109 
011233 	185 	54 	109 	109 
011234 	185 	54 	109 	109 
011235 	185 	54 	109 	109 
011236 	185 	54 	109 	109 
011237 	185 	54 	109 	109 
011238 	185 	66 	109 	109 
011239 	185 	66 	109 	109 
011240 	185 	66 	109 	109 
011241 	185 	66 	109 	109 
011242 	185 	66 	109 	109 
011243 	185 	66 	109 	109 
011244 	185 	66 	109 	109 
011245 	185 	66 	109 	109 
011246 	185 	66 	109 	109 
011247 	185 	66 	109 	109 
011248 	185 	66 	109 	109 
011249 	185 	66 	109 	109 
011250 	185 	66 	109 	109 
011251 	185 	66 	109 	109 
011252 	185 	78 	109 	109 
011253 	185 	78 	109 	109 
011254 	185 	78 	109 	109 
011255 	185 	78 	109 	109 
011256 	185 	78 	109 	109 
011257 	185 	78 	109 	109 
011258 	185 	78 	109 	109 
011259 	185 	78 	109 	109 
011260 	185 	78 	109 	109 
011261 	185 	78 	109 	109 
011262 	185 	78 	109 	109 
011263 	184 	95 	91 	91 
011264 	184 	95 	91 	91 
011265 	184 	95 	91 	91 
011266 	185 	78 	109 	109 
011267 	185 	78 	109 	109 
011268 	185 	78 	109 	109 
011269 	185 	78 	109 	109 
011270 	185 	78 	109 	109 
011271 	185 	78 	109 	109 
011272 	185 	78 	109 	109 
011273 	185 	90 	109 	109 
011274 	185 	90 	109 	109 
011275 	185 	90 	109 	109 
011276 	185 	90 	109 	109 
011277 	185 	90 	109 	109 
011278 	185 	90 	109 	109 
011279 	185 	90 	109 	109 
011280 	185 	90 	109 	109 
011281 	185 	90 	109 	109 
011282 	185 	90 	109 	109 
011283 	185 	90 	109 	109 
011284 	185 	90 	109 	109 
011285 	185 	90 	109 	109 
011286 	185 	90 	109 	109 
011287 	184 	95 	91 	91 
011288 	173 	90 	109 	109 
011289 	173 	90 	109 	109 
011290 	173 	90 	109 	109 
011291 	173 	90 	109 	109 
011292 	173 	90 	109 	109 
011293 	173 	90 	109 	109 
011294 	173 	90 	109 	109 
011295 	173 	78 	109 	109 
011296 	173 	78 	109 	109 
011297 	173 	90 	109 	109 
011298 	173 	90 	109 	109 
011299 	173 	90 	109 	109 
011300 	173 	90 	109 	109 
011301 	173 	90 	109 	109 
011302 	173 	90 	109 	109 
011303 	173 	90 	109 	109 
011304 	173 	90 	109 	109 
011305 	173 	90 	109 	109 
011306 	173 	90 	109 	109 
011307 	173 	90 	109 	109 
011308 	173 	90 	109 	109 
011309 	173 	90 	109 	109 
011310 	173 	90 	109 	109 
011311 	173 	90 	109 	109 
011312 	173 	90 	109 	109 
011313 	173 	90 	109 	109 
011314 	173 	90 	109 	109 
011315 	173 	90 	109 	109 
011316 	173 	90 	109 	109 
011317 	173 	90 	109 	109 
011318 	173 	90 	109 	109 
011319 	173 	90 	109 	109 
011320 	173 	90 	109 	109 
011321 	173 	90 	109 	109 
011322 	173 	90 	109 	109 
011323 	173 	90 	109 	109 
011324 	173 	90 	109 	109 
011325 	173 	90 	109 	109 
011326 	173 	90 	109 	109 
011327 	173 	90 	109 	109 
011328 	173 	90 	109 	109 
011329 	173 	90 	109 	109 
011330 	173 	90 	109 	109 
011331 	173 	90 	109 	109 
011332 	173 	90 	109 	109 
011333 	173 	90 	109 	109 
011334 	173 	90 	109 	109 
011335 	173 	90 	109 	109 
011336 	184 	95 	91 	91 
011337 	184 	95 	91 	91 
011338 	173 	78 	109 	109 
011339 	173 	78 	109 	109 
011340 	173 	78 	109 	109 
011341 	173 	78 	109 	109 
011342 	173 	78 	109 	109 
011343 	173 	78 	109 	109 
011344 	173 	78 	109 	109 
011345 	173 	78 	109 	109 
011346 	173 	78 	109 	109 
011347 	173 	78 	109 	109 
011348 	173 	66 	109 	109 
011349 	173 	66 	109 	109 
011350 	161 	66 	109 	109 
011351 	161 	66 	109 	109 
011352 	161 	66 	109 	109 
011353 	161 	66 	109 	109 
011354 	161 	66 	109 	109 
011355 	161 	66 	109 	109 
011356 	161 	66 	109 	109 
011357 	161 	66 	109 	109 
011358 	161 	66 	109 	109 
011359 	161 	66 	109 	109 
011360 	161 	66 	109 	109 
011361 	161 	66 	109 	109 
011362 	161 	66 	109 	109 
011363 	174 	75 	91 	91 
011364 	173 	66 	109 	109 
011365 	173 	66 	109 	109 
011366 	173 	66 	109 	109 
011367 	173 	66 	109 	109 
011368 	173 	66 	109 	109 
011369 	173 	66 	109 	109 
011370 	173 	66 	109 	109 
011371 	173 	66 	109 	109 
011372 	173 	66 	109 	109 
011373 	173 	66 	109 	109 
011374 	173 	66 	109 	109 
011375 	173 	66 	109 	109 
011376 	173 	66 	109 	109 
011377 	173 	66 	109 	109 
011378 	173 	66 	109 	109 
011379 	173 	66 	109 	109 
011380 	173 	66 	109 	109 
011381 	173 	66 	109 	109 
011382 	173 	66 	109 	109 
011383 	184 	75 	91 	91 
011384 	184 	85 	91 	91 
011385 	184 	85 	91 	91 
011386 	184 	85 	91 	91 
011387 	185 	78 	109 	109 
011388 	185 	78 	109 	109 
011389 	184 	75 	91 	91 
011390 	173 	66 	109 	109 
011391 	173 	66 	109 	109 
011392 	173 	66 	109 	109 
011393 	173 	66 	109 	109 
011394 	185 	66 	109 	109 
011395 	185 	78 	109 	109 
011396 	185 	78 	109 	109 
011397 	185 	78 	109 	109 
011398 	185 	78 	109 	109 
011399 	173 	78 	109 	109 
011400 	173 	78 	109 	109 
011401 	173 	78 	109 	109 
011402 	173 	78 	109 	109 
011403 	173 	78 	109 	109 
011404 	173 	78 	109 	109 
011405 	173 	78 	109 	109 
011406 	173 	78 	109 	109 
011407 	173 	78 	109 	109 
011408 	173 	78 	109 	109 
011409 	173 	78 	109 	109 
011410 	173 	78 	109 	109 
011411 	173 	78 	109 	109 
011412 	173 	78 	109 	109 
011413 	173 	78 	109 	109 
011414 	173 	78 	109 	109 
011415 	174 	85 	91 	91 
011416 	174 	85 	91 	91 
011417 	161 	78 	109 	109 
011418 	161 	78 	109 	109 
011419 	161 	78 	109 	109 
011420 	161 	78 	109 	109 
011421 	161 	78 	109 	109 
011422 	174 	85 	91 	91 
011423 	174 	85 	91 	91 
011424 	174 	85 	91 	91 
011425 	161 	66 	109 	109 
011426 	161 	66 	109 	109 
011427 	161 	66 	109 	109 
011428 	174 	85 	91 	91 
011429 	173 	78 	109 	109 
011430 	173 	78 	109 	109 
011431 	173 	78 	109 	109 
011432 	173 	78 	109 	109 
011433 	173 	78 	109 	109 
011434 	185 	78 	109 	109 
011435 	185 	78 	109 	109 
011436 	185 	78 	109 	109 
011437 	185 	78 	109 	109 
011438 	185 	78 	109 	109 
011439 	185 	78 	109 	109 
011440 	185 	78 	109 	109 
011441 	185 	78 	109 	109 
011442 	185 	78 	109 	109 
011443 	185 	78 	109 	109 
011444 	185 	78 	109 	109 
011445 	185 	78 	109 	109 
011446 	185 	78 	109 	109 
011447 	185 	78 	109 	109 
011448 	185 	78 	109 	109 
011449 	185 	78 	109 	109 
011450 	185 	78 	109 	109 
011451 	185 	78 	109 	109 
011452 	185 	78 	109 	109 
011453 	185 	78 	109 	109 
011454 	185 	78 	109 	109 
011455 	185 	78 	109 	109 
011456 	185 	78 	109 	109 
011457 	185 	78 	109 	109 
011458 	185 	78 	109 	109 
011459 	185 	78 	109 	109 
011460 	185 	78 	109 	109 
011461 	185 	78 	109 	109 
011462 	185 	78 	109 	109 
011463 	185 	78 	109 	109 
011464 	185 	78 	109 	109 
011465 	185 	78 	109 	109 
011466 	185 	78 	109 	109 
011467 	185 	78 	109 	109 
011468 	185 	78 	109 	109 
011469 	185 	78 	109 	109 
011470 	185 	78 	109 	109 
011471 	185 	78 	109 	109 
011472 	185 	78 	109 	109 
011473 	185 	78 	109 	109 
011474 	185 	78 	109 	109 
011475 	185 	78 	109 	109 
011476 	185 	78 	109 	109 
011477 	185 	78 	109 	109 
011478 	185 	78 	109 	109 
011479 	185 	78 	109 	109 
011480 	185 	78 	109 	109 
011481 	185 	78 	109 	109 
011482 	185 	78 	109 	109 
011483 	185 	78 	109 	109 
011484 	185 	78 	109 	109 
011485 	185 	78 	109 	109 
011486 	185 	78 	109 	109 
011487 	185 	78 	109 	109 
011488 	185 	78 	109 	109 
011489 	185 	78 	109 	109 
011490 	185 	78 	109 	109 
011491 	185 	78 	109 	109 
011492 	185 	78 	109 	109 
011493 	185 	78 	109 	109 
011494 	185 	78 	109 	109 
011495 	197 	78 	109 	109 
011496 	197 	78 	109 	109 
011497 	197 	78 	109 	109 
011498 	197 	78 	109 	109 
011499 	185 	78 	109 	109 
011500 	185 	78 	109 	109 
011501 	185 	78 	109 	109 
011502 	185 	78 	109 	109 
011503 	185 	78 	109 	109 
011504 	184 	85 	91 	91 
011505 	184 	85 	91 	91 
011506 	173 	78 	109 	109 
011507 	173 	78 	109 	109 
011508 	173 	78 	109 	109 
011509 	173 	78 	109 	109 
011510 	173 	78 	109 	109 
011511 	173 	78 	109 	109 
011512 	173 	78 	109 	109 
011513 	173 	78 	109 	109 
011514 	173 	78 	109 	109 
011515 	173 	78 	109 	109 
011516 	173 	78 	109 	109 
011517 	173 	78 	109 	109 
011518 	173 	78 	109 	109 
011519 	173 	78 	109 	109 
011520 	173 	78 	109 	109 
011521 	173 	78 	109 	109 
011522 	184 	85 	91 	91 
011523 	184 	85 	91 	91 
011524 	184 	85 	91 	91 
011525 	184 	85 	91 	91 
011526 	184 	85 	91 	91 
011527 	184 	85 	91 	91 
011528 	184 	85 	91 	91 
011529 	185 	78 	109 	109 
011530 	185 	78 	109 	109 
011531 	185 	78 	109 	109 
011532 	185 	78 	109 	109 
011533 	185 	78 	109 	109 
011534 	185 	78 	109 	109 
011535 	185 	78 	109 	109 
011536 	185 	78 	109 	109 
011537 	185 	78 	109 	109 
011538 	185 	78 	109 	109 
011539 	173 	78 	109 	109 
011540 	173 	78 	109 	109 
011541 	173 	78 	109 	109 
011542 	173 	78 	109 	109 
011543 	173 	78 	109 	109 
011544 	173 	78 	109 	109 
011545 	173 	78 	109 	109 
011546 	185 	78 	109 	109 
011547 	185 	78 	109 	109 
011548 	185 	78 	109 	109 
011549 	185 	78 	109 	109 
011550 	185 	78 	109 	109 
011551 	185 	78 	109 	109 
011552 	197 	78 	109 	109 
011553 	197 	90 	109 	109 
011554 	197 	90 	109 	109 
011555 	197 	90 	109 	109 
011556 	197 	90 	109 	109 
011557 	197 	78 	109 	109 
011558 	197 	78 	109 	109 
011559 	185 	78 	109 	109 
011560 	185 	78 	109 	109 
011561 	185 	78 	109 	109 
011562 	185 	78 	109 	109 
011563 	185 	78 	109 	109 
011564 	185 	78 	109 	109 
011565 	185 	78 	109 	109 
011566 	185 	78 	109 	109 
011567 	185 	78 	109 	109 
011568 	185 	78 	109 	109 
011569 	185 	78 	109 	109 
011570 	185 	78 	109 	109 
011571 	185 	78 	109 	109 
011572 	185 	78 	109 	109 
011573 	185 	78 	109 	109 
011574 	185 	78 	109 	109 
011575 	185 	78 	109 	109 
011576 	185 	78 	109 	109 
011577 	185 	78 	109 	109 
011578 	185 	78 	109 	109 
011579 	185 	78 	109 	109 
011580 	185 	78 	109 	109 
011581 	185 	78 	109 	109 
011582 	185 	78 	109 	109 
011583 	185 	78 	109 	109 
011584 	185 	78 	109 	109 
011585 	185 	78 	109 	109 
