Identity  : 	id10440
Reference : 	ru0Kv9I1Ypk
Offset    : 	-1
FV Conf   : 	26.232
ASD Conf  : 	6.732

FRAME 	X 	Y 	W 	H 
007854 	336 	71 	75 	75 
007855 	336 	71 	75 	75 
007856 	336 	71 	75 	75 
007857 	336 	71 	75 	75 
007858 	336 	79 	75 	76 
007859 	336 	79 	75 	76 
007860 	333 	75 	91 	91 
007861 	344 	79 	76 	76 
007862 	344 	79 	76 	76 
007863 	344 	79 	76 	76 
007864 	344 	87 	76 	76 
007865 	344 	87 	76 	76 
007866 	344 	87 	76 	76 
007867 	352 	79 	76 	76 
007868 	352 	79 	76 	76 
007869 	352 	79 	76 	76 
007870 	352 	79 	76 	76 
007871 	352 	79 	76 	76 
007872 	352 	79 	76 	76 
007873 	352 	79 	76 	76 
007874 	352 	79 	76 	76 
007875 	352 	79 	76 	76 
007876 	352 	79 	76 	76 
007877 	352 	79 	76 	76 
007878 	352 	79 	76 	76 
007879 	352 	79 	76 	76 
007880 	352 	79 	76 	76 
007881 	352 	79 	76 	76 
007882 	352 	79 	76 	76 
007883 	352 	79 	76 	76 
007884 	352 	79 	76 	76 
007885 	352 	79 	76 	76 
007886 	352 	79 	76 	76 
007887 	352 	79 	76 	76 
007888 	352 	79 	76 	76 
007889 	352 	79 	76 	76 
007890 	352 	79 	76 	76 
007891 	352 	87 	76 	76 
007892 	352 	79 	76 	76 
007893 	352 	79 	76 	76 
007894 	352 	79 	76 	76 
007895 	352 	79 	76 	76 
007896 	344 	79 	76 	76 
007897 	336 	79 	75 	76 
007898 	327 	79 	76 	76 
007899 	327 	79 	76 	76 
007900 	319 	79 	76 	76 
007901 	311 	71 	75 	75 
007902 	303 	71 	75 	75 
007903 	303 	71 	75 	75 
007904 	294 	71 	76 	75 
007905 	286 	71 	76 	75 
007906 	286 	71 	76 	75 
007907 	269 	62 	76 	76 
007908 	254 	55 	90 	91 
007909 	261 	62 	76 	76 
007910 	244 	55 	90 	91 
007911 	244 	55 	90 	91 
007912 	244 	55 	90 	91 
007913 	234 	55 	90 	91 
007914 	234 	55 	90 	91 
007915 	234 	55 	90 	91 
007916 	224 	55 	91 	91 
007917 	224 	55 	91 	91 
007918 	224 	55 	91 	91 
007919 	228 	62 	76 	76 
007920 	214 	55 	91 	91 
007921 	214 	55 	91 	91 
007922 	214 	55 	91 	91 
007923 	214 	55 	91 	91 
007924 	214 	55 	91 	91 
007925 	214 	65 	91 	91 
007926 	214 	65 	91 	91 
007927 	224 	65 	91 	91 
007928 	224 	65 	91 	91 
007929 	224 	65 	91 	91 
007930 	224 	65 	91 	91 
007931 	224 	65 	91 	91 
007932 	234 	65 	90 	91 
007933 	234 	65 	90 	91 
007934 	234 	65 	90 	91 
007935 	234 	65 	90 	91 
007936 	234 	65 	90 	91 
007937 	234 	65 	90 	91 
007938 	234 	65 	90 	91 
007939 	234 	65 	90 	91 
007940 	234 	65 	90 	91 
007941 	234 	65 	90 	91 
007942 	234 	65 	90 	91 
007943 	234 	65 	90 	91 
007944 	234 	65 	90 	91 
007945 	234 	65 	90 	91 
007946 	234 	65 	90 	91 
007947 	234 	65 	90 	91 
007948 	234 	65 	90 	91 
007949 	234 	65 	90 	91 
007950 	234 	65 	90 	91 
007951 	234 	65 	90 	91 
007952 	234 	65 	90 	91 
007953 	234 	65 	90 	91 
007954 	234 	65 	90 	91 
007955 	244 	75 	90 	91 
007956 	244 	75 	90 	91 
007957 	254 	75 	90 	91 
007958 	264 	75 	90 	91 
007959 	264 	75 	90 	91 
007960 	278 	79 	75 	76 
007961 	274 	65 	90 	91 
007962 	274 	65 	90 	91 
007963 	274 	65 	90 	91 
007964 	286 	79 	76 	76 
007965 	286 	79 	76 	76 
007966 	286 	79 	76 	76 
007967 	284 	75 	90 	91 
007968 	284 	75 	90 	91 
007969 	284 	75 	90 	91 
007970 	284 	75 	90 	91 
007971 	284 	75 	90 	91 
007972 	284 	75 	90 	91 
007973 	284 	75 	90 	91 
007974 	284 	75 	90 	91 
007975 	294 	75 	90 	91 
007976 	294 	75 	90 	91 
007977 	294 	75 	90 	91 
007978 	294 	75 	90 	91 
007979 	294 	75 	90 	91 
007980 	294 	75 	90 	91 
007981 	294 	75 	90 	91 
007982 	294 	75 	90 	91 
007983 	294 	85 	90 	91 
007984 	294 	85 	90 	91 
007985 	294 	85 	90 	91 
007986 	294 	85 	90 	91 
007987 	294 	87 	76 	76 
007988 	294 	87 	76 	76 
007989 	294 	87 	76 	76 
007990 	294 	87 	76 	76 
007991 	284 	75 	90 	91 
007992 	284 	75 	90 	91 
007993 	284 	75 	90 	91 
007994 	284 	75 	90 	91 
007995 	284 	75 	90 	91 
007996 	284 	75 	90 	91 
007997 	284 	75 	90 	91 
007998 	284 	75 	90 	91 
007999 	284 	75 	90 	91 
008000 	284 	75 	90 	91 
008001 	284 	75 	90 	91 
008002 	284 	75 	90 	91 
008003 	284 	75 	90 	91 
008004 	284 	85 	90 	91 
008005 	284 	85 	90 	91 
008006 	284 	85 	90 	91 
008007 	284 	85 	90 	91 
008008 	284 	85 	90 	91 
008009 	284 	85 	90 	91 
008010 	284 	85 	90 	91 
008011 	284 	85 	90 	91 
008012 	284 	85 	90 	91 
008013 	284 	85 	90 	91 
008014 	284 	85 	90 	91 
008015 	274 	85 	90 	91 
008016 	274 	85 	90 	91 
008017 	274 	85 	90 	91 
008018 	274 	85 	90 	91 
008019 	274 	75 	90 	91 
008020 	274 	75 	90 	91 
008021 	274 	75 	90 	91 
008022 	274 	75 	90 	91 
008023 	274 	75 	90 	91 
008024 	274 	75 	90 	91 
008025 	274 	75 	90 	91 
008026 	278 	79 	75 	76 
008027 	278 	79 	75 	76 
008028 	264 	65 	90 	91 
008029 	264 	65 	90 	91 
008030 	264 	65 	90 	91 
008031 	264 	65 	90 	91 
008032 	264 	65 	90 	91 
008033 	264 	75 	90 	91 
008034 	264 	75 	90 	91 
008035 	264 	75 	90 	91 
008036 	264 	75 	90 	91 
008037 	264 	75 	90 	91 
008038 	264 	75 	90 	91 
008039 	264 	75 	90 	91 
008040 	264 	75 	90 	91 
008041 	269 	87 	76 	76 
008042 	264 	85 	90 	91 
008043 	264 	85 	90 	91 
008044 	264 	85 	90 	91 
008045 	264 	85 	90 	91 
008046 	264 	85 	90 	91 
008047 	264 	85 	90 	91 
008048 	264 	85 	90 	91 
