Identity  : 	id10352
Reference : 	QS-02ALihcQ
Offset    : 	-1
FV Conf   : 	21.302
ASD Conf  : 	7.752

FRAME 	X 	Y 	W 	H 
001766 	286 	71 	76 	75 
001767 	274 	65 	90 	91 
001768 	274 	65 	90 	91 
001769 	274 	65 	90 	91 
001770 	274 	65 	90 	91 
001771 	274 	65 	90 	91 
001772 	274 	65 	90 	91 
001773 	274 	65 	90 	91 
001774 	274 	65 	90 	91 
001775 	274 	65 	90 	91 
001776 	274 	55 	90 	91 
001777 	274 	55 	90 	91 
001778 	286 	54 	76 	76 
001779 	286 	54 	76 	76 
001780 	286 	54 	76 	76 
001781 	294 	54 	76 	76 
001782 	294 	54 	76 	76 
001783 	284 	45 	90 	91 
001784 	284 	45 	90 	91 
001785 	284 	45 	90 	91 
001786 	284 	45 	90 	91 
001787 	284 	45 	90 	91 
001788 	284 	45 	90 	91 
001789 	284 	45 	90 	91 
001790 	284 	45 	90 	91 
001791 	284 	45 	90 	91 
001792 	284 	45 	90 	91 
001793 	284 	45 	90 	91 
001794 	284 	45 	90 	91 
001795 	284 	55 	90 	91 
001796 	284 	55 	90 	91 
001797 	284 	55 	90 	91 
001798 	284 	55 	90 	91 
001799 	294 	62 	76 	76 
001800 	294 	62 	76 	76 
001801 	284 	55 	90 	91 
001802 	284 	55 	90 	91 
001803 	284 	55 	90 	91 
001804 	284 	55 	90 	91 
001805 	284 	55 	90 	91 
001806 	284 	55 	90 	91 
001807 	286 	62 	76 	76 
001808 	274 	55 	90 	91 
001809 	274 	65 	90 	91 
001810 	274 	65 	90 	91 
001811 	274 	65 	90 	91 
001812 	274 	65 	90 	91 
001813 	274 	65 	90 	91 
001814 	274 	65 	90 	91 
001815 	264 	65 	90 	91 
001816 	264 	65 	90 	91 
001817 	264 	65 	90 	91 
001818 	264 	65 	90 	91 
001819 	264 	65 	90 	91 
001820 	264 	65 	90 	91 
001821 	264 	55 	90 	91 
001822 	264 	55 	90 	91 
001823 	264 	55 	90 	91 
001824 	264 	55 	90 	91 
001825 	264 	55 	90 	91 
001826 	264 	55 	90 	91 
001827 	264 	55 	90 	91 
001828 	264 	55 	90 	91 
001829 	264 	55 	90 	91 
001830 	278 	62 	75 	76 
001831 	274 	55 	90 	91 
001832 	274 	55 	90 	91 
001833 	274 	55 	90 	91 
001834 	274 	55 	90 	91 
001835 	274 	55 	90 	91 
001836 	274 	55 	90 	91 
001837 	274 	55 	90 	91 
001838 	274 	55 	90 	91 
001839 	274 	55 	90 	91 
001840 	274 	55 	90 	91 
001841 	274 	55 	90 	91 
001842 	274 	55 	90 	91 
001843 	274 	55 	90 	91 
001844 	274 	55 	90 	91 
001845 	274 	55 	90 	91 
001846 	274 	55 	90 	91 
001847 	274 	55 	90 	91 
001848 	274 	55 	90 	91 
001849 	274 	55 	90 	91 
001850 	274 	55 	90 	91 
001851 	274 	55 	90 	91 
001852 	274 	55 	90 	91 
001853 	274 	55 	90 	91 
001854 	274 	55 	90 	91 
001855 	274 	55 	90 	91 
001856 	274 	55 	90 	91 
001857 	274 	55 	90 	91 
001858 	274 	55 	90 	91 
001859 	274 	55 	90 	91 
001860 	274 	55 	90 	91 
001861 	274 	55 	90 	91 
001862 	274 	55 	90 	91 
001863 	274 	55 	90 	91 
001864 	274 	55 	90 	91 
001865 	274 	55 	90 	91 
001866 	274 	55 	90 	91 
001867 	274 	55 	90 	91 
001868 	274 	55 	90 	91 
001869 	274 	55 	90 	91 
001870 	274 	55 	90 	91 
001871 	274 	55 	90 	91 
001872 	274 	55 	90 	91 
001873 	274 	55 	90 	91 
001874 	274 	55 	90 	91 
001875 	274 	55 	90 	91 
001876 	274 	55 	90 	91 
001877 	274 	55 	90 	91 
001878 	274 	55 	90 	91 
001879 	274 	55 	90 	91 
001880 	274 	55 	90 	91 
001881 	274 	55 	90 	91 
001882 	274 	55 	90 	91 
001883 	274 	55 	90 	91 
001884 	274 	55 	90 	91 
001885 	274 	55 	90 	91 
001886 	274 	55 	90 	91 
001887 	274 	55 	90 	91 
001888 	274 	55 	90 	91 
001889 	274 	55 	90 	91 
001890 	274 	55 	90 	91 
001891 	274 	55 	90 	91 
001892 	274 	55 	90 	91 
001893 	274 	55 	90 	91 
001894 	274 	55 	90 	91 
001895 	274 	55 	90 	91 
001896 	274 	55 	90 	91 
001897 	274 	55 	90 	91 
001898 	274 	55 	90 	91 
001899 	274 	55 	90 	91 
001900 	274 	55 	90 	91 
001901 	274 	55 	90 	91 
001902 	274 	55 	90 	91 
001903 	274 	55 	90 	91 
001904 	286 	62 	76 	76 
001905 	274 	55 	90 	91 
001906 	286 	62 	76 	76 
001907 	286 	62 	76 	76 
001908 	286 	62 	76 	76 
001909 	274 	55 	90 	91 
001910 	274 	55 	90 	91 
001911 	274 	55 	90 	91 
001912 	286 	62 	76 	76 
001913 	286 	62 	76 	76 
001914 	286 	62 	76 	76 
001915 	286 	62 	76 	76 
001916 	286 	62 	76 	76 
001917 	286 	62 	76 	76 
001918 	286 	62 	76 	76 
001919 	286 	62 	76 	76 
001920 	286 	62 	76 	76 
001921 	286 	62 	76 	76 
001922 	286 	62 	76 	76 
001923 	286 	62 	76 	76 
001924 	286 	62 	76 	76 
001925 	274 	55 	90 	91 
001926 	274 	55 	90 	91 
001927 	274 	55 	90 	91 
001928 	274 	55 	90 	91 
001929 	274 	55 	90 	91 
001930 	274 	55 	90 	91 
001931 	274 	55 	90 	91 
001932 	274 	55 	90 	91 
001933 	274 	55 	90 	91 
001934 	274 	55 	90 	91 
001935 	274 	55 	90 	91 
001936 	274 	55 	90 	91 
001937 	274 	55 	90 	91 
001938 	274 	55 	90 	91 
001939 	274 	55 	90 	91 
001940 	286 	62 	76 	76 
001941 	286 	62 	76 	76 
001942 	286 	62 	76 	76 
001943 	274 	65 	90 	91 
001944 	274 	65 	90 	91 
001945 	286 	71 	76 	75 
001946 	286 	71 	76 	75 
001947 	286 	71 	76 	75 
001948 	286 	71 	76 	75 
001949 	286 	71 	76 	75 
001950 	286 	71 	76 	75 
001951 	286 	71 	76 	75 
001952 	274 	65 	90 	91 
001953 	274 	65 	90 	91 
001954 	274 	65 	90 	91 
