Identity  : 	id10156
Reference : 	mXPlFxb_BPo
Offset    : 	-2
FV Conf   : 	20.049
ASD Conf  : 	8.506

FRAME 	X 	Y 	W 	H 
002257 	377 	96 	76 	75 
002258 	377 	96 	76 	75 
002259 	373 	85 	91 	91 
002260 	373 	85 	91 	91 
002261 	373 	85 	91 	91 
002262 	373 	85 	91 	91 
002263 	373 	85 	91 	91 
002264 	363 	85 	91 	91 
002265 	373 	85 	91 	91 
002266 	373 	85 	91 	91 
002267 	363 	85 	91 	91 
002268 	363 	85 	91 	91 
002269 	363 	85 	91 	91 
002270 	363 	85 	91 	91 
002271 	363 	85 	91 	91 
002272 	363 	85 	91 	91 
002273 	363 	85 	91 	91 
002274 	363 	85 	91 	91 
002275 	363 	85 	91 	91 
002276 	373 	85 	91 	91 
002277 	377 	96 	76 	75 
002278 	377 	96 	76 	75 
002279 	377 	96 	76 	75 
002280 	373 	85 	91 	91 
002281 	373 	85 	91 	91 
002282 	373 	85 	91 	91 
002283 	373 	85 	91 	91 
002284 	373 	85 	91 	91 
002285 	373 	85 	91 	91 
002286 	373 	85 	91 	91 
002287 	373 	85 	91 	91 
002288 	373 	85 	91 	91 
002289 	373 	85 	91 	91 
002290 	373 	85 	91 	91 
002291 	373 	85 	91 	91 
002292 	373 	85 	91 	91 
002293 	373 	85 	91 	91 
002294 	373 	85 	91 	91 
002295 	373 	85 	91 	91 
002296 	373 	85 	91 	91 
002297 	373 	85 	91 	91 
002298 	373 	85 	91 	91 
002299 	377 	96 	76 	75 
002300 	373 	85 	91 	91 
002301 	377 	96 	76 	75 
002302 	377 	96 	76 	75 
002303 	377 	96 	76 	75 
002304 	373 	85 	91 	91 
002305 	373 	85 	91 	91 
002306 	373 	85 	91 	91 
002307 	363 	85 	91 	91 
002308 	363 	85 	91 	91 
002309 	363 	95 	91 	91 
002310 	363 	95 	91 	91 
002311 	353 	95 	91 	91 
002312 	363 	105 	91 	91 
002313 	363 	95 	91 	91 
002314 	363 	95 	91 	91 
002315 	363 	95 	91 	91 
002316 	373 	95 	91 	91 
002317 	373 	95 	91 	91 
002318 	373 	95 	91 	91 
002319 	373 	95 	91 	91 
002320 	373 	95 	91 	91 
002321 	373 	95 	91 	91 
002322 	373 	95 	91 	91 
002323 	373 	95 	91 	91 
002324 	377 	96 	76 	75 
002325 	377 	96 	76 	75 
002326 	363 	85 	91 	91 
002327 	363 	85 	91 	91 
002328 	363 	85 	91 	91 
002329 	363 	85 	91 	91 
002330 	363 	85 	91 	91 
002331 	363 	85 	91 	91 
002332 	363 	85 	91 	91 
002333 	363 	85 	91 	91 
002334 	363 	85 	91 	91 
002335 	363 	85 	91 	91 
002336 	363 	85 	91 	91 
002337 	363 	85 	91 	91 
002338 	363 	85 	91 	91 
002339 	363 	85 	91 	91 
002340 	363 	85 	91 	91 
002341 	363 	85 	91 	91 
002342 	363 	85 	91 	91 
002343 	363 	85 	91 	91 
002344 	363 	85 	91 	91 
002345 	363 	85 	91 	91 
002346 	363 	85 	91 	91 
002347 	363 	85 	91 	91 
002348 	363 	85 	91 	91 
002349 	363 	85 	91 	91 
002350 	363 	85 	91 	91 
002351 	363 	85 	91 	91 
002352 	363 	85 	91 	91 
002353 	363 	85 	91 	91 
002354 	377 	96 	76 	75 
002355 	377 	96 	76 	75 
002356 	377 	96 	76 	75 
002357 	377 	96 	76 	75 
002358 	373 	85 	91 	91 
002359 	373 	85 	91 	91 
002360 	373 	85 	91 	91 
002361 	377 	96 	76 	75 
002362 	377 	96 	76 	75 
002363 	377 	96 	76 	75 
002364 	363 	85 	91 	91 
002365 	363 	85 	91 	91 
002366 	363 	85 	91 	91 
002367 	363 	85 	91 	91 
002368 	363 	85 	91 	91 
002369 	363 	85 	91 	91 
002370 	363 	85 	91 	91 
002371 	369 	96 	76 	75 
002372 	369 	96 	76 	75 
002373 	369 	96 	76 	75 
002374 	369 	96 	76 	75 
002375 	369 	96 	76 	75 
002376 	361 	96 	75 	75 
002377 	361 	96 	75 	75 
002378 	361 	96 	75 	75 
002379 	361 	96 	75 	75 
002380 	361 	96 	75 	75 
002381 	361 	96 	75 	75 
002382 	353 	85 	91 	91 
002383 	361 	87 	75 	76 
002384 	361 	87 	75 	76 
002385 	361 	87 	75 	76 
002386 	353 	75 	91 	91 
002387 	353 	75 	91 	91 
002388 	353 	75 	91 	91 
002389 	353 	75 	91 	91 
002390 	353 	75 	91 	91 
002391 	353 	75 	91 	91 
002392 	353 	75 	91 	91 
002393 	353 	75 	91 	91 
002394 	369 	79 	76 	76 
002395 	363 	75 	91 	91 
002396 	353 	75 	91 	91 
002397 	363 	75 	91 	91 
002398 	369 	87 	76 	76 
002399 	363 	85 	91 	91 
002400 	369 	87 	76 	76 
002401 	369 	87 	76 	76 
002402 	369 	87 	76 	76 
002403 	369 	87 	76 	76 
002404 	369 	87 	76 	76 
002405 	369 	87 	76 	76 
002406 	369 	87 	76 	76 
002407 	369 	87 	76 	76 
002408 	369 	87 	76 	76 
002409 	369 	87 	76 	76 
002410 	363 	85 	91 	91 
002411 	363 	85 	91 	91 
002412 	363 	85 	91 	91 
002413 	363 	85 	91 	91 
002414 	363 	85 	91 	91 
002415 	363 	85 	91 	91 
002416 	363 	85 	91 	91 
002417 	363 	85 	91 	91 
002418 	377 	96 	76 	75 
002419 	377 	96 	76 	75 
002420 	377 	96 	76 	75 
002421 	377 	96 	76 	75 
002422 	363 	85 	91 	91 
002423 	363 	85 	91 	91 
002424 	363 	85 	91 	91 
002425 	363 	85 	91 	91 
002426 	369 	96 	76 	75 
002427 	369 	96 	76 	75 
002428 	369 	96 	76 	75 
002429 	369 	96 	76 	75 
002430 	369 	96 	76 	75 
002431 	369 	96 	76 	75 
002432 	369 	96 	76 	75 
002433 	369 	96 	76 	75 
002434 	369 	96 	76 	75 
002435 	369 	96 	76 	75 
002436 	369 	96 	76 	75 
002437 	369 	96 	76 	75 
002438 	369 	96 	76 	75 
002439 	353 	85 	91 	91 
002440 	353 	85 	91 	91 
002441 	353 	85 	91 	91 
002442 	369 	96 	76 	75 
002443 	369 	96 	76 	75 
002444 	369 	96 	76 	75 
002445 	369 	96 	76 	75 
002446 	353 	85 	91 	91 
002447 	361 	96 	75 	75 
002448 	361 	96 	75 	75 
002449 	361 	96 	75 	75 
002450 	361 	96 	75 	75 
002451 	361 	96 	75 	75 
002452 	361 	96 	75 	75 
002453 	361 	96 	75 	75 
002454 	361 	96 	75 	75 
002455 	353 	75 	91 	91 
002456 	353 	75 	91 	91 
002457 	353 	75 	91 	91 
002458 	353 	75 	91 	91 
002459 	353 	75 	91 	91 
002460 	353 	85 	91 	91 
002461 	353 	85 	91 	91 
002462 	353 	85 	91 	91 
002463 	353 	85 	91 	91 
002464 	353 	85 	91 	91 
002465 	353 	85 	91 	91 
002466 	353 	85 	91 	91 
002467 	369 	96 	76 	75 
002468 	369 	96 	76 	75 
002469 	369 	96 	76 	75 
002470 	369 	96 	76 	75 
002471 	363 	85 	91 	91 
002472 	363 	85 	91 	91 
002473 	363 	85 	91 	91 
002474 	363 	85 	91 	91 
002475 	363 	85 	91 	91 
002476 	369 	96 	76 	75 
002477 	369 	96 	76 	75 
002478 	369 	96 	76 	75 
002479 	369 	96 	76 	75 
002480 	369 	96 	76 	75 
002481 	369 	96 	76 	75 
002482 	369 	96 	76 	75 
002483 	369 	96 	76 	75 
002484 	353 	85 	91 	91 
002485 	353 	85 	91 	91 
002486 	353 	85 	91 	91 
002487 	353 	85 	91 	91 
002488 	353 	85 	91 	91 
002489 	353 	85 	91 	91 
002490 	353 	85 	91 	91 
002491 	353 	85 	91 	91 
002492 	361 	87 	75 	76 
002493 	353 	75 	91 	91 
002494 	353 	75 	91 	91 
002495 	343 	75 	91 	91 
002496 	352 	87 	76 	76 
002497 	361 	87 	75 	76 
002498 	361 	87 	75 	76 
002499 	361 	87 	75 	76 
002500 	361 	87 	75 	76 
002501 	361 	87 	75 	76 
002502 	361 	87 	75 	76 
002503 	369 	87 	76 	76 
002504 	369 	87 	76 	76 
002505 	369 	87 	76 	76 
002506 	369 	87 	76 	76 
002507 	369 	87 	76 	76 
002508 	369 	87 	76 	76 
002509 	363 	75 	91 	91 
002510 	363 	75 	91 	91 
002511 	363 	75 	91 	91 
002512 	363 	75 	91 	91 
002513 	369 	87 	76 	76 
002514 	369 	87 	76 	76 
002515 	369 	87 	76 	76 
002516 	369 	87 	76 	76 
002517 	369 	87 	76 	76 
002518 	369 	87 	76 	76 
002519 	369 	87 	76 	76 
002520 	369 	87 	76 	76 
002521 	369 	87 	76 	76 
002522 	361 	87 	75 	76 
002523 	361 	87 	75 	76 
002524 	361 	87 	75 	76 
002525 	361 	87 	75 	76 
002526 	361 	87 	75 	76 
002527 	361 	87 	75 	76 
002528 	361 	87 	75 	76 
002529 	361 	87 	75 	76 
002530 	361 	87 	75 	76 
002531 	361 	87 	75 	76 
002532 	361 	87 	75 	76 
002533 	361 	87 	75 	76 
002534 	361 	87 	75 	76 
002535 	361 	87 	75 	76 
002536 	361 	87 	75 	76 
002537 	361 	87 	75 	76 
002538 	361 	87 	75 	76 
002539 	361 	87 	75 	76 
002540 	361 	87 	75 	76 
002541 	353 	85 	91 	91 
002542 	361 	87 	75 	76 
002543 	353 	85 	91 	91 
002544 	361 	87 	75 	76 
002545 	353 	85 	91 	91 
002546 	353 	85 	91 	91 
002547 	353 	85 	91 	91 
002548 	353 	85 	91 	91 
002549 	361 	96 	75 	75 
002550 	361 	96 	75 	75 
002551 	361 	87 	75 	76 
002552 	353 	85 	91 	91 
002553 	353 	85 	91 	91 
002554 	353 	85 	91 	91 
002555 	353 	85 	91 	91 
002556 	353 	85 	91 	91 
002557 	353 	85 	91 	91 
002558 	353 	85 	91 	91 
002559 	353 	85 	91 	91 
002560 	361 	87 	75 	76 
002561 	361 	87 	75 	76 
002562 	361 	87 	75 	76 
002563 	361 	87 	75 	76 
002564 	361 	87 	75 	76 
002565 	353 	85 	91 	91 
002566 	361 	96 	75 	75 
002567 	361 	96 	75 	75 
002568 	361 	96 	75 	75 
002569 	361 	96 	75 	75 
002570 	353 	95 	91 	91 
002571 	361 	104 	75 	76 
002572 	361 	104 	75 	76 
002573 	361 	104 	75 	76 
002574 	361 	104 	75 	76 
002575 	361 	104 	75 	76 
002576 	361 	104 	75 	76 
002577 	361 	104 	75 	76 
002578 	353 	95 	91 	91 
002579 	353 	95 	91 	91 
002580 	369 	96 	76 	75 
002581 	369 	96 	76 	75 
002582 	363 	85 	91 	91 
002583 	363 	85 	91 	91 
002584 	363 	85 	91 	91 
002585 	369 	87 	76 	76 
002586 	369 	87 	76 	76 
002587 	369 	87 	76 	76 
002588 	369 	87 	76 	76 
002589 	369 	87 	76 	76 
002590 	369 	87 	76 	76 
002591 	369 	87 	76 	76 
002592 	369 	87 	76 	76 
002593 	369 	87 	76 	76 
002594 	369 	87 	76 	76 
002595 	369 	87 	76 	76 
002596 	353 	85 	91 	91 
002597 	361 	87 	75 	76 
002598 	361 	87 	75 	76 
002599 	361 	87 	75 	76 
