Identity  : 	id11048
Reference : 	ySFuE3w_mcE
Offset    : 	1
FV Conf   : 	13.113
ASD Conf  : 	6.379

FRAME 	X 	Y 	W 	H 
004981 	273 	80 	63 	63 
004982 	273 	80 	63 	63 
004983 	273 	80 	63 	63 
004984 	273 	73 	63 	63 
004985 	273 	73 	63 	63 
004986 	273 	73 	63 	63 
004987 	273 	73 	63 	63 
004988 	273 	73 	63 	63 
004989 	273 	80 	63 	63 
004990 	273 	80 	63 	63 
004991 	273 	80 	63 	63 
004992 	273 	80 	63 	63 
004993 	273 	80 	63 	63 
004994 	273 	73 	63 	63 
004995 	273 	73 	63 	63 
004996 	279 	78 	53 	53 
004997 	273 	80 	63 	63 
004998 	279 	78 	53 	53 
004999 	273 	73 	63 	63 
005000 	273 	73 	63 	63 
005001 	273 	73 	63 	63 
005002 	279 	83 	53 	53 
005003 	273 	80 	63 	63 
005004 	279 	83 	53 	53 
005005 	273 	73 	63 	63 
005006 	280 	73 	63 	63 
005007 	280 	80 	63 	63 
005008 	280 	80 	63 	63 
005009 	280 	80 	63 	63 
005010 	280 	80 	63 	63 
005011 	280 	80 	63 	63 
005012 	280 	80 	63 	63 
005013 	280 	80 	63 	63 
005014 	280 	80 	63 	63 
005015 	280 	80 	63 	63 
005016 	280 	80 	63 	63 
005017 	280 	80 	63 	63 
005018 	280 	80 	63 	63 
005019 	280 	80 	63 	63 
005020 	280 	80 	63 	63 
005021 	273 	80 	63 	63 
005022 	273 	80 	63 	63 
005023 	273 	80 	63 	63 
005024 	273 	80 	63 	63 
005025 	273 	80 	63 	63 
005026 	273 	80 	63 	63 
005027 	273 	80 	63 	63 
005028 	273 	80 	63 	63 
005029 	273 	80 	63 	63 
005030 	279 	78 	53 	53 
005031 	279 	78 	53 	53 
005032 	279 	78 	53 	53 
005033 	279 	78 	53 	53 
005034 	273 	80 	63 	63 
005035 	273 	80 	63 	63 
005036 	273 	80 	63 	63 
005037 	273 	80 	63 	63 
005038 	273 	80 	63 	63 
005039 	279 	83 	53 	53 
005040 	273 	80 	63 	63 
005041 	273 	80 	63 	63 
005042 	273 	80 	63 	63 
005043 	273 	73 	63 	63 
005044 	273 	73 	63 	63 
005045 	280 	73 	63 	63 
005046 	280 	73 	63 	63 
005047 	280 	73 	63 	63 
005048 	280 	73 	63 	63 
005049 	280 	73 	63 	63 
005050 	280 	73 	63 	63 
005051 	280 	73 	63 	63 
005052 	273 	73 	63 	63 
005053 	273 	73 	63 	63 
005054 	273 	73 	63 	63 
005055 	273 	73 	63 	63 
005056 	273 	73 	63 	63 
005057 	273 	73 	63 	63 
005058 	273 	73 	63 	63 
005059 	273 	73 	63 	63 
005060 	273 	73 	63 	63 
005061 	273 	73 	63 	63 
005062 	273 	73 	63 	63 
005063 	273 	73 	63 	63 
005064 	273 	73 	63 	63 
005065 	273 	66 	63 	63 
005066 	273 	66 	63 	63 
005067 	273 	66 	63 	63 
005068 	273 	66 	63 	63 
005069 	273 	66 	63 	63 
005070 	273 	66 	63 	63 
005071 	279 	72 	53 	53 
005072 	273 	73 	63 	63 
005073 	273 	73 	63 	63 
005074 	273 	73 	63 	63 
005075 	273 	73 	63 	63 
005076 	273 	73 	63 	63 
005077 	273 	73 	63 	63 
005078 	273 	73 	63 	63 
005079 	280 	73 	63 	63 
005080 	280 	73 	63 	63 
005081 	280 	73 	63 	63 
005082 	280 	73 	63 	63 
005083 	280 	73 	63 	63 
005084 	280 	73 	63 	63 
005085 	280 	73 	63 	63 
005086 	280 	80 	63 	63 
005087 	280 	80 	63 	63 
005088 	280 	80 	63 	63 
005089 	280 	80 	63 	63 
005090 	290 	89 	53 	53 
005091 	290 	89 	53 	53 
005092 	290 	89 	53 	53 
005093 	290 	89 	53 	53 
005094 	290 	89 	53 	53 
005095 	290 	89 	53 	53 
005096 	290 	89 	53 	53 
005097 	290 	89 	53 	53 
005098 	290 	89 	53 	53 
005099 	290 	89 	53 	53 
005100 	290 	89 	53 	53 
005101 	280 	87 	63 	63 
005102 	280 	87 	63 	63 
005103 	280 	87 	63 	63 
005104 	280 	87 	63 	63 
005105 	280 	80 	63 	63 
005106 	280 	80 	63 	63 
005107 	280 	73 	63 	63 
005108 	280 	73 	63 	63 
005109 	280 	73 	63 	63 
005110 	280 	73 	63 	63 
005111 	280 	73 	63 	63 
005112 	286 	73 	64 	63 
005113 	286 	80 	64 	63 
005114 	286 	80 	64 	63 
005115 	286 	80 	64 	63 
005116 	286 	87 	64 	63 
005117 	286 	87 	64 	63 
005118 	286 	87 	64 	63 
005119 	286 	87 	64 	63 
005120 	286 	87 	64 	63 
005121 	286 	87 	64 	63 
005122 	290 	89 	53 	53 
005123 	286 	80 	64 	63 
005124 	286 	80 	64 	63 
005125 	286 	80 	64 	63 
005126 	280 	80 	63 	63 
005127 	280 	80 	63 	63 
005128 	280 	80 	63 	63 
005129 	280 	80 	63 	63 
005130 	280 	73 	63 	63 
005131 	280 	73 	63 	63 
005132 	280 	66 	63 	63 
005133 	280 	66 	63 	63 
005134 	280 	66 	63 	63 
005135 	280 	66 	63 	63 
005136 	273 	66 	63 	63 
005137 	273 	73 	63 	63 
005138 	273 	73 	63 	63 
005139 	273 	73 	63 	63 
005140 	280 	80 	63 	63 
005141 	280 	80 	63 	63 
005142 	280 	80 	63 	63 
005143 	280 	80 	63 	63 
005144 	280 	80 	63 	63 
005145 	280 	80 	63 	63 
005146 	280 	80 	63 	63 
005147 	280 	80 	63 	63 
005148 	280 	80 	63 	63 
005149 	280 	80 	63 	63 
005150 	280 	80 	63 	63 
005151 	273 	80 	63 	63 
005152 	273 	80 	63 	63 
005153 	273 	80 	63 	63 
005154 	273 	80 	63 	63 
005155 	273 	73 	63 	63 
005156 	273 	73 	63 	63 
005157 	269 	62 	76 	76 
005158 	280 	66 	63 	63 
005159 	280 	66 	63 	63 
005160 	280 	73 	63 	63 
005161 	280 	73 	63 	63 
005162 	280 	73 	63 	63 
005163 	280 	73 	63 	63 
005164 	280 	80 	63 	63 
005165 	280 	80 	63 	63 
005166 	280 	80 	63 	63 
005167 	269 	71 	76 	75 
005168 	273 	80 	63 	63 
005169 	273 	80 	63 	63 
005170 	273 	80 	63 	63 
005171 	273 	80 	63 	63 
005172 	273 	89 	53 	53 
005173 	266 	80 	63 	63 
005174 	266 	80 	63 	63 
005175 	266 	80 	63 	63 
005176 	259 	73 	63 	63 
005177 	259 	73 	63 	63 
005178 	259 	73 	63 	63 
005179 	259 	73 	63 	63 
005180 	259 	73 	63 	63 
005181 	259 	73 	63 	63 
005182 	259 	73 	63 	63 
005183 	259 	73 	63 	63 
005184 	259 	73 	63 	63 
005185 	259 	73 	63 	63 
005186 	259 	73 	63 	63 
005187 	267 	78 	53 	53 
005188 	267 	78 	53 	53 
005189 	267 	78 	53 	53 
005190 	267 	78 	53 	53 
005191 	266 	73 	63 	63 
005192 	266 	80 	63 	63 
005193 	266 	80 	63 	63 
005194 	266 	80 	63 	63 
005195 	266 	80 	63 	63 
005196 	266 	80 	63 	63 
005197 	266 	73 	63 	63 
005198 	266 	80 	63 	63 
005199 	273 	78 	53 	53 
005200 	273 	78 	53 	53 
005201 	266 	73 	63 	63 
005202 	261 	71 	76 	75 
005203 	266 	73 	63 	63 
005204 	261 	71 	76 	75 
005205 	273 	80 	63 	63 
005206 	266 	80 	63 	63 
005207 	266 	80 	63 	63 
005208 	266 	80 	63 	63 
005209 	266 	73 	63 	63 
005210 	266 	73 	63 	63 
005211 	266 	73 	63 	63 
005212 	273 	73 	63 	63 
005213 	273 	73 	63 	63 
005214 	273 	73 	63 	63 
005215 	269 	71 	76 	75 
005216 	269 	71 	76 	75 
005217 	269 	71 	76 	75 
005218 	273 	73 	63 	63 
005219 	273 	73 	63 	63 
005220 	269 	62 	76 	76 
005221 	273 	80 	63 	63 
005222 	273 	80 	63 	63 
005223 	269 	79 	76 	76 
005224 	279 	89 	53 	53 
005225 	273 	87 	63 	63 
005226 	273 	80 	63 	63 
005227 	273 	80 	63 	63 
005228 	273 	80 	63 	63 
005229 	273 	80 	63 	63 
005230 	280 	87 	63 	63 
005231 	280 	87 	63 	63 
005232 	280 	87 	63 	63 
005233 	280 	87 	63 	63 
005234 	280 	87 	63 	63 
005235 	280 	87 	63 	63 
005236 	285 	89 	52 	53 
005237 	280 	80 	63 	63 
005238 	280 	80 	63 	63 
005239 	280 	80 	63 	63 
005240 	280 	80 	63 	63 
005241 	280 	80 	63 	63 
005242 	280 	80 	63 	63 
005243 	286 	80 	64 	63 
005244 	286 	80 	64 	63 
005245 	286 	80 	64 	63 
005246 	280 	80 	63 	63 
005247 	280 	73 	63 	63 
005248 	280 	73 	63 	63 
005249 	280 	73 	63 	63 
005250 	286 	80 	64 	63 
005251 	286 	80 	64 	63 
005252 	286 	80 	64 	63 
005253 	286 	80 	64 	63 
005254 	280 	80 	63 	63 
005255 	280 	80 	63 	63 
005256 	280 	80 	63 	63 
005257 	280 	80 	63 	63 
005258 	280 	80 	63 	63 
005259 	280 	80 	63 	63 
005260 	280 	87 	63 	63 
005261 	280 	87 	63 	63 
005262 	280 	87 	63 	63 
005263 	290 	89 	53 	53 
005264 	290 	89 	53 	53 
005265 	290 	89 	53 	53 
005266 	290 	89 	53 	53 
005267 	290 	89 	53 	53 
005268 	290 	83 	53 	53 
005269 	290 	83 	53 	53 
005270 	286 	80 	64 	63 
005271 	286 	80 	64 	63 
005272 	290 	89 	53 	53 
005273 	290 	89 	53 	53 
005274 	290 	89 	53 	53 
005275 	290 	89 	53 	53 
005276 	290 	89 	53 	53 
005277 	280 	80 	63 	63 
005278 	280 	80 	63 	63 
005279 	280 	80 	63 	63 
005280 	280 	80 	63 	63 
005281 	280 	80 	63 	63 
005282 	280 	80 	63 	63 
005283 	280 	80 	63 	63 
005284 	280 	80 	63 	63 
005285 	280 	80 	63 	63 
005286 	280 	80 	63 	63 
005287 	280 	80 	63 	63 
005288 	280 	80 	63 	63 
005289 	280 	87 	63 	63 
005290 	280 	87 	63 	63 
005291 	280 	87 	63 	63 
005292 	280 	93 	63 	64 
005293 	280 	93 	63 	64 
005294 	280 	87 	63 	63 
005295 	280 	87 	63 	63 
005296 	280 	87 	63 	63 
005297 	280 	80 	63 	63 
005298 	280 	80 	63 	63 
005299 	280 	87 	63 	63 
005300 	280 	87 	63 	63 
005301 	280 	87 	63 	63 
005302 	280 	87 	63 	63 
005303 	280 	87 	63 	63 
005304 	280 	87 	63 	63 
005305 	280 	87 	63 	63 
005306 	280 	87 	63 	63 
005307 	280 	87 	63 	63 
005308 	280 	87 	63 	63 
005309 	280 	87 	63 	63 
005310 	280 	87 	63 	63 
005311 	280 	87 	63 	63 
005312 	280 	87 	63 	63 
005313 	280 	87 	63 	63 
005314 	280 	87 	63 	63 
005315 	280 	80 	63 	63 
005316 	280 	80 	63 	63 
005317 	280 	80 	63 	63 
005318 	280 	80 	63 	63 
005319 	280 	80 	63 	63 
005320 	280 	80 	63 	63 
005321 	280 	80 	63 	63 
005322 	280 	73 	63 	63 
005323 	280 	73 	63 	63 
005324 	280 	73 	63 	63 
005325 	280 	73 	63 	63 
005326 	280 	73 	63 	63 
005327 	280 	73 	63 	63 
005328 	280 	73 	63 	63 
005329 	280 	80 	63 	63 
005330 	280 	80 	63 	63 
005331 	280 	73 	63 	63 
005332 	280 	73 	63 	63 
005333 	280 	73 	63 	63 
005334 	280 	73 	63 	63 
005335 	280 	73 	63 	63 
005336 	280 	80 	63 	63 
005337 	280 	80 	63 	63 
005338 	280 	80 	63 	63 
005339 	280 	80 	63 	63 
005340 	273 	80 	63 	63 
005341 	273 	80 	63 	63 
005342 	273 	73 	63 	63 
005343 	273 	73 	63 	63 
005344 	273 	80 	63 	63 
005345 	273 	80 	63 	63 
005346 	273 	80 	63 	63 
005347 	273 	80 	63 	63 
005348 	273 	80 	63 	63 
005349 	273 	80 	63 	63 
005350 	273 	73 	63 	63 
005351 	273 	73 	63 	63 
005352 	273 	80 	63 	63 
005353 	273 	80 	63 	63 
005354 	273 	80 	63 	63 
005355 	273 	80 	63 	63 
005356 	273 	80 	63 	63 
005357 	269 	71 	76 	75 
005358 	269 	71 	76 	75 
005359 	280 	80 	63 	63 
005360 	280 	80 	63 	63 
005361 	280 	80 	63 	63 
005362 	280 	80 	63 	63 
005363 	280 	80 	63 	63 
005364 	280 	80 	63 	63 
005365 	280 	80 	63 	63 
005366 	280 	80 	63 	63 
005367 	280 	80 	63 	63 
005368 	280 	80 	63 	63 
005369 	280 	80 	63 	63 
005370 	280 	80 	63 	63 
005371 	280 	80 	63 	63 
005372 	280 	80 	63 	63 
005373 	280 	80 	63 	63 
005374 	280 	80 	63 	63 
005375 	280 	80 	63 	63 
005376 	280 	80 	63 	63 
005377 	280 	80 	63 	63 
005378 	280 	80 	63 	63 
005379 	280 	80 	63 	63 
005380 	280 	80 	63 	63 
005381 	280 	80 	63 	63 
005382 	280 	80 	63 	63 
005383 	280 	80 	63 	63 
005384 	280 	80 	63 	63 
005385 	280 	80 	63 	63 
005386 	280 	80 	63 	63 
005387 	280 	80 	63 	63 
005388 	280 	80 	63 	63 
005389 	280 	80 	63 	63 
005390 	280 	80 	63 	63 
005391 	280 	73 	63 	63 
005392 	280 	80 	63 	63 
005393 	280 	80 	63 	63 
005394 	273 	80 	63 	63 
005395 	273 	80 	63 	63 
005396 	273 	80 	63 	63 
005397 	273 	80 	63 	63 
005398 	273 	80 	63 	63 
005399 	273 	80 	63 	63 
005400 	273 	80 	63 	63 
005401 	273 	80 	63 	63 
005402 	273 	80 	63 	63 
005403 	280 	80 	63 	63 
005404 	280 	80 	63 	63 
005405 	280 	80 	63 	63 
005406 	280 	80 	63 	63 
005407 	286 	80 	64 	63 
005408 	286 	73 	64 	63 
005409 	286 	73 	64 	63 
005410 	286 	73 	64 	63 
005411 	286 	73 	64 	63 
005412 	286 	73 	64 	63 
005413 	286 	73 	64 	63 
005414 	286 	73 	64 	63 
005415 	286 	80 	64 	63 
005416 	286 	80 	64 	63 
005417 	286 	80 	64 	63 
005418 	280 	80 	63 	63 
005419 	280 	80 	63 	63 
005420 	280 	80 	63 	63 
005421 	280 	80 	63 	63 
005422 	280 	80 	63 	63 
005423 	280 	80 	63 	63 
005424 	280 	87 	63 	63 
005425 	280 	80 	63 	63 
005426 	280 	80 	63 	63 
005427 	280 	80 	63 	63 
005428 	280 	80 	63 	63 
005429 	280 	80 	63 	63 
005430 	280 	80 	63 	63 
005431 	280 	80 	63 	63 
005432 	280 	80 	63 	63 
005433 	280 	80 	63 	63 
005434 	280 	80 	63 	63 
005435 	280 	80 	63 	63 
005436 	280 	80 	63 	63 
005437 	269 	71 	76 	75 
005438 	273 	73 	63 	63 
005439 	273 	73 	63 	63 
005440 	269 	62 	76 	76 
005441 	269 	62 	76 	76 
005442 	269 	62 	76 	76 
005443 	280 	73 	63 	63 
005444 	280 	73 	63 	63 
005445 	280 	73 	63 	63 
005446 	280 	73 	63 	63 
005447 	280 	73 	63 	63 
005448 	280 	80 	63 	63 
005449 	280 	80 	63 	63 
005450 	280 	87 	63 	63 
005451 	280 	87 	63 	63 
005452 	280 	80 	63 	63 
005453 	280 	73 	63 	63 
005454 	280 	73 	63 	63 
005455 	280 	73 	63 	63 
005456 	280 	66 	63 	63 
005457 	280 	66 	63 	63 
005458 	280 	73 	63 	63 
005459 	280 	73 	63 	63 
005460 	280 	80 	63 	63 
005461 	280 	80 	63 	63 
005462 	280 	80 	63 	63 
005463 	280 	73 	63 	63 
005464 	280 	73 	63 	63 
005465 	280 	73 	63 	63 
005466 	280 	73 	63 	63 
005467 	280 	73 	63 	63 
005468 	280 	73 	63 	63 
005469 	280 	73 	63 	63 
005470 	278 	71 	75 	75 
005471 	280 	73 	63 	63 
005472 	280 	73 	63 	63 
005473 	280 	73 	63 	63 
005474 	278 	62 	75 	76 
005475 	278 	62 	75 	76 
005476 	278 	62 	75 	76 
005477 	278 	62 	75 	76 
005478 	280 	73 	63 	63 
005479 	280 	73 	63 	63 
005480 	280 	73 	63 	63 
005481 	280 	73 	63 	63 
005482 	280 	73 	63 	63 
005483 	280 	73 	63 	63 
005484 	280 	73 	63 	63 
005485 	280 	73 	63 	63 
005486 	273 	73 	63 	63 
005487 	269 	62 	76 	76 
005488 	269 	62 	76 	76 
005489 	280 	73 	63 	63 
005490 	269 	71 	76 	75 
005491 	280 	80 	63 	63 
005492 	280 	80 	63 	63 
005493 	280 	80 	63 	63 
005494 	280 	80 	63 	63 
005495 	280 	80 	63 	63 
005496 	280 	80 	63 	63 
005497 	280 	80 	63 	63 
005498 	280 	80 	63 	63 
005499 	280 	80 	63 	63 
005500 	280 	80 	63 	63 
005501 	280 	80 	63 	63 
005502 	280 	80 	63 	63 
005503 	280 	80 	63 	63 
005504 	280 	80 	63 	63 
005505 	280 	80 	63 	63 
005506 	280 	80 	63 	63 
005507 	280 	80 	63 	63 
005508 	280 	80 	63 	63 
005509 	280 	80 	63 	63 
