Identity  : 	id11211
Reference : 	bIoRUtPo34Q
Offset    : 	0
FV Conf   : 	15.285
ASD Conf  : 	6.965

FRAME 	X 	Y 	W 	H 
003308 	352 	94 	130 	130 
003309 	352 	94 	130 	130 
003310 	352 	94 	130 	130 
003311 	352 	94 	130 	130 
003312 	352 	94 	130 	130 
003313 	336 	79 	156 	156 
003314 	336 	79 	156 	156 
003315 	336 	79 	156 	156 
003316 	336 	79 	156 	156 
003317 	337 	94 	130 	130 
003318 	337 	94 	130 	130 
003319 	337 	80 	130 	130 
003320 	337 	80 	130 	130 
003321 	337 	80 	130 	130 
003322 	337 	80 	130 	130 
003323 	337 	80 	130 	130 
003324 	337 	80 	130 	130 
003325 	341 	78 	108 	109 
003326 	319 	62 	156 	155 
003327 	341 	78 	108 	109 
003328 	319 	62 	156 	155 
003329 	341 	78 	108 	109 
003330 	337 	80 	130 	130 
003331 	337 	80 	130 	130 
003332 	337 	80 	130 	130 
003333 	337 	80 	130 	130 
003334 	337 	80 	130 	130 
003335 	337 	80 	130 	130 
003336 	337 	80 	130 	130 
003337 	337 	80 	130 	130 
003338 	337 	80 	130 	130 
003339 	337 	80 	130 	130 
003340 	337 	80 	130 	130 
003341 	337 	80 	130 	130 
003342 	337 	80 	130 	130 
003343 	337 	80 	130 	130 
003344 	337 	80 	130 	130 
003345 	337 	80 	130 	130 
003346 	337 	80 	130 	130 
003347 	337 	80 	130 	130 
003348 	337 	80 	130 	130 
003349 	336 	79 	156 	156 
003350 	337 	80 	130 	130 
003351 	337 	80 	130 	130 
003352 	336 	79 	156 	156 
003353 	336 	79 	156 	156 
003354 	336 	79 	156 	156 
003355 	336 	79 	156 	156 
003356 	336 	62 	156 	155 
003357 	336 	62 	156 	155 
003358 	336 	62 	156 	155 
003359 	336 	62 	156 	155 
003360 	336 	62 	156 	155 
003361 	336 	79 	156 	156 
003362 	336 	79 	156 	156 
003363 	336 	79 	156 	156 
003364 	336 	79 	156 	156 
003365 	337 	80 	130 	130 
003366 	337 	80 	130 	130 
003367 	337 	80 	130 	130 
003368 	337 	80 	130 	130 
003369 	337 	80 	130 	130 
003370 	337 	80 	130 	130 
003371 	337 	80 	130 	130 
003372 	337 	80 	130 	130 
003373 	337 	80 	130 	130 
003374 	337 	80 	130 	130 
003375 	337 	80 	130 	130 
003376 	337 	80 	130 	130 
003377 	337 	80 	130 	130 
003378 	337 	80 	130 	130 
003379 	337 	80 	130 	130 
003380 	337 	80 	130 	130 
003381 	336 	79 	156 	156 
003382 	337 	80 	130 	130 
003383 	337 	80 	130 	130 
003384 	337 	80 	130 	130 
003385 	337 	80 	130 	130 
003386 	337 	80 	130 	130 
003387 	337 	80 	130 	130 
003388 	337 	80 	130 	130 
003389 	337 	80 	130 	130 
003390 	337 	80 	130 	130 
003391 	337 	80 	130 	130 
003392 	337 	80 	130 	130 
003393 	337 	80 	130 	130 
003394 	337 	80 	130 	130 
003395 	337 	80 	130 	130 
003396 	337 	80 	130 	130 
003397 	337 	80 	130 	130 
003398 	337 	80 	130 	130 
003399 	337 	80 	130 	130 
003400 	337 	80 	130 	130 
003401 	337 	80 	130 	130 
003402 	337 	80 	130 	130 
003403 	337 	80 	130 	130 
003404 	337 	80 	130 	130 
003405 	337 	80 	130 	130 
003406 	337 	80 	130 	130 
003407 	337 	80 	130 	130 
003408 	337 	80 	130 	130 
003409 	337 	80 	130 	130 
003410 	337 	80 	130 	130 
003411 	337 	80 	130 	130 
003412 	337 	80 	130 	130 
003413 	337 	80 	130 	130 
003414 	337 	80 	130 	130 
003415 	337 	80 	130 	130 
003416 	337 	80 	130 	130 
003417 	337 	80 	130 	130 
003418 	337 	80 	130 	130 
003419 	337 	80 	130 	130 
003420 	337 	80 	130 	130 
003421 	337 	80 	130 	130 
003422 	337 	80 	130 	130 
003423 	337 	80 	130 	130 
003424 	337 	80 	130 	130 
003425 	337 	80 	130 	130 
003426 	337 	80 	130 	130 
003427 	337 	80 	130 	130 
003428 	337 	80 	130 	130 
003429 	337 	80 	130 	130 
003430 	337 	80 	130 	130 
003431 	337 	80 	130 	130 
003432 	337 	80 	130 	130 
003433 	337 	80 	130 	130 
003434 	337 	80 	130 	130 
003435 	337 	80 	130 	130 
003436 	337 	80 	130 	130 
003437 	337 	80 	130 	130 
003438 	337 	80 	130 	130 
003439 	337 	80 	130 	130 
003440 	337 	80 	130 	130 
003441 	337 	80 	130 	130 
003442 	337 	80 	130 	130 
003443 	337 	80 	130 	130 
003444 	337 	80 	130 	130 
003445 	337 	80 	130 	130 
003446 	337 	80 	130 	130 
003447 	337 	80 	130 	130 
003448 	337 	80 	130 	130 
003449 	337 	80 	130 	130 
003450 	337 	80 	130 	130 
003451 	337 	80 	130 	130 
003452 	337 	80 	130 	130 
003453 	337 	80 	130 	130 
003454 	337 	80 	130 	130 
003455 	337 	80 	130 	130 
003456 	337 	80 	130 	130 
003457 	337 	80 	130 	130 
003458 	337 	80 	130 	130 
003459 	337 	80 	130 	130 
003460 	337 	80 	130 	130 
003461 	337 	80 	130 	130 
003462 	337 	80 	130 	130 
003463 	337 	80 	130 	130 
003464 	337 	80 	130 	130 
003465 	337 	80 	130 	130 
003466 	337 	80 	130 	130 
003467 	337 	80 	130 	130 
003468 	337 	80 	130 	130 
003469 	337 	80 	130 	130 
003470 	337 	80 	130 	130 
003471 	337 	80 	130 	130 
003472 	337 	80 	130 	130 
003473 	336 	79 	156 	156 
003474 	336 	79 	156 	156 
003475 	336 	79 	156 	156 
003476 	336 	79 	156 	156 
003477 	336 	79 	156 	156 
003478 	336 	79 	156 	156 
003479 	352 	80 	130 	130 
003480 	352 	80 	130 	130 
003481 	352 	80 	130 	130 
003482 	336 	79 	156 	156 
003483 	352 	94 	130 	130 
003484 	352 	80 	130 	130 
003485 	352 	94 	130 	130 
003486 	352 	94 	130 	130 
003487 	352 	94 	130 	130 
003488 	336 	79 	156 	156 
003489 	352 	80 	130 	130 
003490 	352 	80 	130 	130 
003491 	352 	80 	130 	130 
003492 	352 	80 	130 	130 
003493 	336 	79 	156 	156 
003494 	336 	79 	156 	156 
003495 	336 	79 	156 	156 
003496 	336 	79 	156 	156 
003497 	336 	79 	156 	156 
003498 	336 	79 	156 	156 
003499 	336 	79 	156 	156 
003500 	336 	79 	156 	156 
003501 	336 	79 	156 	156 
003502 	352 	80 	130 	130 
003503 	352 	80 	130 	130 
003504 	336 	79 	156 	156 
003505 	336 	79 	156 	156 
003506 	336 	79 	156 	156 
003507 	336 	79 	156 	156 
003508 	336 	79 	156 	156 
003509 	336 	79 	156 	156 
003510 	336 	79 	156 	156 
003511 	336 	79 	156 	156 
003512 	336 	79 	156 	156 
003513 	336 	79 	156 	156 
003514 	336 	79 	156 	156 
003515 	352 	94 	130 	130 
003516 	352 	94 	130 	130 
003517 	352 	94 	130 	130 
003518 	352 	94 	130 	130 
003519 	352 	94 	130 	130 
003520 	352 	94 	130 	130 
003521 	352 	94 	130 	130 
003522 	336 	79 	156 	156 
003523 	352 	94 	130 	130 
003524 	352 	94 	130 	130 
003525 	352 	94 	130 	130 
003526 	352 	94 	130 	130 
003527 	336 	79 	156 	156 
003528 	352 	94 	130 	130 
003529 	336 	79 	156 	156 
003530 	352 	94 	130 	130 
003531 	352 	94 	130 	130 
003532 	352 	94 	130 	130 
003533 	336 	79 	156 	156 
003534 	336 	79 	156 	156 
003535 	336 	79 	156 	156 
003536 	352 	94 	130 	130 
003537 	336 	79 	156 	156 
003538 	352 	94 	130 	130 
003539 	336 	79 	156 	156 
003540 	336 	79 	156 	156 
003541 	352 	94 	130 	130 
003542 	352 	94 	130 	130 
003543 	336 	79 	156 	156 
003544 	352 	94 	130 	130 
003545 	336 	79 	156 	156 
003546 	336 	79 	156 	156 
003547 	336 	79 	156 	156 
003548 	336 	79 	156 	156 
003549 	336 	79 	156 	156 
003550 	336 	79 	156 	156 
003551 	336 	79 	156 	156 
003552 	336 	79 	156 	156 
003553 	336 	79 	156 	156 
003554 	336 	79 	156 	156 
003555 	336 	79 	156 	156 
003556 	352 	80 	130 	130 
003557 	352 	80 	130 	130 
003558 	352 	80 	130 	130 
003559 	352 	80 	130 	130 
003560 	352 	80 	130 	130 
003561 	352 	80 	130 	130 
003562 	352 	80 	130 	130 
003563 	352 	80 	130 	130 
003564 	352 	80 	130 	130 
003565 	352 	80 	130 	130 
003566 	352 	80 	130 	130 
003567 	352 	80 	130 	130 
003568 	352 	80 	130 	130 
003569 	352 	80 	130 	130 
003570 	352 	80 	130 	130 
003571 	352 	80 	130 	130 
003572 	352 	80 	130 	130 
003573 	352 	80 	130 	130 
003574 	352 	80 	130 	130 
003575 	352 	80 	130 	130 
003576 	352 	80 	130 	130 
003577 	336 	79 	156 	156 
003578 	336 	79 	156 	156 
003579 	337 	80 	130 	130 
003580 	336 	79 	156 	156 
003581 	337 	80 	130 	130 
003582 	337 	80 	130 	130 
003583 	337 	80 	130 	130 
003584 	337 	80 	130 	130 
003585 	337 	80 	130 	130 
003586 	337 	80 	130 	130 
003587 	337 	80 	130 	130 
003588 	337 	80 	130 	130 
003589 	337 	80 	130 	130 
003590 	337 	80 	130 	130 
003591 	337 	80 	130 	130 
003592 	337 	80 	130 	130 
003593 	337 	80 	130 	130 
003594 	337 	80 	130 	130 
003595 	337 	80 	130 	130 
003596 	337 	80 	130 	130 
003597 	337 	80 	130 	130 
003598 	337 	80 	130 	130 
003599 	337 	80 	130 	130 
003600 	337 	80 	130 	130 
003601 	337 	80 	130 	130 
003602 	337 	80 	130 	130 
003603 	337 	80 	130 	130 
003604 	337 	80 	130 	130 
003605 	337 	80 	130 	130 
003606 	337 	80 	130 	130 
003607 	337 	80 	130 	130 
003608 	337 	80 	130 	130 
003609 	337 	80 	130 	130 
003610 	337 	80 	130 	130 
003611 	337 	80 	130 	130 
003612 	337 	80 	130 	130 
003613 	337 	80 	130 	130 
003614 	337 	80 	130 	130 
003615 	337 	80 	130 	130 
003616 	337 	80 	130 	130 
003617 	337 	80 	130 	130 
003618 	337 	80 	130 	130 
003619 	337 	80 	130 	130 
003620 	337 	80 	130 	130 
003621 	337 	80 	130 	130 
003622 	337 	80 	130 	130 
003623 	337 	80 	130 	130 
003624 	337 	80 	130 	130 
003625 	337 	80 	130 	130 
003626 	337 	80 	130 	130 
003627 	337 	80 	130 	130 
003628 	337 	80 	130 	130 
003629 	337 	80 	130 	130 
003630 	337 	80 	130 	130 
003631 	337 	80 	130 	130 
003632 	337 	80 	130 	130 
003633 	337 	80 	130 	130 
003634 	337 	80 	130 	130 
003635 	337 	80 	130 	130 
003636 	337 	80 	130 	130 
003637 	337 	80 	130 	130 
003638 	337 	80 	130 	130 
003639 	337 	80 	130 	130 
003640 	337 	80 	130 	130 
003641 	337 	80 	130 	130 
003642 	337 	80 	130 	130 
003643 	337 	80 	130 	130 
003644 	337 	80 	130 	130 
003645 	337 	80 	130 	130 
003646 	337 	80 	130 	130 
003647 	337 	80 	130 	130 
003648 	337 	80 	130 	130 
003649 	337 	80 	130 	130 
003650 	337 	80 	130 	130 
003651 	337 	80 	130 	130 
003652 	337 	80 	130 	130 
003653 	336 	79 	156 	156 
003654 	336 	79 	156 	156 
003655 	336 	79 	156 	156 
003656 	336 	79 	156 	156 
003657 	336 	79 	156 	156 
003658 	336 	79 	156 	156 
003659 	336 	79 	156 	156 
003660 	336 	79 	156 	156 
003661 	336 	79 	156 	156 
003662 	336 	79 	156 	156 
003663 	336 	79 	156 	156 
003664 	336 	79 	156 	156 
003665 	336 	79 	156 	156 
003666 	336 	79 	156 	156 
003667 	336 	79 	156 	156 
003668 	336 	79 	156 	156 
003669 	336 	79 	156 	156 
003670 	336 	79 	156 	156 
003671 	336 	79 	156 	156 
003672 	352 	80 	130 	130 
003673 	336 	79 	156 	156 
003674 	352 	80 	130 	130 
003675 	352 	80 	130 	130 
003676 	352 	94 	130 	130 
003677 	336 	79 	156 	156 
003678 	352 	80 	130 	130 
003679 	352 	94 	130 	130 
003680 	352 	94 	130 	130 
003681 	352 	94 	130 	130 
003682 	352 	94 	130 	130 
003683 	352 	94 	130 	130 
003684 	352 	94 	130 	130 
003685 	352 	80 	130 	130 
003686 	352 	80 	130 	130 
003687 	352 	80 	130 	130 
003688 	352 	80 	130 	130 
003689 	352 	80 	130 	130 
003690 	352 	80 	130 	130 
003691 	352 	80 	130 	130 
003692 	352 	80 	130 	130 
003693 	352 	80 	130 	130 
003694 	352 	80 	130 	130 
003695 	352 	80 	130 	130 
003696 	336 	79 	156 	156 
003697 	336 	79 	156 	156 
003698 	336 	79 	156 	156 
003699 	336 	79 	156 	156 
003700 	336 	79 	156 	156 
003701 	336 	79 	156 	156 
003702 	352 	80 	130 	130 
003703 	352 	80 	130 	130 
003704 	352 	80 	130 	130 
003705 	352 	80 	130 	130 
003706 	352 	80 	130 	130 
003707 	352 	80 	130 	130 
003708 	352 	94 	130 	130 
003709 	352 	80 	130 	130 
003710 	352 	80 	130 	130 
003711 	352 	80 	130 	130 
003712 	352 	80 	130 	130 
003713 	352 	80 	130 	130 
003714 	352 	80 	130 	130 
003715 	352 	80 	130 	130 
003716 	352 	80 	130 	130 
003717 	336 	79 	156 	156 
003718 	352 	80 	130 	130 
003719 	352 	80 	130 	130 
003720 	352 	80 	130 	130 
003721 	336 	79 	156 	156 
003722 	336 	79 	156 	156 
003723 	336 	79 	156 	156 
003724 	336 	79 	156 	156 
003725 	336 	79 	156 	156 
003726 	337 	80 	130 	130 
003727 	337 	80 	130 	130 
003728 	337 	80 	130 	130 
003729 	337 	80 	130 	130 
003730 	319 	79 	156 	156 
003731 	323 	80 	130 	130 
003732 	323 	80 	130 	130 
003733 	323 	80 	130 	130 
003734 	323 	80 	130 	130 
003735 	323 	80 	130 	130 
003736 	323 	80 	130 	130 
003737 	323 	80 	130 	130 
003738 	323 	80 	130 	130 
003739 	323 	80 	130 	130 
003740 	323 	80 	130 	130 
003741 	323 	80 	130 	130 
003742 	323 	80 	130 	130 
003743 	323 	94 	130 	130 
003744 	323 	94 	130 	130 
003745 	323 	94 	130 	130 
003746 	323 	80 	130 	130 
003747 	323 	80 	130 	130 
003748 	323 	80 	130 	130 
003749 	323 	80 	130 	130 
003750 	323 	80 	130 	130 
003751 	323 	80 	130 	130 
003752 	323 	80 	130 	130 
003753 	323 	80 	130 	130 
003754 	323 	80 	130 	130 
003755 	323 	80 	130 	130 
003756 	323 	80 	130 	130 
003757 	323 	80 	130 	130 
003758 	323 	80 	130 	130 
003759 	323 	80 	130 	130 
003760 	323 	80 	130 	130 
003761 	323 	80 	130 	130 
003762 	323 	80 	130 	130 
003763 	323 	80 	130 	130 
003764 	323 	80 	130 	130 
003765 	323 	80 	130 	130 
003766 	323 	80 	130 	130 
003767 	323 	80 	130 	130 
003768 	323 	80 	130 	130 
003769 	323 	80 	130 	130 
003770 	323 	80 	130 	130 
003771 	323 	80 	130 	130 
003772 	323 	80 	130 	130 
003773 	323 	80 	130 	130 
003774 	323 	80 	130 	130 
003775 	323 	80 	130 	130 
003776 	323 	80 	130 	130 
003777 	323 	80 	130 	130 
003778 	323 	80 	130 	130 
003779 	319 	79 	156 	156 
003780 	319 	79 	156 	156 
003781 	319 	79 	156 	156 
003782 	319 	79 	156 	156 
003783 	337 	80 	130 	130 
003784 	337 	80 	130 	130 
003785 	337 	80 	130 	130 
003786 	337 	80 	130 	130 
003787 	337 	80 	130 	130 
003788 	337 	80 	130 	130 
003789 	336 	62 	156 	155 
003790 	336 	79 	156 	156 
003791 	336 	79 	156 	156 
003792 	336 	79 	156 	156 
003793 	336 	79 	156 	156 
003794 	336 	79 	156 	156 
003795 	336 	79 	156 	156 
003796 	336 	79 	156 	156 
003797 	336 	79 	156 	156 
003798 	336 	79 	156 	156 
003799 	336 	79 	156 	156 
003800 	336 	79 	156 	156 
003801 	336 	79 	156 	156 
003802 	336 	79 	156 	156 
003803 	336 	79 	156 	156 
003804 	337 	80 	130 	130 
003805 	337 	80 	130 	130 
003806 	337 	80 	130 	130 
003807 	337 	80 	130 	130 
003808 	337 	80 	130 	130 
003809 	337 	80 	130 	130 
003810 	337 	80 	130 	130 
003811 	337 	80 	130 	130 
003812 	337 	80 	130 	130 
003813 	337 	80 	130 	130 
003814 	337 	80 	130 	130 
003815 	337 	80 	130 	130 
003816 	337 	80 	130 	130 
003817 	337 	80 	130 	130 
003818 	337 	80 	130 	130 
003819 	337 	80 	130 	130 
003820 	337 	80 	130 	130 
003821 	337 	80 	130 	130 
003822 	337 	80 	130 	130 
003823 	337 	80 	130 	130 
003824 	337 	80 	130 	130 
003825 	337 	80 	130 	130 
003826 	337 	80 	130 	130 
003827 	337 	80 	130 	130 
003828 	352 	80 	130 	130 
003829 	352 	80 	130 	130 
003830 	352 	80 	130 	130 
003831 	352 	80 	130 	130 
003832 	352 	80 	130 	130 
003833 	352 	80 	130 	130 
003834 	336 	62 	156 	155 
003835 	337 	80 	130 	130 
003836 	337 	80 	130 	130 
003837 	337 	80 	130 	130 
003838 	337 	80 	130 	130 
003839 	337 	80 	130 	130 
003840 	337 	80 	130 	130 
003841 	337 	80 	130 	130 
