Identity  : 	id10392
Reference : 	oNpbIhnUFP8
Offset    : 	-2
FV Conf   : 	19.356
ASD Conf  : 	8.416

FRAME 	X 	Y 	W 	H 
004437 	403 	55 	91 	91 
004438 	403 	55 	91 	91 
004439 	403 	55 	91 	91 
004440 	403 	55 	91 	91 
004441 	403 	55 	91 	91 
004442 	403 	55 	91 	91 
004443 	403 	55 	91 	91 
004444 	403 	55 	91 	91 
004445 	403 	55 	91 	91 
004446 	403 	55 	91 	91 
004447 	403 	45 	91 	91 
004448 	403 	55 	91 	91 
004449 	402 	62 	76 	76 
004450 	393 	55 	91 	91 
004451 	393 	45 	91 	91 
004452 	393 	55 	91 	91 
004453 	394 	62 	75 	76 
004454 	394 	54 	75 	76 
004455 	394 	62 	75 	76 
004456 	383 	55 	91 	91 
004457 	383 	55 	91 	91 
004458 	385 	62 	76 	76 
004459 	385 	62 	76 	76 
004460 	385 	62 	76 	76 
004461 	385 	62 	76 	76 
004462 	373 	55 	91 	91 
004463 	373 	55 	91 	91 
004464 	377 	62 	76 	76 
004465 	377 	62 	76 	76 
004466 	373 	55 	91 	91 
004467 	373 	55 	91 	91 
004468 	373 	55 	91 	91 
004469 	373 	55 	91 	91 
004470 	373 	55 	91 	91 
004471 	373 	55 	91 	91 
004472 	373 	55 	91 	91 
004473 	373 	55 	91 	91 
004474 	373 	55 	91 	91 
004475 	373 	55 	91 	91 
004476 	373 	55 	91 	91 
004477 	373 	55 	91 	91 
004478 	385 	62 	76 	76 
004479 	385 	62 	76 	76 
004480 	383 	55 	91 	91 
004481 	383 	55 	91 	91 
004482 	383 	55 	91 	91 
004483 	383 	55 	91 	91 
004484 	383 	55 	91 	91 
004485 	394 	62 	75 	76 
004486 	394 	62 	75 	76 
004487 	394 	62 	75 	76 
004488 	394 	62 	75 	76 
004489 	394 	62 	75 	76 
004490 	394 	62 	75 	76 
004491 	394 	62 	75 	76 
004492 	394 	62 	75 	76 
004493 	394 	62 	75 	76 
004494 	383 	65 	91 	91 
004495 	383 	65 	91 	91 
004496 	383 	65 	91 	91 
004497 	385 	71 	76 	75 
004498 	385 	71 	76 	75 
004499 	373 	65 	91 	91 
004500 	373 	65 	91 	91 
004501 	373 	65 	91 	91 
004502 	373 	65 	91 	91 
004503 	373 	65 	91 	91 
004504 	373 	65 	91 	91 
004505 	373 	65 	91 	91 
004506 	377 	71 	76 	75 
004507 	377 	71 	76 	75 
004508 	377 	71 	76 	75 
004509 	377 	71 	76 	75 
004510 	373 	65 	91 	91 
004511 	373 	65 	91 	91 
004512 	377 	71 	76 	75 
004513 	373 	65 	91 	91 
004514 	373 	65 	91 	91 
004515 	373 	65 	91 	91 
004516 	373 	65 	91 	91 
004517 	373 	65 	91 	91 
004518 	373 	65 	91 	91 
004519 	385 	71 	76 	75 
004520 	385 	62 	76 	76 
004521 	385 	62 	76 	76 
004522 	385 	62 	76 	76 
004523 	385 	62 	76 	76 
004524 	385 	62 	76 	76 
004525 	385 	62 	76 	76 
004526 	385 	62 	76 	76 
004527 	385 	62 	76 	76 
004528 	385 	62 	76 	76 
004529 	385 	62 	76 	76 
004530 	385 	62 	76 	76 
004531 	385 	62 	76 	76 
004532 	385 	62 	76 	76 
004533 	373 	55 	91 	91 
004534 	373 	55 	91 	91 
004535 	373 	55 	91 	91 
004536 	373 	55 	91 	91 
004537 	363 	55 	91 	91 
004538 	363 	55 	91 	91 
004539 	377 	54 	76 	76 
004540 	377 	54 	76 	76 
004541 	363 	45 	91 	91 
004542 	363 	45 	91 	91 
004543 	363 	45 	91 	91 
004544 	363 	45 	91 	91 
004545 	363 	45 	91 	91 
004546 	363 	45 	91 	91 
004547 	377 	54 	76 	76 
004548 	363 	55 	91 	91 
004549 	363 	55 	91 	91 
004550 	363 	55 	91 	91 
004551 	377 	54 	76 	76 
004552 	377 	54 	76 	76 
004553 	377 	54 	76 	76 
004554 	377 	54 	76 	76 
004555 	363 	55 	91 	91 
004556 	373 	55 	91 	91 
004557 	373 	55 	91 	91 
004558 	373 	55 	91 	91 
004559 	373 	55 	91 	91 
004560 	373 	55 	91 	91 
004561 	373 	55 	91 	91 
004562 	373 	55 	91 	91 
004563 	377 	54 	76 	76 
004564 	377 	54 	76 	76 
004565 	363 	55 	91 	91 
004566 	363 	55 	91 	91 
004567 	363 	55 	91 	91 
004568 	363 	55 	91 	91 
004569 	363 	55 	91 	91 
004570 	363 	55 	91 	91 
004571 	363 	55 	91 	91 
004572 	363 	55 	91 	91 
004573 	363 	55 	91 	91 
004574 	363 	55 	91 	91 
004575 	377 	62 	76 	76 
004576 	377 	62 	76 	76 
004577 	377 	62 	76 	76 
004578 	363 	55 	91 	91 
004579 	363 	55 	91 	91 
004580 	363 	55 	91 	91 
004581 	363 	55 	91 	91 
004582 	377 	62 	76 	76 
004583 	377 	62 	76 	76 
004584 	373 	55 	91 	91 
004585 	373 	55 	91 	91 
004586 	373 	55 	91 	91 
004587 	385 	62 	76 	76 
004588 	383 	55 	91 	91 
004589 	383 	55 	91 	91 
004590 	383 	45 	91 	91 
004591 	383 	45 	91 	91 
004592 	383 	45 	91 	91 
004593 	383 	45 	91 	91 
004594 	383 	45 	91 	91 
004595 	383 	45 	91 	91 
004596 	383 	45 	91 	91 
004597 	383 	45 	91 	91 
004598 	383 	45 	91 	91 
004599 	383 	45 	91 	91 
004600 	383 	45 	91 	91 
004601 	383 	45 	91 	91 
004602 	383 	45 	91 	91 
004603 	383 	45 	91 	91 
004604 	383 	45 	91 	91 
004605 	383 	45 	91 	91 
004606 	383 	45 	91 	91 
004607 	383 	45 	91 	91 
004608 	383 	45 	91 	91 
004609 	383 	45 	91 	91 
004610 	383 	45 	91 	91 
004611 	383 	45 	91 	91 
004612 	385 	54 	76 	76 
004613 	373 	45 	91 	91 
004614 	373 	45 	91 	91 
004615 	373 	45 	91 	91 
004616 	373 	45 	91 	91 
004617 	377 	54 	76 	76 
004618 	377 	54 	76 	76 
004619 	377 	54 	76 	76 
004620 	373 	45 	91 	91 
004621 	373 	45 	91 	91 
004622 	373 	45 	91 	91 
004623 	383 	45 	91 	91 
004624 	394 	46 	75 	76 
004625 	393 	45 	91 	91 
