Identity  : 	id10878
Reference : 	djSJYz6QaRM
Offset    : 	-2
FV Conf   : 	18.940
ASD Conf  : 	5.508

FRAME 	X 	Y 	W 	H 
004364 	178 	129 	76 	75 
004365 	178 	129 	76 	75 
004366 	186 	129 	76 	75 
004367 	186 	129 	76 	75 
004368 	186 	129 	76 	75 
004369 	186 	129 	76 	75 
004370 	186 	129 	76 	75 
004371 	186 	129 	76 	75 
004372 	186 	129 	76 	75 
004373 	186 	129 	76 	75 
004374 	186 	129 	76 	75 
004375 	186 	129 	76 	75 
004376 	186 	129 	76 	75 
004377 	186 	129 	76 	75 
004378 	186 	129 	76 	75 
004379 	186 	129 	76 	75 
004380 	186 	129 	76 	75 
004381 	195 	129 	75 	75 
004382 	195 	129 	75 	75 
004383 	203 	129 	76 	75 
004384 	203 	129 	76 	75 
004385 	203 	129 	76 	75 
004386 	203 	129 	76 	75 
004387 	210 	142 	64 	63 
004388 	210 	142 	64 	63 
004389 	210 	142 	64 	63 
004390 	203 	137 	76 	76 
004391 	203 	137 	76 	76 
004392 	203 	137 	76 	76 
004393 	203 	137 	76 	76 
004394 	203 	137 	76 	76 
004395 	195 	129 	75 	75 
004396 	195 	129 	75 	75 
004397 	195 	129 	75 	75 
004398 	195 	129 	75 	75 
004399 	195 	129 	75 	75 
004400 	195 	129 	75 	75 
004401 	195 	129 	75 	75 
004402 	195 	129 	75 	75 
004403 	195 	129 	75 	75 
004404 	195 	129 	75 	75 
004405 	195 	129 	75 	75 
004406 	195 	129 	75 	75 
004407 	195 	129 	75 	75 
004408 	195 	129 	75 	75 
004409 	195 	129 	75 	75 
004410 	195 	129 	75 	75 
004411 	195 	129 	75 	75 
004412 	195 	129 	75 	75 
004413 	195 	129 	75 	75 
004414 	195 	129 	75 	75 
004415 	195 	129 	75 	75 
004416 	195 	129 	75 	75 
004417 	195 	129 	75 	75 
004418 	195 	129 	75 	75 
004419 	195 	137 	75 	76 
004420 	195 	137 	75 	76 
004421 	195 	129 	75 	75 
004422 	195 	129 	75 	75 
004423 	195 	129 	75 	75 
004424 	195 	129 	75 	75 
004425 	195 	129 	75 	75 
004426 	195 	129 	75 	75 
004427 	195 	129 	75 	75 
004428 	195 	129 	75 	75 
004429 	195 	129 	75 	75 
004430 	195 	129 	75 	75 
004431 	195 	129 	75 	75 
004432 	195 	129 	75 	75 
004433 	195 	129 	75 	75 
004434 	195 	129 	75 	75 
004435 	195 	129 	75 	75 
004436 	195 	129 	75 	75 
004437 	195 	129 	75 	75 
004438 	195 	129 	75 	75 
004439 	195 	129 	75 	75 
004440 	195 	129 	75 	75 
004441 	195 	129 	75 	75 
004442 	195 	129 	75 	75 
004443 	195 	129 	75 	75 
004444 	195 	129 	75 	75 
004445 	195 	129 	75 	75 
004446 	195 	129 	75 	75 
004447 	195 	129 	75 	75 
004448 	195 	129 	75 	75 
004449 	195 	129 	75 	75 
004450 	195 	129 	75 	75 
004451 	195 	129 	75 	75 
004452 	195 	129 	75 	75 
004453 	195 	129 	75 	75 
004454 	195 	129 	75 	75 
004455 	195 	129 	75 	75 
004456 	195 	129 	75 	75 
004457 	203 	129 	76 	75 
004458 	210 	135 	64 	63 
004459 	217 	135 	64 	63 
004460 	217 	135 	64 	63 
004461 	217 	135 	64 	63 
004462 	217 	135 	64 	63 
004463 	217 	135 	64 	63 
004464 	217 	135 	64 	63 
004465 	210 	135 	64 	63 
004466 	210 	135 	64 	63 
004467 	210 	135 	64 	63 
004468 	210 	135 	64 	63 
004469 	210 	135 	64 	63 
004470 	210 	135 	64 	63 
004471 	210 	135 	64 	63 
004472 	210 	135 	64 	63 
004473 	210 	135 	64 	63 
004474 	210 	135 	64 	63 
004475 	210 	135 	64 	63 
004476 	210 	135 	64 	63 
004477 	210 	135 	64 	63 
004478 	210 	135 	64 	63 
004479 	210 	135 	64 	63 
004480 	210 	135 	64 	63 
004481 	210 	135 	64 	63 
004482 	210 	135 	64 	63 
004483 	210 	135 	64 	63 
004484 	210 	135 	64 	63 
004485 	210 	135 	64 	63 
004486 	210 	135 	64 	63 
004487 	210 	135 	64 	63 
004488 	210 	135 	64 	63 
004489 	210 	135 	64 	63 
004490 	210 	135 	64 	63 
004491 	210 	135 	64 	63 
004492 	210 	135 	64 	63 
004493 	210 	135 	64 	63 
004494 	210 	135 	64 	63 
004495 	210 	135 	64 	63 
004496 	203 	129 	76 	75 
004497 	204 	135 	63 	63 
004498 	195 	129 	75 	75 
004499 	186 	129 	76 	75 
004500 	186 	129 	76 	75 
004501 	178 	129 	76 	75 
004502 	178 	129 	76 	75 
004503 	178 	129 	76 	75 
004504 	183 	135 	63 	63 
004505 	183 	135 	63 	63 
004506 	183 	135 	63 	63 
004507 	183 	135 	63 	63 
004508 	183 	135 	63 	63 
004509 	183 	135 	63 	63 
004510 	183 	135 	63 	63 
004511 	183 	135 	63 	63 
004512 	183 	135 	63 	63 
