Identity  : 	id11083
Reference : 	G2ktKa3zK-g
Offset    : 	-1
FV Conf   : 	18.440
ASD Conf  : 	5.386

FRAME 	X 	Y 	W 	H 
001456 	164 	96 	156 	156 
001457 	164 	96 	156 	156 
001458 	164 	96 	156 	156 
001459 	147 	79 	156 	156 
001460 	147 	79 	156 	156 
001461 	164 	79 	156 	156 
001462 	164 	79 	156 	156 
001463 	164 	79 	156 	156 
001464 	164 	79 	156 	156 
001465 	164 	96 	156 	156 
001466 	164 	96 	156 	156 
001467 	164 	96 	156 	156 
001468 	164 	96 	156 	156 
001469 	164 	79 	156 	156 
001470 	164 	79 	156 	156 
001471 	164 	79 	156 	156 
001472 	164 	79 	156 	156 
001473 	164 	79 	156 	156 
001474 	164 	79 	156 	156 
001475 	164 	79 	156 	156 
001476 	164 	79 	156 	156 
001477 	164 	79 	156 	156 
001478 	164 	79 	156 	156 
001479 	164 	79 	156 	156 
001480 	164 	79 	156 	156 
001481 	164 	79 	156 	156 
001482 	164 	79 	156 	156 
001483 	164 	79 	156 	156 
001484 	164 	79 	156 	156 
001485 	164 	79 	156 	156 
001486 	164 	79 	156 	156 
001487 	164 	79 	156 	156 
001488 	164 	79 	156 	156 
001489 	164 	79 	156 	156 
001490 	164 	79 	156 	156 
001491 	164 	79 	156 	156 
001492 	164 	79 	156 	156 
001493 	164 	79 	156 	156 
001494 	164 	79 	156 	156 
001495 	164 	79 	156 	156 
001496 	164 	79 	156 	156 
001497 	164 	79 	156 	156 
001498 	164 	79 	156 	156 
001499 	164 	79 	156 	156 
001500 	164 	79 	156 	156 
001501 	164 	79 	156 	156 
001502 	164 	79 	156 	156 
001503 	164 	79 	156 	156 
001504 	164 	79 	156 	156 
001505 	164 	79 	156 	156 
001506 	164 	79 	156 	156 
001507 	164 	79 	156 	156 
001508 	164 	79 	156 	156 
001509 	164 	79 	156 	156 
001510 	164 	79 	156 	156 
001511 	164 	79 	156 	156 
001512 	164 	79 	156 	156 
001513 	164 	79 	156 	156 
001514 	164 	79 	156 	156 
001515 	164 	79 	156 	156 
001516 	164 	79 	156 	156 
001517 	164 	79 	156 	156 
001518 	164 	79 	156 	156 
001519 	164 	79 	156 	156 
001520 	164 	79 	156 	156 
001521 	164 	79 	156 	156 
001522 	164 	79 	156 	156 
001523 	164 	79 	156 	156 
001524 	164 	79 	156 	156 
001525 	164 	79 	156 	156 
001526 	164 	79 	156 	156 
001527 	164 	79 	156 	156 
001528 	164 	79 	156 	156 
001529 	164 	79 	156 	156 
001530 	164 	79 	156 	156 
001531 	164 	79 	156 	156 
001532 	164 	79 	156 	156 
001533 	164 	79 	156 	156 
001534 	164 	79 	156 	156 
001535 	164 	79 	156 	156 
001536 	164 	79 	156 	156 
001537 	164 	79 	156 	156 
001538 	164 	79 	156 	156 
001539 	164 	79 	156 	156 
001540 	164 	79 	156 	156 
001541 	164 	79 	156 	156 
001542 	164 	79 	156 	156 
001543 	164 	79 	156 	156 
001544 	164 	79 	156 	156 
001545 	164 	79 	156 	156 
001546 	164 	79 	156 	156 
001547 	164 	79 	156 	156 
001548 	164 	79 	156 	156 
001549 	164 	79 	156 	156 
001550 	164 	79 	156 	156 
001551 	164 	79 	156 	156 
001552 	164 	79 	156 	156 
001553 	164 	79 	156 	156 
001554 	164 	79 	156 	156 
001555 	164 	79 	156 	156 
001556 	164 	79 	156 	156 
001557 	164 	79 	156 	156 
001558 	164 	79 	156 	156 
001559 	164 	79 	156 	156 
001560 	164 	79 	156 	156 
001561 	164 	79 	156 	156 
001562 	164 	79 	156 	156 
001563 	164 	79 	156 	156 
001564 	164 	79 	156 	156 
001565 	181 	79 	156 	156 
001566 	164 	79 	156 	156 
001567 	164 	79 	156 	156 
001568 	181 	79 	156 	156 
001569 	181 	79 	156 	156 
001570 	181 	79 	156 	156 
001571 	181 	79 	156 	156 
001572 	181 	79 	156 	156 
001573 	181 	79 	156 	156 
001574 	181 	79 	156 	156 
001575 	181 	79 	156 	156 
001576 	181 	79 	156 	156 
001577 	181 	79 	156 	156 
001578 	181 	79 	156 	156 
001579 	181 	79 	156 	156 
001580 	181 	79 	156 	156 
001581 	181 	79 	156 	156 
001582 	181 	79 	156 	156 
001583 	181 	79 	156 	156 
001584 	181 	79 	156 	156 
001585 	181 	79 	156 	156 
001586 	156 	74 	187 	187 
001587 	156 	74 	187 	187 
001588 	156 	74 	187 	187 
001589 	156 	74 	187 	187 
001590 	156 	74 	187 	187 
001591 	156 	74 	187 	187 
001592 	156 	74 	187 	187 
001593 	156 	74 	187 	187 
001594 	156 	74 	187 	187 
001595 	156 	74 	187 	187 
001596 	156 	74 	187 	187 
001597 	156 	74 	187 	187 
001598 	156 	74 	187 	187 
001599 	164 	79 	156 	156 
001600 	164 	79 	156 	156 
001601 	164 	79 	156 	156 
001602 	164 	79 	156 	156 
