Identity  : 	id10712
Reference : 	VELx51wbgOo
Offset    : 	0
FV Conf   : 	16.564
ASD Conf  : 	5.602

FRAME 	X 	Y 	W 	H 
014631 	184 	95 	91 	91 
014632 	184 	95 	91 	91 
014633 	184 	95 	91 	91 
014634 	184 	95 	91 	91 
014635 	184 	95 	91 	91 
014636 	184 	95 	91 	91 
014637 	184 	95 	91 	91 
014638 	184 	95 	91 	91 
014639 	184 	95 	91 	91 
014640 	184 	95 	91 	91 
014641 	184 	95 	91 	91 
014642 	184 	95 	91 	91 
014643 	184 	95 	91 	91 
014644 	184 	95 	91 	91 
014645 	184 	95 	91 	91 
014646 	184 	95 	91 	91 
014647 	184 	95 	91 	91 
014648 	184 	95 	91 	91 
014649 	184 	95 	91 	91 
014650 	184 	95 	91 	91 
014651 	184 	95 	91 	91 
014652 	184 	95 	91 	91 
014653 	184 	95 	91 	91 
014654 	184 	95 	91 	91 
014655 	184 	95 	91 	91 
014656 	184 	95 	91 	91 
014657 	184 	95 	91 	91 
014658 	184 	95 	91 	91 
014659 	184 	95 	91 	91 
014660 	184 	95 	91 	91 
014661 	184 	95 	91 	91 
014662 	173 	78 	109 	109 
014663 	174 	95 	91 	91 
014664 	174 	95 	91 	91 
014665 	174 	95 	91 	91 
014666 	174 	95 	91 	91 
014667 	174 	95 	91 	91 
014668 	174 	95 	91 	91 
014669 	174 	95 	91 	91 
014670 	174 	95 	91 	91 
014671 	174 	95 	91 	91 
014672 	174 	95 	91 	91 
014673 	174 	95 	91 	91 
014674 	174 	95 	91 	91 
014675 	174 	95 	91 	91 
014676 	174 	95 	91 	91 
014677 	174 	95 	91 	91 
014678 	174 	95 	91 	91 
014679 	174 	95 	91 	91 
014680 	174 	95 	91 	91 
014681 	174 	95 	91 	91 
014682 	174 	95 	91 	91 
014683 	174 	95 	91 	91 
014684 	174 	95 	91 	91 
014685 	174 	95 	91 	91 
014686 	174 	95 	91 	91 
014687 	174 	95 	91 	91 
014688 	174 	95 	91 	91 
014689 	174 	95 	91 	91 
014690 	174 	95 	91 	91 
014691 	174 	95 	91 	91 
014692 	174 	95 	91 	91 
014693 	174 	95 	91 	91 
014694 	174 	95 	91 	91 
014695 	174 	95 	91 	91 
014696 	184 	95 	91 	91 
014697 	184 	95 	91 	91 
014698 	184 	95 	91 	91 
014699 	184 	95 	91 	91 
014700 	184 	95 	91 	91 
014701 	184 	95 	91 	91 
014702 	184 	95 	91 	91 
014703 	184 	95 	91 	91 
014704 	184 	95 	91 	91 
014705 	184 	95 	91 	91 
014706 	184 	95 	91 	91 
014707 	184 	105 	91 	91 
014708 	184 	105 	91 	91 
014709 	184 	95 	91 	91 
014710 	184 	95 	91 	91 
014711 	185 	78 	109 	109 
014712 	194 	85 	91 	91 
014713 	194 	85 	91 	91 
014714 	194 	95 	91 	91 
014715 	194 	95 	91 	91 
014716 	194 	95 	91 	91 
014717 	194 	95 	91 	91 
014718 	194 	85 	91 	91 
014719 	194 	85 	91 	91 
014720 	194 	85 	91 	91 
014721 	194 	85 	91 	91 
014722 	185 	78 	109 	109 
014723 	185 	78 	109 	109 
014724 	185 	78 	109 	109 
014725 	185 	78 	109 	109 
014726 	194 	85 	91 	91 
014727 	194 	85 	91 	91 
014728 	194 	85 	91 	91 
014729 	194 	85 	91 	91 
014730 	194 	85 	91 	91 
014731 	194 	85 	91 	91 
014732 	194 	85 	91 	91 
014733 	194 	85 	91 	91 
014734 	194 	85 	91 	91 
014735 	194 	85 	91 	91 
014736 	194 	95 	91 	91 
014737 	194 	85 	91 	91 
014738 	185 	78 	109 	109 
014739 	185 	78 	109 	109 
014740 	185 	78 	109 	109 
014741 	194 	95 	91 	91 
014742 	194 	95 	91 	91 
014743 	194 	95 	91 	91 
014744 	185 	78 	109 	109 
014745 	185 	78 	109 	109 
014746 	194 	95 	91 	91 
014747 	185 	78 	109 	109 
014748 	194 	95 	91 	91 
014749 	185 	78 	109 	109 
014750 	194 	85 	91 	91 
014751 	185 	78 	109 	109 
014752 	185 	78 	109 	109 
014753 	194 	85 	91 	91 
014754 	194 	85 	91 	91 
014755 	185 	78 	109 	109 
014756 	185 	78 	109 	109 
014757 	194 	95 	91 	91 
014758 	194 	95 	91 	91 
014759 	194 	95 	91 	91 
014760 	194 	95 	91 	91 
