Identity  : 	id10672
Reference : 	MuBWb12hwUw
Offset    : 	-1
FV Conf   : 	17.865
ASD Conf  : 	7.703

FRAME 	X 	Y 	W 	H 
008849 	191 	66 	109 	109 
008850 	185 	66 	109 	109 
008851 	185 	66 	109 	109 
008852 	185 	54 	109 	109 
008853 	185 	54 	109 	109 
008854 	185 	54 	109 	109 
008855 	185 	54 	109 	109 
008856 	185 	54 	109 	109 
008857 	185 	54 	109 	109 
008858 	185 	54 	109 	109 
008859 	185 	54 	109 	109 
008860 	185 	54 	109 	109 
008861 	185 	54 	109 	109 
008862 	185 	54 	109 	109 
008863 	185 	54 	109 	109 
008864 	185 	54 	109 	109 
008865 	185 	54 	109 	109 
008866 	185 	54 	109 	109 
008867 	197 	54 	109 	109 
008868 	197 	54 	109 	109 
008869 	197 	54 	109 	109 
008870 	197 	54 	109 	109 
008871 	214 	65 	91 	91 
008872 	214 	65 	91 	91 
008873 	214 	65 	91 	91 
008874 	214 	65 	91 	91 
008875 	209 	66 	109 	109 
008876 	209 	66 	109 	109 
008877 	209 	66 	109 	109 
008878 	209 	66 	109 	109 
008879 	209 	66 	109 	109 
008880 	209 	66 	109 	109 
008881 	209 	66 	109 	109 
008882 	209 	66 	109 	109 
008883 	209 	66 	109 	109 
008884 	209 	66 	109 	109 
008885 	209 	66 	109 	109 
008886 	209 	66 	109 	109 
008887 	209 	66 	109 	109 
008888 	209 	66 	109 	109 
008889 	209 	66 	109 	109 
008890 	209 	66 	109 	109 
008891 	194 	51 	130 	130 
008892 	194 	51 	130 	130 
008893 	209 	66 	109 	109 
008894 	209 	66 	109 	109 
008895 	209 	66 	109 	109 
008896 	209 	66 	109 	109 
008897 	209 	66 	109 	109 
008898 	194 	51 	130 	130 
008899 	209 	66 	109 	109 
008900 	194 	51 	130 	130 
008901 	197 	66 	109 	109 
008902 	197 	78 	109 	109 
008903 	191 	78 	109 	109 
008904 	185 	78 	109 	109 
008905 	185 	78 	109 	109 
008906 	179 	78 	109 	109 
008907 	173 	78 	109 	109 
008908 	173 	66 	109 	109 
008909 	173 	66 	109 	109 
008910 	173 	66 	109 	109 
008911 	173 	66 	109 	109 
008912 	173 	66 	109 	109 
008913 	173 	66 	109 	109 
008914 	173 	66 	109 	109 
008915 	185 	66 	109 	109 
008916 	185 	66 	109 	109 
008917 	185 	54 	109 	109 
008918 	185 	54 	109 	109 
008919 	185 	66 	109 	109 
008920 	185 	66 	109 	109 
008921 	185 	66 	109 	109 
008922 	185 	66 	109 	109 
008923 	185 	66 	109 	109 
008924 	185 	66 	109 	109 
008925 	185 	66 	109 	109 
008926 	173 	66 	109 	109 
008927 	173 	66 	109 	109 
008928 	173 	66 	109 	109 
008929 	173 	66 	109 	109 
008930 	173 	66 	109 	109 
008931 	173 	66 	109 	109 
008932 	173 	66 	109 	109 
008933 	173 	66 	109 	109 
008934 	173 	66 	109 	109 
008935 	173 	54 	109 	109 
008936 	173 	54 	109 	109 
008937 	173 	54 	109 	109 
008938 	173 	54 	109 	109 
008939 	173 	54 	109 	109 
008940 	173 	54 	109 	109 
008941 	173 	54 	109 	109 
008942 	151 	51 	130 	130 
008943 	173 	66 	109 	109 
008944 	173 	66 	109 	109 
008945 	185 	66 	109 	109 
008946 	185 	66 	109 	109 
008947 	185 	66 	109 	109 
008948 	197 	66 	109 	109 
008949 	197 	66 	109 	109 
008950 	197 	66 	109 	109 
008951 	197 	78 	109 	109 
008952 	180 	66 	130 	130 
008953 	180 	66 	130 	130 
008954 	180 	66 	130 	130 
008955 	188 	72 	120 	120 
008956 	197 	78 	109 	109 
008957 	197 	78 	109 	109 
008958 	197 	78 	109 	109 
008959 	197 	78 	109 	109 
008960 	197 	78 	109 	109 
008961 	197 	78 	109 	109 
008962 	197 	78 	109 	109 
008963 	180 	66 	130 	130 
008964 	180 	66 	130 	130 
008965 	180 	66 	130 	130 
008966 	181 	66 	125 	125 
008967 	182 	66 	120 	120 
008968 	184 	66 	114 	114 
008969 	185 	66 	109 	109 
008970 	185 	66 	109 	109 
008971 	185 	66 	109 	109 
008972 	185 	66 	109 	109 
008973 	185 	66 	109 	109 
008974 	173 	66 	109 	109 
008975 	173 	66 	109 	109 
008976 	173 	66 	109 	109 
008977 	173 	66 	109 	109 
008978 	173 	66 	109 	109 
008979 	173 	66 	109 	109 
008980 	173 	66 	109 	109 
008981 	173 	66 	109 	109 
008982 	173 	66 	109 	109 
008983 	173 	66 	109 	109 
008984 	173 	66 	109 	109 
008985 	173 	66 	109 	109 
008986 	173 	66 	109 	109 
008987 	173 	66 	109 	109 
008988 	161 	66 	109 	109 
008989 	161 	66 	109 	109 
008990 	161 	66 	109 	109 
008991 	150 	66 	108 	109 
008992 	150 	66 	108 	109 
008993 	150 	66 	108 	109 
008994 	150 	54 	108 	109 
008995 	150 	54 	108 	109 
008996 	150 	54 	108 	109 
008997 	150 	54 	108 	109 
008998 	150 	54 	108 	109 
008999 	150 	54 	108 	109 
009000 	150 	54 	108 	109 
009001 	150 	54 	108 	109 
009002 	164 	65 	91 	91 
009003 	164 	65 	91 	91 
009004 	161 	66 	109 	109 
009005 	161 	66 	109 	109 
009006 	161 	66 	109 	109 
009007 	161 	66 	109 	109 
009008 	161 	66 	109 	109 
009009 	161 	66 	109 	109 
009010 	161 	66 	109 	109 
009011 	161 	66 	109 	109 
009012 	161 	66 	109 	109 
009013 	161 	66 	109 	109 
009014 	161 	54 	109 	109 
009015 	173 	54 	109 	109 
009016 	173 	54 	109 	109 
009017 	173 	43 	109 	108 
009018 	173 	43 	109 	108 
009019 	173 	43 	109 	108 
009020 	173 	43 	109 	108 
009021 	173 	43 	109 	108 
009022 	173 	43 	109 	108 
009023 	173 	54 	109 	109 
009024 	173 	54 	109 	109 
009025 	173 	54 	109 	109 
009026 	165 	51 	130 	130 
009027 	173 	66 	109 	109 
009028 	173 	66 	109 	109 
009029 	173 	66 	109 	109 
009030 	173 	66 	109 	109 
009031 	173 	66 	109 	109 
009032 	173 	66 	109 	109 
009033 	173 	66 	109 	109 
009034 	173 	66 	109 	109 
009035 	173 	66 	109 	109 
009036 	173 	66 	109 	109 
009037 	161 	66 	109 	109 
009038 	161 	66 	109 	109 
009039 	161 	66 	109 	109 
