Identity  : 	id10615
Reference : 	BpGNEAnuqdw
Offset    : 	-4
FV Conf   : 	15.823
ASD Conf  : 	6.860

FRAME 	X 	Y 	W 	H 
013475 	221 	78 	109 	109 
013476 	221 	78 	109 	109 
013477 	221 	78 	109 	109 
013478 	221 	78 	109 	109 
013479 	221 	78 	109 	109 
013480 	221 	78 	109 	109 
013481 	221 	78 	109 	109 
013482 	221 	78 	109 	109 
013483 	221 	78 	109 	109 
013484 	221 	78 	109 	109 
013485 	221 	78 	109 	109 
013486 	221 	90 	109 	109 
013487 	221 	90 	109 	109 
013488 	221 	90 	109 	109 
013489 	221 	90 	109 	109 
013490 	224 	105 	91 	91 
013491 	224 	105 	91 	91 
013492 	224 	105 	91 	91 
013493 	209 	102 	109 	109 
013494 	209 	102 	109 	109 
013495 	209 	102 	109 	109 
013496 	209 	102 	109 	109 
013497 	209 	102 	109 	109 
013498 	209 	102 	109 	109 
013499 	209 	102 	109 	109 
013500 	209 	102 	109 	109 
013501 	209 	102 	109 	109 
013502 	214 	105 	91 	91 
013503 	214 	105 	91 	91 
013504 	214 	105 	91 	91 
013505 	214 	105 	91 	91 
013506 	214 	105 	91 	91 
013507 	214 	105 	91 	91 
013508 	214 	105 	91 	91 
013509 	214 	105 	91 	91 
013510 	214 	105 	91 	91 
013511 	214 	105 	91 	91 
013512 	214 	105 	91 	91 
013513 	214 	105 	91 	91 
013514 	214 	105 	91 	91 
013515 	214 	105 	91 	91 
013516 	214 	105 	91 	91 
013517 	214 	105 	91 	91 
013518 	214 	105 	91 	91 
013519 	214 	105 	91 	91 
013520 	214 	105 	91 	91 
013521 	214 	105 	91 	91 
013522 	209 	90 	109 	109 
013523 	209 	90 	109 	109 
013524 	209 	90 	109 	109 
013525 	209 	90 	109 	109 
013526 	209 	90 	109 	109 
013527 	209 	90 	109 	109 
013528 	224 	105 	91 	91 
013529 	221 	90 	109 	109 
013530 	221 	90 	109 	109 
013531 	221 	90 	109 	109 
013532 	221 	90 	109 	109 
013533 	221 	78 	109 	109 
013534 	221 	78 	109 	109 
013535 	221 	90 	109 	109 
013536 	221 	78 	109 	109 
013537 	221 	90 	109 	109 
013538 	221 	90 	109 	109 
013539 	221 	90 	109 	109 
013540 	221 	90 	109 	109 
013541 	233 	90 	109 	109 
013542 	233 	90 	109 	109 
013543 	233 	90 	109 	109 
013544 	233 	90 	109 	109 
013545 	233 	90 	109 	109 
013546 	233 	90 	109 	109 
013547 	233 	90 	109 	109 
013548 	233 	90 	109 	109 
013549 	233 	90 	109 	109 
013550 	233 	90 	109 	109 
013551 	233 	90 	109 	109 
013552 	233 	90 	109 	109 
013553 	233 	90 	109 	109 
013554 	233 	90 	109 	109 
013555 	233 	90 	109 	109 
013556 	233 	90 	109 	109 
013557 	233 	90 	109 	109 
013558 	233 	90 	109 	109 
013559 	233 	90 	109 	109 
013560 	233 	90 	109 	109 
013561 	233 	90 	109 	109 
013562 	233 	90 	109 	109 
013563 	233 	90 	109 	109 
013564 	233 	90 	109 	109 
013565 	233 	90 	109 	109 
013566 	233 	90 	109 	109 
013567 	233 	90 	109 	109 
013568 	233 	90 	109 	109 
013569 	233 	90 	109 	109 
013570 	233 	90 	109 	109 
013571 	233 	90 	109 	109 
013572 	233 	90 	109 	109 
013573 	233 	90 	109 	109 
013574 	233 	90 	109 	109 
013575 	233 	90 	109 	109 
013576 	233 	90 	109 	109 
013577 	233 	90 	109 	109 
013578 	233 	90 	109 	109 
013579 	233 	78 	109 	109 
013580 	233 	90 	109 	109 
013581 	233 	90 	109 	109 
013582 	233 	90 	109 	109 
013583 	233 	90 	109 	109 
013584 	233 	90 	109 	109 
013585 	233 	90 	109 	109 
013586 	233 	90 	109 	109 
013587 	233 	90 	109 	109 
013588 	233 	90 	109 	109 
013589 	233 	90 	109 	109 
013590 	233 	90 	109 	109 
013591 	233 	90 	109 	109 
013592 	233 	90 	109 	109 
013593 	233 	90 	109 	109 
013594 	233 	90 	109 	109 
013595 	233 	90 	109 	109 
013596 	233 	90 	109 	109 
013597 	233 	78 	109 	109 
013598 	233 	78 	109 	109 
013599 	233 	78 	109 	109 
013600 	233 	78 	109 	109 
013601 	233 	78 	109 	109 
013602 	233 	78 	109 	109 
013603 	233 	78 	109 	109 
013604 	233 	78 	109 	109 
013605 	233 	78 	109 	109 
013606 	233 	78 	109 	109 
013607 	233 	78 	109 	109 
013608 	233 	78 	109 	109 
013609 	233 	78 	109 	109 
013610 	233 	78 	109 	109 
013611 	233 	78 	109 	109 
013612 	233 	78 	109 	109 
013613 	233 	78 	109 	109 
013614 	233 	78 	109 	109 
013615 	233 	78 	109 	109 
013616 	233 	90 	109 	109 
013617 	233 	90 	109 	109 
013618 	233 	90 	109 	109 
013619 	233 	90 	109 	109 
013620 	233 	90 	109 	109 
013621 	233 	90 	109 	109 
013622 	221 	90 	109 	109 
013623 	221 	90 	109 	109 
013624 	221 	90 	109 	109 
013625 	221 	90 	109 	109 
013626 	221 	90 	109 	109 
013627 	221 	90 	109 	109 
013628 	221 	90 	109 	109 
013629 	221 	90 	109 	109 
013630 	221 	90 	109 	109 
013631 	234 	95 	90 	91 
013632 	234 	95 	90 	91 
013633 	233 	90 	109 	109 
013634 	233 	90 	109 	109 
013635 	233 	90 	109 	109 
013636 	233 	90 	109 	109 
013637 	233 	90 	109 	109 
013638 	233 	90 	109 	109 
013639 	233 	90 	109 	109 
013640 	233 	90 	109 	109 
013641 	233 	90 	109 	109 
013642 	233 	90 	109 	109 
013643 	233 	90 	109 	109 
013644 	233 	90 	109 	109 
013645 	233 	90 	109 	109 
013646 	233 	90 	109 	109 
013647 	233 	90 	109 	109 
013648 	233 	90 	109 	109 
013649 	233 	90 	109 	109 
013650 	233 	90 	109 	109 
013651 	233 	90 	109 	109 
013652 	233 	90 	109 	109 
013653 	233 	90 	109 	109 
013654 	233 	90 	109 	109 
013655 	233 	90 	109 	109 
013656 	233 	90 	109 	109 
013657 	233 	90 	109 	109 
013658 	233 	90 	109 	109 
013659 	233 	90 	109 	109 
013660 	233 	90 	109 	109 
013661 	233 	90 	109 	109 
013662 	233 	90 	109 	109 
013663 	233 	90 	109 	109 
