Identity  : 	id10998
Reference : 	pMsn9gLrPY0
Offset    : 	1
FV Conf   : 	14.796
ASD Conf  : 	8.199

FRAME 	X 	Y 	W 	H 
008884 	280 	66 	130 	130 
008885 	280 	66 	130 	130 
008886 	280 	66 	130 	130 
008887 	280 	66 	130 	130 
008888 	280 	66 	130 	130 
008889 	280 	66 	130 	130 
008890 	267 	44 	156 	156 
008891 	280 	66 	130 	130 
008892 	280 	66 	130 	130 
008893 	294 	66 	130 	130 
008894 	294 	66 	130 	130 
008895 	294 	66 	130 	130 
008896 	294 	66 	130 	130 
008897 	294 	66 	130 	130 
008898 	294 	66 	130 	130 
008899 	294 	66 	130 	130 
008900 	294 	66 	130 	130 
008901 	294 	66 	130 	130 
008902 	294 	66 	130 	130 
008903 	294 	66 	130 	130 
008904 	294 	66 	130 	130 
008905 	294 	66 	130 	130 
008906 	294 	66 	130 	130 
008907 	294 	66 	130 	130 
008908 	294 	66 	130 	130 
008909 	294 	66 	130 	130 
008910 	294 	66 	130 	130 
008911 	294 	66 	130 	130 
008912 	294 	66 	130 	130 
008913 	294 	66 	130 	130 
008914 	280 	66 	130 	130 
008915 	280 	66 	130 	130 
008916 	280 	66 	130 	130 
008917 	280 	66 	130 	130 
008918 	280 	66 	130 	130 
008919 	280 	66 	130 	130 
008920 	280 	66 	130 	130 
008921 	280 	66 	130 	130 
008922 	280 	66 	130 	130 
008923 	266 	66 	130 	130 
008924 	266 	66 	130 	130 
008925 	266 	66 	130 	130 
008926 	266 	66 	130 	130 
008927 	266 	66 	130 	130 
008928 	266 	66 	130 	130 
008929 	266 	66 	130 	130 
008930 	281 	90 	108 	109 
008931 	266 	80 	130 	130 
008932 	266 	80 	130 	130 
008933 	266 	80 	130 	130 
008934 	266 	66 	130 	130 
008935 	266 	66 	130 	130 
008936 	266 	66 	130 	130 
008937 	266 	66 	130 	130 
008938 	266 	66 	130 	130 
008939 	266 	51 	130 	130 
008940 	266 	51 	130 	130 
008941 	266 	51 	130 	130 
008942 	266 	51 	130 	130 
008943 	266 	51 	130 	130 
008944 	266 	51 	130 	130 
008945 	266 	51 	130 	130 
008946 	266 	51 	130 	130 
008947 	266 	51 	130 	130 
008948 	266 	51 	130 	130 
008949 	280 	51 	130 	130 
008950 	280 	51 	130 	130 
008951 	280 	51 	130 	130 
008952 	280 	66 	130 	130 
008953 	280 	66 	130 	130 
008954 	280 	66 	130 	130 
008955 	280 	66 	130 	130 
008956 	280 	66 	130 	130 
008957 	280 	66 	130 	130 
008958 	280 	66 	130 	130 
008959 	280 	66 	130 	130 
008960 	280 	66 	130 	130 
008961 	280 	66 	130 	130 
008962 	280 	66 	130 	130 
008963 	280 	66 	130 	130 
008964 	280 	66 	130 	130 
008965 	266 	66 	130 	130 
008966 	266 	66 	130 	130 
008967 	266 	66 	130 	130 
008968 	280 	66 	130 	130 
008969 	280 	66 	130 	130 
008970 	280 	66 	130 	130 
008971 	266 	66 	130 	130 
008972 	266 	66 	130 	130 
008973 	280 	51 	130 	130 
008974 	281 	66 	108 	109 
008975 	281 	66 	108 	109 
008976 	280 	51 	130 	130 
008977 	280 	51 	130 	130 
008978 	280 	51 	130 	130 
008979 	280 	51 	130 	130 
008980 	280 	51 	130 	130 
008981 	280 	51 	130 	130 
008982 	280 	51 	130 	130 
008983 	280 	51 	130 	130 
008984 	266 	51 	130 	130 
008985 	266 	51 	130 	130 
008986 	266 	51 	130 	130 
008987 	266 	51 	130 	130 
008988 	266 	51 	130 	130 
008989 	266 	51 	130 	130 
008990 	266 	51 	130 	130 
008991 	280 	51 	130 	130 
008992 	280 	51 	130 	130 
008993 	280 	51 	130 	130 
008994 	280 	51 	130 	130 
008995 	280 	51 	130 	130 
008996 	280 	51 	130 	130 
008997 	280 	51 	130 	130 
008998 	280 	51 	130 	130 
008999 	280 	51 	130 	130 
009000 	280 	51 	130 	130 
009001 	280 	51 	130 	130 
009002 	280 	51 	130 	130 
009003 	280 	51 	130 	130 
009004 	280 	51 	130 	130 
009005 	280 	51 	130 	130 
009006 	280 	51 	130 	130 
009007 	280 	51 	130 	130 
009008 	280 	51 	130 	130 
009009 	280 	51 	130 	130 
009010 	280 	51 	130 	130 
009011 	280 	51 	130 	130 
009012 	280 	51 	130 	130 
009013 	280 	51 	130 	130 
009014 	280 	51 	130 	130 
009015 	280 	51 	130 	130 
009016 	280 	51 	130 	130 
009017 	280 	51 	130 	130 
009018 	280 	51 	130 	130 
009019 	280 	51 	130 	130 
009020 	280 	51 	130 	130 
009021 	280 	51 	130 	130 
009022 	280 	51 	130 	130 
009023 	280 	51 	130 	130 
009024 	280 	51 	130 	130 
009025 	280 	51 	130 	130 
009026 	280 	51 	130 	130 
009027 	280 	51 	130 	130 
009028 	280 	51 	130 	130 
009029 	280 	51 	130 	130 
009030 	280 	51 	130 	130 
009031 	280 	51 	130 	130 
009032 	280 	51 	130 	130 
009033 	280 	51 	130 	130 
009034 	267 	44 	156 	156 
009035 	280 	51 	130 	130 
009036 	280 	51 	130 	130 
009037 	280 	51 	130 	130 
009038 	281 	66 	108 	109 
009039 	266 	51 	130 	130 
009040 	266 	51 	130 	130 
009041 	266 	51 	130 	130 
009042 	266 	66 	130 	130 
009043 	266 	66 	130 	130 
009044 	266 	66 	130 	130 
009045 	266 	66 	130 	130 
009046 	266 	66 	130 	130 
009047 	266 	66 	130 	130 
009048 	266 	66 	130 	130 
009049 	250 	62 	156 	155 
009050 	250 	62 	156 	155 
009051 	250 	62 	156 	155 
009052 	250 	62 	156 	155 
009053 	250 	62 	156 	155 
009054 	250 	62 	156 	155 
009055 	280 	66 	130 	130 
009056 	280 	66 	130 	130 
009057 	250 	62 	156 	155 
009058 	250 	62 	156 	155 
009059 	250 	62 	156 	155 
009060 	266 	66 	130 	130 
009061 	266 	66 	130 	130 
009062 	251 	66 	130 	130 
009063 	251 	66 	130 	130 
009064 	251 	66 	130 	130 
009065 	251 	66 	130 	130 
009066 	251 	66 	130 	130 
009067 	251 	66 	130 	130 
009068 	251 	66 	130 	130 
009069 	251 	66 	130 	130 
009070 	250 	62 	156 	155 
009071 	266 	66 	130 	130 
009072 	266 	66 	130 	130 
009073 	266 	66 	130 	130 
009074 	266 	66 	130 	130 
009075 	266 	66 	130 	130 
009076 	266 	51 	130 	130 
009077 	266 	51 	130 	130 
009078 	266 	51 	130 	130 
009079 	266 	51 	130 	130 
009080 	266 	51 	130 	130 
009081 	266 	51 	130 	130 
009082 	266 	51 	130 	130 
009083 	266 	51 	130 	130 
009084 	266 	51 	130 	130 
009085 	266 	51 	130 	130 
009086 	266 	51 	130 	130 
009087 	266 	51 	130 	130 
009088 	266 	51 	130 	130 
009089 	266 	51 	130 	130 
009090 	267 	44 	156 	156 
009091 	266 	66 	130 	130 
009092 	281 	66 	108 	109 
009093 	280 	51 	130 	130 
009094 	280 	51 	130 	130 
009095 	267 	44 	156 	156 
009096 	266 	66 	130 	130 
009097 	266 	66 	130 	130 
009098 	266 	66 	130 	130 
009099 	266 	66 	130 	130 
009100 	266 	80 	130 	130 
009101 	281 	90 	108 	109 
009102 	266 	80 	130 	130 
009103 	266 	80 	130 	130 
009104 	266 	66 	130 	130 
009105 	266 	66 	130 	130 
009106 	266 	66 	130 	130 
009107 	266 	66 	130 	130 
009108 	266 	66 	130 	130 
009109 	266 	66 	130 	130 
009110 	266 	66 	130 	130 
009111 	266 	66 	130 	130 
009112 	266 	66 	130 	130 
009113 	266 	66 	130 	130 
009114 	280 	66 	130 	130 
009115 	280 	66 	130 	130 
009116 	266 	66 	130 	130 
009117 	266 	66 	130 	130 
009118 	266 	66 	130 	130 
009119 	266 	66 	130 	130 
009120 	266 	66 	130 	130 
009121 	266 	66 	130 	130 
009122 	266 	66 	130 	130 
009123 	266 	66 	130 	130 
009124 	266 	66 	130 	130 
009125 	266 	66 	130 	130 
009126 	266 	66 	130 	130 
009127 	266 	66 	130 	130 
009128 	280 	66 	130 	130 
009129 	280 	66 	130 	130 
009130 	280 	66 	130 	130 
009131 	280 	66 	130 	130 
009132 	280 	51 	130 	130 
009133 	280 	51 	130 	130 
009134 	280 	51 	130 	130 
009135 	294 	51 	130 	130 
009136 	294 	51 	130 	130 
009137 	280 	51 	130 	130 
009138 	280 	51 	130 	130 
009139 	280 	51 	130 	130 
009140 	280 	51 	130 	130 
009141 	280 	51 	130 	130 
009142 	280 	51 	130 	130 
009143 	280 	51 	130 	130 
009144 	280 	51 	130 	130 
009145 	280 	51 	130 	130 
009146 	280 	51 	130 	130 
009147 	280 	51 	130 	130 
009148 	280 	51 	130 	130 
009149 	280 	51 	130 	130 
009150 	280 	51 	130 	130 
009151 	280 	51 	130 	130 
009152 	280 	51 	130 	130 
009153 	280 	51 	130 	130 
009154 	280 	51 	130 	130 
009155 	280 	51 	130 	130 
009156 	280 	51 	130 	130 
009157 	280 	51 	130 	130 
009158 	280 	51 	130 	130 
009159 	280 	51 	130 	130 
009160 	280 	51 	130 	130 
009161 	280 	51 	130 	130 
009162 	280 	51 	130 	130 
009163 	280 	51 	130 	130 
009164 	280 	51 	130 	130 
009165 	280 	51 	130 	130 
009166 	280 	51 	130 	130 
009167 	280 	51 	130 	130 
009168 	280 	51 	130 	130 
009169 	280 	51 	130 	130 
009170 	280 	51 	130 	130 
009171 	280 	51 	130 	130 
009172 	280 	51 	130 	130 
009173 	280 	51 	130 	130 
009174 	280 	51 	130 	130 
009175 	280 	51 	130 	130 
009176 	280 	51 	130 	130 
009177 	280 	51 	130 	130 
009178 	280 	51 	130 	130 
009179 	266 	51 	130 	130 
009180 	266 	51 	130 	130 
009181 	266 	51 	130 	130 
009182 	266 	51 	130 	130 
009183 	266 	51 	130 	130 
009184 	266 	51 	130 	130 
009185 	266 	51 	130 	130 
009186 	266 	51 	130 	130 
009187 	266 	51 	130 	130 
009188 	266 	51 	130 	130 
009189 	266 	51 	130 	130 
009190 	266 	51 	130 	130 
009191 	266 	51 	130 	130 
009192 	266 	51 	130 	130 
009193 	258 	58 	130 	130 
009194 	251 	66 	130 	130 
009195 	251 	66 	130 	130 
009196 	251 	66 	130 	130 
009197 	251 	66 	130 	130 
009198 	233 	62 	156 	155 
009199 	266 	66 	130 	130 
009200 	266 	66 	130 	130 
009201 	266 	80 	130 	130 
009202 	266 	80 	130 	130 
009203 	266 	80 	130 	130 
009204 	281 	90 	108 	109 
009205 	280 	80 	130 	130 
009206 	280 	80 	130 	130 
009207 	280 	80 	130 	130 
009208 	280 	80 	130 	130 
009209 	280 	80 	130 	130 
009210 	280 	66 	130 	130 
009211 	280 	66 	130 	130 
009212 	280 	66 	130 	130 
009213 	280 	66 	130 	130 
009214 	280 	66 	130 	130 
009215 	280 	66 	130 	130 
009216 	280 	66 	130 	130 
009217 	280 	66 	130 	130 
009218 	280 	51 	130 	130 
009219 	280 	51 	130 	130 
009220 	280 	51 	130 	130 
009221 	280 	51 	130 	130 
009222 	280 	51 	130 	130 
009223 	280 	51 	130 	130 
009224 	280 	51 	130 	130 
009225 	280 	51 	130 	130 
009226 	280 	51 	130 	130 
009227 	280 	51 	130 	130 
009228 	280 	51 	130 	130 
009229 	280 	51 	130 	130 
009230 	280 	66 	130 	130 
009231 	280 	66 	130 	130 
009232 	280 	66 	130 	130 
009233 	280 	66 	130 	130 
