Identity  : 	id10712
Reference : 	vFQeaM-au0s
Offset    : 	-1
FV Conf   : 	17.868
ASD Conf  : 	5.590

FRAME 	X 	Y 	W 	H 
000353 	134 	75 	91 	91 
000354 	134 	75 	91 	91 
000355 	134 	75 	91 	91 
000356 	134 	75 	91 	91 
000357 	134 	75 	91 	91 
000358 	134 	75 	91 	91 
000359 	134 	75 	91 	91 
000360 	134 	75 	91 	91 
000361 	134 	75 	91 	91 
000362 	134 	75 	91 	91 
000363 	134 	75 	91 	91 
000364 	134 	75 	91 	91 
000365 	134 	75 	91 	91 
000366 	134 	75 	91 	91 
000367 	134 	75 	91 	91 
000368 	134 	75 	91 	91 
000369 	134 	75 	91 	91 
000370 	134 	75 	91 	91 
000371 	134 	75 	91 	91 
000372 	134 	75 	91 	91 
000373 	134 	75 	91 	91 
000374 	134 	75 	91 	91 
000375 	134 	75 	91 	91 
000376 	134 	75 	91 	91 
000377 	134 	75 	91 	91 
000378 	134 	75 	91 	91 
000379 	134 	75 	91 	91 
000380 	134 	75 	91 	91 
000381 	134 	75 	91 	91 
000382 	134 	85 	91 	91 
000383 	134 	85 	91 	91 
000384 	134 	85 	91 	91 
000385 	134 	85 	91 	91 
000386 	134 	85 	91 	91 
000387 	134 	95 	91 	91 
000388 	134 	95 	91 	91 
000389 	134 	95 	91 	91 
000390 	134 	95 	91 	91 
000391 	134 	95 	91 	91 
000392 	134 	95 	91 	91 
000393 	134 	95 	91 	91 
000394 	134 	95 	91 	91 
000395 	134 	95 	91 	91 
000396 	124 	95 	91 	91 
000397 	124 	85 	91 	91 
000398 	124 	85 	91 	91 
000399 	134 	85 	91 	91 
000400 	134 	85 	91 	91 
000401 	134 	85 	91 	91 
000402 	134 	85 	91 	91 
000403 	134 	85 	91 	91 
000404 	134 	85 	91 	91 
000405 	134 	85 	91 	91 
000406 	134 	85 	91 	91 
000407 	134 	85 	91 	91 
000408 	134 	85 	91 	91 
000409 	134 	85 	91 	91 
000410 	134 	85 	91 	91 
000411 	134 	75 	91 	91 
000412 	134 	75 	91 	91 
000413 	134 	75 	91 	91 
000414 	134 	75 	91 	91 
000415 	134 	75 	91 	91 
000416 	134 	75 	91 	91 
000417 	144 	75 	91 	91 
000418 	144 	75 	91 	91 
000419 	144 	75 	91 	91 
000420 	144 	75 	91 	91 
000421 	144 	75 	91 	91 
000422 	144 	75 	91 	91 
000423 	144 	75 	91 	91 
000424 	144 	75 	91 	91 
000425 	144 	75 	91 	91 
000426 	144 	75 	91 	91 
000427 	144 	75 	91 	91 
000428 	144 	75 	91 	91 
000429 	144 	75 	91 	91 
000430 	144 	75 	91 	91 
000431 	144 	75 	91 	91 
000432 	144 	75 	91 	91 
000433 	144 	75 	91 	91 
000434 	134 	75 	91 	91 
000435 	134 	75 	91 	91 
000436 	134 	75 	91 	91 
000437 	134 	85 	91 	91 
000438 	134 	85 	91 	91 
000439 	134 	85 	91 	91 
000440 	134 	85 	91 	91 
000441 	134 	85 	91 	91 
000442 	134 	85 	91 	91 
000443 	134 	85 	91 	91 
000444 	134 	85 	91 	91 
000445 	144 	85 	91 	91 
000446 	144 	85 	91 	91 
000447 	144 	85 	91 	91 
000448 	144 	85 	91 	91 
000449 	144 	85 	91 	91 
000450 	144 	85 	91 	91 
000451 	144 	85 	91 	91 
000452 	144 	85 	91 	91 
000453 	144 	85 	91 	91 
000454 	144 	85 	91 	91 
000455 	154 	85 	91 	91 
000456 	154 	85 	91 	91 
000457 	154 	85 	91 	91 
000458 	154 	85 	91 	91 
000459 	154 	85 	91 	91 
000460 	154 	85 	91 	91 
000461 	154 	85 	91 	91 
000462 	154 	85 	91 	91 
000463 	154 	85 	91 	91 
000464 	154 	85 	91 	91 
000465 	154 	85 	91 	91 
000466 	154 	85 	91 	91 
000467 	154 	85 	91 	91 
000468 	154 	85 	91 	91 
000469 	154 	85 	91 	91 
000470 	154 	85 	91 	91 
000471 	162 	96 	75 	75 
000472 	154 	85 	91 	91 
000473 	154 	85 	91 	91 
000474 	138 	78 	108 	109 
000475 	144 	85 	91 	91 
000476 	144 	85 	91 	91 
000477 	144 	85 	91 	91 
000478 	144 	85 	91 	91 
000479 	134 	85 	91 	91 
000480 	134 	85 	91 	91 
000481 	134 	85 	91 	91 
000482 	134 	85 	91 	91 
000483 	134 	85 	91 	91 
000484 	134 	75 	91 	91 
000485 	134 	75 	91 	91 
000486 	134 	75 	91 	91 
000487 	134 	75 	91 	91 
000488 	134 	75 	91 	91 
000489 	134 	75 	91 	91 
000490 	134 	75 	91 	91 
000491 	134 	75 	91 	91 
000492 	134 	75 	91 	91 
000493 	134 	75 	91 	91 
000494 	134 	75 	91 	91 
000495 	134 	75 	91 	91 
000496 	134 	75 	91 	91 
000497 	134 	75 	91 	91 
000498 	134 	75 	91 	91 
000499 	134 	75 	91 	91 
000500 	134 	75 	91 	91 
000501 	134 	75 	91 	91 
000502 	134 	75 	91 	91 
000503 	134 	75 	91 	91 
000504 	134 	85 	91 	91 
000505 	134 	85 	91 	91 
000506 	134 	85 	91 	91 
000507 	134 	85 	91 	91 
000508 	134 	85 	91 	91 
000509 	134 	85 	91 	91 
000510 	134 	85 	91 	91 
000511 	134 	85 	91 	91 
000512 	134 	85 	91 	91 
000513 	134 	85 	91 	91 
