Identity  : 	id10097
Reference : 	Iy7zEnr8Q9k
Offset    : 	-2
FV Conf   : 	15.924
ASD Conf  : 	7.100

FRAME 	X 	Y 	W 	H 
003158 	280 	94 	130 	130 
003159 	280 	94 	130 	130 
003160 	267 	79 	156 	156 
003161 	267 	79 	156 	156 
003162 	267 	79 	156 	156 
003163 	267 	79 	156 	156 
003164 	267 	79 	156 	156 
003165 	267 	79 	156 	156 
003166 	267 	79 	156 	156 
003167 	267 	79 	156 	156 
003168 	267 	79 	156 	156 
003169 	267 	79 	156 	156 
003170 	267 	79 	156 	156 
003171 	267 	79 	156 	156 
003172 	267 	79 	156 	156 
003173 	267 	79 	156 	156 
003174 	267 	79 	156 	156 
003175 	267 	79 	156 	156 
003176 	267 	79 	156 	156 
003177 	267 	79 	156 	156 
003178 	267 	79 	156 	156 
003179 	267 	79 	156 	156 
003180 	267 	79 	156 	156 
003181 	267 	79 	156 	156 
003182 	267 	79 	156 	156 
003183 	267 	79 	156 	156 
003184 	267 	79 	156 	156 
003185 	267 	79 	156 	156 
003186 	267 	79 	156 	156 
003187 	267 	79 	156 	156 
003188 	267 	79 	156 	156 
003189 	267 	79 	156 	156 
003190 	267 	79 	156 	156 
003191 	267 	79 	156 	156 
003192 	267 	79 	156 	156 
003193 	267 	79 	156 	156 
003194 	267 	79 	156 	156 
003195 	267 	79 	156 	156 
003196 	267 	79 	156 	156 
003197 	267 	79 	156 	156 
003198 	267 	79 	156 	156 
003199 	294 	94 	130 	130 
003200 	294 	94 	130 	130 
003201 	294 	94 	130 	130 
003202 	294 	94 	130 	130 
003203 	294 	109 	130 	130 
003204 	294 	109 	130 	130 
003205 	294 	109 	130 	130 
003206 	294 	109 	130 	130 
003207 	294 	109 	130 	130 
003208 	309 	109 	130 	130 
003209 	309 	109 	130 	130 
003210 	309 	109 	130 	130 
003211 	309 	109 	130 	130 
003212 	294 	109 	130 	130 
003213 	294 	109 	130 	130 
003214 	294 	109 	130 	130 
003215 	294 	109 	130 	130 
003216 	294 	109 	130 	130 
003217 	294 	109 	130 	130 
003218 	285 	79 	155 	156 
003219 	285 	79 	155 	156 
003220 	285 	79 	155 	156 
003221 	285 	79 	155 	156 
003222 	285 	79 	155 	156 
003223 	294 	94 	130 	130 
003224 	294 	94 	130 	130 
003225 	294 	94 	130 	130 
003226 	294 	109 	130 	130 
003227 	294 	94 	130 	130 
003228 	294 	94 	130 	130 
003229 	294 	94 	130 	130 
003230 	294 	94 	130 	130 
003231 	294 	94 	130 	130 
003232 	294 	94 	130 	130 
003233 	294 	94 	130 	130 
003234 	294 	94 	130 	130 
003235 	294 	94 	130 	130 
003236 	267 	79 	156 	156 
003237 	267 	79 	156 	156 
003238 	267 	79 	156 	156 
003239 	267 	79 	156 	156 
003240 	267 	79 	156 	156 
003241 	267 	79 	156 	156 
003242 	267 	79 	156 	156 
003243 	267 	79 	156 	156 
003244 	267 	79 	156 	156 
003245 	267 	79 	156 	156 
003246 	267 	79 	156 	156 
003247 	267 	79 	156 	156 
003248 	267 	79 	156 	156 
003249 	267 	79 	156 	156 
003250 	294 	109 	130 	130 
003251 	294 	109 	130 	130 
003252 	294 	109 	130 	130 
003253 	294 	94 	130 	130 
003254 	294 	94 	130 	130 
003255 	294 	94 	130 	130 
003256 	294 	94 	130 	130 
003257 	294 	94 	130 	130 
003258 	294 	94 	130 	130 
003259 	294 	94 	130 	130 
003260 	294 	94 	130 	130 
003261 	294 	94 	130 	130 
003262 	294 	94 	130 	130 
003263 	294 	94 	130 	130 
003264 	294 	94 	130 	130 
003265 	294 	94 	130 	130 
003266 	294 	94 	130 	130 
003267 	294 	94 	130 	130 
003268 	294 	94 	130 	130 
003269 	294 	94 	130 	130 
003270 	294 	94 	130 	130 
003271 	294 	94 	130 	130 
003272 	294 	94 	130 	130 
003273 	294 	94 	130 	130 
003274 	294 	94 	130 	130 
003275 	294 	94 	130 	130 
003276 	309 	109 	130 	130 
003277 	309 	109 	130 	130 
003278 	309 	109 	130 	130 
003279 	309 	109 	130 	130 
003280 	309 	109 	130 	130 
003281 	309 	109 	130 	130 
003282 	309 	109 	130 	130 
003283 	309 	109 	130 	130 
003284 	309 	109 	130 	130 
003285 	309 	109 	130 	130 
003286 	309 	109 	130 	130 
003287 	309 	109 	130 	130 
003288 	309 	109 	130 	130 
003289 	309 	109 	130 	130 
003290 	309 	109 	130 	130 
003291 	309 	109 	130 	130 
003292 	309 	109 	130 	130 
003293 	309 	109 	130 	130 
003294 	309 	109 	130 	130 
003295 	309 	94 	130 	130 
003296 	309 	109 	130 	130 
003297 	285 	96 	155 	156 
003298 	285 	96 	155 	156 
003299 	285 	96 	155 	156 
003300 	285 	96 	155 	156 
003301 	294 	109 	130 	130 
003302 	294 	109 	130 	130 
003303 	294 	109 	130 	130 
003304 	294 	109 	130 	130 
003305 	267 	79 	156 	156 
003306 	267 	79 	156 	156 
003307 	267 	79 	156 	156 
003308 	267 	79 	156 	156 
003309 	267 	79 	156 	156 
003310 	267 	79 	156 	156 
003311 	267 	79 	156 	156 
003312 	267 	79 	156 	156 
003313 	267 	79 	156 	156 
003314 	267 	79 	156 	156 
003315 	267 	79 	156 	156 
003316 	267 	79 	156 	156 
003317 	267 	79 	156 	156 
003318 	267 	79 	156 	156 
003319 	267 	79 	156 	156 
003320 	294 	94 	130 	130 
003321 	294 	94 	130 	130 
003322 	294 	94 	130 	130 
003323 	294 	94 	130 	130 
003324 	294 	94 	130 	130 
003325 	294 	94 	130 	130 
003326 	294 	94 	130 	130 
003327 	294 	94 	130 	130 
003328 	294 	94 	130 	130 
003329 	294 	94 	130 	130 
003330 	294 	94 	130 	130 
003331 	294 	94 	130 	130 
003332 	294 	94 	130 	130 
003333 	294 	94 	130 	130 
003334 	294 	94 	130 	130 
003335 	294 	94 	130 	130 
003336 	294 	94 	130 	130 
003337 	294 	94 	130 	130 
003338 	309 	94 	130 	130 
003339 	309 	94 	130 	130 
003340 	309 	94 	130 	130 
003341 	309 	94 	130 	130 
003342 	309 	94 	130 	130 
003343 	309 	94 	130 	130 
003344 	309 	94 	130 	130 
003345 	309 	94 	130 	130 
003346 	309 	94 	130 	130 
003347 	309 	94 	130 	130 
003348 	309 	94 	130 	130 
003349 	309 	94 	130 	130 
003350 	309 	94 	130 	130 
003351 	309 	94 	130 	130 
003352 	309 	94 	130 	130 
003353 	309 	94 	130 	130 
003354 	309 	94 	130 	130 
003355 	309 	94 	130 	130 
003356 	309 	94 	130 	130 
003357 	309 	94 	130 	130 
003358 	309 	94 	130 	130 
003359 	309 	94 	130 	130 
003360 	309 	94 	130 	130 
003361 	309 	94 	130 	130 
003362 	309 	94 	130 	130 
003363 	309 	94 	130 	130 
003364 	309 	94 	130 	130 
003365 	309 	94 	130 	130 
003366 	309 	94 	130 	130 
003367 	309 	94 	130 	130 
003368 	309 	94 	130 	130 
003369 	309 	94 	130 	130 
003370 	309 	94 	130 	130 
003371 	309 	94 	130 	130 
003372 	309 	94 	130 	130 
003373 	285 	79 	155 	156 
003374 	294 	94 	130 	130 
003375 	294 	94 	130 	130 
003376 	294 	94 	130 	130 
003377 	294 	94 	130 	130 
003378 	294 	94 	130 	130 
003379 	294 	94 	130 	130 
003380 	267 	79 	156 	156 
003381 	267 	62 	156 	155 
003382 	267 	79 	156 	156 
003383 	267 	79 	156 	156 
003384 	267 	79 	156 	156 
003385 	267 	79 	156 	156 
003386 	267 	79 	156 	156 
003387 	280 	94 	130 	130 
003388 	250 	79 	156 	156 
003389 	250 	96 	156 	156 
003390 	250 	96 	156 	156 
003391 	250 	96 	156 	156 
003392 	250 	96 	156 	156 
003393 	250 	96 	156 	156 
003394 	233 	96 	156 	156 
003395 	233 	96 	156 	156 
003396 	233 	96 	156 	156 
003397 	233 	96 	156 	156 
003398 	233 	96 	156 	156 
003399 	233 	96 	156 	156 
003400 	233 	96 	156 	156 
003401 	237 	109 	130 	130 
003402 	237 	109 	130 	130 
003403 	239 	108 	130 	130 
003404 	241 	107 	130 	130 
003405 	242 	105 	130 	130 
003406 	244 	104 	130 	130 
003407 	246 	103 	130 	130 
003408 	248 	102 	130 	130 
003409 	250 	101 	130 	130 
003410 	251 	99 	130 	130 
003411 	253 	98 	130 	130 
003412 	255 	97 	130 	130 
003413 	257 	96 	130 	130 
003414 	258 	94 	130 	130 
003415 	260 	93 	130 	130 
003416 	262 	92 	130 	130 
003417 	264 	91 	130 	130 
003418 	266 	90 	130 	130 
003419 	267 	88 	130 	130 
003420 	269 	87 	130 	130 
003421 	271 	86 	130 	130 
003422 	273 	85 	130 	130 
003423 	275 	84 	130 	130 
003424 	276 	82 	130 	130 
003425 	278 	81 	130 	130 
003426 	280 	80 	130 	130 
003427 	280 	80 	130 	130 
003428 	267 	62 	156 	155 
003429 	294 	80 	130 	130 
003430 	294 	80 	130 	130 
003431 	309 	94 	130 	130 
003432 	309 	94 	130 	130 
003433 	309 	94 	130 	130 
003434 	323 	94 	130 	130 
003435 	323 	94 	130 	130 
003436 	323 	94 	130 	130 
003437 	323 	109 	130 	130 
003438 	323 	109 	130 	130 
003439 	323 	109 	130 	130 
003440 	323 	109 	130 	130 
003441 	319 	96 	156 	156 
003442 	319 	96 	156 	156 
003443 	319 	96 	156 	156 
003444 	319 	96 	156 	156 
003445 	323 	109 	130 	130 
003446 	323 	109 	130 	130 
003447 	323 	109 	130 	130 
003448 	323 	94 	130 	130 
003449 	323 	94 	130 	130 
003450 	309 	94 	130 	130 
003451 	294 	80 	130 	130 
003452 	267 	79 	156 	156 
003453 	267 	79 	156 	156 
003454 	267 	79 	156 	156 
003455 	267 	79 	156 	156 
003456 	250 	79 	156 	156 
003457 	250 	79 	156 	156 
003458 	250 	79 	156 	156 
003459 	250 	79 	156 	156 
003460 	250 	79 	156 	156 
003461 	250 	79 	156 	156 
003462 	250 	79 	156 	156 
003463 	250 	79 	156 	156 
003464 	250 	96 	156 	156 
003465 	250 	96 	156 	156 
003466 	250 	96 	156 	156 
003467 	250 	96 	156 	156 
003468 	250 	79 	156 	156 
003469 	250 	79 	156 	156 
003470 	250 	79 	156 	156 
003471 	250 	79 	156 	156 
003472 	250 	79 	156 	156 
003473 	250 	79 	156 	156 
003474 	250 	79 	156 	156 
003475 	250 	79 	156 	156 
003476 	267 	79 	156 	156 
003477 	267 	79 	156 	156 
003478 	267 	79 	156 	156 
003479 	267 	79 	156 	156 
003480 	267 	79 	156 	156 
003481 	267 	79 	156 	156 
003482 	267 	79 	156 	156 
003483 	267 	62 	156 	155 
003484 	267 	62 	156 	155 
003485 	267 	62 	156 	155 
003486 	267 	62 	156 	155 
003487 	267 	62 	156 	155 
003488 	294 	80 	130 	130 
003489 	294 	80 	130 	130 
003490 	294 	66 	130 	130 
003491 	285 	62 	155 	155 
003492 	309 	66 	130 	130 
003493 	309 	66 	130 	130 
003494 	309 	66 	130 	130 
003495 	302 	62 	156 	155 
003496 	323 	66 	130 	130 
003497 	323 	66 	130 	130 
003498 	323 	66 	130 	130 
003499 	337 	66 	130 	130 
003500 	337 	66 	130 	130 
003501 	337 	66 	130 	130 
003502 	337 	66 	130 	130 
003503 	337 	66 	130 	130 
003504 	319 	62 	156 	155 
003505 	337 	80 	130 	130 
003506 	337 	80 	130 	130 
003507 	323 	80 	130 	130 
003508 	323 	80 	130 	130 
003509 	337 	80 	130 	130 
003510 	337 	80 	130 	130 
003511 	323 	80 	130 	130 
003512 	323 	80 	130 	130 
003513 	323 	94 	130 	130 
003514 	323 	94 	130 	130 
003515 	302 	79 	156 	156 
003516 	302 	79 	156 	156 
003517 	302 	79 	156 	156 
003518 	309 	94 	130 	130 
003519 	302 	79 	156 	156 
003520 	302 	79 	156 	156 
003521 	309 	94 	130 	130 
003522 	309 	94 	130 	130 
003523 	309 	94 	130 	130 
003524 	309 	94 	130 	130 
003525 	309 	94 	130 	130 
003526 	309 	94 	130 	130 
003527 	309 	109 	130 	130 
003528 	309 	109 	130 	130 
003529 	309 	109 	130 	130 
003530 	309 	109 	130 	130 
003531 	302 	96 	156 	156 
003532 	302 	96 	156 	156 
003533 	323 	109 	130 	130 
003534 	323 	109 	130 	130 
003535 	323 	109 	130 	130 
003536 	323 	109 	130 	130 
003537 	323 	109 	130 	130 
003538 	319 	96 	156 	156 
003539 	337 	109 	130 	130 
003540 	337 	94 	130 	130 
003541 	337 	109 	130 	130 
003542 	337 	94 	130 	130 
003543 	337 	94 	130 	130 
003544 	337 	94 	130 	130 
003545 	337 	94 	130 	130 
003546 	337 	94 	130 	130 
003547 	337 	94 	130 	130 
003548 	337 	94 	130 	130 
003549 	337 	94 	130 	130 
003550 	337 	94 	130 	130 
003551 	337 	94 	130 	130 
003552 	323 	94 	130 	130 
003553 	323 	94 	130 	130 
003554 	323 	94 	130 	130 
003555 	323 	94 	130 	130 
003556 	302 	79 	156 	156 
003557 	323 	80 	130 	130 
003558 	323 	94 	130 	130 
003559 	323 	80 	130 	130 
003560 	323 	80 	130 	130 
003561 	323 	80 	130 	130 
003562 	323 	80 	130 	130 
003563 	323 	80 	130 	130 
003564 	323 	80 	130 	130 
003565 	323 	80 	130 	130 
003566 	323 	80 	130 	130 
003567 	323 	80 	130 	130 
003568 	323 	80 	130 	130 
003569 	323 	80 	130 	130 
003570 	323 	94 	130 	130 
003571 	323 	94 	130 	130 
003572 	323 	94 	130 	130 
003573 	323 	94 	130 	130 
003574 	323 	94 	130 	130 
003575 	323 	94 	130 	130 
003576 	323 	94 	130 	130 
003577 	309 	80 	130 	130 
003578 	302 	79 	156 	156 
003579 	302 	79 	156 	156 
003580 	309 	80 	130 	130 
003581 	302 	79 	156 	156 
003582 	302 	79 	156 	156 
003583 	302 	79 	156 	156 
003584 	309 	94 	130 	130 
003585 	309 	94 	130 	130 
003586 	309 	94 	130 	130 
003587 	309 	94 	130 	130 
003588 	309 	94 	130 	130 
003589 	309 	94 	130 	130 
003590 	309 	80 	130 	130 
003591 	309 	94 	130 	130 
003592 	309 	80 	130 	130 
003593 	309 	94 	130 	130 
003594 	309 	94 	130 	130 
003595 	309 	94 	130 	130 
003596 	309 	94 	130 	130 
003597 	309 	94 	130 	130 
003598 	309 	94 	130 	130 
003599 	309 	94 	130 	130 
003600 	309 	94 	130 	130 
003601 	309 	94 	130 	130 
003602 	309 	80 	130 	130 
003603 	285 	79 	155 	156 
003604 	285 	79 	155 	156 
003605 	285 	79 	155 	156 
003606 	285 	79 	155 	156 
003607 	285 	79 	155 	156 
003608 	285 	79 	155 	156 
003609 	285 	79 	155 	156 
003610 	285 	79 	155 	156 
003611 	285 	79 	155 	156 
003612 	285 	79 	155 	156 
003613 	285 	79 	155 	156 
003614 	285 	79 	155 	156 
003615 	285 	79 	155 	156 
003616 	285 	79 	155 	156 
003617 	267 	79 	156 	156 
003618 	267 	79 	156 	156 
003619 	267 	79 	156 	156 
003620 	267 	79 	156 	156 
003621 	267 	79 	156 	156 
003622 	267 	79 	156 	156 
003623 	267 	79 	156 	156 
003624 	267 	79 	156 	156 
003625 	267 	79 	156 	156 
003626 	267 	79 	156 	156 
003627 	267 	79 	156 	156 
003628 	267 	79 	156 	156 
003629 	267 	79 	156 	156 
003630 	267 	79 	156 	156 
003631 	267 	79 	156 	156 
003632 	294 	94 	130 	130 
003633 	294 	94 	130 	130 
003634 	285 	79 	155 	156 
003635 	285 	79 	155 	156 
003636 	285 	79 	155 	156 
003637 	309 	109 	130 	130 
003638 	309 	109 	130 	130 
003639 	309 	109 	130 	130 
003640 	302 	96 	156 	156 
003641 	302 	96 	156 	156 
003642 	302 	96 	156 	156 
003643 	302 	96 	156 	156 
003644 	302 	96 	156 	156 
003645 	302 	96 	156 	156 
003646 	302 	96 	156 	156 
003647 	323 	109 	130 	130 
003648 	323 	109 	130 	130 
003649 	323 	109 	130 	130 
003650 	323 	109 	130 	130 
003651 	323 	109 	130 	130 
003652 	323 	109 	130 	130 
003653 	323 	109 	130 	130 
003654 	323 	109 	130 	130 
003655 	323 	109 	130 	130 
003656 	323 	109 	130 	130 
003657 	309 	109 	130 	130 
003658 	309 	94 	130 	130 
003659 	309 	94 	130 	130 
003660 	285 	79 	155 	156 
003661 	294 	94 	130 	130 
003662 	294 	94 	130 	130 
003663 	294 	94 	130 	130 
003664 	294 	109 	130 	130 
003665 	294 	109 	130 	130 
003666 	285 	96 	155 	156 
003667 	285 	96 	155 	156 
003668 	285 	96 	155 	156 
003669 	285 	96 	155 	156 
003670 	294 	109 	130 	130 
003671 	294 	109 	130 	130 
003672 	294 	109 	130 	130 
003673 	294 	109 	130 	130 
003674 	294 	109 	130 	130 
003675 	294 	109 	130 	130 
003676 	285 	96 	155 	156 
003677 	285 	96 	155 	156 
003678 	285 	96 	155 	156 
003679 	285 	96 	155 	156 
003680 	285 	96 	155 	156 
003681 	285 	96 	155 	156 
003682 	285 	96 	155 	156 
003683 	285 	96 	155 	156 
003684 	285 	79 	155 	156 
003685 	294 	94 	130 	130 
003686 	294 	94 	130 	130 
003687 	294 	94 	130 	130 
003688 	267 	79 	156 	156 
003689 	267 	79 	156 	156 
003690 	267 	79 	156 	156 
003691 	267 	79 	156 	156 
003692 	267 	79 	156 	156 
003693 	267 	79 	156 	156 
003694 	267 	79 	156 	156 
003695 	267 	79 	156 	156 
003696 	267 	79 	156 	156 
003697 	294 	94 	130 	130 
003698 	294 	94 	130 	130 
003699 	294 	94 	130 	130 
