Identity  : 	id10104
Reference : 	TExNTT3Djvw
Offset    : 	-1
FV Conf   : 	17.007
ASD Conf  : 	5.822

FRAME 	X 	Y 	W 	H 
005033 	94 	95 	187 	186 
005034 	94 	95 	187 	186 
005035 	94 	95 	187 	186 
005036 	94 	95 	187 	186 
005037 	94 	95 	187 	186 
005038 	94 	95 	187 	186 
005039 	94 	95 	187 	186 
005040 	94 	95 	187 	186 
005041 	94 	95 	187 	186 
005042 	94 	95 	187 	186 
005043 	115 	95 	187 	186 
005044 	115 	95 	187 	186 
005045 	115 	95 	187 	186 
005046 	115 	95 	187 	186 
005047 	115 	95 	187 	186 
005048 	115 	95 	187 	186 
005049 	115 	95 	187 	186 
005050 	115 	95 	187 	186 
005051 	115 	95 	187 	186 
005052 	115 	95 	187 	186 
005053 	115 	95 	187 	186 
005054 	115 	95 	187 	186 
005055 	115 	95 	187 	186 
005056 	115 	95 	187 	186 
005057 	115 	95 	187 	186 
005058 	135 	95 	187 	186 
005059 	135 	95 	187 	186 
005060 	135 	95 	187 	186 
005061 	135 	95 	187 	186 
005062 	135 	95 	187 	186 
005063 	135 	95 	187 	186 
005064 	135 	95 	187 	186 
005065 	135 	95 	187 	186 
005066 	135 	95 	187 	186 
005067 	135 	95 	187 	186 
005068 	135 	95 	187 	186 
005069 	135 	95 	187 	186 
005070 	135 	95 	187 	186 
005071 	135 	95 	187 	186 
005072 	135 	95 	187 	186 
005073 	135 	95 	187 	186 
005074 	135 	95 	187 	186 
005075 	135 	95 	187 	186 
005076 	135 	95 	187 	186 
005077 	135 	95 	187 	186 
005078 	135 	95 	187 	186 
005079 	135 	95 	187 	186 
005080 	135 	95 	187 	186 
005081 	135 	95 	187 	186 
005082 	135 	95 	187 	186 
005083 	135 	95 	187 	186 
005084 	135 	95 	187 	186 
005085 	135 	95 	187 	186 
005086 	135 	95 	187 	186 
005087 	135 	95 	187 	186 
005088 	135 	95 	187 	186 
005089 	135 	95 	187 	186 
005090 	135 	95 	187 	186 
005091 	135 	95 	187 	186 
005092 	135 	95 	187 	186 
005093 	147 	96 	156 	156 
005094 	147 	96 	156 	156 
005095 	147 	96 	156 	156 
005096 	147 	96 	156 	156 
005097 	147 	96 	156 	156 
005098 	147 	96 	156 	156 
005099 	147 	96 	156 	156 
005100 	135 	95 	187 	186 
005101 	135 	95 	187 	186 
005102 	135 	95 	187 	186 
005103 	135 	95 	187 	186 
005104 	135 	95 	187 	186 
005105 	135 	95 	187 	186 
005106 	164 	96 	156 	156 
005107 	156 	74 	187 	187 
005108 	156 	74 	187 	187 
005109 	156 	74 	187 	187 
005110 	156 	74 	187 	187 
005111 	177 	74 	187 	187 
005112 	177 	74 	187 	187 
005113 	177 	74 	187 	187 
005114 	177 	74 	187 	187 
005115 	177 	74 	187 	187 
005116 	177 	74 	187 	187 
005117 	197 	74 	187 	187 
005118 	197 	74 	187 	187 
005119 	197 	74 	187 	187 
005120 	197 	74 	187 	187 
005121 	216 	79 	156 	156 
005122 	197 	53 	187 	187 
005123 	197 	53 	187 	187 
005124 	197 	53 	187 	187 
005125 	216 	62 	156 	155 
005126 	216 	62 	156 	155 
005127 	233 	62 	156 	155 
005128 	233 	62 	156 	155 
005129 	233 	62 	156 	155 
005130 	233 	62 	156 	155 
005131 	239 	53 	186 	187 
005132 	239 	53 	186 	187 
005133 	239 	53 	186 	187 
005134 	250 	79 	156 	156 
005135 	250 	79 	156 	156 
005136 	239 	53 	186 	187 
005137 	239 	53 	186 	187 
005138 	239 	53 	186 	187 
005139 	239 	53 	186 	187 
005140 	239 	53 	186 	187 
005141 	239 	53 	186 	187 
005142 	239 	74 	186 	187 
005143 	239 	74 	186 	187 
005144 	239 	74 	186 	187 
005145 	239 	74 	186 	187 
005146 	250 	79 	156 	156 
005147 	250 	79 	156 	156 
005148 	250 	79 	156 	156 
005149 	239 	74 	186 	187 
005150 	239 	74 	186 	187 
005151 	239 	74 	186 	187 
005152 	239 	74 	186 	187 
005153 	239 	74 	186 	187 
005154 	218 	74 	187 	187 
005155 	218 	74 	187 	187 
005156 	218 	74 	187 	187 
005157 	218 	74 	187 	187 
005158 	218 	74 	187 	187 
005159 	218 	74 	187 	187 
