Identity  : 	id10572
Reference : 	_mHtYs44sbE
Offset    : 	-2
FV Conf   : 	17.610
ASD Conf  : 	9.087

FRAME 	X 	Y 	W 	H 
003827 	309 	66 	130 	130 
003828 	309 	66 	130 	130 
003829 	309 	66 	130 	130 
003830 	309 	66 	130 	130 
003831 	309 	66 	130 	130 
003832 	309 	66 	130 	130 
003833 	309 	66 	130 	130 
003834 	309 	66 	130 	130 
003835 	309 	66 	130 	130 
003836 	309 	66 	130 	130 
003837 	309 	66 	130 	130 
003838 	309 	66 	130 	130 
003839 	309 	66 	130 	130 
003840 	309 	66 	130 	130 
003841 	309 	66 	130 	130 
003842 	309 	66 	130 	130 
003843 	309 	66 	130 	130 
003844 	309 	66 	130 	130 
003845 	309 	66 	130 	130 
003846 	309 	66 	130 	130 
003847 	309 	66 	130 	130 
003848 	329 	78 	108 	109 
003849 	329 	78 	108 	109 
003850 	329 	78 	108 	109 
003851 	323 	66 	130 	130 
003852 	323 	66 	130 	130 
003853 	323 	66 	130 	130 
003854 	323 	66 	130 	130 
003855 	323 	66 	130 	130 
003856 	323 	66 	130 	130 
003857 	323 	66 	130 	130 
003858 	323 	66 	130 	130 
003859 	323 	66 	130 	130 
003860 	323 	66 	130 	130 
003861 	323 	66 	130 	130 
003862 	323 	66 	130 	130 
003863 	341 	78 	108 	109 
003864 	341 	78 	108 	109 
003865 	337 	66 	130 	130 
003866 	337 	66 	130 	130 
003867 	337 	66 	130 	130 
003868 	337 	66 	130 	130 
003869 	337 	66 	130 	130 
003870 	337 	66 	130 	130 
003871 	337 	66 	130 	130 
003872 	337 	66 	130 	130 
003873 	337 	66 	130 	130 
003874 	337 	66 	130 	130 
003875 	337 	66 	130 	130 
003876 	337 	66 	130 	130 
003877 	337 	66 	130 	130 
003878 	337 	66 	130 	130 
003879 	337 	66 	130 	130 
003880 	337 	66 	130 	130 
003881 	337 	66 	130 	130 
003882 	337 	66 	130 	130 
003883 	352 	66 	130 	130 
003884 	365 	78 	108 	109 
003885 	376 	78 	109 	109 
003886 	388 	78 	109 	109 
003887 	388 	78 	109 	109 
003888 	380 	66 	130 	130 
003889 	380 	66 	130 	130 
003890 	380 	66 	130 	130 
003891 	380 	66 	130 	130 
003892 	380 	66 	130 	130 
003893 	388 	66 	109 	109 
003894 	388 	66 	109 	109 
003895 	380 	66 	130 	130 
003896 	380 	66 	130 	130 
003897 	400 	66 	109 	109 
003898 	400 	66 	109 	109 
003899 	380 	66 	130 	130 
003900 	380 	66 	130 	130 
003901 	400 	78 	109 	109 
003902 	395 	66 	130 	130 
003903 	400 	78 	109 	109 
003904 	400 	78 	109 	109 
003905 	380 	66 	130 	130 
003906 	400 	78 	109 	109 
003907 	400 	78 	109 	109 
003908 	380 	66 	130 	130 
003909 	380 	66 	130 	130 
003910 	380 	66 	130 	130 
003911 	380 	66 	130 	130 
003912 	380 	66 	130 	130 
003913 	380 	80 	130 	130 
003914 	366 	80 	130 	130 
003915 	366 	80 	130 	130 
003916 	366 	80 	130 	130 
003917 	366 	80 	130 	130 
003918 	366 	80 	130 	130 
003919 	366 	80 	130 	130 
003920 	366 	80 	130 	130 
003921 	366 	80 	130 	130 
003922 	366 	80 	130 	130 
003923 	366 	80 	130 	130 
003924 	366 	80 	130 	130 
003925 	366 	80 	130 	130 
003926 	366 	80 	130 	130 
003927 	366 	80 	130 	130 
003928 	366 	80 	130 	130 
003929 	366 	80 	130 	130 
003930 	366 	80 	130 	130 
003931 	366 	80 	130 	130 
