Identity  : 	id10572
Reference : 	_mHtYs44sbE
Offset    : 	-2
FV Conf   : 	15.442
ASD Conf  : 	8.448

FRAME 	X 	Y 	W 	H 
004355 	337 	80 	130 	130 
004356 	337 	80 	130 	130 
004357 	337 	80 	130 	130 
004358 	337 	80 	130 	130 
004359 	337 	80 	130 	130 
004360 	337 	80 	130 	130 
004361 	337 	80 	130 	130 
004362 	337 	80 	130 	130 
004363 	337 	80 	130 	130 
004364 	337 	80 	130 	130 
004365 	337 	80 	130 	130 
004366 	337 	80 	130 	130 
004367 	337 	80 	130 	130 
004368 	337 	80 	130 	130 
004369 	337 	80 	130 	130 
004370 	337 	80 	130 	130 
004371 	337 	80 	130 	130 
004372 	337 	80 	130 	130 
004373 	323 	66 	130 	130 
004374 	323 	66 	130 	130 
004375 	323 	66 	130 	130 
004376 	323 	66 	130 	130 
004377 	323 	80 	130 	130 
004378 	323 	80 	130 	130 
004379 	323 	80 	130 	130 
004380 	323 	80 	130 	130 
004381 	323 	80 	130 	130 
004382 	323 	80 	130 	130 
004383 	323 	80 	130 	130 
004384 	323 	80 	130 	130 
004385 	323 	80 	130 	130 
004386 	323 	66 	130 	130 
004387 	323 	66 	130 	130 
004388 	323 	66 	130 	130 
004389 	323 	66 	130 	130 
004390 	323 	66 	130 	130 
004391 	323 	66 	130 	130 
004392 	323 	66 	130 	130 
004393 	323 	66 	130 	130 
004394 	323 	66 	130 	130 
004395 	323 	66 	130 	130 
004396 	323 	66 	130 	130 
004397 	323 	66 	130 	130 
004398 	323 	66 	130 	130 
004399 	341 	78 	108 	109 
004400 	341 	78 	108 	109 
004401 	341 	78 	108 	109 
004402 	341 	78 	108 	109 
004403 	341 	78 	108 	109 
004404 	341 	78 	108 	109 
004405 	341 	78 	108 	109 
004406 	341 	90 	108 	109 
004407 	341 	90 	108 	109 
004408 	341 	90 	108 	109 
004409 	341 	90 	108 	109 
004410 	341 	90 	108 	109 
004411 	341 	90 	108 	109 
004412 	341 	90 	108 	109 
004413 	341 	90 	108 	109 
004414 	341 	90 	108 	109 
004415 	341 	90 	108 	109 
004416 	341 	90 	108 	109 
004417 	341 	90 	108 	109 
004418 	341 	90 	108 	109 
004419 	341 	90 	108 	109 
004420 	341 	90 	108 	109 
004421 	341 	90 	108 	109 
004422 	341 	90 	108 	109 
004423 	341 	90 	108 	109 
004424 	341 	90 	108 	109 
004425 	341 	90 	108 	109 
004426 	341 	90 	108 	109 
004427 	341 	90 	108 	109 
004428 	341 	90 	108 	109 
004429 	341 	90 	108 	109 
004430 	341 	90 	108 	109 
004431 	341 	90 	108 	109 
004432 	341 	90 	108 	109 
004433 	341 	90 	108 	109 
004434 	341 	90 	108 	109 
004435 	341 	90 	108 	109 
004436 	341 	90 	108 	109 
004437 	341 	90 	108 	109 
004438 	341 	102 	108 	109 
004439 	341 	102 	108 	109 
004440 	341 	102 	108 	109 
004441 	341 	102 	108 	109 
004442 	341 	102 	108 	109 
004443 	341 	102 	108 	109 
004444 	341 	102 	108 	109 
004445 	341 	102 	108 	109 
004446 	323 	94 	130 	130 
004447 	323 	94 	130 	130 
004448 	323 	94 	130 	130 
004449 	323 	94 	130 	130 
004450 	323 	94 	130 	130 
004451 	323 	94 	130 	130 
004452 	323 	94 	130 	130 
004453 	323 	94 	130 	130 
004454 	323 	94 	130 	130 
004455 	323 	94 	130 	130 
004456 	323 	80 	130 	130 
004457 	323 	80 	130 	130 
004458 	323 	80 	130 	130 
004459 	323 	80 	130 	130 
004460 	323 	80 	130 	130 
004461 	323 	80 	130 	130 
004462 	341 	90 	108 	109 
004463 	341 	90 	108 	109 
004464 	341 	90 	108 	109 
004465 	341 	78 	108 	109 
004466 	341 	78 	108 	109 
004467 	337 	66 	130 	130 
004468 	337 	66 	130 	130 
004469 	337 	66 	130 	130 
004470 	337 	66 	130 	130 
004471 	353 	66 	108 	109 
004472 	353 	66 	108 	109 
004473 	353 	66 	108 	109 
004474 	353 	66 	108 	109 
004475 	353 	66 	108 	109 
004476 	353 	66 	108 	109 
004477 	353 	66 	108 	109 
004478 	353 	66 	108 	109 
004479 	353 	66 	108 	109 
004480 	353 	66 	108 	109 
004481 	353 	66 	108 	109 
004482 	353 	66 	108 	109 
004483 	353 	66 	108 	109 
004484 	353 	66 	108 	109 
004485 	353 	66 	108 	109 
004486 	337 	66 	130 	130 
004487 	337 	66 	130 	130 
004488 	337 	66 	130 	130 
004489 	337 	66 	130 	130 
004490 	337 	66 	130 	130 
004491 	337 	80 	130 	130 
004492 	337 	80 	130 	130 
004493 	337 	80 	130 	130 
004494 	341 	90 	108 	109 
004495 	341 	90 	108 	109 
004496 	341 	90 	108 	109 
004497 	323 	80 	130 	130 
004498 	323 	80 	130 	130 
004499 	323 	80 	130 	130 
004500 	323 	80 	130 	130 
004501 	323 	80 	130 	130 
004502 	323 	80 	130 	130 
004503 	323 	80 	130 	130 
004504 	323 	66 	130 	130 
004505 	323 	66 	130 	130 
004506 	323 	66 	130 	130 
004507 	323 	66 	130 	130 
004508 	323 	66 	130 	130 
004509 	323 	66 	130 	130 
004510 	323 	66 	130 	130 
004511 	323 	66 	130 	130 
004512 	323 	66 	130 	130 
004513 	323 	66 	130 	130 
004514 	323 	66 	130 	130 
004515 	323 	66 	130 	130 
004516 	323 	66 	130 	130 
004517 	323 	66 	130 	130 
004518 	323 	51 	130 	130 
004519 	323 	51 	130 	130 
004520 	323 	51 	130 	130 
004521 	323 	51 	130 	130 
004522 	323 	51 	130 	130 
004523 	323 	51 	130 	130 
004524 	323 	51 	130 	130 
004525 	323 	51 	130 	130 
004526 	323 	51 	130 	130 
004527 	323 	51 	130 	130 
004528 	323 	51 	130 	130 
004529 	323 	66 	130 	130 
004530 	341 	78 	108 	109 
004531 	341 	78 	108 	109 
004532 	323 	66 	130 	130 
004533 	323 	66 	130 	130 
004534 	323 	66 	130 	130 
004535 	323 	51 	130 	130 
004536 	323 	66 	130 	130 
004537 	323 	66 	130 	130 
004538 	323 	66 	130 	130 
004539 	323 	66 	130 	130 
004540 	323 	66 	130 	130 
004541 	341 	78 	108 	109 
004542 	341 	78 	108 	109 
004543 	323 	66 	130 	130 
004544 	341 	78 	108 	109 
004545 	323 	66 	130 	130 
004546 	341 	78 	108 	109 
004547 	341 	78 	108 	109 
004548 	341 	78 	108 	109 
004549 	341 	78 	108 	109 
004550 	341 	78 	108 	109 
004551 	341 	78 	108 	109 
004552 	341 	78 	108 	109 
004553 	341 	78 	108 	109 
004554 	341 	78 	108 	109 
004555 	341 	78 	108 	109 
004556 	341 	78 	108 	109 
004557 	341 	78 	108 	109 
004558 	341 	78 	108 	109 
004559 	341 	78 	108 	109 
004560 	341 	78 	108 	109 
004561 	341 	78 	108 	109 
004562 	341 	78 	108 	109 
004563 	341 	78 	108 	109 
004564 	341 	78 	108 	109 
004565 	323 	66 	130 	130 
004566 	323 	66 	130 	130 
004567 	323 	66 	130 	130 
004568 	323 	66 	130 	130 
004569 	323 	66 	130 	130 
004570 	323 	66 	130 	130 
004571 	323 	66 	130 	130 
004572 	323 	66 	130 	130 
004573 	323 	66 	130 	130 
004574 	323 	66 	130 	130 
004575 	323 	66 	130 	130 
004576 	323 	66 	130 	130 
004577 	341 	78 	108 	109 
004578 	337 	66 	130 	130 
004579 	337 	66 	130 	130 
004580 	337 	66 	130 	130 
004581 	337 	66 	130 	130 
004582 	337 	66 	130 	130 
004583 	337 	66 	130 	130 
004584 	337 	66 	130 	130 
004585 	337 	66 	130 	130 
004586 	337 	66 	130 	130 
004587 	337 	80 	130 	130 
004588 	337 	80 	130 	130 
004589 	337 	80 	130 	130 
004590 	337 	80 	130 	130 
004591 	337 	80 	130 	130 
004592 	337 	80 	130 	130 
004593 	337 	80 	130 	130 
004594 	341 	90 	108 	109 
004595 	323 	66 	130 	130 
004596 	323 	66 	130 	130 
004597 	341 	78 	108 	109 
004598 	341 	78 	108 	109 
004599 	341 	78 	108 	109 
004600 	341 	78 	108 	109 
004601 	323 	66 	130 	130 
004602 	323 	66 	130 	130 
004603 	323 	80 	130 	130 
004604 	323 	80 	130 	130 
004605 	323 	80 	130 	130 
004606 	323 	80 	130 	130 
004607 	323 	80 	130 	130 
004608 	323 	80 	130 	130 
004609 	323 	80 	130 	130 
004610 	323 	80 	130 	130 
004611 	323 	80 	130 	130 
004612 	323 	66 	130 	130 
004613 	323 	66 	130 	130 
