Identity  : 	id10567
Reference : 	0wahQ9RoF04
Offset    : 	0
FV Conf   : 	19.014
ASD Conf  : 	6.350

FRAME 	X 	Y 	W 	H 
008517 	163 	117 	115 	115 
008518 	163 	117 	115 	115 
008519 	162 	116 	115 	115 
008520 	162 	116 	116 	116 
008521 	161 	116 	116 	116 
008522 	161 	115 	116 	116 
008523 	160 	115 	116 	116 
008524 	160 	114 	117 	117 
008525 	159 	114 	117 	117 
008526 	159 	113 	117 	117 
008527 	158 	113 	118 	118 
008528 	158 	113 	118 	118 
008529 	157 	112 	118 	118 
008530 	157 	112 	118 	118 
008531 	156 	111 	119 	119 
008532 	156 	111 	119 	119 
008533 	155 	110 	119 	119 
008534 	155 	110 	120 	120 
008535 	155 	110 	120 	120 
008536 	154 	109 	120 	120 
008537 	154 	109 	120 	120 
008538 	153 	108 	121 	121 
008539 	153 	108 	121 	121 
008540 	152 	107 	121 	121 
008541 	152 	107 	121 	121 
008542 	151 	107 	122 	122 
008543 	151 	106 	122 	122 
008544 	150 	106 	122 	122 
008545 	150 	105 	123 	123 
008546 	149 	105 	123 	123 
008547 	149 	104 	123 	123 
008548 	148 	104 	123 	123 
008549 	148 	104 	124 	124 
008550 	147 	103 	124 	124 
008551 	147 	103 	124 	124 
008552 	146 	102 	125 	125 
008553 	146 	102 	125 	125 
008554 	145 	101 	125 	125 
008555 	145 	101 	125 	125 
008556 	144 	100 	126 	126 
008557 	144 	100 	126 	126 
008558 	143 	100 	126 	126 
008559 	143 	99 	127 	127 
008560 	142 	99 	127 	127 
008561 	142 	98 	127 	127 
008562 	141 	98 	127 	127 
008563 	141 	97 	128 	128 
008564 	140 	97 	128 	128 
008565 	140 	97 	128 	128 
008566 	139 	96 	129 	129 
008567 	139 	96 	129 	129 
008568 	138 	95 	129 	129 
008569 	138 	95 	129 	129 
008570 	137 	94 	130 	130 
008571 	137 	94 	130 	130 
008572 	137 	94 	130 	130 
008573 	137 	94 	130 	130 
008574 	137 	94 	130 	130 
008575 	137 	94 	130 	130 
008576 	137 	94 	130 	130 
008577 	137 	94 	130 	130 
008578 	137 	94 	130 	130 
008579 	137 	94 	130 	130 
008580 	137 	94 	130 	130 
008581 	137 	94 	130 	130 
008582 	137 	94 	130 	130 
008583 	137 	94 	130 	130 
008584 	139 	94 	130 	130 
008585 	140 	94 	130 	130 
008586 	142 	94 	130 	130 
008587 	143 	94 	130 	130 
008588 	145 	94 	130 	130 
008589 	146 	94 	130 	130 
008590 	148 	94 	130 	130 
008591 	149 	94 	130 	130 
008592 	151 	94 	130 	130 
008593 	151 	94 	130 	130 
008594 	151 	94 	130 	130 
008595 	151 	94 	130 	130 
008596 	151 	94 	130 	130 
008597 	151 	94 	130 	130 
008598 	151 	94 	130 	130 
008599 	151 	94 	130 	130 
008600 	151 	94 	130 	130 
008601 	151 	94 	130 	130 
008602 	151 	94 	130 	130 
008603 	151 	94 	130 	130 
008604 	151 	94 	130 	130 
008605 	151 	94 	130 	130 
008606 	151 	94 	130 	130 
008607 	151 	94 	130 	130 
008608 	151 	94 	130 	130 
008609 	151 	94 	130 	130 
008610 	151 	94 	130 	130 
008611 	151 	94 	130 	130 
008612 	151 	94 	130 	130 
008613 	151 	94 	130 	130 
008614 	151 	94 	130 	130 
008615 	151 	94 	130 	130 
008616 	151 	94 	130 	130 
008617 	151 	94 	130 	130 
008618 	151 	94 	130 	130 
008619 	151 	94 	130 	130 
008620 	151 	94 	130 	130 
008621 	151 	94 	130 	130 
008622 	151 	94 	130 	130 
008623 	151 	94 	130 	130 
008624 	151 	94 	130 	130 
008625 	151 	94 	130 	130 
008626 	151 	94 	130 	130 
008627 	151 	94 	130 	130 
008628 	151 	94 	130 	130 
008629 	151 	94 	130 	130 
008630 	151 	94 	130 	130 
008631 	151 	94 	130 	130 
008632 	151 	94 	130 	130 
008633 	151 	94 	130 	130 
008634 	151 	94 	130 	130 
008635 	151 	94 	130 	130 
008636 	151 	94 	130 	130 
008637 	151 	94 	130 	130 
008638 	151 	94 	130 	130 
008639 	151 	94 	130 	130 
008640 	151 	94 	130 	130 
008641 	151 	94 	130 	130 
008642 	151 	94 	130 	130 
008643 	151 	94 	130 	130 
008644 	151 	94 	130 	130 
008645 	151 	94 	130 	130 
008646 	151 	94 	130 	130 
008647 	151 	94 	130 	130 
008648 	151 	94 	130 	130 
008649 	151 	94 	130 	130 
008650 	151 	94 	130 	130 
008651 	151 	94 	130 	130 
008652 	151 	94 	130 	130 
008653 	151 	94 	130 	130 
008654 	151 	94 	130 	130 
008655 	151 	94 	130 	130 
008656 	151 	94 	130 	130 
008657 	151 	94 	130 	130 
008658 	151 	94 	130 	130 
