Identity  : 	id10567
Reference : 	0wahQ9RoF04
Offset    : 	0
FV Conf   : 	18.059
ASD Conf  : 	8.036

FRAME 	X 	Y 	W 	H 
009997 	161 	66 	109 	109 
009998 	161 	66 	109 	109 
009999 	173 	66 	109 	109 
010000 	173 	66 	109 	109 
010001 	173 	66 	109 	109 
010002 	185 	66 	109 	109 
010003 	185 	66 	109 	109 
010004 	197 	54 	109 	109 
010005 	197 	54 	109 	109 
010006 	197 	54 	109 	109 
010007 	197 	54 	109 	109 
010008 	197 	54 	109 	109 
010009 	197 	54 	109 	109 
010010 	191 	54 	109 	109 
010011 	185 	54 	109 	109 
010012 	185 	54 	109 	109 
010013 	185 	66 	109 	109 
010014 	185 	66 	109 	109 
010015 	179 	66 	109 	109 
010016 	173 	66 	109 	109 
010017 	173 	66 	109 	109 
010018 	173 	66 	109 	109 
010019 	173 	66 	109 	109 
010020 	173 	66 	109 	109 
010021 	173 	66 	109 	109 
010022 	173 	66 	109 	109 
010023 	173 	66 	109 	109 
010024 	173 	66 	109 	109 
010025 	173 	66 	109 	109 
010026 	173 	66 	109 	109 
010027 	173 	66 	109 	109 
010028 	185 	66 	109 	109 
010029 	185 	66 	109 	109 
010030 	185 	66 	109 	109 
010031 	185 	66 	109 	109 
010032 	185 	66 	109 	109 
010033 	185 	66 	109 	109 
010034 	185 	66 	109 	109 
010035 	185 	66 	109 	109 
010036 	185 	66 	109 	109 
010037 	185 	66 	109 	109 
010038 	185 	66 	109 	109 
010039 	185 	66 	109 	109 
010040 	185 	66 	109 	109 
010041 	185 	66 	109 	109 
010042 	185 	66 	109 	109 
010043 	185 	66 	109 	109 
010044 	185 	66 	109 	109 
010045 	185 	66 	109 	109 
010046 	185 	66 	109 	109 
010047 	185 	66 	109 	109 
010048 	185 	66 	109 	109 
010049 	185 	78 	109 	109 
010050 	185 	78 	109 	109 
010051 	185 	78 	109 	109 
010052 	185 	78 	109 	109 
010053 	185 	78 	109 	109 
010054 	185 	78 	109 	109 
010055 	185 	66 	109 	109 
010056 	185 	66 	109 	109 
010057 	197 	66 	109 	109 
010058 	197 	66 	109 	109 
010059 	197 	66 	109 	109 
010060 	197 	66 	109 	109 
010061 	197 	66 	109 	109 
010062 	197 	66 	109 	109 
010063 	197 	66 	109 	109 
010064 	197 	66 	109 	109 
010065 	197 	66 	109 	109 
010066 	197 	66 	109 	109 
010067 	197 	66 	109 	109 
010068 	197 	66 	109 	109 
010069 	197 	66 	109 	109 
010070 	197 	66 	109 	109 
010071 	197 	66 	109 	109 
010072 	197 	66 	109 	109 
010073 	197 	66 	109 	109 
010074 	197 	66 	109 	109 
010075 	197 	66 	109 	109 
010076 	197 	66 	109 	109 
010077 	197 	66 	109 	109 
010078 	197 	66 	109 	109 
010079 	197 	66 	109 	109 
010080 	197 	66 	109 	109 
010081 	197 	66 	109 	109 
010082 	197 	66 	109 	109 
010083 	197 	66 	109 	109 
010084 	197 	66 	109 	109 
010085 	197 	66 	109 	109 
010086 	197 	66 	109 	109 
010087 	197 	66 	109 	109 
010088 	197 	66 	109 	109 
010089 	197 	66 	109 	109 
010090 	197 	66 	109 	109 
010091 	197 	66 	109 	109 
010092 	197 	66 	109 	109 
010093 	197 	66 	109 	109 
010094 	185 	66 	109 	109 
010095 	185 	78 	109 	109 
010096 	185 	78 	109 	109 
010097 	185 	78 	109 	109 
010098 	185 	78 	109 	109 
010099 	185 	78 	109 	109 
010100 	173 	78 	109 	109 
010101 	173 	78 	109 	109 
010102 	173 	78 	109 	109 
010103 	173 	78 	109 	109 
010104 	173 	78 	109 	109 
010105 	173 	78 	109 	109 
010106 	173 	78 	109 	109 
010107 	173 	78 	109 	109 
010108 	173 	78 	109 	109 
010109 	185 	78 	109 	109 
010110 	185 	78 	109 	109 
010111 	185 	78 	109 	109 
010112 	185 	78 	109 	109 
010113 	185 	78 	109 	109 
010114 	185 	78 	109 	109 
010115 	185 	78 	109 	109 
010116 	185 	78 	109 	109 
010117 	185 	78 	109 	109 
010118 	185 	78 	109 	109 
010119 	185 	78 	109 	109 
010120 	185 	78 	109 	109 
010121 	185 	78 	109 	109 
010122 	185 	78 	109 	109 
010123 	185 	90 	109 	109 
010124 	185 	90 	109 	109 
010125 	185 	90 	109 	109 
010126 	185 	78 	109 	109 
010127 	185 	78 	109 	109 
010128 	185 	78 	109 	109 
010129 	185 	78 	109 	109 
010130 	185 	78 	109 	109 
010131 	185 	78 	109 	109 
010132 	185 	78 	109 	109 
010133 	185 	78 	109 	109 
010134 	185 	78 	109 	109 
010135 	185 	78 	109 	109 
010136 	185 	78 	109 	109 
010137 	185 	78 	109 	109 
010138 	185 	78 	109 	109 
010139 	185 	78 	109 	109 
010140 	185 	78 	109 	109 
010141 	185 	78 	109 	109 
010142 	173 	78 	109 	109 
010143 	173 	78 	109 	109 
010144 	173 	78 	109 	109 
010145 	173 	78 	109 	109 
010146 	173 	78 	109 	109 
010147 	173 	78 	109 	109 
010148 	185 	78 	109 	109 
010149 	185 	78 	109 	109 
010150 	185 	78 	109 	109 
010151 	185 	78 	109 	109 
010152 	185 	78 	109 	109 
010153 	185 	78 	109 	109 
010154 	185 	78 	109 	109 
010155 	185 	78 	109 	109 
010156 	185 	78 	109 	109 
010157 	185 	78 	109 	109 
010158 	185 	78 	109 	109 
010159 	197 	78 	109 	109 
010160 	197 	66 	109 	109 
010161 	197 	66 	109 	109 
010162 	197 	66 	109 	109 
010163 	197 	66 	109 	109 
010164 	197 	66 	109 	109 
010165 	197 	66 	109 	109 
010166 	197 	66 	109 	109 
010167 	197 	66 	109 	109 
010168 	197 	66 	109 	109 
010169 	197 	66 	109 	109 
010170 	197 	66 	109 	109 
010171 	197 	66 	109 	109 
010172 	197 	66 	109 	109 
010173 	197 	66 	109 	109 
010174 	197 	66 	109 	109 
010175 	197 	66 	109 	109 
010176 	197 	66 	109 	109 
010177 	197 	66 	109 	109 
010178 	197 	66 	109 	109 
