Identity  : 	id10486
Reference : 	rAKSGNnsjn4
Offset    : 	-6
FV Conf   : 	15.439
ASD Conf  : 	7.971

FRAME 	X 	Y 	W 	H 
004288 	204 	95 	91 	91 
004289 	204 	95 	91 	91 
004290 	204 	95 	91 	91 
004291 	204 	95 	91 	91 
004292 	204 	95 	91 	91 
004293 	204 	95 	91 	91 
004294 	204 	95 	91 	91 
004295 	204 	95 	91 	91 
004296 	204 	95 	91 	91 
004297 	204 	95 	91 	91 
004298 	204 	95 	91 	91 
004299 	204 	95 	91 	91 
004300 	204 	95 	91 	91 
004301 	204 	95 	91 	91 
004302 	204 	95 	91 	91 
004303 	204 	95 	91 	91 
004304 	204 	95 	91 	91 
004305 	204 	95 	91 	91 
004306 	204 	95 	91 	91 
004307 	204 	95 	91 	91 
004308 	204 	95 	91 	91 
004309 	204 	95 	91 	91 
004310 	204 	95 	91 	91 
004311 	204 	95 	91 	91 
004312 	204 	95 	91 	91 
004313 	204 	95 	91 	91 
004314 	204 	95 	91 	91 
004315 	204 	95 	91 	91 
004316 	204 	95 	91 	91 
004317 	204 	95 	91 	91 
004318 	204 	95 	91 	91 
004319 	204 	95 	91 	91 
004320 	204 	95 	91 	91 
004321 	204 	95 	91 	91 
004322 	204 	95 	91 	91 
004323 	204 	95 	91 	91 
004324 	204 	95 	91 	91 
004325 	204 	95 	91 	91 
004326 	204 	95 	91 	91 
004327 	204 	95 	91 	91 
004328 	204 	95 	91 	91 
004329 	204 	95 	91 	91 
004330 	214 	95 	91 	91 
004331 	214 	95 	91 	91 
004332 	214 	95 	91 	91 
004333 	214 	95 	91 	91 
004334 	214 	95 	91 	91 
004335 	214 	95 	91 	91 
004336 	204 	95 	91 	91 
004337 	204 	95 	91 	91 
004338 	204 	95 	91 	91 
004339 	204 	95 	91 	91 
004340 	204 	95 	91 	91 
004341 	204 	95 	91 	91 
004342 	204 	95 	91 	91 
004343 	204 	95 	91 	91 
004344 	204 	95 	91 	91 
004345 	204 	95 	91 	91 
004346 	204 	95 	91 	91 
004347 	204 	95 	91 	91 
004348 	204 	95 	91 	91 
004349 	204 	95 	91 	91 
004350 	204 	95 	91 	91 
004351 	204 	95 	91 	91 
004352 	204 	95 	91 	91 
004353 	204 	95 	91 	91 
004354 	204 	95 	91 	91 
004355 	204 	95 	91 	91 
004356 	204 	95 	91 	91 
004357 	204 	95 	91 	91 
004358 	204 	95 	91 	91 
004359 	204 	95 	91 	91 
004360 	203 	104 	76 	76 
004361 	194 	95 	91 	91 
004362 	194 	95 	91 	91 
004363 	194 	95 	91 	91 
004364 	194 	95 	91 	91 
004365 	194 	95 	91 	91 
004366 	194 	95 	91 	91 
004367 	194 	95 	91 	91 
004368 	194 	95 	91 	91 
004369 	194 	95 	91 	91 
004370 	194 	95 	91 	91 
004371 	194 	95 	91 	91 
004372 	194 	95 	91 	91 
004373 	194 	95 	91 	91 
004374 	194 	95 	91 	91 
004375 	194 	95 	91 	91 
004376 	194 	95 	91 	91 
004377 	194 	95 	91 	91 
004378 	194 	95 	91 	91 
004379 	194 	95 	91 	91 
004380 	194 	95 	91 	91 
004381 	203 	104 	76 	76 
004382 	203 	104 	76 	76 
004383 	203 	104 	76 	76 
004384 	194 	95 	91 	91 
004385 	194 	95 	91 	91 
004386 	194 	95 	91 	91 
004387 	194 	95 	91 	91 
004388 	194 	95 	91 	91 
004389 	203 	104 	76 	76 
004390 	194 	95 	91 	91 
004391 	203 	104 	76 	76 
004392 	203 	104 	76 	76 
004393 	203 	104 	76 	76 
004394 	203 	104 	76 	76 
004395 	204 	95 	91 	91 
004396 	211 	104 	76 	76 
004397 	220 	104 	75 	76 
004398 	220 	104 	75 	76 
004399 	220 	104 	75 	76 
004400 	228 	104 	76 	76 
004401 	228 	104 	76 	76 
004402 	228 	104 	76 	76 
004403 	228 	104 	76 	76 
004404 	228 	104 	76 	76 
004405 	226 	104 	76 	76 
004406 	225 	104 	76 	76 
004407 	223 	104 	75 	76 
004408 	222 	104 	75 	76 
004409 	220 	104 	75 	76 
004410 	220 	104 	75 	76 
004411 	211 	104 	76 	76 
004412 	211 	104 	76 	76 
004413 	211 	104 	76 	76 
004414 	211 	104 	76 	76 
004415 	211 	104 	76 	76 
004416 	211 	104 	76 	76 
004417 	211 	104 	76 	76 
004418 	211 	104 	76 	76 
004419 	211 	104 	76 	76 
004420 	211 	104 	76 	76 
004421 	211 	104 	76 	76 
004422 	211 	104 	76 	76 
004423 	211 	104 	76 	76 
004424 	204 	95 	91 	91 
004425 	211 	104 	76 	76 
004426 	211 	104 	76 	76 
004427 	211 	104 	76 	76 
004428 	211 	104 	76 	76 
004429 	203 	104 	76 	76 
004430 	203 	104 	76 	76 
004431 	203 	104 	76 	76 
004432 	203 	104 	76 	76 
004433 	203 	104 	76 	76 
004434 	203 	104 	76 	76 
004435 	203 	104 	76 	76 
004436 	203 	104 	76 	76 
004437 	203 	104 	76 	76 
004438 	203 	104 	76 	76 
004439 	203 	104 	76 	76 
004440 	203 	104 	76 	76 
004441 	203 	104 	76 	76 
004442 	203 	104 	76 	76 
004443 	203 	104 	76 	76 
004444 	203 	104 	76 	76 
004445 	203 	104 	76 	76 
004446 	203 	104 	76 	76 
004447 	203 	104 	76 	76 
004448 	203 	104 	76 	76 
004449 	194 	95 	91 	91 
004450 	194 	95 	91 	91 
004451 	203 	104 	76 	76 
004452 	203 	104 	76 	76 
004453 	203 	104 	76 	76 
004454 	203 	104 	76 	76 
004455 	203 	104 	76 	76 
004456 	203 	104 	76 	76 
004457 	203 	104 	76 	76 
004458 	203 	104 	76 	76 
004459 	203 	104 	76 	76 
004460 	204 	95 	91 	91 
004461 	204 	95 	91 	91 
004462 	204 	95 	91 	91 
004463 	204 	95 	91 	91 
004464 	204 	95 	91 	91 
004465 	204 	95 	91 	91 
004466 	204 	95 	91 	91 
004467 	204 	95 	91 	91 
004468 	204 	95 	91 	91 
004469 	204 	95 	91 	91 
004470 	204 	95 	91 	91 
004471 	204 	95 	91 	91 
004472 	204 	95 	91 	91 
004473 	204 	95 	91 	91 
004474 	194 	95 	91 	91 
004475 	204 	95 	91 	91 
004476 	204 	95 	91 	91 
004477 	204 	95 	91 	91 
004478 	204 	95 	91 	91 
004479 	204 	95 	91 	91 
004480 	204 	95 	91 	91 
004481 	211 	104 	76 	76 
004482 	204 	95 	91 	91 
004483 	204 	95 	91 	91 
004484 	204 	95 	91 	91 
004485 	204 	95 	91 	91 
004486 	204 	95 	91 	91 
004487 	204 	95 	91 	91 
004488 	204 	95 	91 	91 
004489 	204 	95 	91 	91 
004490 	204 	95 	91 	91 
004491 	204 	95 	91 	91 
004492 	204 	95 	91 	91 
004493 	204 	95 	91 	91 
004494 	204 	95 	91 	91 
004495 	203 	104 	76 	76 
004496 	194 	95 	91 	91 
004497 	194 	105 	91 	91 
004498 	194 	105 	91 	91 
004499 	204 	105 	91 	91 
004500 	204 	105 	91 	91 
004501 	204 	105 	91 	91 
004502 	214 	105 	91 	91 
004503 	214 	105 	91 	91 
004504 	214 	105 	91 	91 
004505 	214 	105 	91 	91 
004506 	220 	104 	75 	76 
004507 	211 	104 	76 	76 
004508 	204 	95 	91 	91 
004509 	204 	95 	91 	91 
004510 	203 	104 	76 	76 
004511 	194 	95 	91 	91 
004512 	194 	95 	91 	91 
004513 	194 	95 	91 	91 
004514 	194 	95 	91 	91 
004515 	194 	95 	91 	91 
004516 	194 	95 	91 	91 
004517 	194 	95 	91 	91 
004518 	194 	95 	91 	91 
004519 	194 	95 	91 	91 
004520 	194 	95 	91 	91 
004521 	194 	95 	91 	91 
004522 	195 	104 	75 	76 
004523 	195 	104 	75 	76 
004524 	186 	104 	76 	76 
004525 	186 	104 	76 	76 
004526 	186 	104 	76 	76 
004527 	186 	104 	76 	76 
004528 	186 	104 	76 	76 
004529 	186 	104 	76 	76 
004530 	184 	105 	91 	91 
004531 	184 	105 	91 	91 
004532 	195 	112 	75 	76 
004533 	195 	104 	75 	76 
004534 	195 	104 	75 	76 
004535 	195 	104 	75 	76 
004536 	195 	104 	75 	76 
004537 	194 	105 	91 	91 
004538 	194 	105 	91 	91 
004539 	194 	105 	91 	91 
004540 	194 	105 	91 	91 
004541 	194 	105 	91 	91 
004542 	194 	105 	91 	91 
004543 	194 	105 	91 	91 
004544 	194 	105 	91 	91 
004545 	194 	105 	91 	91 
004546 	194 	105 	91 	91 
004547 	204 	105 	91 	91 
004548 	204 	105 	91 	91 
004549 	204 	105 	91 	91 
004550 	204 	105 	91 	91 
004551 	204 	105 	91 	91 
004552 	211 	104 	76 	76 
004553 	204 	105 	91 	91 
004554 	204 	105 	91 	91 
004555 	204 	105 	91 	91 
004556 	204 	105 	91 	91 
004557 	204 	105 	91 	91 
004558 	204 	105 	91 	91 
004559 	204 	105 	91 	91 
004560 	204 	95 	91 	91 
004561 	204 	95 	91 	91 
004562 	204 	95 	91 	91 
004563 	204 	95 	91 	91 
004564 	204 	95 	91 	91 
004565 	204 	95 	91 	91 
004566 	204 	95 	91 	91 
004567 	204 	95 	91 	91 
004568 	204 	95 	91 	91 
004569 	204 	95 	91 	91 
004570 	211 	104 	76 	76 
004571 	204 	105 	91 	91 
004572 	204 	105 	91 	91 
004573 	194 	105 	91 	91 
004574 	194 	105 	91 	91 
004575 	194 	105 	91 	91 
004576 	194 	105 	91 	91 
004577 	194 	105 	91 	91 
004578 	194 	105 	91 	91 
004579 	203 	104 	76 	76 
004580 	203 	104 	76 	76 
004581 	194 	95 	91 	91 
004582 	203 	104 	76 	76 
004583 	194 	95 	91 	91 
004584 	194 	95 	91 	91 
004585 	194 	95 	91 	91 
004586 	194 	95 	91 	91 
004587 	194 	95 	91 	91 
004588 	194 	95 	91 	91 
004589 	195 	96 	75 	75 
004590 	195 	96 	75 	75 
004591 	195 	96 	75 	75 
004592 	195 	96 	75 	75 
004593 	195 	96 	75 	75 
004594 	195 	96 	75 	75 
004595 	194 	95 	91 	91 
004596 	194 	95 	91 	91 
004597 	194 	95 	91 	91 
004598 	194 	95 	91 	91 
004599 	194 	95 	91 	91 
004600 	194 	95 	91 	91 
004601 	194 	95 	91 	91 
004602 	194 	95 	91 	91 
004603 	194 	95 	91 	91 
004604 	204 	95 	91 	91 
004605 	204 	95 	91 	91 
004606 	204 	95 	91 	91 
004607 	204 	95 	91 	91 
004608 	204 	95 	91 	91 
004609 	204 	95 	91 	91 
004610 	211 	104 	76 	76 
004611 	204 	105 	91 	91 
004612 	204 	105 	91 	91 
004613 	204 	105 	91 	91 
004614 	211 	104 	76 	76 
004615 	204 	95 	91 	91 
004616 	203 	104 	76 	76 
004617 	203 	104 	76 	76 
004618 	194 	95 	91 	91 
004619 	194 	95 	91 	91 
004620 	195 	96 	75 	75 
004621 	195 	96 	75 	75 
004622 	195 	96 	75 	75 
004623 	195 	96 	75 	75 
004624 	184 	85 	91 	91 
004625 	184 	85 	91 	91 
004626 	186 	96 	76 	75 
004627 	184 	95 	91 	91 
004628 	184 	95 	91 	91 
004629 	184 	95 	91 	91 
004630 	184 	95 	91 	91 
004631 	184 	95 	91 	91 
004632 	184 	95 	91 	91 
004633 	184 	95 	91 	91 
004634 	184 	95 	91 	91 
004635 	184 	95 	91 	91 
004636 	184 	95 	91 	91 
004637 	184 	95 	91 	91 
004638 	184 	95 	91 	91 
004639 	184 	95 	91 	91 
004640 	184 	95 	91 	91 
004641 	195 	104 	75 	76 
004642 	184 	95 	91 	91 
004643 	195 	104 	75 	76 
004644 	195 	104 	75 	76 
004645 	195 	104 	75 	76 
004646 	195 	104 	75 	76 
004647 	195 	104 	75 	76 
004648 	195 	104 	75 	76 
004649 	195 	104 	75 	76 
004650 	195 	104 	75 	76 
004651 	195 	104 	75 	76 
004652 	195 	104 	75 	76 
004653 	194 	95 	91 	91 
004654 	194 	95 	91 	91 
004655 	194 	95 	91 	91 
004656 	194 	95 	91 	91 
004657 	194 	95 	91 	91 
004658 	203 	104 	76 	76 
004659 	203 	104 	76 	76 
004660 	203 	104 	76 	76 
004661 	203 	104 	76 	76 
004662 	203 	104 	76 	76 
004663 	204 	95 	91 	91 
004664 	203 	104 	76 	76 
004665 	203 	104 	76 	76 
004666 	204 	95 	91 	91 
004667 	204 	95 	91 	91 
004668 	204 	95 	91 	91 
004669 	204 	95 	91 	91 
004670 	204 	95 	91 	91 
004671 	204 	95 	91 	91 
004672 	204 	95 	91 	91 
004673 	204 	95 	91 	91 
004674 	204 	95 	91 	91 
004675 	204 	95 	91 	91 
004676 	204 	95 	91 	91 
004677 	204 	95 	91 	91 
004678 	204 	95 	91 	91 
004679 	204 	95 	91 	91 
004680 	204 	95 	91 	91 
004681 	204 	95 	91 	91 
004682 	204 	95 	91 	91 
004683 	204 	95 	91 	91 
004684 	204 	95 	91 	91 
004685 	204 	95 	91 	91 
004686 	204 	95 	91 	91 
004687 	204 	95 	91 	91 
004688 	204 	95 	91 	91 
004689 	204 	95 	91 	91 
004690 	204 	95 	91 	91 
004691 	204 	95 	91 	91 
004692 	204 	95 	91 	91 
004693 	204 	95 	91 	91 
004694 	204 	95 	91 	91 
004695 	204 	95 	91 	91 
004696 	203 	104 	76 	76 
004697 	203 	104 	76 	76 
004698 	203 	104 	76 	76 
004699 	203 	104 	76 	76 
004700 	203 	104 	76 	76 
004701 	203 	104 	76 	76 
004702 	203 	104 	76 	76 
004703 	203 	104 	76 	76 
004704 	203 	104 	76 	76 
004705 	203 	104 	76 	76 
004706 	203 	104 	76 	76 
004707 	203 	104 	76 	76 
