Identity  : 	id10020
Reference : 	miCK2SKm3XE
Offset    : 	-2
FV Conf   : 	15.347
ASD Conf  : 	8.001

FRAME 	X 	Y 	W 	H 
002094 	151 	94 	130 	130 
002095 	151 	94 	130 	130 
002096 	151 	94 	130 	130 
002097 	151 	94 	130 	130 
002098 	151 	94 	130 	130 
002099 	151 	94 	130 	130 
002100 	151 	94 	130 	130 
002101 	151 	94 	130 	130 
002102 	151 	94 	130 	130 
002103 	151 	94 	130 	130 
002104 	151 	94 	130 	130 
002105 	151 	94 	130 	130 
002106 	151 	94 	130 	130 
002107 	151 	94 	130 	130 
002108 	151 	94 	130 	130 
002109 	151 	94 	130 	130 
002110 	151 	94 	130 	130 
002111 	151 	94 	130 	130 
002112 	151 	94 	130 	130 
002113 	151 	94 	130 	130 
002114 	151 	94 	130 	130 
002115 	151 	94 	130 	130 
002116 	151 	94 	130 	130 
002117 	151 	94 	130 	130 
002118 	151 	94 	130 	130 
002119 	151 	94 	130 	130 
002120 	151 	94 	130 	130 
002121 	151 	94 	130 	130 
002122 	151 	94 	130 	130 
002123 	151 	94 	130 	130 
002124 	151 	94 	130 	130 
002125 	151 	94 	130 	130 
002126 	151 	94 	130 	130 
002127 	151 	94 	130 	130 
002128 	151 	94 	130 	130 
002129 	151 	94 	130 	130 
002130 	151 	94 	130 	130 
002131 	151 	94 	130 	130 
002132 	151 	94 	130 	130 
002133 	151 	94 	130 	130 
002134 	151 	94 	130 	130 
002135 	151 	94 	130 	130 
002136 	151 	94 	130 	130 
002137 	151 	94 	130 	130 
002138 	151 	94 	130 	130 
002139 	151 	94 	130 	130 
002140 	151 	94 	130 	130 
002141 	151 	94 	130 	130 
002142 	151 	94 	130 	130 
002143 	151 	94 	130 	130 
002144 	151 	94 	130 	130 
002145 	151 	94 	130 	130 
002146 	151 	94 	130 	130 
002147 	151 	94 	130 	130 
002148 	151 	94 	130 	130 
002149 	151 	94 	130 	130 
002150 	151 	94 	130 	130 
002151 	151 	94 	130 	130 
002152 	151 	94 	130 	130 
002153 	151 	94 	130 	130 
002154 	151 	94 	130 	130 
002155 	151 	94 	130 	130 
002156 	151 	109 	130 	130 
002157 	137 	94 	130 	130 
002158 	137 	94 	130 	130 
002159 	137 	94 	130 	130 
002160 	137 	109 	130 	130 
002161 	137 	109 	130 	130 
002162 	122 	94 	130 	130 
002163 	122 	94 	130 	130 
002164 	138 	114 	108 	109 
002165 	138 	114 	108 	109 
002166 	138 	114 	108 	109 
002167 	138 	114 	108 	109 
002168 	122 	94 	130 	130 
002169 	122 	94 	130 	130 
002170 	138 	114 	108 	109 
002171 	138 	114 	108 	109 
002172 	138 	114 	108 	109 
002173 	138 	114 	108 	109 
002174 	138 	114 	108 	109 
002175 	122 	94 	130 	130 
002176 	122 	94 	130 	130 
002177 	138 	114 	108 	109 
002178 	138 	114 	108 	109 
002179 	138 	114 	108 	109 
002180 	138 	102 	108 	109 
002181 	138 	102 	108 	109 
002182 	122 	94 	130 	130 
002183 	122 	94 	130 	130 
002184 	138 	114 	108 	109 
002185 	122 	94 	130 	130 
002186 	122 	94 	130 	130 
002187 	122 	94 	130 	130 
002188 	122 	94 	130 	130 
002189 	122 	94 	130 	130 
002190 	138 	114 	108 	109 
002191 	122 	94 	130 	130 
002192 	138 	114 	108 	109 
002193 	138 	114 	108 	109 
002194 	122 	94 	130 	130 
002195 	122 	94 	130 	130 
002196 	122 	94 	130 	130 
002197 	122 	94 	130 	130 
002198 	138 	114 	108 	109 
002199 	122 	94 	130 	130 
002200 	138 	114 	108 	109 
002201 	122 	94 	130 	130 
002202 	138 	114 	108 	109 
002203 	122 	94 	130 	130 
002204 	122 	94 	130 	130 
002205 	122 	94 	130 	130 
002206 	122 	94 	130 	130 
002207 	138 	114 	108 	109 
002208 	122 	94 	130 	130 
002209 	122 	94 	130 	130 
002210 	122 	94 	130 	130 
002211 	122 	94 	130 	130 
002212 	122 	94 	130 	130 
002213 	122 	94 	130 	130 
002214 	122 	94 	130 	130 
002215 	122 	94 	130 	130 
002216 	122 	94 	130 	130 
002217 	122 	94 	130 	130 
002218 	122 	94 	130 	130 
002219 	122 	94 	130 	130 
002220 	122 	94 	130 	130 
002221 	137 	94 	130 	130 
002222 	137 	94 	130 	130 
002223 	137 	94 	130 	130 
002224 	122 	80 	130 	130 
002225 	122 	80 	130 	130 
002226 	122 	80 	130 	130 
002227 	137 	94 	130 	130 
002228 	137 	94 	130 	130 
002229 	137 	94 	130 	130 
002230 	137 	94 	130 	130 
002231 	137 	94 	130 	130 
002232 	137 	94 	130 	130 
002233 	122 	94 	130 	130 
002234 	137 	94 	130 	130 
002235 	137 	94 	130 	130 
002236 	137 	94 	130 	130 
002237 	137 	94 	130 	130 
002238 	137 	94 	130 	130 
002239 	137 	94 	130 	130 
002240 	137 	94 	130 	130 
002241 	137 	80 	130 	130 
002242 	137 	80 	130 	130 
002243 	137 	80 	130 	130 
002244 	137 	80 	130 	130 
002245 	137 	80 	130 	130 
002246 	137 	80 	130 	130 
002247 	137 	94 	130 	130 
002248 	137 	94 	130 	130 
002249 	137 	94 	130 	130 
002250 	137 	94 	130 	130 
002251 	137 	94 	130 	130 
002252 	137 	94 	130 	130 
002253 	137 	94 	130 	130 
002254 	137 	80 	130 	130 
002255 	137 	80 	130 	130 
002256 	137 	94 	130 	130 
002257 	137 	94 	130 	130 
002258 	137 	94 	130 	130 
002259 	137 	94 	130 	130 
002260 	137 	80 	130 	130 
002261 	137 	80 	130 	130 
002262 	137 	80 	130 	130 
002263 	137 	80 	130 	130 
002264 	137 	80 	130 	130 
002265 	137 	80 	130 	130 
002266 	137 	80 	130 	130 
002267 	137 	80 	130 	130 
002268 	137 	80 	130 	130 
002269 	137 	94 	130 	130 
002270 	137 	94 	130 	130 
002271 	137 	94 	130 	130 
002272 	137 	94 	130 	130 
002273 	137 	94 	130 	130 
002274 	137 	94 	130 	130 
002275 	137 	80 	130 	130 
002276 	137 	80 	130 	130 
002277 	137 	80 	130 	130 
002278 	137 	80 	130 	130 
002279 	137 	80 	130 	130 
002280 	137 	80 	130 	130 
002281 	137 	80 	130 	130 
002282 	137 	66 	130 	130 
002283 	137 	66 	130 	130 
002284 	137 	66 	130 	130 
002285 	137 	66 	130 	130 
002286 	137 	66 	130 	130 
002287 	137 	66 	130 	130 
002288 	137 	66 	130 	130 
002289 	137 	66 	130 	130 
002290 	137 	51 	130 	130 
002291 	137 	51 	130 	130 
002292 	151 	51 	130 	130 
002293 	151 	51 	130 	130 
002294 	151 	51 	130 	130 
002295 	151 	51 	130 	130 
002296 	151 	51 	130 	130 
002297 	151 	51 	130 	130 
002298 	151 	51 	130 	130 
002299 	151 	51 	130 	130 
002300 	151 	51 	130 	130 
002301 	151 	51 	130 	130 
002302 	151 	51 	130 	130 
002303 	151 	51 	130 	130 
002304 	151 	51 	130 	130 
002305 	151 	51 	130 	130 
002306 	151 	51 	130 	130 
002307 	151 	51 	130 	130 
002308 	151 	51 	130 	130 
002309 	151 	66 	130 	130 
002310 	151 	66 	130 	130 
002311 	151 	66 	130 	130 
002312 	151 	66 	130 	130 
002313 	151 	66 	130 	130 
002314 	151 	66 	130 	130 
002315 	151 	80 	130 	130 
002316 	151 	80 	130 	130 
002317 	151 	80 	130 	130 
002318 	151 	80 	130 	130 
002319 	151 	80 	130 	130 
002320 	151 	80 	130 	130 
002321 	151 	80 	130 	130 
002322 	151 	80 	130 	130 
002323 	151 	80 	130 	130 
002324 	151 	80 	130 	130 
002325 	151 	80 	130 	130 
002326 	151 	94 	130 	130 
002327 	151 	94 	130 	130 
002328 	151 	94 	130 	130 
002329 	151 	94 	130 	130 
002330 	151 	94 	130 	130 
