Identity  : 	id10020
Reference : 	miCK2SKm3XE
Offset    : 	-2
FV Conf   : 	15.347
ASD Conf  : 	5.135

FRAME 	X 	Y 	W 	H 
001689 	173 	114 	109 	109 
001690 	165 	94 	130 	130 
001691 	165 	109 	130 	130 
001692 	165 	109 	130 	130 
001693 	165 	109 	130 	130 
001694 	165 	109 	130 	130 
001695 	165 	109 	130 	130 
001696 	165 	109 	130 	130 
001697 	165 	109 	130 	130 
001698 	165 	94 	130 	130 
001699 	165 	94 	130 	130 
001700 	165 	94 	130 	130 
001701 	165 	94 	130 	130 
001702 	165 	94 	130 	130 
001703 	165 	94 	130 	130 
001704 	151 	94 	130 	130 
001705 	151 	94 	130 	130 
001706 	151 	94 	130 	130 
001707 	151 	94 	130 	130 
001708 	151 	94 	130 	130 
001709 	151 	94 	130 	130 
001710 	151 	94 	130 	130 
001711 	151 	94 	130 	130 
001712 	151 	94 	130 	130 
001713 	151 	94 	130 	130 
001714 	151 	94 	130 	130 
001715 	165 	94 	130 	130 
001716 	165 	94 	130 	130 
001717 	165 	94 	130 	130 
001718 	165 	94 	130 	130 
001719 	173 	114 	109 	109 
001720 	173 	114 	109 	109 
001721 	173 	114 	109 	109 
001722 	173 	114 	109 	109 
001723 	173 	114 	109 	109 
001724 	173 	114 	109 	109 
001725 	173 	114 	109 	109 
001726 	151 	109 	130 	130 
001727 	151 	109 	130 	130 
001728 	151 	109 	130 	130 
001729 	151 	109 	130 	130 
001730 	151 	109 	130 	130 
001731 	161 	114 	109 	109 
001732 	161 	114 	109 	109 
001733 	161 	114 	109 	109 
001734 	161 	114 	109 	109 
001735 	173 	114 	109 	109 
001736 	165 	109 	130 	130 
001737 	165 	109 	130 	130 
001738 	165 	109 	130 	130 
001739 	173 	114 	109 	109 
001740 	165 	109 	130 	130 
001741 	165 	109 	130 	130 
001742 	165 	109 	130 	130 
001743 	165 	109 	130 	130 
001744 	165 	109 	130 	130 
001745 	165 	109 	130 	130 
001746 	165 	109 	130 	130 
001747 	165 	109 	130 	130 
001748 	165 	109 	130 	130 
001749 	165 	109 	130 	130 
001750 	165 	109 	130 	130 
001751 	151 	109 	130 	130 
001752 	151 	109 	130 	130 
001753 	151 	109 	130 	130 
001754 	151 	109 	130 	130 
001755 	161 	114 	109 	109 
001756 	161 	114 	109 	109 
001757 	151 	109 	130 	130 
001758 	151 	109 	130 	130 
001759 	151 	109 	130 	130 
001760 	151 	109 	130 	130 
001761 	151 	109 	130 	130 
001762 	151 	109 	130 	130 
001763 	161 	114 	109 	109 
001764 	151 	109 	130 	130 
001765 	151 	109 	130 	130 
001766 	151 	109 	130 	130 
001767 	151 	109 	130 	130 
001768 	151 	109 	130 	130 
001769 	161 	114 	109 	109 
001770 	161 	114 	109 	109 
001771 	151 	109 	130 	130 
001772 	151 	109 	130 	130 
001773 	151 	109 	130 	130 
001774 	151 	109 	130 	130 
001775 	151 	109 	130 	130 
001776 	151 	109 	130 	130 
001777 	151 	109 	130 	130 
001778 	151 	109 	130 	130 
001779 	151 	109 	130 	130 
001780 	151 	109 	130 	130 
001781 	151 	109 	130 	130 
001782 	151 	109 	130 	130 
001783 	151 	109 	130 	130 
001784 	151 	109 	130 	130 
001785 	151 	109 	130 	130 
001786 	151 	109 	130 	130 
001787 	151 	109 	130 	130 
001788 	151 	109 	130 	130 
001789 	151 	109 	130 	130 
001790 	161 	114 	109 	109 
001791 	151 	94 	130 	130 
001792 	151 	94 	130 	130 
001793 	151 	94 	130 	130 
001794 	151 	94 	130 	130 
001795 	173 	114 	109 	109 
001796 	173 	114 	109 	109 
001797 	173 	114 	109 	109 
001798 	173 	114 	109 	109 
001799 	173 	114 	109 	109 
001800 	173 	114 	109 	109 
001801 	151 	94 	130 	130 
001802 	151 	109 	130 	130 
001803 	151 	109 	130 	130 
001804 	151 	94 	130 	130 
001805 	151 	94 	130 	130 
001806 	151 	94 	130 	130 
001807 	151 	94 	130 	130 
001808 	151 	94 	130 	130 
001809 	151 	94 	130 	130 
001810 	151 	94 	130 	130 
001811 	151 	94 	130 	130 
001812 	151 	94 	130 	130 
001813 	151 	94 	130 	130 
001814 	151 	94 	130 	130 
001815 	151 	94 	130 	130 
001816 	151 	94 	130 	130 
001817 	151 	94 	130 	130 
001818 	161 	114 	109 	109 
001819 	161 	114 	109 	109 
001820 	161 	114 	109 	109 
001821 	161 	114 	109 	109 
001822 	151 	109 	130 	130 
001823 	161 	114 	109 	109 
001824 	151 	94 	130 	130 
001825 	151 	109 	130 	130 
001826 	151 	109 	130 	130 
001827 	151 	109 	130 	130 
001828 	151 	109 	130 	130 
001829 	151 	109 	130 	130 
001830 	151 	109 	130 	130 
001831 	151 	109 	130 	130 
001832 	151 	109 	130 	130 
001833 	151 	109 	130 	130 
001834 	151 	109 	130 	130 
001835 	151 	109 	130 	130 
001836 	151 	109 	130 	130 
001837 	151 	109 	130 	130 
001838 	151 	109 	130 	130 
001839 	151 	109 	130 	130 
