Identity  : 	id11083
Reference : 	D8RBqNpoqUM
Offset    : 	-1
FV Conf   : 	13.725
ASD Conf  : 	7.885

FRAME 	X 	Y 	W 	H 
009580 	352 	94 	130 	130 
009581 	352 	94 	130 	130 
009582 	352 	94 	130 	130 
009583 	352 	94 	130 	130 
009584 	352 	94 	130 	130 
009585 	352 	94 	130 	130 
009586 	352 	94 	130 	130 
009587 	352 	94 	130 	130 
009588 	353 	90 	108 	109 
009589 	365 	90 	108 	109 
009590 	365 	90 	108 	109 
009591 	365 	90 	108 	109 
009592 	365 	90 	108 	109 
009593 	365 	90 	108 	109 
009594 	352 	94 	130 	130 
009595 	352 	94 	130 	130 
009596 	353 	90 	108 	109 
009597 	337 	80 	130 	130 
009598 	353 	102 	108 	109 
009599 	353 	102 	108 	109 
009600 	353 	102 	108 	109 
009601 	353 	102 	108 	109 
009602 	353 	102 	108 	109 
009603 	353 	102 	108 	109 
009604 	353 	102 	108 	109 
009605 	353 	102 	108 	109 
009606 	353 	102 	108 	109 
009607 	353 	102 	108 	109 
009608 	337 	80 	130 	130 
009609 	337 	80 	130 	130 
009610 	337 	80 	130 	130 
009611 	337 	80 	130 	130 
009612 	353 	90 	108 	109 
009613 	337 	80 	130 	130 
009614 	337 	80 	130 	130 
009615 	353 	90 	108 	109 
009616 	353 	90 	108 	109 
009617 	353 	90 	108 	109 
009618 	337 	66 	130 	130 
009619 	337 	66 	130 	130 
009620 	337 	66 	130 	130 
009621 	337 	66 	130 	130 
009622 	337 	66 	130 	130 
009623 	337 	66 	130 	130 
009624 	337 	66 	130 	130 
009625 	353 	90 	108 	109 
009626 	353 	90 	108 	109 
009627 	353 	90 	108 	109 
009628 	337 	80 	130 	130 
009629 	337 	80 	130 	130 
009630 	337 	80 	130 	130 
009631 	337 	80 	130 	130 
009632 	337 	80 	130 	130 
009633 	337 	80 	130 	130 
009634 	337 	80 	130 	130 
009635 	337 	80 	130 	130 
009636 	337 	80 	130 	130 
009637 	337 	94 	130 	130 
009638 	337 	80 	130 	130 
009639 	337 	94 	130 	130 
009640 	337 	94 	130 	130 
009641 	337 	94 	130 	130 
009642 	337 	94 	130 	130 
009643 	337 	94 	130 	130 
009644 	337 	94 	130 	130 
009645 	337 	94 	130 	130 
009646 	353 	102 	108 	109 
009647 	337 	94 	130 	130 
009648 	337 	94 	130 	130 
009649 	337 	94 	130 	130 
009650 	337 	94 	130 	130 
009651 	337 	94 	130 	130 
009652 	337 	94 	130 	130 
009653 	337 	80 	130 	130 
009654 	337 	80 	130 	130 
009655 	337 	80 	130 	130 
009656 	337 	80 	130 	130 
009657 	337 	80 	130 	130 
009658 	337 	80 	130 	130 
009659 	337 	80 	130 	130 
009660 	337 	80 	130 	130 
009661 	337 	80 	130 	130 
009662 	337 	80 	130 	130 
009663 	337 	80 	130 	130 
009664 	337 	80 	130 	130 
009665 	337 	80 	130 	130 
009666 	337 	94 	130 	130 
009667 	337 	94 	130 	130 
009668 	337 	94 	130 	130 
009669 	337 	94 	130 	130 
009670 	337 	94 	130 	130 
009671 	353 	102 	108 	109 
009672 	353 	102 	108 	109 
009673 	353 	102 	108 	109 
009674 	337 	94 	130 	130 
009675 	337 	94 	130 	130 
009676 	353 	102 	108 	109 
009677 	337 	94 	130 	130 
009678 	353 	102 	108 	109 
009679 	353 	102 	108 	109 
009680 	337 	80 	130 	130 
009681 	337 	80 	130 	130 
009682 	353 	90 	108 	109 
009683 	353 	90 	108 	109 
009684 	353 	90 	108 	109 
009685 	353 	90 	108 	109 
009686 	352 	80 	130 	130 
009687 	352 	80 	130 	130 
009688 	352 	80 	130 	130 
009689 	352 	80 	130 	130 
009690 	352 	80 	130 	130 
009691 	352 	80 	130 	130 
009692 	353 	90 	108 	109 
009693 	353 	90 	108 	109 
009694 	353 	90 	108 	109 
009695 	353 	90 	108 	109 
009696 	353 	90 	108 	109 
009697 	353 	90 	108 	109 
009698 	353 	90 	108 	109 
009699 	353 	90 	108 	109 
009700 	353 	90 	108 	109 
009701 	353 	90 	108 	109 
009702 	353 	90 	108 	109 
009703 	337 	80 	130 	130 
009704 	337 	80 	130 	130 
009705 	341 	90 	108 	109 
009706 	341 	90 	108 	109 
009707 	341 	90 	108 	109 
009708 	341 	90 	108 	109 
009709 	337 	94 	130 	130 
009710 	337 	94 	130 	130 
009711 	337 	94 	130 	130 
009712 	353 	102 	108 	109 
009713 	352 	109 	130 	130 
009714 	352 	109 	130 	130 
009715 	352 	109 	130 	130 
009716 	352 	109 	130 	130 
009717 	352 	109 	130 	130 
009718 	352 	109 	130 	130 
009719 	352 	109 	130 	130 
009720 	352 	94 	130 	130 
009721 	352 	94 	130 	130 
009722 	353 	90 	108 	109 
009723 	353 	90 	108 	109 
009724 	337 	80 	130 	130 
009725 	337 	80 	130 	130 
009726 	337 	80 	130 	130 
009727 	337 	80 	130 	130 
009728 	337 	80 	130 	130 
009729 	337 	80 	130 	130 
009730 	337 	80 	130 	130 
009731 	353 	90 	108 	109 
009732 	337 	80 	130 	130 
009733 	353 	102 	108 	109 
009734 	353 	102 	108 	109 
009735 	353 	102 	108 	109 
009736 	353 	102 	108 	109 
009737 	353 	102 	108 	109 
009738 	337 	94 	130 	130 
009739 	353 	102 	108 	109 
009740 	337 	94 	130 	130 
009741 	337 	94 	130 	130 
009742 	353 	102 	108 	109 
009743 	337 	94 	130 	130 
009744 	337 	80 	130 	130 
009745 	353 	102 	108 	109 
009746 	352 	94 	130 	130 
009747 	352 	94 	130 	130 
009748 	352 	94 	130 	130 
009749 	366 	94 	130 	130 
009750 	366 	94 	130 	130 
009751 	380 	80 	130 	130 
009752 	380 	80 	130 	130 
009753 	380 	80 	130 	130 
009754 	380 	94 	130 	130 
009755 	380 	94 	130 	130 
009756 	380 	94 	130 	130 
009757 	380 	94 	130 	130 
009758 	380 	94 	130 	130 
009759 	380 	94 	130 	130 
009760 	380 	94 	130 	130 
009761 	366 	94 	130 	130 
009762 	366 	94 	130 	130 
009763 	366 	94 	130 	130 
009764 	366 	94 	130 	130 
009765 	352 	94 	130 	130 
009766 	352 	94 	130 	130 
009767 	352 	94 	130 	130 
009768 	353 	102 	108 	109 
009769 	337 	94 	130 	130 
009770 	337 	94 	130 	130 
009771 	341 	102 	108 	109 
009772 	341 	90 	108 	109 
009773 	323 	94 	130 	130 
009774 	323 	94 	130 	130 
009775 	323 	94 	130 	130 
009776 	323 	94 	130 	130 
009777 	323 	94 	130 	130 
009778 	323 	94 	130 	130 
009779 	341 	102 	108 	109 
009780 	341 	90 	108 	109 
