Identity  : 	id10970
Reference : 	9rRSgOqQVLY
Offset    : 	-2
FV Conf   : 	12.437
ASD Conf  : 	5.786

FRAME 	X 	Y 	W 	H 
004271 	314 	99 	130 	130 
004272 	314 	99 	130 	130 
004273 	314 	99 	130 	130 
004274 	314 	99 	130 	130 
004275 	314 	99 	130 	130 
004276 	314 	99 	130 	130 
004277 	314 	99 	130 	130 
004278 	313 	99 	130 	130 
004279 	313 	99 	130 	130 
004280 	313 	99 	130 	130 
004281 	313 	99 	130 	130 
004282 	313 	99 	130 	130 
004283 	313 	99 	130 	130 
004284 	313 	99 	130 	130 
004285 	313 	98 	130 	130 
004286 	313 	98 	130 	130 
004287 	313 	98 	130 	130 
004288 	313 	98 	130 	130 
004289 	313 	98 	130 	130 
004290 	313 	98 	130 	130 
004291 	313 	98 	130 	130 
004292 	313 	98 	130 	130 
004293 	313 	98 	130 	130 
004294 	313 	98 	130 	130 
004295 	313 	98 	130 	130 
004296 	313 	98 	130 	130 
004297 	313 	98 	130 	130 
004298 	313 	98 	130 	130 
004299 	313 	98 	130 	130 
004300 	313 	98 	130 	130 
004301 	313 	98 	130 	130 
004302 	312 	98 	130 	130 
004303 	312 	98 	130 	130 
004304 	312 	98 	130 	130 
004305 	312 	98 	130 	130 
004306 	312 	98 	130 	130 
004307 	312 	98 	130 	130 
004308 	312 	97 	130 	130 
004309 	312 	97 	130 	130 
004310 	312 	97 	130 	130 
004311 	312 	97 	130 	130 
004312 	312 	97 	130 	130 
004313 	312 	97 	130 	130 
004314 	312 	97 	130 	130 
004315 	312 	97 	130 	130 
004316 	312 	97 	130 	130 
004317 	312 	97 	130 	130 
004318 	312 	97 	130 	130 
004319 	312 	97 	130 	130 
004320 	312 	97 	130 	130 
004321 	312 	97 	130 	130 
004322 	312 	97 	130 	130 
004323 	312 	97 	130 	130 
004324 	312 	97 	130 	130 
004325 	312 	97 	130 	130 
004326 	312 	97 	130 	130 
004327 	311 	97 	130 	130 
004328 	311 	97 	130 	130 
004329 	311 	97 	130 	130 
004330 	311 	97 	130 	130 
004331 	311 	96 	130 	130 
004332 	311 	96 	130 	130 
004333 	311 	96 	130 	130 
004334 	311 	96 	130 	130 
004335 	311 	96 	130 	130 
004336 	311 	96 	130 	130 
004337 	311 	96 	130 	130 
004338 	311 	96 	130 	130 
004339 	311 	96 	130 	130 
004340 	311 	96 	130 	130 
004341 	311 	96 	130 	130 
004342 	311 	96 	130 	130 
004343 	311 	96 	130 	130 
004344 	311 	96 	130 	130 
004345 	311 	96 	130 	130 
004346 	311 	96 	130 	130 
004347 	311 	96 	130 	130 
004348 	311 	96 	130 	130 
004349 	311 	96 	130 	130 
004350 	311 	96 	130 	130 
004351 	311 	96 	130 	130 
004352 	310 	96 	130 	130 
004353 	310 	96 	130 	130 
004354 	310 	95 	130 	130 
004355 	310 	95 	130 	130 
004356 	310 	95 	130 	130 
004357 	310 	95 	130 	130 
004358 	310 	95 	130 	130 
004359 	310 	95 	130 	130 
004360 	310 	95 	130 	130 
004361 	310 	95 	130 	130 
004362 	310 	95 	130 	130 
004363 	310 	95 	130 	130 
004364 	310 	95 	130 	130 
004365 	310 	95 	130 	130 
004366 	310 	95 	130 	130 
004367 	310 	95 	130 	130 
004368 	310 	95 	130 	130 
004369 	310 	95 	130 	130 
004370 	310 	95 	130 	130 
004371 	310 	95 	130 	130 
004372 	310 	95 	130 	130 
004373 	310 	95 	130 	130 
004374 	310 	95 	130 	130 
004375 	310 	95 	130 	130 
004376 	309 	95 	130 	130 
004377 	309 	94 	130 	130 
004378 	309 	94 	130 	130 
004379 	309 	94 	130 	130 
004380 	309 	94 	130 	130 
004381 	309 	94 	130 	130 
004382 	309 	94 	130 	130 
004383 	309 	94 	130 	130 
004384 	309 	94 	130 	130 
004385 	309 	94 	130 	130 
004386 	309 	94 	130 	130 
004387 	309 	94 	130 	130 
004388 	309 	94 	130 	130 
004389 	309 	94 	130 	130 
004390 	309 	94 	130 	130 
004391 	309 	94 	130 	130 
004392 	309 	94 	130 	130 
004393 	309 	94 	130 	130 
004394 	309 	94 	130 	130 
004395 	309 	94 	130 	130 
004396 	309 	94 	130 	130 
004397 	309 	94 	130 	130 
004398 	309 	94 	130 	130 
004399 	309 	94 	130 	130 
004400 	309 	94 	130 	130 
004401 	309 	94 	130 	130 
004402 	309 	94 	130 	130 
004403 	309 	94 	130 	130 
004404 	309 	94 	130 	130 
004405 	309 	94 	130 	130 
004406 	309 	94 	130 	130 
004407 	309 	94 	130 	130 
004408 	309 	94 	130 	130 
004409 	309 	94 	130 	130 
004410 	309 	94 	130 	130 
004411 	309 	94 	130 	130 
004412 	309 	94 	130 	130 
004413 	309 	94 	130 	130 
004414 	309 	94 	130 	130 
004415 	309 	94 	130 	130 
004416 	309 	94 	130 	130 
004417 	309 	94 	130 	130 
004418 	309 	94 	130 	130 
004419 	309 	94 	130 	130 
004420 	309 	94 	130 	130 
004421 	309 	94 	130 	130 
004422 	309 	94 	130 	130 
004423 	309 	94 	130 	130 
004424 	309 	94 	130 	130 
004425 	309 	94 	130 	130 
004426 	309 	94 	130 	130 
004427 	309 	94 	130 	130 
004428 	309 	94 	130 	130 
004429 	309 	94 	130 	130 
004430 	309 	94 	130 	130 
004431 	309 	94 	130 	130 
004432 	309 	94 	130 	130 
004433 	309 	94 	130 	130 
004434 	309 	94 	130 	130 
004435 	309 	94 	130 	130 
004436 	309 	94 	130 	130 
004437 	309 	94 	130 	130 
004438 	309 	94 	130 	130 
004439 	309 	94 	130 	130 
004440 	309 	94 	130 	130 
004441 	309 	94 	130 	130 
004442 	309 	94 	130 	130 
004443 	309 	94 	130 	130 
004444 	309 	94 	130 	130 
004445 	309 	94 	130 	130 
004446 	309 	94 	130 	130 
004447 	309 	94 	130 	130 
004448 	309 	94 	130 	130 
004449 	309 	94 	130 	130 
004450 	309 	94 	130 	130 
004451 	309 	94 	130 	130 
004452 	309 	94 	130 	130 
004453 	309 	94 	130 	130 
004454 	309 	94 	130 	130 
004455 	309 	94 	130 	130 
004456 	309 	94 	130 	130 
004457 	309 	94 	130 	130 
004458 	309 	94 	130 	130 
004459 	309 	94 	130 	130 
004460 	309 	94 	130 	130 
004461 	309 	94 	130 	130 
004462 	309 	94 	130 	130 
004463 	309 	94 	130 	130 
004464 	309 	94 	130 	130 
004465 	309 	94 	130 	130 
004466 	309 	94 	130 	130 
004467 	309 	94 	130 	130 
004468 	308 	94 	130 	130 
004469 	308 	93 	130 	130 
004470 	308 	93 	130 	130 
004471 	308 	93 	130 	130 
004472 	308 	93 	130 	130 
004473 	308 	93 	130 	130 
004474 	307 	93 	130 	130 
004475 	307 	92 	130 	130 
004476 	307 	92 	130 	130 
004477 	307 	92 	130 	130 
004478 	307 	92 	130 	130 
004479 	307 	92 	130 	130 
004480 	306 	92 	130 	130 
004481 	306 	91 	130 	130 
004482 	306 	91 	130 	130 
004483 	306 	91 	130 	130 
004484 	306 	91 	130 	130 
004485 	306 	91 	130 	130 
004486 	305 	91 	130 	130 
004487 	305 	91 	130 	130 
004488 	305 	90 	130 	130 
004489 	305 	90 	130 	130 
004490 	305 	90 	130 	130 
004491 	305 	90 	130 	130 
004492 	304 	90 	130 	130 
004493 	304 	90 	130 	130 
004494 	304 	89 	130 	130 
004495 	304 	89 	130 	130 
004496 	304 	89 	130 	130 
004497 	304 	89 	130 	130 
004498 	303 	89 	130 	130 
004499 	303 	89 	130 	130 
004500 	303 	88 	130 	130 
004501 	303 	88 	130 	130 
004502 	303 	88 	130 	130 
004503 	303 	88 	130 	130 
004504 	302 	88 	130 	130 
004505 	302 	88 	130 	130 
004506 	302 	88 	130 	130 
004507 	302 	87 	130 	130 
004508 	302 	87 	130 	130 
004509 	302 	87 	130 	130 
004510 	301 	87 	130 	130 
004511 	301 	87 	130 	130 
004512 	301 	87 	130 	130 
004513 	301 	86 	130 	130 
004514 	301 	86 	130 	130 
004515 	301 	86 	130 	130 
004516 	300 	86 	130 	130 
004517 	300 	86 	130 	130 
004518 	300 	86 	130 	130 
004519 	300 	86 	130 	130 
004520 	300 	85 	130 	130 
004521 	300 	85 	130 	130 
004522 	299 	85 	130 	130 
004523 	299 	85 	130 	130 
004524 	299 	85 	130 	130 
004525 	299 	85 	130 	130 
004526 	299 	84 	130 	130 
004527 	299 	84 	130 	130 
004528 	298 	84 	130 	130 
004529 	298 	84 	130 	130 
004530 	298 	84 	130 	130 
004531 	298 	84 	130 	130 
004532 	298 	83 	130 	130 
004533 	298 	83 	130 	130 
004534 	297 	83 	130 	130 
004535 	297 	83 	130 	130 
004536 	297 	83 	130 	130 
004537 	297 	83 	130 	130 
004538 	297 	83 	130 	130 
004539 	297 	82 	130 	130 
004540 	296 	82 	130 	130 
004541 	296 	82 	130 	130 
004542 	296 	82 	130 	130 
004543 	296 	82 	130 	130 
004544 	296 	82 	130 	130 
004545 	296 	81 	130 	130 
004546 	295 	81 	130 	130 
004547 	295 	81 	130 	130 
004548 	295 	81 	130 	130 
004549 	295 	81 	130 	130 
004550 	295 	81 	130 	130 
004551 	295 	80 	130 	130 
004552 	294 	80 	130 	130 
004553 	294 	80 	130 	130 
004554 	294 	80 	130 	130 
004555 	294 	80 	130 	130 
004556 	294 	80 	130 	130 
004557 	294 	80 	130 	130 
004558 	294 	80 	130 	130 
004559 	294 	80 	130 	130 
004560 	294 	80 	130 	130 
004561 	294 	80 	130 	130 
004562 	294 	80 	130 	130 
004563 	294 	80 	130 	130 
004564 	294 	80 	130 	130 
004565 	294 	80 	130 	130 
004566 	294 	80 	130 	130 
004567 	294 	80 	130 	130 
004568 	294 	80 	130 	130 
004569 	293 	80 	130 	130 
004570 	293 	80 	130 	130 
004571 	293 	80 	130 	130 
004572 	293 	80 	130 	130 
004573 	293 	80 	130 	130 
004574 	293 	80 	130 	130 
004575 	293 	81 	130 	130 
004576 	293 	81 	130 	130 
004577 	293 	81 	130 	130 
004578 	293 	81 	130 	130 
004579 	293 	81 	130 	130 
004580 	293 	81 	130 	130 
004581 	292 	81 	130 	130 
004582 	292 	81 	130 	130 
004583 	292 	81 	130 	130 
004584 	292 	81 	130 	130 
004585 	292 	81 	130 	130 
004586 	292 	81 	130 	130 
004587 	292 	81 	130 	130 
004588 	292 	81 	130 	130 
004589 	292 	81 	130 	130 
004590 	292 	81 	130 	130 
004591 	292 	81 	130 	130 
004592 	292 	81 	130 	130 
004593 	291 	81 	130 	130 
004594 	291 	81 	130 	130 
004595 	291 	81 	130 	130 
004596 	291 	81 	130 	130 
004597 	291 	81 	130 	130 
