Identity  : 	id11170
Reference : 	f1euQqXWUvE
Offset    : 	-2
FV Conf   : 	13.926
ASD Conf  : 	5.071

FRAME 	X 	Y 	W 	H 
002241 	197 	102 	109 	109 
002242 	197 	102 	109 	109 
002243 	197 	102 	109 	109 
002244 	180 	94 	130 	130 
002245 	180 	94 	130 	130 
002246 	180 	94 	130 	130 
002247 	180 	94 	130 	130 
002248 	180 	109 	130 	130 
002249 	180 	109 	130 	130 
002250 	180 	109 	130 	130 
002251 	180 	109 	130 	130 
002252 	180 	109 	130 	130 
002253 	180 	109 	130 	130 
002254 	180 	109 	130 	130 
002255 	180 	109 	130 	130 
002256 	180 	109 	130 	130 
002257 	180 	94 	130 	130 
002258 	185 	102 	109 	109 
002259 	180 	94 	130 	130 
002260 	180 	94 	130 	130 
002261 	180 	94 	130 	130 
002262 	180 	94 	130 	130 
002263 	180 	109 	130 	130 
002264 	180 	109 	130 	130 
002265 	180 	109 	130 	130 
002266 	180 	109 	130 	130 
002267 	180 	109 	130 	130 
002268 	180 	109 	130 	130 
002269 	180 	109 	130 	130 
002270 	180 	109 	130 	130 
002271 	180 	109 	130 	130 
002272 	180 	109 	130 	130 
002273 	180 	109 	130 	130 
002274 	180 	109 	130 	130 
002275 	180 	109 	130 	130 
002276 	180 	109 	130 	130 
002277 	180 	109 	130 	130 
002278 	180 	109 	130 	130 
002279 	180 	109 	130 	130 
002280 	180 	109 	130 	130 
002281 	180 	109 	130 	130 
002282 	180 	109 	130 	130 
002283 	180 	109 	130 	130 
002284 	180 	109 	130 	130 
002285 	180 	109 	130 	130 
002286 	180 	109 	130 	130 
002287 	180 	109 	130 	130 
002288 	180 	109 	130 	130 
002289 	180 	109 	130 	130 
002290 	180 	109 	130 	130 
002291 	180 	109 	130 	130 
002292 	180 	109 	130 	130 
002293 	180 	109 	130 	130 
002294 	180 	109 	130 	130 
002295 	180 	109 	130 	130 
002296 	180 	109 	130 	130 
002297 	180 	109 	130 	130 
002298 	180 	109 	130 	130 
002299 	180 	109 	130 	130 
002300 	180 	109 	130 	130 
002301 	180 	109 	130 	130 
002302 	180 	109 	130 	130 
002303 	180 	109 	130 	130 
002304 	180 	109 	130 	130 
002305 	180 	109 	130 	130 
002306 	180 	94 	130 	130 
002307 	180 	94 	130 	130 
002308 	180 	109 	130 	130 
002309 	180 	109 	130 	130 
002310 	180 	94 	130 	130 
002311 	180 	94 	130 	130 
002312 	180 	94 	130 	130 
002313 	180 	94 	130 	130 
002314 	180 	94 	130 	130 
002315 	180 	94 	130 	130 
002316 	197 	102 	109 	109 
002317 	197 	102 	109 	109 
002318 	194 	94 	130 	130 
002319 	209 	102 	109 	109 
002320 	209 	102 	109 	109 
002321 	209 	102 	109 	109 
002322 	209 	102 	109 	109 
002323 	194 	80 	130 	130 
002324 	194 	80 	130 	130 
002325 	194 	80 	130 	130 
002326 	194 	80 	130 	130 
002327 	194 	80 	130 	130 
002328 	194 	80 	130 	130 
002329 	194 	80 	130 	130 
002330 	209 	90 	109 	109 
002331 	209 	90 	109 	109 
002332 	194 	80 	130 	130 
002333 	194 	80 	130 	130 
002334 	194 	80 	130 	130 
002335 	194 	80 	130 	130 
002336 	209 	90 	109 	109 
002337 	209 	90 	109 	109 
002338 	209 	90 	109 	109 
002339 	209 	90 	109 	109 
002340 	209 	90 	109 	109 
002341 	209 	90 	109 	109 
002342 	209 	90 	109 	109 
002343 	209 	90 	109 	109 
002344 	194 	80 	130 	130 
002345 	187 	80 	130 	130 
002346 	180 	80 	130 	130 
002347 	180 	80 	130 	130 
002348 	180 	80 	130 	130 
002349 	180 	80 	130 	130 
002350 	184 	86 	125 	125 
002351 	188 	91 	120 	120 
002352 	193 	96 	114 	114 
002353 	197 	102 	109 	109 
002354 	197 	102 	109 	109 
002355 	180 	94 	130 	130 
002356 	180 	94 	130 	130 
002357 	180 	94 	130 	130 
