Identity  : 	id10878
Reference : 	XNhl0RPXq70
Offset    : 	-2
FV Conf   : 	21.725
ASD Conf  : 	7.384

FRAME 	X 	Y 	W 	H 
006302 	218 	136 	187 	187 
006303 	218 	136 	187 	187 
006304 	218 	136 	187 	187 
006305 	218 	136 	187 	187 
006306 	218 	136 	187 	187 
006307 	218 	136 	187 	187 
006308 	218 	136 	187 	187 
006309 	218 	136 	187 	187 
006310 	218 	136 	187 	187 
006311 	218 	136 	187 	187 
006312 	218 	136 	187 	187 
006313 	218 	136 	187 	187 
006314 	188 	89 	224 	224 
006315 	218 	115 	187 	187 
006316 	218 	115 	187 	187 
006317 	218 	115 	187 	187 
006318 	218 	115 	187 	187 
006319 	218 	115 	187 	187 
006320 	218 	95 	187 	186 
006321 	218 	95 	187 	186 
006322 	218 	95 	187 	186 
006323 	239 	136 	186 	187 
006324 	239 	136 	186 	187 
006325 	239 	136 	186 	187 
006326 	239 	136 	186 	187 
006327 	239 	136 	186 	187 
006328 	239 	136 	186 	187 
006329 	239 	136 	186 	187 
006330 	239 	136 	186 	187 
006331 	218 	115 	187 	187 
006332 	218 	115 	187 	187 
006333 	218 	115 	187 	187 
006334 	218 	115 	187 	187 
006335 	218 	115 	187 	187 
006336 	218 	115 	187 	187 
006337 	218 	95 	187 	186 
006338 	218 	95 	187 	186 
006339 	218 	95 	187 	186 
006340 	218 	95 	187 	186 
006341 	218 	95 	187 	186 
006342 	218 	95 	187 	186 
006343 	239 	95 	186 	186 
006344 	239 	95 	186 	186 
006345 	239 	95 	186 	186 
006346 	212 	89 	224 	224 
006347 	212 	89 	224 	224 
006348 	212 	89 	224 	224 
006349 	218 	115 	187 	187 
006350 	218 	115 	187 	187 
006351 	218 	95 	187 	186 
006352 	218 	95 	187 	186 
006353 	218 	95 	187 	186 
006354 	218 	95 	187 	186 
006355 	218 	95 	187 	186 
006356 	218 	95 	187 	186 
006357 	218 	95 	187 	186 
006358 	239 	115 	186 	187 
006359 	239 	115 	186 	187 
006360 	239 	115 	186 	187 
006361 	239 	115 	186 	187 
006362 	239 	115 	186 	187 
006363 	239 	115 	186 	187 
006364 	239 	115 	186 	187 
006365 	239 	115 	186 	187 
006366 	239 	115 	186 	187 
006367 	212 	89 	224 	224 
006368 	212 	89 	224 	224 
006369 	212 	89 	224 	224 
006370 	218 	95 	187 	186 
006371 	218 	95 	187 	186 
006372 	218 	95 	187 	186 
006373 	218 	95 	187 	186 
006374 	218 	95 	187 	186 
006375 	239 	115 	186 	187 
006376 	239 	115 	186 	187 
006377 	239 	115 	186 	187 
006378 	239 	115 	186 	187 
006379 	239 	115 	186 	187 
006380 	239 	115 	186 	187 
006381 	239 	115 	186 	187 
006382 	239 	115 	186 	187 
006383 	218 	95 	187 	186 
006384 	218 	95 	187 	186 
006385 	218 	95 	187 	186 
006386 	218 	95 	187 	186 
006387 	218 	95 	187 	186 
006388 	218 	95 	187 	186 
006389 	218 	95 	187 	186 
006390 	218 	115 	187 	187 
006391 	218 	115 	187 	187 
006392 	218 	115 	187 	187 
006393 	218 	115 	187 	187 
006394 	218 	115 	187 	187 
006395 	218 	115 	187 	187 
006396 	218 	115 	187 	187 
006397 	212 	89 	224 	224 
006398 	212 	89 	224 	224 
006399 	212 	89 	224 	224 
006400 	212 	89 	224 	224 
006401 	212 	89 	224 	224 
006402 	212 	89 	224 	224 
006403 	218 	115 	187 	187 
006404 	218 	115 	187 	187 
006405 	188 	89 	224 	224 
006406 	197 	95 	187 	186 
006407 	197 	95 	187 	186 
006408 	197 	95 	187 	186 
006409 	197 	95 	187 	186 
006410 	197 	95 	187 	186 
006411 	188 	89 	224 	224 
006412 	188 	89 	224 	224 
006413 	188 	89 	224 	224 
006414 	188 	89 	224 	224 
006415 	188 	89 	224 	224 
006416 	188 	89 	224 	224 
006417 	218 	95 	187 	186 
006418 	218 	95 	187 	186 
006419 	218 	115 	187 	187 
006420 	218 	115 	187 	187 
006421 	218 	115 	187 	187 
006422 	218 	115 	187 	187 
006423 	218 	115 	187 	187 
006424 	218 	115 	187 	187 
006425 	218 	115 	187 	187 
006426 	188 	89 	224 	224 
006427 	188 	89 	224 	224 
006428 	218 	95 	187 	186 
006429 	218 	95 	187 	186 
006430 	188 	89 	224 	224 
006431 	188 	89 	224 	224 
006432 	218 	115 	187 	187 
006433 	218 	95 	187 	186 
006434 	218 	95 	187 	186 
006435 	218 	95 	187 	186 
006436 	218 	95 	187 	186 
006437 	218 	115 	187 	187 
006438 	218 	115 	187 	187 
006439 	218 	115 	187 	187 
006440 	218 	115 	187 	187 
006441 	218 	115 	187 	187 
006442 	218 	115 	187 	187 
006443 	218 	115 	187 	187 
006444 	218 	136 	187 	187 
006445 	218 	136 	187 	187 
006446 	218 	136 	187 	187 
006447 	218 	136 	187 	187 
006448 	218 	115 	187 	187 
006449 	218 	115 	187 	187 
006450 	218 	115 	187 	187 
