Identity  : 	id10481
Reference : 	acuXfGycBHw
Offset    : 	0
FV Conf   : 	15.531
ASD Conf  : 	5.324

FRAME 	X 	Y 	W 	H 
001384 	280 	94 	130 	130 
001385 	280 	94 	130 	130 
001386 	280 	94 	130 	130 
001387 	280 	109 	130 	130 
001388 	280 	109 	130 	130 
001389 	280 	109 	130 	130 
001390 	280 	109 	130 	130 
001391 	280 	109 	130 	130 
001392 	280 	109 	130 	130 
001393 	280 	109 	130 	130 
001394 	280 	109 	130 	130 
001395 	280 	109 	130 	130 
001396 	281 	114 	108 	109 
001397 	266 	109 	130 	130 
001398 	266 	109 	130 	130 
001399 	266 	109 	130 	130 
001400 	266 	94 	130 	130 
001401 	266 	94 	130 	130 
001402 	251 	94 	130 	130 
001403 	251 	94 	130 	130 
001404 	251 	94 	130 	130 
001405 	251 	94 	130 	130 
001406 	251 	94 	130 	130 
001407 	251 	94 	130 	130 
001408 	251 	94 	130 	130 
001409 	251 	94 	130 	130 
001410 	251 	94 	130 	130 
001411 	251 	94 	130 	130 
001412 	233 	79 	156 	156 
001413 	233 	79 	156 	156 
001414 	233 	79 	156 	156 
001415 	233 	79 	156 	156 
001416 	251 	94 	130 	130 
001417 	251 	94 	130 	130 
001418 	251 	94 	130 	130 
001419 	251 	94 	130 	130 
001420 	251 	94 	130 	130 
001421 	251 	94 	130 	130 
001422 	251 	94 	130 	130 
001423 	251 	94 	130 	130 
001424 	251 	94 	130 	130 
001425 	251 	94 	130 	130 
001426 	251 	94 	130 	130 
001427 	251 	94 	130 	130 
001428 	251 	94 	130 	130 
001429 	251 	94 	130 	130 
001430 	251 	94 	130 	130 
001431 	251 	94 	130 	130 
001432 	251 	94 	130 	130 
001433 	251 	94 	130 	130 
001434 	251 	94 	130 	130 
001435 	251 	94 	130 	130 
001436 	251 	94 	130 	130 
001437 	251 	94 	130 	130 
001438 	251 	94 	130 	130 
001439 	251 	94 	130 	130 
001440 	266 	94 	130 	130 
001441 	266 	94 	130 	130 
001442 	266 	94 	130 	130 
001443 	266 	94 	130 	130 
001444 	266 	94 	130 	130 
001445 	266 	109 	130 	130 
001446 	266 	109 	130 	130 
001447 	266 	109 	130 	130 
001448 	266 	109 	130 	130 
001449 	266 	109 	130 	130 
001450 	266 	109 	130 	130 
001451 	266 	109 	130 	130 
001452 	266 	109 	130 	130 
001453 	266 	109 	130 	130 
001454 	266 	109 	130 	130 
001455 	266 	109 	130 	130 
001456 	266 	109 	130 	130 
001457 	266 	109 	130 	130 
001458 	266 	109 	130 	130 
001459 	266 	109 	130 	130 
001460 	266 	109 	130 	130 
001461 	266 	109 	130 	130 
001462 	280 	109 	130 	130 
001463 	280 	109 	130 	130 
001464 	280 	109 	130 	130 
001465 	280 	109 	130 	130 
001466 	280 	109 	130 	130 
001467 	280 	109 	130 	130 
001468 	280 	109 	130 	130 
001469 	280 	109 	130 	130 
001470 	280 	109 	130 	130 
001471 	280 	109 	130 	130 
001472 	287 	123 	130 	130 
001473 	294 	137 	130 	130 
001474 	294 	137 	130 	130 
001475 	294 	137 	130 	130 
001476 	294 	137 	130 	130 
001477 	294 	137 	130 	130 
001478 	294 	123 	130 	130 
001479 	294 	123 	130 	130 
001480 	294 	123 	130 	130 
001481 	294 	123 	130 	130 
001482 	294 	123 	130 	130 
001483 	294 	109 	130 	130 
001484 	285 	96 	155 	156 
001485 	285 	96 	155 	156 
001486 	294 	94 	130 	130 
001487 	267 	96 	156 	156 
