Identity  : 	id10634
Reference : 	i_yVjUSOYAA
Offset    : 	-1
FV Conf   : 	25.598
ASD Conf  : 	7.398

FRAME 	X 	Y 	W 	H 
003236 	404 	66 	63 	63 
003237 	404 	66 	63 	63 
003238 	404 	66 	63 	63 
003239 	404 	66 	63 	63 
003240 	404 	66 	63 	63 
003241 	404 	66 	63 	63 
003242 	404 	66 	63 	63 
003243 	404 	66 	63 	63 
003244 	404 	66 	63 	63 
003245 	404 	66 	63 	63 
003246 	404 	66 	63 	63 
003247 	404 	66 	63 	63 
003248 	404 	66 	63 	63 
003249 	404 	66 	63 	63 
003250 	404 	66 	63 	63 
003251 	404 	66 	63 	63 
003252 	404 	66 	63 	63 
003253 	404 	66 	63 	63 
003254 	404 	66 	63 	63 
003255 	404 	66 	63 	63 
003256 	404 	66 	63 	63 
003257 	404 	66 	63 	63 
003258 	404 	66 	63 	63 
003259 	394 	62 	75 	76 
003260 	394 	62 	75 	76 
003261 	394 	62 	75 	76 
003262 	394 	62 	75 	76 
003263 	394 	62 	75 	76 
003264 	394 	62 	75 	76 
003265 	394 	62 	75 	76 
003266 	394 	62 	75 	76 
003267 	394 	62 	75 	76 
003268 	394 	62 	75 	76 
003269 	394 	62 	75 	76 
003270 	394 	62 	75 	76 
003271 	394 	62 	75 	76 
003272 	394 	62 	75 	76 
003273 	394 	62 	75 	76 
003274 	394 	62 	75 	76 
003275 	394 	62 	75 	76 
003276 	394 	62 	75 	76 
003277 	394 	62 	75 	76 
003278 	394 	62 	75 	76 
003279 	394 	62 	75 	76 
003280 	394 	62 	75 	76 
003281 	394 	62 	75 	76 
003282 	394 	62 	75 	76 
003283 	394 	62 	75 	76 
003284 	394 	62 	75 	76 
003285 	394 	62 	75 	76 
003286 	404 	66 	63 	63 
003287 	404 	66 	63 	63 
003288 	404 	66 	63 	63 
003289 	404 	66 	63 	63 
003290 	404 	66 	63 	63 
003291 	404 	66 	63 	63 
003292 	404 	66 	63 	63 
003293 	394 	62 	75 	76 
003294 	394 	62 	75 	76 
003295 	394 	62 	75 	76 
003296 	394 	62 	75 	76 
003297 	394 	62 	75 	76 
003298 	394 	62 	75 	76 
003299 	394 	62 	75 	76 
003300 	394 	62 	75 	76 
003301 	394 	62 	75 	76 
003302 	394 	62 	75 	76 
003303 	394 	62 	75 	76 
003304 	394 	62 	75 	76 
003305 	394 	62 	75 	76 
003306 	394 	62 	75 	76 
003307 	394 	62 	75 	76 
003308 	394 	62 	75 	76 
003309 	394 	62 	75 	76 
003310 	394 	62 	75 	76 
003311 	394 	62 	75 	76 
003312 	397 	73 	63 	63 
003313 	397 	73 	63 	63 
003314 	397 	73 	63 	63 
003315 	397 	73 	63 	63 
003316 	397 	73 	63 	63 
003317 	397 	73 	63 	63 
003318 	397 	66 	63 	63 
003319 	397 	66 	63 	63 
003320 	397 	66 	63 	63 
003321 	397 	66 	63 	63 
003322 	397 	66 	63 	63 
003323 	397 	66 	63 	63 
003324 	397 	66 	63 	63 
003325 	397 	73 	63 	63 
003326 	397 	73 	63 	63 
003327 	397 	73 	63 	63 
003328 	397 	73 	63 	63 
003329 	397 	73 	63 	63 
003330 	397 	73 	63 	63 
003331 	397 	73 	63 	63 
003332 	397 	73 	63 	63 
003333 	385 	71 	76 	75 
003334 	385 	71 	76 	75 
003335 	385 	71 	76 	75 
003336 	390 	73 	63 	63 
003337 	390 	73 	63 	63 
003338 	385 	71 	76 	75 
003339 	385 	71 	76 	75 
003340 	397 	73 	63 	63 
003341 	397 	73 	63 	63 
003342 	397 	73 	63 	63 
003343 	397 	73 	63 	63 
003344 	397 	73 	63 	63 
003345 	397 	73 	63 	63 
003346 	397 	73 	63 	63 
003347 	394 	62 	75 	76 
003348 	394 	62 	75 	76 
003349 	394 	62 	75 	76 
003350 	394 	62 	75 	76 
003351 	404 	73 	63 	63 
003352 	404 	73 	63 	63 
003353 	404 	73 	63 	63 
003354 	404 	73 	63 	63 
003355 	404 	73 	63 	63 
003356 	404 	66 	63 	63 
003357 	404 	66 	63 	63 
003358 	402 	62 	76 	76 
003359 	402 	62 	76 	76 
003360 	402 	62 	76 	76 
003361 	402 	62 	76 	76 
003362 	402 	62 	76 	76 
003363 	402 	62 	76 	76 
003364 	402 	62 	76 	76 
003365 	402 	62 	76 	76 
003366 	402 	62 	76 	76 
003367 	402 	62 	76 	76 
003368 	402 	62 	76 	76 
003369 	402 	62 	76 	76 
003370 	402 	62 	76 	76 
003371 	402 	62 	76 	76 
003372 	402 	62 	76 	76 
003373 	402 	62 	76 	76 
003374 	402 	62 	76 	76 
003375 	402 	62 	76 	76 
003376 	402 	62 	76 	76 
003377 	402 	62 	76 	76 
003378 	402 	62 	76 	76 
003379 	404 	73 	63 	63 
003380 	404 	73 	63 	63 
003381 	404 	73 	63 	63 
003382 	404 	73 	63 	63 
003383 	404 	73 	63 	63 
003384 	404 	73 	63 	63 
003385 	404 	73 	63 	63 
003386 	404 	73 	63 	63 
003387 	404 	73 	63 	63 
003388 	404 	73 	63 	63 
003389 	404 	73 	63 	63 
003390 	404 	73 	63 	63 
003391 	404 	73 	63 	63 
003392 	404 	73 	63 	63 
003393 	404 	73 	63 	63 
003394 	404 	73 	63 	63 
003395 	404 	73 	63 	63 
003396 	404 	66 	63 	63 
003397 	404 	73 	63 	63 
003398 	404 	73 	63 	63 
003399 	404 	73 	63 	63 
003400 	404 	66 	63 	63 
003401 	404 	66 	63 	63 
003402 	404 	66 	63 	63 
003403 	404 	73 	63 	63 
003404 	404 	66 	63 	63 
003405 	404 	73 	63 	63 
003406 	404 	73 	63 	63 
003407 	404 	73 	63 	63 
003408 	404 	73 	63 	63 
003409 	404 	73 	63 	63 
003410 	404 	73 	63 	63 
003411 	404 	73 	63 	63 
003412 	404 	73 	63 	63 
003413 	404 	73 	63 	63 
003414 	404 	73 	63 	63 
003415 	404 	73 	63 	63 
003416 	404 	73 	63 	63 
003417 	404 	73 	63 	63 
003418 	404 	73 	63 	63 
003419 	404 	73 	63 	63 
003420 	404 	73 	63 	63 
003421 	404 	73 	63 	63 
003422 	404 	73 	63 	63 
003423 	404 	73 	63 	63 
003424 	404 	73 	63 	63 
003425 	404 	73 	63 	63 
003426 	404 	73 	63 	63 
003427 	404 	73 	63 	63 
003428 	404 	73 	63 	63 
003429 	394 	62 	75 	76 
003430 	404 	73 	63 	63 
003431 	394 	62 	75 	76 
003432 	394 	62 	75 	76 
003433 	394 	62 	75 	76 
003434 	394 	62 	75 	76 
003435 	394 	62 	75 	76 
003436 	394 	62 	75 	76 
003437 	394 	62 	75 	76 
003438 	394 	62 	75 	76 
003439 	394 	62 	75 	76 
003440 	394 	62 	75 	76 
003441 	394 	62 	75 	76 
003442 	394 	62 	75 	76 
003443 	394 	62 	75 	76 
003444 	394 	62 	75 	76 
003445 	394 	62 	75 	76 
003446 	394 	62 	75 	76 
003447 	394 	62 	75 	76 
003448 	394 	62 	75 	76 
003449 	394 	62 	75 	76 
003450 	394 	62 	75 	76 
003451 	394 	62 	75 	76 
003452 	394 	62 	75 	76 
003453 	394 	62 	75 	76 
003454 	394 	62 	75 	76 
003455 	394 	62 	75 	76 
003456 	394 	62 	75 	76 
003457 	394 	62 	75 	76 
003458 	394 	62 	75 	76 
003459 	394 	62 	75 	76 
003460 	404 	73 	63 	63 
003461 	404 	73 	63 	63 
003462 	404 	73 	63 	63 
003463 	404 	73 	63 	63 
003464 	404 	73 	63 	63 
003465 	404 	73 	63 	63 
003466 	404 	73 	63 	63 
003467 	404 	73 	63 	63 
003468 	404 	73 	63 	63 
003469 	404 	73 	63 	63 
003470 	404 	73 	63 	63 
003471 	404 	73 	63 	63 
003472 	404 	73 	63 	63 
003473 	404 	73 	63 	63 
003474 	404 	73 	63 	63 
003475 	404 	73 	63 	63 
003476 	404 	73 	63 	63 
003477 	404 	73 	63 	63 
003478 	404 	73 	63 	63 
003479 	404 	73 	63 	63 
003480 	404 	73 	63 	63 
003481 	404 	73 	63 	63 
003482 	404 	73 	63 	63 
003483 	404 	73 	63 	63 
003484 	404 	73 	63 	63 
003485 	404 	73 	63 	63 
003486 	394 	71 	75 	75 
003487 	394 	71 	75 	75 
003488 	394 	71 	75 	75 
003489 	404 	73 	63 	63 
003490 	404 	73 	63 	63 
003491 	404 	73 	63 	63 
003492 	404 	73 	63 	63 
003493 	404 	73 	63 	63 
003494 	404 	73 	63 	63 
003495 	404 	73 	63 	63 
003496 	394 	62 	75 	76 
003497 	404 	73 	63 	63 
003498 	404 	73 	63 	63 
003499 	404 	73 	63 	63 
003500 	404 	73 	63 	63 
003501 	394 	62 	75 	76 
003502 	404 	73 	63 	63 
003503 	404 	73 	63 	63 
003504 	394 	62 	75 	76 
003505 	394 	62 	75 	76 
003506 	394 	62 	75 	76 
003507 	394 	62 	75 	76 
003508 	394 	62 	75 	76 
003509 	394 	62 	75 	76 
003510 	394 	62 	75 	76 
003511 	394 	62 	75 	76 
003512 	394 	62 	75 	76 
003513 	404 	73 	63 	63 
003514 	404 	73 	63 	63 
003515 	404 	73 	63 	63 
003516 	404 	73 	63 	63 
003517 	404 	73 	63 	63 
003518 	404 	73 	63 	63 
003519 	404 	73 	63 	63 
003520 	404 	73 	63 	63 
003521 	404 	73 	63 	63 
003522 	404 	66 	63 	63 
003523 	404 	66 	63 	63 
003524 	404 	66 	63 	63 
003525 	404 	66 	63 	63 
003526 	402 	62 	76 	76 
003527 	402 	62 	76 	76 
003528 	402 	62 	76 	76 
003529 	402 	62 	76 	76 
003530 	411 	73 	63 	63 
003531 	411 	73 	63 	63 
003532 	411 	73 	63 	63 
003533 	411 	73 	63 	63 
003534 	411 	73 	63 	63 
003535 	411 	73 	63 	63 
003536 	411 	73 	63 	63 
003537 	411 	73 	63 	63 
003538 	411 	73 	63 	63 
003539 	411 	73 	63 	63 
003540 	411 	73 	63 	63 
003541 	411 	73 	63 	63 
003542 	402 	62 	76 	76 
003543 	402 	62 	76 	76 
003544 	404 	73 	63 	63 
003545 	404 	73 	63 	63 
003546 	394 	62 	75 	76 
003547 	394 	62 	75 	76 
003548 	394 	62 	75 	76 
003549 	394 	62 	75 	76 
003550 	394 	62 	75 	76 
003551 	394 	62 	75 	76 
003552 	394 	62 	75 	76 
003553 	394 	62 	75 	76 
003554 	394 	62 	75 	76 
003555 	394 	62 	75 	76 
003556 	397 	73 	63 	63 
003557 	397 	66 	63 	63 
003558 	397 	66 	63 	63 
003559 	397 	66 	63 	63 
003560 	397 	66 	63 	63 
003561 	397 	66 	63 	63 
003562 	397 	66 	63 	63 
003563 	397 	66 	63 	63 
003564 	397 	66 	63 	63 
003565 	397 	66 	63 	63 
003566 	397 	66 	63 	63 
003567 	397 	66 	63 	63 
003568 	397 	66 	63 	63 
003569 	397 	66 	63 	63 
003570 	394 	62 	75 	76 
003571 	394 	62 	75 	76 
003572 	394 	62 	75 	76 
003573 	394 	62 	75 	76 
003574 	404 	66 	63 	63 
003575 	404 	66 	63 	63 
003576 	404 	66 	63 	63 
003577 	404 	66 	63 	63 
003578 	404 	66 	63 	63 
003579 	404 	66 	63 	63 
003580 	404 	66 	63 	63 
003581 	404 	66 	63 	63 
003582 	404 	66 	63 	63 
003583 	402 	62 	76 	76 
003584 	402 	62 	76 	76 
003585 	402 	62 	76 	76 
003586 	402 	62 	76 	76 
003587 	402 	62 	76 	76 
003588 	402 	62 	76 	76 
003589 	402 	62 	76 	76 
003590 	402 	62 	76 	76 
003591 	402 	62 	76 	76 
003592 	402 	62 	76 	76 
003593 	402 	62 	76 	76 
003594 	402 	62 	76 	76 
003595 	402 	62 	76 	76 
003596 	402 	62 	76 	76 
003597 	402 	62 	76 	76 
003598 	402 	62 	76 	76 
003599 	402 	62 	76 	76 
003600 	402 	62 	76 	76 
003601 	402 	62 	76 	76 
003602 	402 	62 	76 	76 
003603 	402 	62 	76 	76 
003604 	402 	62 	76 	76 
003605 	402 	62 	76 	76 
003606 	411 	66 	63 	63 
003607 	402 	54 	76 	76 
003608 	402 	54 	76 	76 
003609 	402 	54 	76 	76 
003610 	411 	66 	63 	63 
003611 	402 	62 	76 	76 
003612 	402 	62 	76 	76 
003613 	402 	62 	76 	76 
003614 	402 	62 	76 	76 
003615 	402 	62 	76 	76 
003616 	402 	62 	76 	76 
003617 	402 	62 	76 	76 
003618 	402 	62 	76 	76 
003619 	402 	62 	76 	76 
003620 	402 	62 	76 	76 
003621 	402 	62 	76 	76 
003622 	402 	62 	76 	76 
003623 	402 	62 	76 	76 
003624 	402 	62 	76 	76 
003625 	402 	62 	76 	76 
003626 	402 	62 	76 	76 
003627 	402 	62 	76 	76 
003628 	402 	62 	76 	76 
003629 	402 	62 	76 	76 
003630 	402 	62 	76 	76 
003631 	404 	59 	63 	63 
003632 	404 	59 	63 	63 
003633 	404 	59 	63 	63 
003634 	404 	59 	63 	63 
003635 	404 	59 	63 	63 
003636 	404 	59 	63 	63 
003637 	404 	66 	63 	63 
003638 	404 	66 	63 	63 
003639 	404 	66 	63 	63 
003640 	404 	66 	63 	63 
003641 	404 	73 	63 	63 
003642 	404 	73 	63 	63 
003643 	404 	73 	63 	63 
003644 	404 	66 	63 	63 
003645 	404 	66 	63 	63 
003646 	404 	66 	63 	63 
003647 	404 	66 	63 	63 
003648 	404 	66 	63 	63 
003649 	402 	62 	76 	76 
003650 	402 	62 	76 	76 
003651 	402 	62 	76 	76 
003652 	402 	71 	76 	75 
003653 	402 	71 	76 	75 
003654 	402 	62 	76 	76 
003655 	402 	62 	76 	76 
003656 	402 	62 	76 	76 
003657 	402 	62 	76 	76 
003658 	402 	62 	76 	76 
