Identity  : 	id10634
Reference : 	i_yVjUSOYAA
Offset    : 	-1
FV Conf   : 	27.351
ASD Conf  : 	7.435

FRAME 	X 	Y 	W 	H 
005920 	410 	62 	76 	76 
005921 	410 	62 	76 	76 
005922 	410 	62 	76 	76 
005923 	411 	66 	63 	63 
005924 	411 	66 	63 	63 
005925 	411 	66 	63 	63 
005926 	411 	66 	63 	63 
005927 	411 	66 	63 	63 
005928 	411 	66 	63 	63 
005929 	411 	66 	63 	63 
005930 	411 	66 	63 	63 
005931 	411 	66 	63 	63 
005932 	411 	66 	63 	63 
005933 	402 	62 	76 	76 
005934 	402 	62 	76 	76 
005935 	402 	62 	76 	76 
005936 	402 	62 	76 	76 
005937 	402 	62 	76 	76 
005938 	402 	62 	76 	76 
005939 	402 	62 	76 	76 
005940 	404 	66 	63 	63 
005941 	402 	62 	76 	76 
005942 	402 	62 	76 	76 
005943 	402 	62 	76 	76 
005944 	402 	62 	76 	76 
005945 	402 	62 	76 	76 
005946 	402 	62 	76 	76 
005947 	411 	66 	63 	63 
005948 	411 	66 	63 	63 
005949 	411 	66 	63 	63 
005950 	411 	66 	63 	63 
005951 	411 	66 	63 	63 
005952 	411 	66 	63 	63 
005953 	411 	66 	63 	63 
005954 	411 	66 	63 	63 
005955 	411 	66 	63 	63 
005956 	411 	66 	63 	63 
005957 	411 	66 	63 	63 
005958 	411 	66 	63 	63 
005959 	411 	66 	63 	63 
005960 	411 	66 	63 	63 
005961 	411 	66 	63 	63 
005962 	411 	66 	63 	63 
005963 	411 	66 	63 	63 
005964 	411 	66 	63 	63 
005965 	411 	66 	63 	63 
005966 	411 	66 	63 	63 
005967 	411 	66 	63 	63 
005968 	411 	66 	63 	63 
005969 	411 	66 	63 	63 
005970 	411 	66 	63 	63 
005971 	411 	66 	63 	63 
005972 	411 	66 	63 	63 
005973 	411 	66 	63 	63 
005974 	411 	66 	63 	63 
005975 	411 	66 	63 	63 
005976 	411 	66 	63 	63 
005977 	411 	66 	63 	63 
005978 	411 	66 	63 	63 
005979 	411 	66 	63 	63 
005980 	411 	66 	63 	63 
005981 	411 	66 	63 	63 
005982 	411 	66 	63 	63 
005983 	411 	66 	63 	63 
005984 	411 	66 	63 	63 
005985 	411 	66 	63 	63 
005986 	410 	62 	76 	76 
005987 	410 	62 	76 	76 
005988 	410 	62 	76 	76 
005989 	418 	66 	63 	63 
005990 	410 	62 	76 	76 
005991 	410 	62 	76 	76 
005992 	410 	62 	76 	76 
005993 	410 	62 	76 	76 
005994 	410 	62 	76 	76 
005995 	410 	62 	76 	76 
005996 	410 	62 	76 	76 
005997 	410 	62 	76 	76 
005998 	410 	62 	76 	76 
005999 	410 	62 	76 	76 
006000 	410 	62 	76 	76 
006001 	410 	62 	76 	76 
006002 	410 	62 	76 	76 
006003 	410 	62 	76 	76 
006004 	410 	62 	76 	76 
006005 	410 	62 	76 	76 
006006 	410 	62 	76 	76 
006007 	410 	62 	76 	76 
006008 	411 	66 	63 	63 
006009 	411 	66 	63 	63 
006010 	411 	66 	63 	63 
006011 	411 	66 	63 	63 
006012 	411 	66 	63 	63 
006013 	411 	66 	63 	63 
006014 	411 	66 	63 	63 
006015 	411 	66 	63 	63 
006016 	411 	66 	63 	63 
006017 	411 	66 	63 	63 
006018 	411 	66 	63 	63 
006019 	411 	66 	63 	63 
006020 	411 	66 	63 	63 
006021 	411 	66 	63 	63 
006022 	411 	66 	63 	63 
006023 	411 	66 	63 	63 
006024 	411 	66 	63 	63 
006025 	411 	66 	63 	63 
006026 	411 	66 	63 	63 
006027 	411 	66 	63 	63 
006028 	411 	66 	63 	63 
006029 	411 	66 	63 	63 
006030 	411 	66 	63 	63 
006031 	411 	66 	63 	63 
006032 	411 	66 	63 	63 
006033 	411 	66 	63 	63 
006034 	411 	66 	63 	63 
006035 	418 	66 	63 	63 
006036 	418 	66 	63 	63 
006037 	418 	66 	63 	63 
006038 	418 	66 	63 	63 
006039 	418 	66 	63 	63 
006040 	418 	66 	63 	63 
006041 	418 	66 	63 	63 
006042 	418 	66 	63 	63 
006043 	410 	62 	76 	76 
006044 	418 	66 	63 	63 
006045 	418 	66 	63 	63 
006046 	410 	62 	76 	76 
006047 	410 	62 	76 	76 
006048 	410 	62 	76 	76 
006049 	410 	62 	76 	76 
006050 	410 	62 	76 	76 
006051 	418 	73 	63 	63 
006052 	410 	62 	76 	76 
006053 	418 	73 	63 	63 
006054 	410 	62 	76 	76 
006055 	410 	62 	76 	76 
006056 	418 	73 	63 	63 
006057 	410 	62 	76 	76 
006058 	418 	66 	63 	63 
006059 	410 	62 	76 	76 
006060 	418 	66 	63 	63 
006061 	418 	66 	63 	63 
006062 	418 	66 	63 	63 
006063 	410 	62 	76 	76 
006064 	411 	66 	63 	63 
006065 	411 	66 	63 	63 
006066 	411 	66 	63 	63 
006067 	411 	66 	63 	63 
006068 	411 	66 	63 	63 
006069 	411 	66 	63 	63 
006070 	402 	62 	76 	76 
006071 	402 	62 	76 	76 
006072 	402 	62 	76 	76 
006073 	404 	66 	63 	63 
006074 	404 	66 	63 	63 
006075 	404 	66 	63 	63 
006076 	404 	66 	63 	63 
006077 	404 	66 	63 	63 
006078 	404 	66 	63 	63 
006079 	404 	66 	63 	63 
006080 	404 	66 	63 	63 
006081 	404 	66 	63 	63 
006082 	404 	66 	63 	63 
006083 	404 	66 	63 	63 
006084 	394 	62 	75 	76 
006085 	394 	62 	75 	76 
006086 	394 	62 	75 	76 
006087 	394 	62 	75 	76 
006088 	394 	62 	75 	76 
006089 	394 	62 	75 	76 
006090 	404 	66 	63 	63 
006091 	404 	66 	63 	63 
006092 	404 	66 	63 	63 
006093 	404 	66 	63 	63 
006094 	404 	66 	63 	63 
006095 	404 	66 	63 	63 
006096 	402 	62 	76 	76 
006097 	402 	62 	76 	76 
006098 	402 	62 	76 	76 
006099 	411 	66 	63 	63 
006100 	411 	73 	63 	63 
006101 	411 	73 	63 	63 
006102 	410 	62 	76 	76 
006103 	410 	62 	76 	76 
006104 	410 	62 	76 	76 
006105 	418 	73 	63 	63 
006106 	418 	73 	63 	63 
006107 	418 	73 	63 	63 
006108 	418 	73 	63 	63 
006109 	410 	62 	76 	76 
006110 	410 	62 	76 	76 
006111 	418 	66 	63 	63 
006112 	418 	66 	63 	63 
006113 	418 	66 	63 	63 
006114 	410 	62 	76 	76 
006115 	410 	62 	76 	76 
006116 	418 	73 	63 	63 
006117 	418 	73 	63 	63 
006118 	418 	73 	63 	63 
006119 	418 	73 	63 	63 
006120 	418 	73 	63 	63 
006121 	418 	73 	63 	63 
006122 	410 	62 	76 	76 
006123 	410 	62 	76 	76 
006124 	410 	62 	76 	76 
006125 	410 	62 	76 	76 
006126 	410 	62 	76 	76 
006127 	410 	71 	76 	75 
006128 	410 	71 	76 	75 
006129 	410 	71 	76 	75 
006130 	410 	71 	76 	75 
006131 	410 	71 	76 	75 
006132 	418 	73 	63 	63 
006133 	418 	73 	63 	63 
006134 	410 	62 	76 	76 
006135 	418 	66 	63 	63 
006136 	410 	62 	76 	76 
006137 	418 	66 	63 	63 
006138 	418 	73 	63 	63 
006139 	418 	73 	63 	63 
006140 	410 	71 	76 	75 
006141 	410 	71 	76 	75 
006142 	410 	71 	76 	75 
006143 	410 	71 	76 	75 
006144 	418 	73 	63 	63 
006145 	418 	73 	63 	63 
006146 	418 	73 	63 	63 
006147 	418 	66 	63 	63 
006148 	418 	66 	63 	63 
006149 	418 	66 	63 	63 
006150 	410 	62 	76 	76 
