Identity  : 	id10567
Reference : 	HJAaLIHoabo
Offset    : 	0
FV Conf   : 	16.222
ASD Conf  : 	8.627

FRAME 	X 	Y 	W 	H 
002913 	269 	102 	108 	109 
002914 	269 	102 	108 	109 
002915 	269 	102 	108 	109 
002916 	269 	102 	108 	109 
002917 	269 	102 	108 	109 
002918 	269 	102 	108 	109 
002919 	269 	102 	108 	109 
002920 	269 	102 	108 	109 
002921 	269 	102 	108 	109 
002922 	269 	102 	108 	109 
002923 	269 	102 	108 	109 
002924 	251 	94 	130 	130 
002925 	257 	90 	109 	109 
002926 	257 	90 	109 	109 
002927 	257 	90 	109 	109 
002928 	245 	78 	109 	109 
002929 	245 	78 	109 	109 
002930 	245 	78 	109 	109 
002931 	245 	78 	109 	109 
002932 	245 	78 	109 	109 
002933 	245 	78 	109 	109 
002934 	245 	78 	109 	109 
002935 	245 	78 	109 	109 
002936 	245 	78 	109 	109 
002937 	245 	78 	109 	109 
002938 	245 	90 	109 	109 
002939 	237 	80 	130 	130 
002940 	257 	90 	109 	109 
002941 	257 	90 	109 	109 
002942 	257 	90 	109 	109 
002943 	257 	90 	109 	109 
002944 	257 	90 	109 	109 
002945 	257 	90 	109 	109 
002946 	257 	90 	109 	109 
002947 	257 	90 	109 	109 
002948 	257 	90 	109 	109 
002949 	257 	90 	109 	109 
002950 	257 	90 	109 	109 
002951 	257 	90 	109 	109 
002952 	257 	90 	109 	109 
002953 	257 	90 	109 	109 
002954 	257 	90 	109 	109 
002955 	257 	90 	109 	109 
002956 	257 	90 	109 	109 
002957 	257 	90 	109 	109 
002958 	257 	90 	109 	109 
002959 	257 	90 	109 	109 
002960 	251 	94 	130 	130 
002961 	251 	94 	130 	130 
002962 	269 	102 	108 	109 
002963 	257 	102 	109 	109 
002964 	257 	102 	109 	109 
002965 	257 	102 	109 	109 
002966 	257 	102 	109 	109 
002967 	245 	102 	109 	109 
002968 	245 	114 	109 	109 
002969 	245 	114 	109 	109 
002970 	245 	114 	109 	109 
002971 	245 	114 	109 	109 
002972 	245 	114 	109 	109 
002973 	245 	102 	109 	109 
002974 	237 	94 	130 	130 
002975 	257 	102 	109 	109 
002976 	257 	102 	109 	109 
002977 	269 	114 	108 	109 
002978 	269 	114 	108 	109 
002979 	269 	114 	108 	109 
002980 	269 	114 	108 	109 
002981 	269 	114 	108 	109 
002982 	257 	102 	109 	109 
002983 	257 	114 	109 	109 
002984 	264 	115 	90 	91 
002985 	245 	102 	109 	109 
002986 	245 	102 	109 	109 
002987 	245 	102 	109 	109 
002988 	245 	102 	109 	109 
002989 	245 	102 	109 	109 
002990 	257 	102 	109 	109 
002991 	257 	102 	109 	109 
002992 	269 	102 	108 	109 
002993 	269 	102 	108 	109 
002994 	269 	102 	108 	109 
002995 	269 	102 	108 	109 
002996 	269 	102 	108 	109 
002997 	266 	80 	130 	130 
002998 	266 	80 	130 	130 
002999 	266 	80 	130 	130 
003000 	269 	102 	108 	109 
003001 	269 	102 	108 	109 
003002 	269 	102 	108 	109 
003003 	269 	102 	108 	109 
003004 	269 	102 	108 	109 
003005 	269 	102 	108 	109 
003006 	269 	102 	108 	109 
003007 	269 	90 	108 	109 
003008 	257 	90 	109 	109 
003009 	257 	90 	109 	109 
003010 	257 	90 	109 	109 
003011 	257 	90 	109 	109 
003012 	257 	90 	109 	109 
003013 	257 	90 	109 	109 
003014 	257 	90 	109 	109 
003015 	251 	80 	130 	130 
003016 	251 	80 	130 	130 
003017 	269 	90 	108 	109 
003018 	269 	90 	108 	109 
003019 	269 	90 	108 	109 
003020 	269 	90 	108 	109 
003021 	251 	80 	130 	130 
003022 	269 	102 	108 	109 
003023 	251 	80 	130 	130 
003024 	257 	102 	109 	109 
003025 	257 	102 	109 	109 
003026 	257 	102 	109 	109 
003027 	245 	102 	109 	109 
003028 	245 	102 	109 	109 
003029 	245 	114 	109 	109 
003030 	245 	114 	109 	109 
003031 	245 	114 	109 	109 
003032 	245 	114 	109 	109 
003033 	245 	114 	109 	109 
003034 	245 	114 	109 	109 
003035 	245 	114 	109 	109 
003036 	245 	102 	109 	109 
003037 	245 	102 	109 	109 
003038 	245 	102 	109 	109 
003039 	245 	102 	109 	109 
003040 	245 	102 	109 	109 
003041 	245 	102 	109 	109 
003042 	223 	80 	130 	130 
003043 	223 	80 	130 	130 
003044 	223 	80 	130 	130 
003045 	223 	80 	130 	130 
003046 	223 	80 	130 	130 
003047 	223 	80 	130 	130 
003048 	223 	80 	130 	130 
003049 	223 	80 	130 	130 
