Identity  : 	id10631
Reference : 	Uw5O9yfAEzM
Offset    : 	-1
FV Conf   : 	14.674
ASD Conf  : 	8.513

FRAME 	X 	Y 	W 	H 
001852 	266 	94 	130 	130 
001853 	266 	94 	130 	130 
001854 	266 	94 	130 	130 
001855 	266 	94 	130 	130 
001856 	266 	94 	130 	130 
001857 	266 	94 	130 	130 
001858 	266 	94 	130 	130 
001859 	266 	94 	130 	130 
001860 	266 	94 	130 	130 
001861 	266 	94 	130 	130 
001862 	266 	94 	130 	130 
001863 	266 	94 	130 	130 
001864 	266 	94 	130 	130 
001865 	266 	94 	130 	130 
001866 	266 	94 	130 	130 
001867 	266 	94 	130 	130 
001868 	266 	94 	130 	130 
001869 	266 	94 	130 	130 
001870 	266 	94 	130 	130 
001871 	266 	94 	130 	130 
001872 	266 	94 	130 	130 
001873 	266 	94 	130 	130 
001874 	266 	94 	130 	130 
001875 	266 	94 	130 	130 
001876 	266 	94 	130 	130 
001877 	266 	94 	130 	130 
001878 	266 	94 	130 	130 
001879 	266 	94 	130 	130 
001880 	280 	94 	130 	130 
001881 	280 	94 	130 	130 
001882 	280 	94 	130 	130 
001883 	294 	94 	130 	130 
001884 	294 	94 	130 	130 
001885 	294 	94 	130 	130 
001886 	294 	109 	130 	130 
001887 	309 	109 	130 	130 
001888 	294 	109 	130 	130 
001889 	294 	109 	130 	130 
001890 	309 	109 	130 	130 
001891 	309 	109 	130 	130 
001892 	309 	109 	130 	130 
001893 	294 	109 	130 	130 
001894 	294 	109 	130 	130 
001895 	294 	109 	130 	130 
001896 	294 	109 	130 	130 
001897 	294 	109 	130 	130 
001898 	280 	109 	130 	130 
001899 	280 	109 	130 	130 
001900 	280 	109 	130 	130 
001901 	266 	109 	130 	130 
001902 	266 	109 	130 	130 
001903 	266 	109 	130 	130 
001904 	266 	109 	130 	130 
001905 	266 	109 	130 	130 
001906 	266 	109 	130 	130 
001907 	280 	109 	130 	130 
001908 	280 	109 	130 	130 
001909 	294 	109 	130 	130 
001910 	294 	109 	130 	130 
001911 	309 	109 	130 	130 
001912 	309 	109 	130 	130 
001913 	309 	109 	130 	130 
001914 	309 	109 	130 	130 
001915 	309 	109 	130 	130 
001916 	309 	109 	130 	130 
001917 	309 	109 	130 	130 
001918 	309 	109 	130 	130 
001919 	309 	109 	130 	130 
001920 	309 	109 	130 	130 
001921 	309 	109 	130 	130 
001922 	309 	109 	130 	130 
001923 	309 	109 	130 	130 
001924 	309 	109 	130 	130 
001925 	309 	109 	130 	130 
001926 	309 	109 	130 	130 
001927 	294 	109 	130 	130 
001928 	294 	109 	130 	130 
001929 	294 	109 	130 	130 
001930 	280 	109 	130 	130 
001931 	280 	109 	130 	130 
001932 	280 	109 	130 	130 
001933 	266 	109 	130 	130 
001934 	266 	109 	130 	130 
001935 	280 	109 	130 	130 
001936 	280 	109 	130 	130 
001937 	280 	109 	130 	130 
001938 	280 	109 	130 	130 
001939 	280 	109 	130 	130 
001940 	294 	109 	130 	130 
001941 	294 	109 	130 	130 
001942 	294 	109 	130 	130 
001943 	294 	109 	130 	130 
001944 	294 	109 	130 	130 
001945 	309 	109 	130 	130 
001946 	309 	109 	130 	130 
001947 	309 	109 	130 	130 
001948 	309 	109 	130 	130 
001949 	309 	109 	130 	130 
001950 	309 	109 	130 	130 
001951 	309 	94 	130 	130 
001952 	309 	94 	130 	130 
001953 	309 	94 	130 	130 
001954 	309 	109 	130 	130 
001955 	309 	109 	130 	130 
001956 	309 	109 	130 	130 
001957 	309 	109 	130 	130 
001958 	309 	109 	130 	130 
001959 	309 	109 	130 	130 
001960 	309 	109 	130 	130 
001961 	309 	109 	130 	130 
001962 	323 	109 	130 	130 
001963 	323 	109 	130 	130 
001964 	323 	109 	130 	130 
001965 	323 	109 	130 	130 
001966 	323 	109 	130 	130 
001967 	323 	94 	130 	130 
001968 	323 	94 	130 	130 
001969 	323 	94 	130 	130 
001970 	323 	94 	130 	130 
001971 	323 	94 	130 	130 
001972 	323 	94 	130 	130 
001973 	323 	94 	130 	130 
001974 	323 	94 	130 	130 
001975 	323 	94 	130 	130 
001976 	323 	94 	130 	130 
001977 	309 	94 	130 	130 
001978 	309 	94 	130 	130 
001979 	309 	94 	130 	130 
001980 	309 	94 	130 	130 
001981 	309 	94 	130 	130 
001982 	309 	94 	130 	130 
001983 	309 	94 	130 	130 
001984 	309 	94 	130 	130 
001985 	309 	94 	130 	130 
001986 	294 	94 	130 	130 
001987 	294 	94 	130 	130 
001988 	294 	94 	130 	130 
001989 	294 	94 	130 	130 
001990 	309 	80 	130 	130 
001991 	309 	80 	130 	130 
001992 	309 	94 	130 	130 
001993 	309 	94 	130 	130 
001994 	309 	94 	130 	130 
001995 	323 	94 	130 	130 
001996 	323 	109 	130 	130 
001997 	323 	94 	130 	130 
001998 	323 	94 	130 	130 
001999 	323 	94 	130 	130 
002000 	323 	94 	130 	130 
002001 	323 	94 	130 	130 
002002 	323 	94 	130 	130 
002003 	309 	94 	130 	130 
002004 	309 	94 	130 	130 
002005 	309 	94 	130 	130 
002006 	317 	102 	108 	109 
002007 	294 	94 	130 	130 
002008 	294 	94 	130 	130 
002009 	294 	94 	130 	130 
002010 	294 	94 	130 	130 
002011 	294 	94 	130 	130 
002012 	294 	94 	130 	130 
002013 	294 	94 	130 	130 
002014 	294 	94 	130 	130 
002015 	294 	94 	130 	130 
002016 	294 	94 	130 	130 
002017 	309 	109 	130 	130 
002018 	309 	109 	130 	130 
002019 	309 	109 	130 	130 
002020 	309 	109 	130 	130 
002021 	309 	109 	130 	130 
002022 	309 	109 	130 	130 
002023 	309 	109 	130 	130 
002024 	309 	109 	130 	130 
002025 	309 	109 	130 	130 
002026 	309 	109 	130 	130 
002027 	294 	109 	130 	130 
002028 	294 	94 	130 	130 
002029 	280 	94 	130 	130 
002030 	280 	94 	130 	130 
002031 	280 	94 	130 	130 
002032 	266 	109 	130 	130 
002033 	266 	109 	130 	130 
002034 	266 	109 	130 	130 
002035 	266 	109 	130 	130 
002036 	266 	109 	130 	130 
002037 	280 	109 	130 	130 
002038 	280 	109 	130 	130 
002039 	280 	109 	130 	130 
002040 	280 	109 	130 	130 
002041 	294 	94 	130 	130 
002042 	294 	94 	130 	130 
002043 	309 	94 	130 	130 
002044 	309 	94 	130 	130 
002045 	309 	94 	130 	130 
002046 	309 	94 	130 	130 
002047 	309 	94 	130 	130 
002048 	309 	94 	130 	130 
002049 	309 	80 	130 	130 
002050 	309 	80 	130 	130 
002051 	309 	80 	130 	130 
002052 	309 	80 	130 	130 
002053 	309 	80 	130 	130 
002054 	309 	80 	130 	130 
002055 	309 	80 	130 	130 
002056 	309 	80 	130 	130 
002057 	317 	78 	108 	109 
002058 	294 	66 	130 	130 
002059 	294 	66 	130 	130 
002060 	294 	66 	130 	130 
002061 	294 	66 	130 	130 
002062 	294 	66 	130 	130 
002063 	280 	51 	130 	130 
002064 	280 	51 	130 	130 
002065 	280 	51 	130 	130 
002066 	280 	51 	130 	130 
002067 	280 	51 	130 	130 
002068 	280 	51 	130 	130 
002069 	280 	51 	130 	130 
002070 	280 	51 	130 	130 
002071 	280 	51 	130 	130 
002072 	280 	51 	130 	130 
