Identity  : 	id10631
Reference : 	Uw5O9yfAEzM
Offset    : 	-1
FV Conf   : 	14.857
ASD Conf  : 	7.505

FRAME 	X 	Y 	W 	H 
009940 	251 	109 	130 	130 
009941 	251 	109 	130 	130 
009942 	266 	109 	130 	130 
009943 	266 	109 	130 	130 
009944 	266 	94 	130 	130 
009945 	266 	94 	130 	130 
009946 	266 	94 	130 	130 
009947 	266 	94 	130 	130 
009948 	280 	94 	130 	130 
009949 	280 	94 	130 	130 
009950 	280 	94 	130 	130 
009951 	280 	94 	130 	130 
009952 	294 	94 	130 	130 
009953 	294 	94 	130 	130 
009954 	294 	94 	130 	130 
009955 	294 	94 	130 	130 
009956 	294 	94 	130 	130 
009957 	294 	94 	130 	130 
009958 	280 	94 	130 	130 
009959 	280 	80 	130 	130 
009960 	280 	80 	130 	130 
009961 	266 	94 	130 	130 
009962 	266 	94 	130 	130 
009963 	251 	94 	130 	130 
009964 	251 	94 	130 	130 
009965 	237 	94 	130 	130 
009966 	223 	94 	130 	130 
009967 	223 	94 	130 	130 
009968 	223 	94 	130 	130 
009969 	223 	94 	130 	130 
009970 	208 	94 	130 	130 
009971 	208 	94 	130 	130 
009972 	208 	94 	130 	130 
009973 	208 	94 	130 	130 
009974 	223 	94 	130 	130 
009975 	223 	94 	130 	130 
009976 	223 	94 	130 	130 
009977 	223 	94 	130 	130 
009978 	223 	80 	130 	130 
009979 	237 	80 	130 	130 
009980 	237 	80 	130 	130 
009981 	237 	80 	130 	130 
009982 	237 	80 	130 	130 
009983 	237 	80 	130 	130 
009984 	237 	80 	130 	130 
009985 	251 	80 	130 	130 
009986 	251 	80 	130 	130 
009987 	251 	80 	130 	130 
009988 	266 	80 	130 	130 
009989 	266 	80 	130 	130 
009990 	266 	80 	130 	130 
009991 	266 	80 	130 	130 
009992 	266 	80 	130 	130 
009993 	266 	80 	130 	130 
009994 	251 	80 	130 	130 
009995 	251 	80 	130 	130 
009996 	251 	80 	130 	130 
009997 	237 	80 	130 	130 
009998 	237 	80 	130 	130 
009999 	237 	80 	130 	130 
010000 	237 	80 	130 	130 
010001 	237 	94 	130 	130 
010002 	237 	94 	130 	130 
010003 	237 	94 	130 	130 
010004 	233 	79 	156 	156 
010005 	251 	94 	130 	130 
010006 	251 	80 	130 	130 
010007 	251 	80 	130 	130 
010008 	251 	80 	130 	130 
010009 	251 	80 	130 	130 
010010 	251 	80 	130 	130 
010011 	251 	80 	130 	130 
010012 	251 	80 	130 	130 
010013 	251 	80 	130 	130 
010014 	251 	80 	130 	130 
010015 	251 	80 	130 	130 
010016 	251 	80 	130 	130 
010017 	251 	80 	130 	130 
010018 	251 	80 	130 	130 
010019 	251 	80 	130 	130 
010020 	233 	62 	156 	155 
010021 	237 	80 	130 	130 
010022 	237 	80 	130 	130 
010023 	237 	80 	130 	130 
010024 	237 	80 	130 	130 
010025 	237 	80 	130 	130 
010026 	237 	80 	130 	130 
010027 	216 	79 	156 	156 
010028 	223 	80 	130 	130 
010029 	223 	80 	130 	130 
010030 	223 	80 	130 	130 
010031 	223 	80 	130 	130 
010032 	223 	80 	130 	130 
010033 	223 	80 	130 	130 
010034 	223 	80 	130 	130 
010035 	223 	80 	130 	130 
010036 	216 	79 	156 	156 
010037 	216 	79 	156 	156 
010038 	237 	94 	130 	130 
010039 	216 	79 	156 	156 
010040 	223 	80 	130 	130 
010041 	237 	80 	130 	130 
010042 	237 	80 	130 	130 
010043 	233 	62 	156 	155 
010044 	233 	62 	156 	155 
010045 	233 	62 	156 	155 
010046 	237 	80 	130 	130 
010047 	237 	80 	130 	130 
010048 	237 	66 	130 	130 
010049 	237 	66 	130 	130 
010050 	237 	66 	130 	130 
010051 	237 	66 	130 	130 
010052 	223 	66 	130 	130 
010053 	223 	66 	130 	130 
010054 	208 	66 	130 	130 
010055 	208 	66 	130 	130 
010056 	194 	80 	130 	130 
010057 	194 	80 	130 	130 
010058 	194 	80 	130 	130 
010059 	194 	80 	130 	130 
010060 	208 	80 	130 	130 
010061 	208 	80 	130 	130 
010062 	208 	80 	130 	130 
010063 	209 	90 	109 	109 
010064 	194 	94 	130 	130 
010065 	194 	94 	130 	130 
010066 	194 	94 	130 	130 
010067 	194 	94 	130 	130 
010068 	194 	94 	130 	130 
010069 	194 	109 	130 	130 
010070 	194 	109 	130 	130 
010071 	194 	109 	130 	130 
010072 	180 	109 	130 	130 
010073 	180 	109 	130 	130 
010074 	180 	94 	130 	130 
010075 	194 	80 	130 	130 
010076 	194 	80 	130 	130 
010077 	194 	80 	130 	130 
010078 	194 	66 	130 	130 
010079 	194 	80 	130 	130 
010080 	194 	80 	130 	130 
010081 	194 	94 	130 	130 
010082 	194 	94 	130 	130 
010083 	194 	109 	130 	130 
