Identity  : 	id11053
Reference : 	9DktI1W4zQw
Offset    : 	0
FV Conf   : 	15.791
ASD Conf  : 	7.917

FRAME 	X 	Y 	W 	H 
004478 	245 	78 	109 	109 
004479 	245 	78 	109 	109 
004480 	245 	78 	109 	109 
004481 	245 	78 	109 	109 
004482 	245 	78 	109 	109 
004483 	245 	78 	109 	109 
004484 	245 	78 	109 	109 
004485 	245 	78 	109 	109 
004486 	245 	78 	109 	109 
004487 	245 	78 	109 	109 
004488 	245 	78 	109 	109 
004489 	245 	78 	109 	109 
004490 	257 	78 	109 	109 
004491 	257 	78 	109 	109 
004492 	257 	66 	109 	109 
004493 	257 	66 	109 	109 
004494 	257 	66 	109 	109 
004495 	257 	66 	109 	109 
004496 	257 	66 	109 	109 
004497 	257 	66 	109 	109 
004498 	257 	66 	109 	109 
004499 	257 	66 	109 	109 
004500 	257 	66 	109 	109 
004501 	257 	66 	109 	109 
004502 	257 	66 	109 	109 
004503 	257 	66 	109 	109 
004504 	257 	78 	109 	109 
004505 	257 	78 	109 	109 
004506 	257 	78 	109 	109 
004507 	257 	78 	109 	109 
004508 	257 	78 	109 	109 
004509 	257 	78 	109 	109 
004510 	257 	78 	109 	109 
004511 	257 	78 	109 	109 
004512 	257 	78 	109 	109 
004513 	257 	78 	109 	109 
004514 	257 	78 	109 	109 
004515 	257 	78 	109 	109 
004516 	257 	78 	109 	109 
004517 	257 	78 	109 	109 
004518 	257 	78 	109 	109 
004519 	257 	78 	109 	109 
004520 	257 	78 	109 	109 
004521 	257 	78 	109 	109 
004522 	257 	78 	109 	109 
004523 	257 	78 	109 	109 
004524 	257 	78 	109 	109 
004525 	257 	78 	109 	109 
004526 	257 	78 	109 	109 
004527 	257 	78 	109 	109 
004528 	257 	78 	109 	109 
004529 	257 	78 	109 	109 
004530 	257 	78 	109 	109 
004531 	257 	90 	109 	109 
004532 	257 	90 	109 	109 
004533 	257 	90 	109 	109 
004534 	257 	90 	109 	109 
004535 	257 	90 	109 	109 
004536 	257 	90 	109 	109 
004537 	257 	90 	109 	109 
004538 	257 	90 	109 	109 
004539 	257 	90 	109 	109 
004540 	257 	90 	109 	109 
004541 	257 	90 	109 	109 
004542 	257 	90 	109 	109 
004543 	257 	90 	109 	109 
004544 	257 	90 	109 	109 
004545 	257 	90 	109 	109 
004546 	257 	102 	109 	109 
004547 	257 	102 	109 	109 
004548 	257 	102 	109 	109 
004549 	257 	102 	109 	109 
004550 	257 	102 	109 	109 
004551 	257 	102 	109 	109 
004552 	257 	102 	109 	109 
004553 	257 	102 	109 	109 
004554 	257 	102 	109 	109 
004555 	257 	102 	109 	109 
004556 	257 	102 	109 	109 
004557 	257 	102 	109 	109 
004558 	257 	102 	109 	109 
004559 	257 	102 	109 	109 
004560 	257 	102 	109 	109 
004561 	257 	102 	109 	109 
004562 	257 	102 	109 	109 
004563 	257 	102 	109 	109 
004564 	257 	102 	109 	109 
004565 	257 	102 	109 	109 
004566 	257 	90 	109 	109 
004567 	257 	90 	109 	109 
004568 	257 	90 	109 	109 
004569 	257 	90 	109 	109 
004570 	257 	90 	109 	109 
004571 	257 	90 	109 	109 
004572 	257 	90 	109 	109 
004573 	257 	90 	109 	109 
004574 	257 	90 	109 	109 
004575 	257 	90 	109 	109 
004576 	257 	90 	109 	109 
004577 	257 	90 	109 	109 
004578 	257 	90 	109 	109 
004579 	257 	90 	109 	109 
004580 	257 	90 	109 	109 
004581 	257 	90 	109 	109 
004582 	257 	90 	109 	109 
004583 	257 	90 	109 	109 
004584 	257 	90 	109 	109 
004585 	245 	90 	109 	109 
004586 	245 	90 	109 	109 
004587 	245 	90 	109 	109 
004588 	245 	102 	109 	109 
004589 	245 	102 	109 	109 
004590 	245 	102 	109 	109 
004591 	245 	102 	109 	109 
004592 	245 	102 	109 	109 
004593 	245 	102 	109 	109 
004594 	245 	102 	109 	109 
004595 	245 	102 	109 	109 
004596 	245 	102 	109 	109 
004597 	245 	114 	109 	109 
004598 	245 	114 	109 	109 
004599 	245 	114 	109 	109 
004600 	245 	114 	109 	109 
004601 	245 	114 	109 	109 
004602 	245 	114 	109 	109 
004603 	245 	114 	109 	109 
