Identity  : 	id11053
Reference : 	9DktI1W4zQw
Offset    : 	0
FV Conf   : 	15.791
ASD Conf  : 	6.280

FRAME 	X 	Y 	W 	H 
004143 	257 	90 	109 	109 
004144 	257 	90 	109 	109 
004145 	257 	90 	109 	109 
004146 	257 	90 	109 	109 
004147 	257 	90 	109 	109 
004148 	257 	90 	109 	109 
004149 	257 	90 	109 	109 
004150 	257 	90 	109 	109 
004151 	257 	90 	109 	109 
004152 	257 	90 	109 	109 
004153 	257 	90 	109 	109 
004154 	257 	90 	109 	109 
004155 	257 	90 	109 	109 
004156 	257 	90 	109 	109 
004157 	257 	90 	109 	109 
004158 	257 	90 	109 	109 
004159 	257 	90 	109 	109 
004160 	257 	90 	109 	109 
004161 	257 	90 	109 	109 
004162 	257 	90 	109 	109 
004163 	257 	90 	109 	109 
004164 	257 	90 	109 	109 
004165 	257 	90 	109 	109 
004166 	257 	90 	109 	109 
004167 	257 	90 	109 	109 
004168 	257 	90 	109 	109 
004169 	257 	90 	109 	109 
004170 	257 	90 	109 	109 
004171 	257 	90 	109 	109 
004172 	257 	90 	109 	109 
004173 	257 	90 	109 	109 
004174 	257 	90 	109 	109 
004175 	257 	90 	109 	109 
004176 	257 	90 	109 	109 
004177 	257 	90 	109 	109 
004178 	257 	90 	109 	109 
004179 	257 	90 	109 	109 
004180 	257 	90 	109 	109 
004181 	257 	90 	109 	109 
004182 	257 	90 	109 	109 
004183 	257 	90 	109 	109 
004184 	257 	90 	109 	109 
004185 	257 	90 	109 	109 
004186 	257 	90 	109 	109 
004187 	257 	90 	109 	109 
004188 	257 	90 	109 	109 
004189 	257 	90 	109 	109 
004190 	257 	90 	109 	109 
004191 	257 	90 	109 	109 
004192 	257 	90 	109 	109 
004193 	257 	90 	109 	109 
004194 	257 	90 	109 	109 
004195 	257 	90 	109 	109 
004196 	257 	90 	109 	109 
004197 	257 	90 	109 	109 
004198 	257 	90 	109 	109 
004199 	257 	90 	109 	109 
004200 	257 	90 	109 	109 
004201 	257 	90 	109 	109 
004202 	257 	90 	109 	109 
004203 	257 	90 	109 	109 
004204 	257 	90 	109 	109 
004205 	257 	90 	109 	109 
004206 	257 	84 	109 	109 
004207 	257 	78 	109 	109 
004208 	245 	78 	109 	109 
004209 	245 	78 	109 	109 
004210 	245 	78 	109 	109 
004211 	245 	78 	109 	109 
004212 	245 	78 	109 	109 
004213 	245 	78 	109 	109 
004214 	245 	78 	109 	109 
004215 	245 	78 	109 	109 
004216 	245 	78 	109 	109 
004217 	245 	78 	109 	109 
004218 	245 	78 	109 	109 
004219 	245 	78 	109 	109 
004220 	245 	78 	109 	109 
004221 	245 	78 	109 	109 
004222 	245 	78 	109 	109 
004223 	245 	78 	109 	109 
004224 	245 	78 	109 	109 
004225 	245 	78 	109 	109 
004226 	245 	78 	109 	109 
004227 	245 	78 	109 	109 
004228 	245 	78 	109 	109 
004229 	245 	78 	109 	109 
004230 	245 	78 	109 	109 
004231 	245 	78 	109 	109 
004232 	245 	78 	109 	109 
004233 	245 	78 	109 	109 
004234 	245 	78 	109 	109 
004235 	245 	78 	109 	109 
004236 	245 	78 	109 	109 
004237 	245 	78 	109 	109 
004238 	245 	78 	109 	109 
004239 	245 	78 	109 	109 
004240 	245 	78 	109 	109 
004241 	245 	78 	109 	109 
004242 	245 	78 	109 	109 
004243 	245 	78 	109 	109 
004244 	245 	78 	109 	109 
004245 	245 	78 	109 	109 
004246 	245 	78 	109 	109 
004247 	245 	78 	109 	109 
004248 	245 	78 	109 	109 
004249 	245 	78 	109 	109 
004250 	245 	78 	109 	109 
004251 	245 	78 	109 	109 
004252 	245 	78 	109 	109 
004253 	245 	78 	109 	109 
004254 	245 	78 	109 	109 
004255 	245 	78 	109 	109 
004256 	245 	78 	109 	109 
004257 	245 	78 	109 	109 
004258 	233 	66 	109 	109 
004259 	245 	78 	109 	109 
004260 	245 	78 	109 	109 
004261 	245 	78 	109 	109 
004262 	245 	78 	109 	109 
004263 	245 	78 	109 	109 
004264 	245 	78 	109 	109 
004265 	245 	78 	109 	109 
004266 	245 	78 	109 	109 
004267 	245 	78 	109 	109 
004268 	245 	78 	109 	109 
004269 	245 	78 	109 	109 
004270 	245 	78 	109 	109 
004271 	245 	78 	109 	109 
004272 	245 	78 	109 	109 
004273 	245 	78 	109 	109 
004274 	245 	78 	109 	109 
004275 	245 	78 	109 	109 
004276 	245 	78 	109 	109 
004277 	245 	78 	109 	109 
004278 	245 	78 	109 	109 
004279 	245 	78 	109 	109 
004280 	245 	78 	109 	109 
004281 	245 	66 	109 	109 
004282 	245 	66 	109 	109 
004283 	245 	66 	109 	109 
004284 	245 	66 	109 	109 
004285 	245 	66 	109 	109 
004286 	245 	66 	109 	109 
004287 	245 	66 	109 	109 
004288 	245 	66 	109 	109 
004289 	245 	66 	109 	109 
004290 	245 	78 	109 	109 
004291 	245 	78 	109 	109 
004292 	245 	78 	109 	109 
004293 	245 	78 	109 	109 
004294 	245 	78 	109 	109 
004295 	245 	78 	109 	109 
004296 	245 	90 	109 	109 
004297 	245 	90 	109 	109 
004298 	245 	90 	109 	109 
004299 	245 	90 	109 	109 
004300 	245 	90 	109 	109 
004301 	245 	90 	109 	109 
004302 	245 	90 	109 	109 
004303 	257 	90 	109 	109 
004304 	257 	90 	109 	109 
004305 	257 	90 	109 	109 
004306 	257 	90 	109 	109 
004307 	257 	102 	109 	109 
004308 	257 	102 	109 	109 
004309 	257 	102 	109 	109 
004310 	257 	102 	109 	109 
004311 	257 	102 	109 	109 
004312 	257 	102 	109 	109 
004313 	257 	102 	109 	109 
004314 	257 	102 	109 	109 
004315 	257 	102 	109 	109 
004316 	257 	102 	109 	109 
004317 	257 	102 	109 	109 
004318 	257 	102 	109 	109 
004319 	257 	102 	109 	109 
004320 	257 	102 	109 	109 
004321 	257 	102 	109 	109 
004322 	245 	102 	109 	109 
004323 	245 	102 	109 	109 
004324 	245 	102 	109 	109 
004325 	245 	102 	109 	109 
004326 	245 	102 	109 	109 
004327 	245 	102 	109 	109 
004328 	245 	102 	109 	109 
004329 	245 	102 	109 	109 
004330 	245 	102 	109 	109 
004331 	245 	102 	109 	109 
004332 	245 	102 	109 	109 
004333 	245 	102 	109 	109 
004334 	233 	102 	109 	109 
004335 	233 	90 	109 	109 
