Identity  : 	id10839
Reference : 	Jat1jXjU4dg
Offset    : 	1
FV Conf   : 	11.827
ASD Conf  : 	7.344

FRAME 	X 	Y 	W 	H 
007649 	336 	54 	75 	76 
007650 	336 	54 	75 	76 
007651 	336 	54 	75 	76 
007652 	336 	54 	75 	76 
007653 	336 	54 	75 	76 
007654 	336 	54 	75 	76 
007655 	336 	54 	75 	76 
007656 	336 	54 	75 	76 
007657 	336 	54 	75 	76 
007658 	336 	54 	75 	76 
007659 	336 	54 	75 	76 
007660 	336 	54 	75 	76 
007661 	336 	54 	75 	76 
007662 	336 	54 	75 	76 
007663 	336 	54 	75 	76 
007664 	336 	54 	75 	76 
007665 	336 	54 	75 	76 
007666 	336 	54 	75 	76 
007667 	336 	54 	75 	76 
007668 	336 	54 	75 	76 
007669 	336 	54 	75 	76 
007670 	336 	54 	75 	76 
007671 	336 	54 	75 	76 
007672 	336 	54 	75 	76 
007673 	336 	54 	75 	76 
007674 	336 	54 	75 	76 
007675 	336 	54 	75 	76 
007676 	336 	54 	75 	76 
007677 	336 	54 	75 	76 
007678 	336 	54 	75 	76 
007679 	336 	54 	75 	76 
007680 	336 	54 	75 	76 
007681 	336 	54 	75 	76 
007682 	336 	54 	75 	76 
007683 	336 	54 	75 	76 
007684 	336 	54 	75 	76 
007685 	336 	54 	75 	76 
007686 	336 	54 	75 	76 
007687 	336 	54 	75 	76 
007688 	336 	54 	75 	76 
007689 	336 	54 	75 	76 
007690 	336 	54 	75 	76 
007691 	336 	54 	75 	76 
007692 	336 	54 	75 	76 
007693 	336 	54 	75 	76 
007694 	336 	54 	75 	76 
007695 	336 	54 	75 	76 
007696 	336 	54 	75 	76 
007697 	336 	54 	75 	76 
007698 	336 	54 	75 	76 
007699 	336 	54 	75 	76 
007700 	336 	54 	75 	76 
007701 	336 	54 	75 	76 
007702 	336 	54 	75 	76 
007703 	336 	54 	75 	76 
007704 	344 	54 	76 	76 
007705 	344 	54 	76 	76 
007706 	344 	54 	76 	76 
007707 	344 	54 	76 	76 
007708 	344 	54 	76 	76 
007709 	344 	54 	76 	76 
007710 	344 	54 	76 	76 
007711 	344 	54 	76 	76 
007712 	344 	54 	76 	76 
007713 	344 	54 	76 	76 
007714 	344 	54 	76 	76 
007715 	344 	54 	76 	76 
007716 	344 	62 	76 	76 
007717 	344 	62 	76 	76 
007718 	344 	62 	76 	76 
007719 	349 	66 	63 	63 
007720 	344 	62 	76 	76 
007721 	336 	54 	75 	76 
007722 	336 	54 	75 	76 
007723 	336 	54 	75 	76 
007724 	336 	54 	75 	76 
007725 	336 	54 	75 	76 
007726 	336 	54 	75 	76 
007727 	336 	62 	75 	76 
007728 	336 	62 	75 	76 
007729 	336 	62 	75 	76 
007730 	327 	62 	76 	76 
007731 	327 	62 	76 	76 
007732 	327 	62 	76 	76 
007733 	327 	62 	76 	76 
007734 	327 	62 	76 	76 
007735 	327 	62 	76 	76 
007736 	327 	62 	76 	76 
007737 	327 	62 	76 	76 
007738 	327 	62 	76 	76 
007739 	327 	62 	76 	76 
007740 	323 	58 	76 	76 
007741 	319 	54 	76 	76 
007742 	319 	54 	76 	76 
007743 	319 	54 	76 	76 
007744 	319 	54 	76 	76 
007745 	319 	54 	76 	76 
007746 	319 	54 	76 	76 
007747 	319 	54 	76 	76 
007748 	319 	54 	76 	76 
007749 	319 	54 	76 	76 
007750 	319 	54 	76 	76 
007751 	319 	54 	76 	76 
007752 	319 	54 	76 	76 
007753 	327 	62 	76 	76 
007754 	327 	62 	76 	76 
007755 	327 	54 	76 	76 
007756 	327 	54 	76 	76 
007757 	327 	54 	76 	76 
007758 	327 	54 	76 	76 
007759 	327 	54 	76 	76 
007760 	327 	54 	76 	76 
007761 	327 	54 	76 	76 
007762 	327 	54 	76 	76 
007763 	327 	54 	76 	76 
007764 	327 	54 	76 	76 
007765 	327 	54 	76 	76 
007766 	327 	54 	76 	76 
007767 	327 	54 	76 	76 
007768 	327 	54 	76 	76 
007769 	327 	54 	76 	76 
007770 	327 	54 	76 	76 
007771 	327 	54 	76 	76 
007772 	327 	54 	76 	76 
007773 	327 	54 	76 	76 
007774 	327 	54 	76 	76 
007775 	323 	45 	91 	91 
007776 	336 	54 	75 	76 
007777 	336 	54 	75 	76 
007778 	336 	54 	75 	76 
007779 	336 	54 	75 	76 
007780 	336 	54 	75 	76 
007781 	336 	54 	75 	76 
007782 	336 	54 	75 	76 
007783 	336 	54 	75 	76 
007784 	336 	54 	75 	76 
007785 	336 	54 	75 	76 
007786 	336 	54 	75 	76 
007787 	336 	54 	75 	76 
007788 	336 	54 	75 	76 
007789 	336 	54 	75 	76 
007790 	336 	54 	75 	76 
007791 	336 	54 	75 	76 
007792 	336 	54 	75 	76 
007793 	336 	54 	75 	76 
007794 	336 	54 	75 	76 
007795 	336 	54 	75 	76 
007796 	344 	62 	76 	76 
007797 	344 	62 	76 	76 
007798 	344 	62 	76 	76 
007799 	344 	62 	76 	76 
007800 	344 	62 	76 	76 
007801 	344 	62 	76 	76 
007802 	344 	62 	76 	76 
007803 	344 	62 	76 	76 
007804 	344 	62 	76 	76 
007805 	344 	62 	76 	76 
007806 	344 	62 	76 	76 
007807 	344 	62 	76 	76 
007808 	344 	54 	76 	76 
007809 	344 	54 	76 	76 
007810 	344 	54 	76 	76 
007811 	344 	54 	76 	76 
007812 	344 	62 	76 	76 
007813 	349 	66 	63 	63 
007814 	344 	54 	76 	76 
007815 	344 	62 	76 	76 
007816 	349 	59 	63 	63 
007817 	336 	54 	75 	76 
007818 	336 	54 	75 	76 
007819 	336 	54 	75 	76 
007820 	336 	54 	75 	76 
007821 	336 	54 	75 	76 
007822 	336 	54 	75 	76 
007823 	336 	54 	75 	76 
007824 	336 	54 	75 	76 
007825 	336 	54 	75 	76 
007826 	336 	54 	75 	76 
007827 	336 	54 	75 	76 
007828 	336 	54 	75 	76 
007829 	336 	54 	75 	76 
007830 	336 	54 	75 	76 
007831 	336 	54 	75 	76 
007832 	336 	54 	75 	76 
007833 	336 	54 	75 	76 
007834 	336 	54 	75 	76 
007835 	336 	54 	75 	76 
007836 	344 	62 	76 	76 
007837 	344 	62 	76 	76 
007838 	344 	62 	76 	76 
007839 	344 	62 	76 	76 
007840 	344 	62 	76 	76 
007841 	344 	62 	76 	76 
007842 	344 	62 	76 	76 
007843 	344 	62 	76 	76 
007844 	344 	62 	76 	76 
007845 	344 	62 	76 	76 
007846 	344 	62 	76 	76 
007847 	344 	62 	76 	76 
007848 	344 	54 	76 	76 
007849 	344 	54 	76 	76 
007850 	344 	54 	76 	76 
007851 	349 	59 	63 	63 
007852 	349 	59 	63 	63 
007853 	336 	54 	75 	76 
007854 	336 	54 	75 	76 
007855 	336 	54 	75 	76 
007856 	336 	54 	75 	76 
007857 	349 	66 	63 	63 
007858 	336 	54 	75 	76 
007859 	336 	54 	75 	76 
007860 	336 	54 	75 	76 
007861 	336 	54 	75 	76 
007862 	336 	54 	75 	76 
007863 	336 	54 	75 	76 
007864 	336 	54 	75 	76 
007865 	336 	54 	75 	76 
007866 	336 	62 	75 	76 
007867 	336 	62 	75 	76 
007868 	336 	62 	75 	76 
007869 	336 	62 	75 	76 
007870 	336 	62 	75 	76 
007871 	336 	62 	75 	76 
007872 	327 	54 	76 	76 
007873 	327 	54 	76 	76 
007874 	327 	54 	76 	76 
007875 	327 	54 	76 	76 
007876 	327 	54 	76 	76 
007877 	327 	54 	76 	76 
007878 	327 	54 	76 	76 
007879 	327 	54 	76 	76 
007880 	327 	54 	76 	76 
007881 	323 	45 	91 	91 
007882 	336 	54 	75 	76 
007883 	336 	54 	75 	76 
007884 	336 	54 	75 	76 
007885 	336 	54 	75 	76 
007886 	336 	54 	75 	76 
007887 	336 	54 	75 	76 
007888 	336 	54 	75 	76 
007889 	336 	54 	75 	76 
007890 	336 	54 	75 	76 
007891 	333 	45 	91 	91 
007892 	344 	62 	76 	76 
007893 	344 	62 	76 	76 
007894 	344 	62 	76 	76 
007895 	344 	62 	76 	76 
007896 	344 	62 	76 	76 
007897 	336 	54 	75 	76 
007898 	336 	54 	75 	76 
007899 	336 	54 	75 	76 
007900 	323 	45 	91 	91 
007901 	335 	59 	63 	63 
007902 	332 	58 	70 	70 
007903 	329 	57 	77 	77 
007904 	326 	56 	84 	84 
007905 	323 	55 	91 	91 
007906 	323 	55 	91 	91 
007907 	336 	62 	75 	76 
007908 	336 	62 	75 	76 
007909 	336 	62 	75 	76 
007910 	336 	62 	75 	76 
007911 	336 	62 	75 	76 
007912 	336 	62 	75 	76 
007913 	336 	62 	75 	76 
007914 	336 	62 	75 	76 
007915 	336 	62 	75 	76 
007916 	336 	62 	75 	76 
007917 	336 	54 	75 	76 
007918 	336 	54 	75 	76 
007919 	336 	54 	75 	76 
007920 	336 	54 	75 	76 
007921 	336 	54 	75 	76 
007922 	336 	54 	75 	76 
007923 	336 	54 	75 	76 
007924 	336 	54 	75 	76 
007925 	336 	54 	75 	76 
007926 	336 	54 	75 	76 
007927 	342 	59 	63 	63 
007928 	336 	54 	75 	76 
007929 	336 	54 	75 	76 
007930 	336 	54 	75 	76 
007931 	342 	59 	63 	63 
007932 	336 	54 	75 	76 
007933 	342 	59 	63 	63 
007934 	336 	54 	75 	76 
007935 	336 	54 	75 	76 
007936 	336 	54 	75 	76 
007937 	336 	54 	75 	76 
007938 	336 	54 	75 	76 
007939 	336 	54 	75 	76 
007940 	336 	54 	75 	76 
007941 	336 	54 	75 	76 
007942 	336 	54 	75 	76 
007943 	336 	54 	75 	76 
007944 	336 	54 	75 	76 
007945 	336 	54 	75 	76 
007946 	336 	54 	75 	76 
007947 	349 	59 	63 	63 
007948 	336 	54 	75 	76 
007949 	336 	54 	75 	76 
007950 	336 	54 	75 	76 
007951 	336 	54 	75 	76 
007952 	336 	54 	75 	76 
007953 	336 	54 	75 	76 
007954 	336 	54 	75 	76 
007955 	336 	54 	75 	76 
007956 	336 	54 	75 	76 
007957 	336 	54 	75 	76 
007958 	336 	54 	75 	76 
007959 	336 	54 	75 	76 
007960 	336 	54 	75 	76 
007961 	336 	54 	75 	76 
007962 	336 	54 	75 	76 
007963 	336 	54 	75 	76 
007964 	336 	54 	75 	76 
007965 	336 	54 	75 	76 
007966 	336 	54 	75 	76 
007967 	336 	54 	75 	76 
007968 	344 	54 	76 	76 
007969 	344 	54 	76 	76 
007970 	344 	54 	76 	76 
007971 	344 	54 	76 	76 
007972 	344 	54 	76 	76 
007973 	344 	54 	76 	76 
007974 	344 	54 	76 	76 
007975 	344 	54 	76 	76 
007976 	344 	54 	76 	76 
007977 	344 	54 	76 	76 
007978 	344 	54 	76 	76 
007979 	344 	54 	76 	76 
007980 	344 	54 	76 	76 
007981 	349 	59 	63 	63 
007982 	349 	59 	63 	63 
007983 	349 	59 	63 	63 
007984 	349 	59 	63 	63 
007985 	349 	59 	63 	63 
007986 	336 	54 	75 	76 
007987 	344 	62 	76 	76 
007988 	344 	62 	76 	76 
007989 	344 	62 	76 	76 
007990 	344 	62 	76 	76 
007991 	344 	62 	76 	76 
007992 	344 	62 	76 	76 
007993 	344 	62 	76 	76 
007994 	344 	62 	76 	76 
007995 	336 	62 	75 	76 
007996 	336 	62 	75 	76 
007997 	336 	62 	75 	76 
007998 	336 	62 	75 	76 
007999 	336 	62 	75 	76 
008000 	336 	62 	75 	76 
008001 	336 	62 	75 	76 
008002 	336 	62 	75 	76 
008003 	336 	62 	75 	76 
008004 	336 	62 	75 	76 
008005 	336 	62 	75 	76 
008006 	336 	62 	75 	76 
008007 	336 	62 	75 	76 
008008 	323 	55 	91 	91 
008009 	336 	62 	75 	76 
008010 	327 	54 	76 	76 
008011 	327 	54 	76 	76 
008012 	327 	54 	76 	76 
008013 	327 	54 	76 	76 
008014 	327 	54 	76 	76 
008015 	327 	54 	76 	76 
008016 	327 	54 	76 	76 
008017 	323 	45 	91 	91 
008018 	336 	54 	75 	76 
008019 	336 	54 	75 	76 
008020 	336 	54 	75 	76 
008021 	336 	54 	75 	76 
008022 	336 	54 	75 	76 
