Identity  : 	id11022
Reference : 	veMzqMSo_-Y
Offset    : 	2
FV Conf   : 	17.376
ASD Conf  : 	6.780

FRAME 	X 	Y 	W 	H 
003290 	264 	55 	90 	91 
003291 	264 	55 	90 	91 
003292 	264 	55 	90 	91 
003293 	264 	55 	90 	91 
003294 	264 	55 	90 	91 
003295 	264 	55 	90 	91 
003296 	264 	55 	90 	91 
003297 	264 	55 	90 	91 
003298 	264 	55 	90 	91 
003299 	264 	55 	90 	91 
003300 	264 	55 	90 	91 
003301 	264 	55 	90 	91 
003302 	264 	55 	90 	91 
003303 	264 	55 	90 	91 
003304 	264 	55 	90 	91 
003305 	264 	55 	90 	91 
003306 	264 	55 	90 	91 
003307 	264 	55 	90 	91 
003308 	264 	55 	90 	91 
003309 	264 	55 	90 	91 
003310 	264 	55 	90 	91 
003311 	264 	55 	90 	91 
003312 	264 	55 	90 	91 
003313 	264 	55 	90 	91 
003314 	264 	55 	90 	91 
003315 	264 	55 	90 	91 
003316 	264 	55 	90 	91 
003317 	264 	55 	90 	91 
003318 	264 	55 	90 	91 
003319 	264 	55 	90 	91 
003320 	264 	55 	90 	91 
003321 	264 	55 	90 	91 
003322 	264 	55 	90 	91 
003323 	264 	55 	90 	91 
003324 	264 	55 	90 	91 
003325 	264 	55 	90 	91 
003326 	264 	55 	90 	91 
003327 	264 	55 	90 	91 
003328 	264 	55 	90 	91 
003329 	264 	55 	90 	91 
003330 	264 	55 	90 	91 
003331 	264 	55 	90 	91 
003332 	264 	55 	90 	91 
003333 	264 	55 	90 	91 
003334 	264 	55 	90 	91 
003335 	264 	55 	90 	91 
003336 	264 	55 	90 	91 
003337 	264 	55 	90 	91 
003338 	264 	55 	90 	91 
003339 	264 	55 	90 	91 
003340 	264 	55 	90 	91 
003341 	264 	55 	90 	91 
003342 	264 	55 	90 	91 
003343 	264 	55 	90 	91 
003344 	264 	55 	90 	91 
003345 	264 	55 	90 	91 
003346 	264 	55 	90 	91 
003347 	264 	55 	90 	91 
003348 	264 	55 	90 	91 
003349 	264 	55 	90 	91 
003350 	264 	55 	90 	91 
003351 	264 	55 	90 	91 
003352 	264 	55 	90 	91 
003353 	264 	55 	90 	91 
003354 	264 	55 	90 	91 
003355 	264 	55 	90 	91 
003356 	264 	55 	90 	91 
003357 	264 	55 	90 	91 
003358 	264 	55 	90 	91 
003359 	264 	55 	90 	91 
003360 	264 	55 	90 	91 
003361 	264 	55 	90 	91 
003362 	264 	55 	90 	91 
003363 	264 	55 	90 	91 
003364 	264 	55 	90 	91 
003365 	264 	55 	90 	91 
003366 	264 	55 	90 	91 
003367 	264 	55 	90 	91 
003368 	264 	55 	90 	91 
003369 	264 	55 	90 	91 
003370 	264 	55 	90 	91 
003371 	264 	55 	90 	91 
003372 	264 	55 	90 	91 
003373 	264 	55 	90 	91 
003374 	264 	55 	90 	91 
003375 	264 	55 	90 	91 
003376 	264 	55 	90 	91 
003377 	264 	55 	90 	91 
003378 	264 	55 	90 	91 
003379 	264 	55 	90 	91 
003380 	264 	55 	90 	91 
003381 	264 	55 	90 	91 
003382 	264 	55 	90 	91 
003383 	264 	55 	90 	91 
003384 	264 	55 	90 	91 
003385 	264 	55 	90 	91 
003386 	264 	55 	90 	91 
003387 	264 	55 	90 	91 
003388 	264 	55 	90 	91 
003389 	264 	55 	90 	91 
003390 	264 	55 	90 	91 
003391 	264 	55 	90 	91 
003392 	264 	55 	90 	91 
003393 	264 	55 	90 	91 
003394 	264 	55 	90 	91 
003395 	264 	55 	90 	91 
003396 	264 	55 	90 	91 
003397 	264 	55 	90 	91 
003398 	264 	55 	90 	91 
003399 	264 	55 	90 	91 
003400 	264 	55 	90 	91 
003401 	264 	55 	90 	91 
003402 	264 	55 	90 	91 
003403 	264 	55 	90 	91 
003404 	264 	55 	90 	91 
003405 	264 	55 	90 	91 
003406 	264 	55 	90 	91 
003407 	264 	55 	90 	91 
003408 	264 	55 	90 	91 
003409 	264 	55 	90 	91 
003410 	264 	55 	90 	91 
003411 	264 	55 	90 	91 
003412 	264 	55 	90 	91 
003413 	264 	55 	90 	91 
003414 	264 	55 	90 	91 
003415 	264 	55 	90 	91 
003416 	264 	55 	90 	91 
003417 	264 	55 	90 	91 
003418 	264 	55 	90 	91 
003419 	264 	55 	90 	91 
003420 	264 	55 	90 	91 
003421 	264 	55 	90 	91 
003422 	264 	55 	90 	91 
003423 	264 	65 	90 	91 
003424 	264 	55 	90 	91 
003425 	264 	55 	90 	91 
003426 	264 	55 	90 	91 
003427 	264 	55 	90 	91 
003428 	264 	55 	90 	91 
003429 	264 	55 	90 	91 
003430 	264 	55 	90 	91 
003431 	264 	55 	90 	91 
003432 	264 	65 	90 	91 
003433 	264 	65 	90 	91 
003434 	264 	65 	90 	91 
003435 	264 	65 	90 	91 
003436 	264 	65 	90 	91 
003437 	254 	55 	90 	91 
003438 	264 	65 	90 	91 
003439 	254 	55 	90 	91 
003440 	264 	65 	90 	91 
003441 	269 	71 	76 	75 
003442 	269 	71 	76 	75 
003443 	264 	65 	90 	91 
003444 	264 	65 	90 	91 
003445 	264 	65 	90 	91 
003446 	264 	65 	90 	91 
003447 	264 	65 	90 	91 
003448 	264 	65 	90 	91 
003449 	264 	65 	90 	91 
003450 	264 	65 	90 	91 
003451 	264 	65 	90 	91 
003452 	264 	55 	90 	91 
003453 	264 	55 	90 	91 
003454 	264 	55 	90 	91 
003455 	264 	55 	90 	91 
003456 	264 	55 	90 	91 
003457 	264 	55 	90 	91 
003458 	264 	55 	90 	91 
003459 	274 	65 	90 	91 
003460 	278 	62 	75 	76 
003461 	278 	62 	75 	76 
003462 	274 	65 	90 	91 
003463 	274 	65 	90 	91 
003464 	274 	65 	90 	91 
003465 	278 	62 	75 	76 
003466 	278 	62 	75 	76 
003467 	278 	62 	75 	76 
003468 	274 	65 	90 	91 
003469 	264 	55 	90 	91 
003470 	264 	55 	90 	91 
003471 	264 	55 	90 	91 
003472 	264 	55 	90 	91 
003473 	264 	55 	90 	91 
003474 	264 	65 	90 	91 
003475 	264 	55 	90 	91 
003476 	264 	55 	90 	91 
003477 	274 	65 	90 	91 
003478 	278 	71 	75 	75 
003479 	264 	55 	90 	91 
003480 	264 	55 	90 	91 
003481 	264 	55 	90 	91 
003482 	264 	55 	90 	91 
003483 	264 	55 	90 	91 
003484 	264 	55 	90 	91 
003485 	264 	55 	90 	91 
003486 	264 	55 	90 	91 
003487 	264 	55 	90 	91 
003488 	278 	71 	75 	75 
003489 	264 	55 	90 	91 
003490 	264 	55 	90 	91 
003491 	274 	65 	90 	91 
003492 	274 	65 	90 	91 
003493 	274 	65 	90 	91 
003494 	278 	71 	75 	75 
003495 	278 	71 	75 	75 
003496 	274 	65 	90 	91 
003497 	274 	65 	90 	91 
003498 	274 	65 	90 	91 
003499 	278 	71 	75 	75 
003500 	278 	71 	75 	75 
003501 	278 	62 	75 	76 
003502 	278 	71 	75 	75 
003503 	278 	71 	75 	75 
003504 	274 	65 	90 	91 
003505 	274 	65 	90 	91 
003506 	278 	71 	75 	75 
003507 	278 	71 	75 	75 
003508 	278 	71 	75 	75 
003509 	274 	65 	90 	91 
003510 	274 	65 	90 	91 
003511 	278 	71 	75 	75 
003512 	264 	55 	90 	91 
003513 	264 	55 	90 	91 
003514 	264 	55 	90 	91 
003515 	264 	55 	90 	91 
003516 	264 	55 	90 	91 
003517 	264 	55 	90 	91 
003518 	264 	55 	90 	91 
003519 	264 	55 	90 	91 
003520 	264 	55 	90 	91 
003521 	264 	55 	90 	91 
003522 	264 	55 	90 	91 
003523 	264 	55 	90 	91 
003524 	264 	55 	90 	91 
003525 	264 	55 	90 	91 
003526 	278 	71 	75 	75 
003527 	278 	71 	75 	75 
003528 	278 	71 	75 	75 
003529 	278 	71 	75 	75 
003530 	274 	65 	90 	91 
003531 	274 	65 	90 	91 
003532 	274 	65 	90 	91 
003533 	278 	71 	75 	75 
003534 	278 	71 	75 	75 
003535 	278 	71 	75 	75 
003536 	274 	65 	90 	91 
003537 	274 	65 	90 	91 
003538 	274 	65 	90 	91 
003539 	274 	65 	90 	91 
003540 	274 	65 	90 	91 
003541 	274 	65 	90 	91 
003542 	274 	65 	90 	91 
003543 	274 	65 	90 	91 
003544 	274 	65 	90 	91 
003545 	274 	65 	90 	91 
003546 	274 	65 	90 	91 
003547 	274 	65 	90 	91 
003548 	274 	65 	90 	91 
003549 	274 	65 	90 	91 
003550 	274 	65 	90 	91 
003551 	274 	65 	90 	91 
003552 	286 	71 	76 	75 
003553 	286 	71 	76 	75 
003554 	286 	71 	76 	75 
003555 	286 	71 	76 	75 
003556 	286 	71 	76 	75 
003557 	286 	71 	76 	75 
003558 	286 	71 	76 	75 
003559 	286 	71 	76 	75 
003560 	284 	65 	90 	91 
003561 	286 	71 	76 	75 
003562 	286 	71 	76 	75 
003563 	286 	71 	76 	75 
003564 	286 	71 	76 	75 
003565 	286 	71 	76 	75 
003566 	286 	71 	76 	75 
003567 	286 	71 	76 	75 
003568 	286 	71 	76 	75 
003569 	286 	71 	76 	75 
003570 	286 	71 	76 	75 
003571 	286 	71 	76 	75 
003572 	286 	71 	76 	75 
003573 	286 	71 	76 	75 
003574 	286 	71 	76 	75 
003575 	274 	65 	90 	91 
003576 	274 	65 	90 	91 
003577 	274 	65 	90 	91 
003578 	274 	65 	90 	91 
003579 	274 	65 	90 	91 
003580 	274 	65 	90 	91 
003581 	274 	65 	90 	91 
003582 	274 	65 	90 	91 
003583 	274 	65 	90 	91 
003584 	274 	65 	90 	91 
003585 	274 	65 	90 	91 
003586 	274 	65 	90 	91 
003587 	274 	65 	90 	91 
003588 	274 	65 	90 	91 
003589 	274 	65 	90 	91 
003590 	274 	65 	90 	91 
003591 	274 	65 	90 	91 
003592 	274 	65 	90 	91 
003593 	274 	65 	90 	91 
003594 	274 	65 	90 	91 
003595 	274 	65 	90 	91 
003596 	274 	65 	90 	91 
003597 	264 	55 	90 	91 
003598 	264 	55 	90 	91 
003599 	264 	55 	90 	91 
003600 	264 	55 	90 	91 
003601 	264 	55 	90 	91 
003602 	264 	55 	90 	91 
003603 	264 	55 	90 	91 
003604 	264 	55 	90 	91 
003605 	264 	55 	90 	91 
003606 	274 	65 	90 	91 
003607 	274 	55 	90 	91 
003608 	274 	55 	90 	91 
003609 	274 	55 	90 	91 
003610 	274 	55 	90 	91 
003611 	286 	62 	76 	76 
003612 	284 	55 	90 	91 
003613 	284 	55 	90 	91 
003614 	284 	55 	90 	91 
003615 	284 	55 	90 	91 
003616 	284 	55 	90 	91 
003617 	284 	55 	90 	91 
003618 	284 	55 	90 	91 
