Identity  : 	id11117
Reference : 	sIoLeYZkmN4
Offset    : 	-2
FV Conf   : 	13.257
ASD Conf  : 	6.359

FRAME 	X 	Y 	W 	H 
003809 	294 	55 	90 	91 
003810 	294 	55 	90 	91 
003811 	294 	55 	90 	91 
003812 	294 	55 	90 	91 
003813 	294 	55 	90 	91 
003814 	294 	55 	90 	91 
003815 	294 	55 	90 	91 
003816 	294 	55 	90 	91 
003817 	294 	55 	90 	91 
003818 	294 	55 	90 	91 
003819 	294 	55 	90 	91 
003820 	294 	55 	90 	91 
003821 	294 	55 	90 	91 
003822 	294 	55 	90 	91 
003823 	294 	55 	90 	91 
003824 	294 	55 	90 	91 
003825 	294 	55 	90 	91 
003826 	294 	55 	90 	91 
003827 	294 	55 	90 	91 
003828 	294 	55 	90 	91 
003829 	294 	55 	90 	91 
003830 	294 	55 	90 	91 
003831 	294 	55 	90 	91 
003832 	294 	55 	90 	91 
003833 	294 	55 	90 	91 
003834 	294 	55 	90 	91 
003835 	294 	55 	90 	91 
003836 	304 	55 	90 	91 
003837 	304 	65 	90 	91 
003838 	304 	65 	90 	91 
003839 	304 	65 	90 	91 
003840 	304 	65 	90 	91 
003841 	304 	65 	90 	91 
003842 	314 	65 	90 	91 
003843 	314 	65 	90 	91 
003844 	314 	65 	90 	91 
003845 	314 	65 	90 	91 
003846 	304 	65 	90 	91 
003847 	304 	65 	90 	91 
003848 	304 	65 	90 	91 
003849 	304 	65 	90 	91 
003850 	304 	65 	90 	91 
003851 	304 	65 	90 	91 
003852 	304 	65 	90 	91 
003853 	304 	65 	90 	91 
003854 	304 	65 	90 	91 
003855 	304 	65 	90 	91 
003856 	304 	65 	90 	91 
003857 	304 	65 	90 	91 
003858 	304 	65 	90 	91 
003859 	304 	65 	90 	91 
003860 	304 	65 	90 	91 
003861 	304 	65 	90 	91 
003862 	294 	65 	90 	91 
003863 	294 	65 	90 	91 
003864 	294 	65 	90 	91 
003865 	294 	65 	90 	91 
003866 	294 	65 	90 	91 
003867 	294 	65 	90 	91 
003868 	294 	65 	90 	91 
003869 	294 	65 	90 	91 
003870 	294 	65 	90 	91 
003871 	294 	65 	90 	91 
003872 	294 	65 	90 	91 
003873 	294 	65 	90 	91 
003874 	304 	65 	90 	91 
003875 	304 	65 	90 	91 
003876 	304 	65 	90 	91 
003877 	304 	65 	90 	91 
003878 	304 	65 	90 	91 
003879 	304 	65 	90 	91 
003880 	304 	65 	90 	91 
003881 	304 	65 	90 	91 
003882 	304 	65 	90 	91 
003883 	304 	65 	90 	91 
003884 	304 	65 	90 	91 
003885 	294 	65 	90 	91 
003886 	294 	65 	90 	91 
003887 	294 	65 	90 	91 
003888 	294 	65 	90 	91 
003889 	294 	65 	90 	91 
003890 	294 	65 	90 	91 
003891 	294 	65 	90 	91 
003892 	294 	65 	90 	91 
003893 	294 	65 	90 	91 
003894 	294 	65 	90 	91 
003895 	294 	65 	90 	91 
003896 	294 	65 	90 	91 
003897 	294 	65 	90 	91 
003898 	294 	65 	90 	91 
003899 	294 	65 	90 	91 
003900 	294 	65 	90 	91 
003901 	294 	65 	90 	91 
003902 	294 	65 	90 	91 
003903 	294 	65 	90 	91 
003904 	294 	65 	90 	91 
003905 	294 	65 	90 	91 
003906 	294 	65 	90 	91 
003907 	294 	65 	90 	91 
003908 	294 	65 	90 	91 
003909 	294 	65 	90 	91 
003910 	294 	65 	90 	91 
003911 	294 	65 	90 	91 
003912 	294 	55 	90 	91 
003913 	294 	55 	90 	91 
003914 	294 	55 	90 	91 
003915 	294 	55 	90 	91 
003916 	294 	55 	90 	91 
003917 	294 	55 	90 	91 
003918 	294 	55 	90 	91 
003919 	294 	55 	90 	91 
003920 	294 	55 	90 	91 
003921 	294 	55 	90 	91 
003922 	294 	55 	90 	91 
003923 	294 	55 	90 	91 
003924 	294 	55 	90 	91 
003925 	294 	55 	90 	91 
003926 	294 	55 	90 	91 
003927 	294 	55 	90 	91 
003928 	294 	55 	90 	91 
003929 	294 	55 	90 	91 
003930 	294 	55 	90 	91 
003931 	294 	55 	90 	91 
003932 	294 	55 	90 	91 
003933 	294 	55 	90 	91 
003934 	294 	55 	90 	91 
003935 	294 	55 	90 	91 
003936 	294 	55 	90 	91 
003937 	294 	55 	90 	91 
003938 	294 	55 	90 	91 
003939 	294 	55 	90 	91 
003940 	294 	55 	90 	91 
003941 	304 	55 	90 	91 
003942 	304 	55 	90 	91 
003943 	304 	55 	90 	91 
003944 	304 	55 	90 	91 
003945 	304 	55 	90 	91 
003946 	304 	55 	90 	91 
003947 	304 	55 	90 	91 
003948 	304 	55 	90 	91 
003949 	294 	55 	90 	91 
003950 	294 	55 	90 	91 
003951 	303 	62 	75 	76 
003952 	294 	65 	90 	91 
003953 	294 	65 	90 	91 
003954 	294 	65 	90 	91 
003955 	294 	65 	90 	91 
003956 	294 	65 	90 	91 
003957 	294 	65 	90 	91 
003958 	294 	65 	90 	91 
003959 	294 	65 	90 	91 
003960 	294 	65 	90 	91 
003961 	294 	65 	90 	91 
003962 	294 	65 	90 	91 
003963 	304 	65 	90 	91 
003964 	294 	65 	90 	91 
003965 	294 	65 	90 	91 
003966 	294 	65 	90 	91 
003967 	294 	65 	90 	91 
003968 	294 	65 	90 	91 
003969 	294 	65 	90 	91 
003970 	294 	65 	90 	91 
003971 	294 	55 	90 	91 
003972 	294 	55 	90 	91 
003973 	294 	55 	90 	91 
003974 	294 	55 	90 	91 
003975 	294 	55 	90 	91 
003976 	294 	55 	90 	91 
003977 	294 	55 	90 	91 
003978 	294 	45 	90 	91 
003979 	294 	45 	90 	91 
003980 	294 	45 	90 	91 
003981 	294 	45 	90 	91 
003982 	294 	45 	90 	91 
003983 	284 	55 	90 	91 
003984 	284 	55 	90 	91 
003985 	284 	55 	90 	91 
003986 	284 	55 	90 	91 
003987 	284 	55 	90 	91 
003988 	284 	55 	90 	91 
003989 	284 	55 	90 	91 
003990 	294 	62 	76 	76 
003991 	294 	62 	76 	76 
003992 	294 	55 	90 	91 
003993 	294 	55 	90 	91 
003994 	294 	55 	90 	91 
