Identity  : 	id11105
Reference : 	ek2-fcGT2YA
Offset    : 	-7
FV Conf   : 	21.893
ASD Conf  : 	8.750

FRAME 	X 	Y 	W 	H 
007245 	161 	114 	109 	109 
007246 	161 	114 	109 	109 
007247 	161 	114 	109 	109 
007248 	161 	114 	109 	109 
007249 	161 	114 	109 	109 
007250 	161 	114 	109 	109 
007251 	161 	114 	109 	109 
007252 	161 	114 	109 	109 
007253 	161 	114 	109 	109 
007254 	161 	114 	109 	109 
007255 	161 	114 	109 	109 
007256 	161 	114 	109 	109 
007257 	161 	114 	109 	109 
007258 	161 	114 	109 	109 
007259 	161 	114 	109 	109 
007260 	161 	114 	109 	109 
007261 	161 	114 	109 	109 
007262 	161 	114 	109 	109 
007263 	161 	114 	109 	109 
007264 	161 	114 	109 	109 
007265 	161 	114 	109 	109 
007266 	161 	114 	109 	109 
007267 	161 	114 	109 	109 
007268 	161 	114 	109 	109 
007269 	161 	114 	109 	109 
007270 	161 	114 	109 	109 
007271 	161 	114 	109 	109 
007272 	161 	114 	109 	109 
007273 	161 	114 	109 	109 
007274 	161 	114 	109 	109 
007275 	161 	114 	109 	109 
007276 	161 	114 	109 	109 
007277 	161 	114 	109 	109 
007278 	161 	114 	109 	109 
007279 	161 	114 	109 	109 
007280 	161 	114 	109 	109 
007281 	161 	114 	109 	109 
007282 	161 	114 	109 	109 
007283 	161 	114 	109 	109 
007284 	149 	112 	120 	120 
007285 	137 	109 	130 	130 
007286 	150 	114 	108 	109 
007287 	150 	114 	108 	109 
007288 	150 	114 	108 	109 
007289 	161 	114 	109 	109 
007290 	161 	114 	109 	109 
007291 	161 	114 	109 	109 
007292 	161 	114 	109 	109 
007293 	161 	114 	109 	109 
007294 	161 	114 	109 	109 
007295 	161 	114 	109 	109 
007296 	161 	114 	109 	109 
007297 	161 	114 	109 	109 
007298 	161 	114 	109 	109 
007299 	161 	114 	109 	109 
007300 	161 	114 	109 	109 
007301 	161 	114 	109 	109 
007302 	151 	94 	130 	130 
007303 	161 	114 	109 	109 
007304 	161 	114 	109 	109 
007305 	161 	114 	109 	109 
007306 	161 	114 	109 	109 
007307 	161 	114 	109 	109 
007308 	161 	114 	109 	109 
007309 	161 	114 	109 	109 
007310 	161 	126 	109 	109 
007311 	161 	126 	109 	109 
007312 	161 	126 	109 	109 
007313 	161 	114 	109 	109 
007314 	161 	114 	109 	109 
007315 	161 	114 	109 	109 
007316 	161 	114 	109 	109 
007317 	151 	94 	130 	130 
007318 	151 	94 	130 	130 
007319 	151 	94 	130 	130 
007320 	151 	94 	130 	130 
007321 	162 	104 	120 	120 
007322 	173 	114 	109 	109 
007323 	173 	114 	109 	109 
007324 	173 	114 	109 	109 
007325 	173 	114 	109 	109 
007326 	161 	126 	109 	109 
007327 	161 	126 	109 	109 
007328 	151 	123 	130 	130 
007329 	151 	120 	130 	130 
007330 	151 	117 	130 	130 
007331 	151 	115 	130 	130 
007332 	151 	112 	130 	130 
007333 	151 	109 	130 	130 
007334 	151 	109 	130 	130 
007335 	151 	109 	130 	130 
007336 	151 	109 	130 	130 
007337 	161 	114 	109 	109 
007338 	161 	114 	109 	109 
007339 	161 	114 	109 	109 
007340 	161 	114 	109 	109 
007341 	161 	114 	109 	109 
007342 	161 	114 	109 	109 
007343 	151 	109 	130 	130 
007344 	151 	109 	130 	130 
007345 	151 	109 	130 	130 
007346 	151 	109 	130 	130 
007347 	161 	126 	109 	109 
007348 	161 	114 	109 	109 
007349 	161 	114 	109 	109 
007350 	161 	114 	109 	109 
007351 	149 	112 	120 	120 
007352 	137 	109 	130 	130 
007353 	137 	109 	130 	130 
007354 	150 	126 	108 	109 
007355 	150 	126 	108 	109 
007356 	156 	120 	108 	109 
007357 	161 	114 	109 	109 
007358 	161 	114 	109 	109 
007359 	161 	114 	109 	109 
007360 	161 	114 	109 	109 
007361 	161 	114 	109 	109 
007362 	161 	114 	109 	109 
007363 	161 	114 	109 	109 
007364 	161 	114 	109 	109 
007365 	161 	114 	109 	109 
007366 	161 	114 	109 	109 
007367 	161 	114 	109 	109 
007368 	151 	109 	130 	130 
007369 	161 	126 	109 	109 
007370 	161 	126 	109 	109 
007371 	161 	126 	109 	109 
007372 	161 	126 	109 	109 
007373 	151 	109 	130 	130 
007374 	151 	109 	130 	130 
007375 	161 	114 	109 	109 
007376 	161 	114 	109 	109 
007377 	161 	114 	109 	109 
007378 	161 	114 	109 	109 
007379 	161 	114 	109 	109 
007380 	161 	114 	109 	109 
007381 	161 	114 	109 	109 
007382 	161 	114 	109 	109 
007383 	161 	126 	109 	109 
007384 	161 	126 	109 	109 
007385 	161 	126 	109 	109 
007386 	151 	109 	130 	130 
007387 	161 	126 	109 	109 
007388 	161 	126 	109 	109 
007389 	161 	126 	109 	109 
007390 	161 	126 	109 	109 
007391 	151 	109 	130 	130 
007392 	161 	126 	109 	109 
007393 	161 	126 	109 	109 
007394 	161 	126 	109 	109 
007395 	161 	126 	109 	109 
007396 	161 	114 	109 	109 
007397 	161 	126 	109 	109 
007398 	161 	126 	109 	109 
007399 	161 	126 	109 	109 
007400 	161 	126 	109 	109 
007401 	161 	126 	109 	109 
007402 	161 	126 	109 	109 
007403 	151 	109 	130 	130 
007404 	150 	126 	108 	109 
007405 	150 	126 	108 	109 
007406 	150 	126 	108 	109 
007407 	150 	126 	108 	109 
007408 	150 	126 	108 	109 
007409 	150 	126 	108 	109 
007410 	150 	126 	108 	109 
007411 	150 	126 	108 	109 
007412 	150 	126 	108 	109 
007413 	137 	109 	130 	130 
007414 	137 	109 	130 	130 
007415 	137 	109 	130 	130 
007416 	150 	126 	108 	109 
007417 	161 	126 	109 	109 
007418 	161 	126 	109 	109 
007419 	161 	126 	109 	109 
007420 	161 	126 	109 	109 
007421 	161 	126 	109 	109 
007422 	150 	126 	108 	109 
007423 	164 	125 	91 	90 
007424 	164 	125 	91 	90 
007425 	150 	117 	110 	110 
007426 	137 	109 	130 	130 
007427 	161 	126 	109 	109 
007428 	151 	123 	130 	130 
007429 	151 	116 	130 	130 
007430 	151 	109 	130 	130 
007431 	161 	126 	109 	109 
007432 	161 	126 	109 	109 
007433 	161 	126 	109 	109 
007434 	161 	126 	109 	109 
007435 	161 	126 	109 	109 
007436 	161 	126 	109 	109 
007437 	161 	126 	109 	109 
007438 	161 	114 	109 	109 
007439 	161 	114 	109 	109 
007440 	161 	114 	109 	109 
007441 	161 	114 	109 	109 
007442 	161 	114 	109 	109 
007443 	161 	126 	109 	109 
007444 	161 	126 	109 	109 
007445 	161 	126 	109 	109 
007446 	161 	126 	109 	109 
007447 	161 	126 	109 	109 
007448 	161 	126 	109 	109 
007449 	161 	126 	109 	109 
007450 	161 	114 	109 	109 
007451 	161 	114 	109 	109 
007452 	161 	114 	109 	109 
007453 	161 	114 	109 	109 
007454 	161 	114 	109 	109 
007455 	161 	114 	109 	109 
007456 	161 	114 	109 	109 
007457 	161 	114 	109 	109 
007458 	161 	114 	109 	109 
007459 	150 	114 	108 	109 
007460 	150 	114 	108 	109 
007461 	150 	114 	108 	109 
007462 	150 	114 	108 	109 
007463 	161 	114 	109 	109 
007464 	161 	114 	109 	109 
007465 	161 	114 	109 	109 
007466 	161 	114 	109 	109 
007467 	161 	114 	109 	109 
007468 	161 	114 	109 	109 
007469 	161 	114 	109 	109 
007470 	161 	114 	109 	109 
007471 	161 	114 	109 	109 
007472 	161 	114 	109 	109 
007473 	161 	114 	109 	109 
007474 	161 	114 	109 	109 
007475 	161 	114 	109 	109 
007476 	161 	114 	109 	109 
007477 	161 	114 	109 	109 
007478 	161 	114 	109 	109 
007479 	161 	114 	109 	109 
007480 	161 	114 	109 	109 
007481 	161 	114 	109 	109 
007482 	161 	114 	109 	109 
007483 	161 	114 	109 	109 
007484 	161 	114 	109 	109 
007485 	161 	114 	109 	109 
007486 	161 	114 	109 	109 
007487 	161 	114 	109 	109 
007488 	161 	126 	109 	109 
007489 	161 	126 	109 	109 
007490 	151 	109 	130 	130 
007491 	161 	126 	109 	109 
007492 	161 	138 	109 	109 
007493 	161 	138 	109 	109 
007494 	161 	138 	109 	109 
007495 	161 	138 	109 	109 
007496 	161 	138 	109 	109 
007497 	161 	138 	109 	109 
007498 	161 	126 	109 	109 
007499 	161 	126 	109 	109 
007500 	161 	126 	109 	109 
007501 	161 	126 	109 	109 
007502 	151 	109 	130 	130 
007503 	161 	126 	109 	109 
007504 	151 	109 	130 	130 
007505 	161 	114 	109 	109 
007506 	161 	114 	109 	109 
007507 	161 	114 	109 	109 
007508 	161 	114 	109 	109 
007509 	161 	126 	109 	109 
007510 	151 	109 	130 	130 
007511 	161 	126 	109 	109 
007512 	161 	126 	109 	109 
007513 	161 	138 	109 	109 
007514 	161 	138 	109 	109 
007515 	161 	138 	109 	109 
007516 	161 	138 	109 	109 
007517 	151 	109 	130 	130 
007518 	161 	126 	109 	109 
007519 	161 	126 	109 	109 
007520 	151 	109 	130 	130 
007521 	161 	126 	109 	109 
007522 	161 	126 	109 	109 
007523 	161 	114 	109 	109 
007524 	161 	114 	109 	109 
007525 	161 	114 	109 	109 
007526 	161 	114 	109 	109 
007527 	161 	114 	109 	109 
007528 	161 	126 	109 	109 
007529 	151 	109 	130 	130 
007530 	150 	126 	108 	109 
007531 	150 	126 	108 	109 
007532 	150 	126 	108 	109 
007533 	150 	126 	108 	109 
007534 	150 	126 	108 	109 
007535 	150 	126 	108 	109 
007536 	150 	114 	108 	109 
007537 	150 	114 	108 	109 
007538 	150 	114 	108 	109 
007539 	150 	114 	108 	109 
007540 	150 	114 	108 	109 
007541 	150 	114 	108 	109 
007542 	150 	114 	108 	109 
007543 	150 	114 	108 	109 
007544 	150 	114 	108 	109 
007545 	150 	114 	108 	109 
007546 	150 	114 	108 	109 
007547 	150 	114 	108 	109 
007548 	150 	114 	108 	109 
007549 	150 	126 	108 	109 
007550 	150 	126 	108 	109 
007551 	150 	126 	108 	109 
007552 	150 	126 	108 	109 
007553 	150 	126 	108 	109 
007554 	150 	126 	108 	109 
007555 	150 	126 	108 	109 
007556 	150 	126 	108 	109 
007557 	150 	126 	108 	109 
007558 	150 	126 	108 	109 
007559 	150 	126 	108 	109 
007560 	150 	126 	108 	109 
007561 	150 	126 	108 	109 
007562 	150 	126 	108 	109 
007563 	150 	126 	108 	109 
007564 	150 	126 	108 	109 
007565 	150 	126 	108 	109 
007566 	150 	126 	108 	109 
007567 	150 	126 	108 	109 
007568 	150 	126 	108 	109 
007569 	150 	138 	108 	109 
007570 	150 	138 	108 	109 
007571 	150 	138 	108 	109 
007572 	150 	138 	108 	109 
007573 	150 	126 	108 	109 
007574 	150 	126 	108 	109 
007575 	150 	126 	108 	109 
007576 	150 	126 	108 	109 
007577 	150 	126 	108 	109 
007578 	150 	126 	108 	109 
007579 	150 	126 	108 	109 
007580 	150 	114 	108 	109 
007581 	150 	114 	108 	109 
007582 	150 	114 	108 	109 
007583 	150 	126 	108 	109 
007584 	150 	126 	108 	109 
007585 	150 	126 	108 	109 
007586 	150 	126 	108 	109 
007587 	150 	126 	108 	109 
007588 	137 	109 	130 	130 
007589 	150 	126 	108 	109 
007590 	150 	126 	108 	109 
007591 	150 	126 	108 	109 
007592 	150 	126 	108 	109 
007593 	150 	126 	108 	109 
007594 	150 	126 	108 	109 
007595 	150 	126 	108 	109 
007596 	137 	123 	130 	130 
007597 	137 	123 	130 	130 
007598 	137 	123 	130 	130 
007599 	137 	123 	130 	130 
007600 	137 	123 	130 	130 
007601 	150 	126 	108 	109 
007602 	150 	126 	108 	109 
007603 	150 	126 	108 	109 
007604 	150 	126 	108 	109 
007605 	150 	126 	108 	109 
007606 	150 	126 	108 	109 
007607 	151 	109 	130 	130 
007608 	151 	109 	130 	130 
007609 	150 	126 	108 	109 
007610 	150 	126 	108 	109 
007611 	150 	126 	108 	109 
007612 	150 	114 	108 	109 
007613 	150 	114 	108 	109 
007614 	150 	114 	108 	109 
007615 	150 	114 	108 	109 
007616 	150 	114 	108 	109 
007617 	150 	114 	108 	109 
007618 	150 	126 	108 	109 
007619 	150 	126 	108 	109 
007620 	150 	126 	108 	109 
007621 	150 	126 	108 	109 
007622 	150 	126 	108 	109 
007623 	150 	126 	108 	109 
007624 	150 	126 	108 	109 
007625 	150 	126 	108 	109 
007626 	150 	126 	108 	109 
007627 	150 	126 	108 	109 
007628 	150 	114 	108 	109 
007629 	150 	114 	108 	109 
007630 	150 	114 	108 	109 
007631 	150 	114 	108 	109 
007632 	150 	114 	108 	109 
007633 	150 	126 	108 	109 
007634 	150 	126 	108 	109 
007635 	150 	126 	108 	109 
007636 	137 	109 	130 	130 
007637 	137 	109 	130 	130 
007638 	161 	126 	109 	109 
007639 	161 	114 	109 	109 
007640 	161 	114 	109 	109 
007641 	161 	126 	109 	109 
007642 	161 	126 	109 	109 
007643 	161 	126 	109 	109 
007644 	161 	114 	109 	109 
007645 	151 	94 	130 	130 
007646 	151 	94 	130 	130 
007647 	151 	94 	130 	130 
007648 	151 	94 	130 	130 
007649 	151 	94 	130 	130 
007650 	150 	114 	108 	109 
007651 	150 	114 	108 	109 
007652 	150 	114 	108 	109 
007653 	150 	114 	108 	109 
007654 	150 	114 	108 	109 
007655 	151 	94 	130 	130 
007656 	150 	114 	108 	109 
007657 	150 	114 	108 	109 
007658 	150 	114 	108 	109 
007659 	150 	114 	108 	109 
007660 	150 	114 	108 	109 
007661 	150 	114 	108 	109 
007662 	161 	114 	109 	109 
007663 	161 	114 	109 	109 
007664 	161 	126 	109 	109 
007665 	161 	126 	109 	109 
007666 	151 	109 	130 	130 
007667 	161 	126 	109 	109 
007668 	159 	124 	109 	109 
007669 	157 	121 	109 	109 
007670 	154 	119 	108 	109 
007671 	152 	116 	108 	109 
007672 	150 	114 	108 	109 
007673 	150 	114 	108 	109 
007674 	137 	109 	130 	130 
007675 	137 	109 	130 	130 
007676 	138 	114 	108 	109 
007677 	138 	114 	108 	109 
