Identity  : 	id10510
Reference : 	UKJaw67NZ5I
Offset    : 	-3
FV Conf   : 	18.204
ASD Conf  : 	7.561

FRAME 	X 	Y 	W 	H 
004336 	224 	115 	91 	91 
004337 	224 	115 	91 	91 
004338 	224 	115 	91 	91 
004339 	224 	115 	91 	91 
004340 	224 	115 	91 	91 
004341 	221 	102 	109 	109 
004342 	221 	102 	109 	109 
004343 	234 	105 	90 	91 
004344 	233 	102 	109 	109 
004345 	233 	90 	109 	109 
004346 	233 	90 	109 	109 
004347 	233 	90 	109 	109 
004348 	245 	90 	109 	109 
004349 	233 	90 	109 	109 
004350 	233 	90 	109 	109 
004351 	233 	90 	109 	109 
004352 	233 	90 	109 	109 
004353 	233 	90 	109 	109 
004354 	233 	90 	109 	109 
004355 	233 	90 	109 	109 
004356 	233 	90 	109 	109 
004357 	233 	90 	109 	109 
004358 	234 	105 	90 	91 
004359 	234 	105 	90 	91 
004360 	234 	105 	90 	91 
004361 	234 	105 	90 	91 
004362 	234 	105 	90 	91 
004363 	221 	102 	109 	109 
004364 	221 	102 	109 	109 
004365 	221 	102 	109 	109 
004366 	221 	102 	109 	109 
004367 	221 	102 	109 	109 
004368 	221 	102 	109 	109 
004369 	221 	102 	109 	109 
004370 	221 	102 	109 	109 
004371 	221 	102 	109 	109 
004372 	221 	102 	109 	109 
004373 	221 	102 	109 	109 
004374 	221 	102 	109 	109 
004375 	221 	102 	109 	109 
004376 	221 	102 	109 	109 
004377 	221 	102 	109 	109 
004378 	221 	102 	109 	109 
004379 	221 	102 	109 	109 
004380 	221 	102 	109 	109 
004381 	221 	102 	109 	109 
004382 	224 	115 	91 	91 
004383 	221 	102 	109 	109 
004384 	221 	102 	109 	109 
004385 	224 	115 	91 	91 
004386 	221 	102 	109 	109 
004387 	221 	102 	109 	109 
004388 	221 	102 	109 	109 
004389 	221 	102 	109 	109 
004390 	221 	102 	109 	109 
004391 	233 	102 	109 	109 
004392 	233 	102 	109 	109 
004393 	233 	102 	109 	109 
004394 	254 	105 	90 	91 
004395 	254 	105 	90 	91 
004396 	245 	90 	109 	109 
004397 	245 	90 	109 	109 
004398 	245 	90 	109 	109 
004399 	245 	90 	109 	109 
004400 	245 	90 	109 	109 
004401 	233 	90 	109 	109 
004402 	233 	90 	109 	109 
004403 	233 	90 	109 	109 
004404 	234 	105 	90 	91 
004405 	234 	105 	90 	91 
004406 	221 	102 	109 	109 
004407 	221 	102 	109 	109 
004408 	221 	102 	109 	109 
004409 	221 	102 	109 	109 
004410 	221 	102 	109 	109 
004411 	224 	115 	91 	91 
004412 	224 	115 	91 	91 
004413 	224 	115 	91 	91 
004414 	224 	115 	91 	91 
004415 	224 	115 	91 	91 
004416 	224 	115 	91 	91 
004417 	228 	121 	76 	75 
004418 	209 	114 	109 	109 
004419 	209 	114 	109 	109 
004420 	209 	114 	109 	109 
004421 	209 	114 	109 	109 
004422 	209 	114 	109 	109 
004423 	209 	114 	109 	109 
004424 	209 	114 	109 	109 
004425 	209 	114 	109 	109 
004426 	209 	114 	109 	109 
004427 	209 	114 	109 	109 
004428 	209 	114 	109 	109 
004429 	209 	114 	109 	109 
004430 	209 	114 	109 	109 
004431 	209 	114 	109 	109 
004432 	209 	114 	109 	109 
004433 	209 	114 	109 	109 
004434 	209 	114 	109 	109 
004435 	209 	114 	109 	109 
004436 	224 	115 	91 	91 
004437 	224 	105 	91 	91 
004438 	221 	102 	109 	109 
004439 	221 	90 	109 	109 
004440 	221 	90 	109 	109 
004441 	221 	90 	109 	109 
004442 	234 	85 	90 	91 
004443 	234 	85 	90 	91 
004444 	234 	85 	90 	91 
004445 	234 	85 	90 	91 
004446 	234 	85 	90 	91 
004447 	234 	85 	90 	91 
004448 	234 	85 	90 	91 
004449 	234 	85 	90 	91 
004450 	234 	85 	90 	91 
004451 	234 	85 	90 	91 
004452 	234 	85 	90 	91 
004453 	234 	85 	90 	91 
004454 	234 	85 	90 	91 
004455 	234 	85 	90 	91 
004456 	234 	95 	90 	91 
004457 	234 	95 	90 	91 
004458 	234 	95 	90 	91 
004459 	234 	95 	90 	91 
004460 	234 	95 	90 	91 
004461 	234 	95 	90 	91 
004462 	234 	95 	90 	91 
004463 	221 	90 	109 	109 
004464 	221 	90 	109 	109 
004465 	236 	104 	76 	76 
004466 	221 	90 	109 	109 
004467 	236 	112 	76 	76 
004468 	221 	102 	109 	109 
004469 	224 	105 	91 	91 
004470 	221 	90 	109 	109 
004471 	221 	90 	109 	109 
004472 	221 	90 	109 	109 
004473 	221 	90 	109 	109 
004474 	221 	90 	109 	109 
004475 	221 	90 	109 	109 
004476 	221 	90 	109 	109 
004477 	221 	90 	109 	109 
004478 	221 	90 	109 	109 
004479 	224 	95 	91 	91 
004480 	224 	95 	91 	91 
004481 	224 	105 	91 	91 
004482 	224 	105 	91 	91 
004483 	224 	105 	91 	91 
004484 	224 	105 	91 	91 
004485 	224 	105 	91 	91 
004486 	209 	90 	109 	109 
004487 	224 	105 	91 	91 
004488 	224 	105 	91 	91 
004489 	224 	105 	91 	91 
004490 	224 	105 	91 	91 
004491 	224 	105 	91 	91 
004492 	224 	105 	91 	91 
004493 	224 	105 	91 	91 
004494 	224 	105 	91 	91 
004495 	224 	105 	91 	91 
004496 	224 	105 	91 	91 
004497 	224 	105 	91 	91 
