Identity  : 	id10841
Reference : 	9mk6sFCLGZ0
Offset    : 	-2
FV Conf   : 	14.050
ASD Conf  : 	6.258

FRAME 	X 	Y 	W 	H 
001643 	266 	73 	63 	63 
001644 	266 	73 	63 	63 
001645 	266 	73 	63 	63 
001646 	266 	73 	63 	63 
001647 	266 	73 	63 	63 
001648 	266 	73 	63 	63 
001649 	266 	73 	63 	63 
001650 	266 	73 	63 	63 
001651 	266 	73 	63 	63 
001652 	266 	73 	63 	63 
001653 	266 	73 	63 	63 
001654 	266 	73 	63 	63 
001655 	266 	73 	63 	63 
001656 	266 	73 	63 	63 
001657 	266 	73 	63 	63 
001658 	266 	73 	63 	63 
001659 	266 	73 	63 	63 
001660 	266 	73 	63 	63 
001661 	266 	73 	63 	63 
001662 	266 	73 	63 	63 
001663 	266 	73 	63 	63 
001664 	266 	73 	63 	63 
001665 	259 	73 	63 	63 
001666 	259 	66 	63 	63 
001667 	259 	66 	63 	63 
001668 	259 	73 	63 	63 
001669 	259 	73 	63 	63 
001670 	259 	66 	63 	63 
001671 	259 	73 	63 	63 
001672 	259 	73 	63 	63 
001673 	259 	73 	63 	63 
001674 	259 	66 	63 	63 
001675 	259 	66 	63 	63 
001676 	259 	66 	63 	63 
001677 	259 	66 	63 	63 
001678 	259 	66 	63 	63 
001679 	259 	66 	63 	63 
001680 	262 	72 	52 	53 
001681 	262 	72 	52 	53 
001682 	262 	72 	52 	53 
001683 	262 	72 	52 	53 
001684 	259 	66 	63 	63 
001685 	262 	72 	52 	53 
001686 	262 	72 	52 	53 
001687 	262 	72 	52 	53 
001688 	259 	73 	63 	63 
001689 	259 	73 	63 	63 
001690 	259 	73 	63 	63 
001691 	259 	73 	63 	63 
001692 	267 	78 	53 	53 
001693 	267 	78 	53 	53 
001694 	267 	78 	53 	53 
001695 	267 	78 	53 	53 
001696 	267 	78 	53 	53 
001697 	267 	78 	53 	53 
001698 	267 	78 	53 	53 
001699 	267 	78 	53 	53 
001700 	267 	78 	53 	53 
001701 	267 	78 	53 	53 
001702 	267 	78 	53 	53 
001703 	267 	78 	53 	53 
001704 	267 	78 	53 	53 
001705 	266 	80 	63 	63 
001706 	266 	80 	63 	63 
001707 	266 	80 	63 	63 
001708 	266 	80 	63 	63 
001709 	267 	83 	53 	53 
001710 	267 	83 	53 	53 
001711 	266 	80 	63 	63 
001712 	266 	80 	63 	63 
001713 	266 	80 	63 	63 
001714 	266 	80 	63 	63 
001715 	266 	80 	63 	63 
001716 	266 	80 	63 	63 
001717 	266 	80 	63 	63 
001718 	266 	80 	63 	63 
001719 	266 	80 	63 	63 
001720 	266 	80 	63 	63 
001721 	266 	80 	63 	63 
001722 	266 	80 	63 	63 
001723 	266 	80 	63 	63 
001724 	266 	80 	63 	63 
001725 	266 	80 	63 	63 
001726 	267 	83 	53 	53 
001727 	267 	83 	53 	53 
001728 	267 	83 	53 	53 
001729 	267 	83 	53 	53 
001730 	267 	83 	53 	53 
001731 	267 	83 	53 	53 
001732 	259 	80 	63 	63 
001733 	259 	80 	63 	63 
001734 	267 	83 	53 	53 
001735 	259 	80 	63 	63 
001736 	267 	83 	53 	53 
001737 	267 	83 	53 	53 
001738 	267 	83 	53 	53 
001739 	259 	80 	63 	63 
001740 	259 	80 	63 	63 
001741 	259 	80 	63 	63 
001742 	259 	80 	63 	63 
001743 	259 	80 	63 	63 
001744 	259 	80 	63 	63 
001745 	262 	83 	52 	53 
001746 	262 	83 	52 	53 
001747 	252 	80 	63 	63 
001748 	252 	80 	63 	63 
001749 	252 	80 	63 	63 
001750 	252 	80 	63 	63 
001751 	252 	80 	63 	63 
001752 	262 	83 	52 	53 
001753 	259 	80 	63 	63 
001754 	259 	80 	63 	63 
001755 	259 	80 	63 	63 
001756 	259 	80 	63 	63 
001757 	259 	80 	63 	63 
001758 	267 	83 	53 	53 
001759 	267 	83 	53 	53 
001760 	267 	83 	53 	53 
001761 	267 	83 	53 	53 
001762 	267 	83 	53 	53 
001763 	267 	83 	53 	53 
001764 	267 	83 	53 	53 
001765 	266 	80 	63 	63 
001766 	266 	80 	63 	63 
001767 	266 	80 	63 	63 
001768 	266 	80 	63 	63 
001769 	266 	80 	63 	63 
001770 	266 	80 	63 	63 
001771 	266 	80 	63 	63 
001772 	266 	80 	63 	63 
001773 	266 	80 	63 	63 
001774 	266 	80 	63 	63 
001775 	266 	80 	63 	63 
001776 	266 	80 	63 	63 
001777 	266 	80 	63 	63 
001778 	266 	80 	63 	63 
001779 	266 	80 	63 	63 
001780 	266 	80 	63 	63 
001781 	266 	80 	63 	63 
001782 	266 	80 	63 	63 
001783 	266 	80 	63 	63 
001784 	273 	83 	53 	53 
001785 	273 	83 	53 	53 
001786 	273 	83 	53 	53 
001787 	273 	83 	53 	53 
001788 	273 	83 	53 	53 
001789 	273 	83 	53 	53 
001790 	273 	83 	53 	53 
001791 	273 	83 	53 	53 
001792 	273 	83 	53 	53 
001793 	273 	83 	53 	53 
001794 	273 	83 	53 	53 
001795 	266 	80 	63 	63 
001796 	266 	80 	63 	63 
001797 	266 	80 	63 	63 
001798 	266 	80 	63 	63 
001799 	266 	80 	63 	63 
001800 	266 	80 	63 	63 
001801 	266 	80 	63 	63 
001802 	266 	80 	63 	63 
001803 	266 	80 	63 	63 
001804 	267 	78 	53 	53 
001805 	266 	80 	63 	63 
001806 	267 	78 	53 	53 
001807 	266 	80 	63 	63 
001808 	267 	78 	53 	53 
001809 	267 	78 	53 	53 
001810 	267 	78 	53 	53 
001811 	266 	80 	63 	63 
001812 	266 	73 	63 	63 
001813 	266 	80 	63 	63 
001814 	266 	73 	63 	63 
001815 	266 	73 	63 	63 
001816 	266 	80 	63 	63 
001817 	266 	80 	63 	63 
001818 	266 	80 	63 	63 
001819 	266 	80 	63 	63 
001820 	266 	80 	63 	63 
001821 	267 	83 	53 	53 
001822 	267 	83 	53 	53 
001823 	267 	83 	53 	53 
001824 	267 	83 	53 	53 
001825 	267 	83 	53 	53 
001826 	267 	83 	53 	53 
001827 	267 	83 	53 	53 
001828 	259 	73 	63 	63 
001829 	259 	73 	63 	63 
001830 	259 	73 	63 	63 
001831 	259 	73 	63 	63 
001832 	259 	73 	63 	63 
001833 	259 	73 	63 	63 
001834 	259 	73 	63 	63 
001835 	259 	73 	63 	63 
001836 	259 	73 	63 	63 
001837 	259 	73 	63 	63 
001838 	259 	73 	63 	63 
001839 	259 	73 	63 	63 
001840 	259 	73 	63 	63 
001841 	262 	83 	52 	53 
001842 	262 	83 	52 	53 
001843 	262 	83 	52 	53 
001844 	262 	83 	52 	53 
001845 	262 	83 	52 	53 
001846 	262 	83 	52 	53 
001847 	262 	83 	52 	53 
001848 	259 	73 	63 	63 
001849 	262 	83 	52 	53 
001850 	259 	73 	63 	63 
001851 	259 	73 	63 	63 
001852 	259 	73 	63 	63 
001853 	259 	73 	63 	63 
001854 	259 	73 	63 	63 
001855 	259 	73 	63 	63 
001856 	259 	73 	63 	63 
001857 	259 	73 	63 	63 
001858 	259 	73 	63 	63 
001859 	259 	73 	63 	63 
001860 	259 	73 	63 	63 
001861 	259 	73 	63 	63 
001862 	259 	73 	63 	63 
001863 	259 	73 	63 	63 
001864 	259 	73 	63 	63 
001865 	259 	73 	63 	63 
001866 	259 	73 	63 	63 
001867 	259 	73 	63 	63 
001868 	259 	66 	63 	63 
001869 	259 	66 	63 	63 
001870 	266 	66 	63 	63 
001871 	266 	66 	63 	63 
001872 	266 	66 	63 	63 
001873 	266 	73 	63 	63 
001874 	266 	73 	63 	63 
001875 	267 	78 	53 	53 
001876 	259 	73 	63 	63 
001877 	259 	73 	63 	63 
001878 	259 	73 	63 	63 
001879 	259 	73 	63 	63 
001880 	259 	73 	63 	63 
001881 	259 	73 	63 	63 
001882 	266 	73 	63 	63 
001883 	266 	66 	63 	63 
001884 	266 	66 	63 	63 
001885 	266 	66 	63 	63 
001886 	266 	66 	63 	63 
001887 	266 	66 	63 	63 
001888 	266 	66 	63 	63 
001889 	266 	66 	63 	63 
001890 	273 	72 	53 	53 
001891 	267 	72 	53 	53 
001892 	267 	72 	53 	53 
001893 	267 	72 	53 	53 
001894 	267 	72 	53 	53 
001895 	267 	72 	53 	53 
001896 	259 	73 	63 	63 
001897 	262 	78 	52 	53 
001898 	262 	78 	52 	53 
001899 	262 	78 	52 	53 
001900 	259 	73 	63 	63 
001901 	259 	73 	63 	63 
001902 	262 	78 	52 	53 
001903 	262 	78 	52 	53 
001904 	262 	72 	52 	53 
001905 	259 	66 	63 	63 
001906 	259 	66 	63 	63 
001907 	259 	66 	63 	63 
001908 	259 	66 	63 	63 
001909 	262 	66 	52 	53 
001910 	262 	66 	52 	53 
001911 	262 	66 	52 	53 
001912 	262 	66 	52 	53 
001913 	262 	66 	52 	53 
001914 	262 	66 	52 	53 
001915 	252 	66 	63 	63 
001916 	252 	66 	63 	63 
001917 	252 	66 	63 	63 
001918 	252 	66 	63 	63 
001919 	256 	72 	53 	53 
001920 	256 	72 	53 	53 
001921 	256 	72 	53 	53 
001922 	256 	72 	53 	53 
001923 	256 	72 	53 	53 
001924 	256 	72 	53 	53 
001925 	256 	72 	53 	53 
001926 	245 	66 	63 	63 
001927 	245 	66 	63 	63 
001928 	245 	73 	63 	63 
001929 	245 	73 	63 	63 
001930 	245 	73 	63 	63 
001931 	245 	73 	63 	63 
001932 	245 	73 	63 	63 
001933 	245 	73 	63 	63 
001934 	245 	73 	63 	63 
001935 	245 	73 	63 	63 
001936 	245 	73 	63 	63 
001937 	245 	73 	63 	63 
001938 	252 	73 	63 	63 
001939 	252 	73 	63 	63 
001940 	252 	73 	63 	63 
001941 	252 	73 	63 	63 
001942 	259 	66 	63 	63 
001943 	259 	66 	63 	63 
001944 	267 	78 	53 	53 
001945 	266 	73 	63 	63 
001946 	266 	73 	63 	63 
001947 	273 	78 	53 	53 
001948 	273 	78 	53 	53 
001949 	266 	73 	63 	63 
001950 	266 	73 	63 	63 
001951 	266 	80 	63 	63 
001952 	266 	80 	63 	63 
001953 	267 	83 	53 	53 
001954 	259 	73 	63 	63 
001955 	259 	73 	63 	63 
001956 	259 	73 	63 	63 
001957 	259 	73 	63 	63 
001958 	259 	73 	63 	63 
001959 	259 	73 	63 	63 
001960 	259 	73 	63 	63 
001961 	252 	73 	63 	63 
001962 	252 	73 	63 	63 
001963 	256 	78 	53 	53 
001964 	256 	78 	53 	53 
001965 	245 	73 	63 	63 
