Identity  : 	id10809
Reference : 	Q_C2pzc87Lc
Offset    : 	-1
FV Conf   : 	20.044
ASD Conf  : 	5.218

FRAME 	X 	Y 	W 	H 
007790 	259 	95 	187 	186 
007791 	259 	95 	187 	186 
007792 	239 	95 	186 	186 
007793 	239 	95 	186 	186 
007794 	239 	95 	186 	186 
007795 	239 	95 	186 	186 
007796 	218 	95 	187 	186 
007797 	218 	95 	187 	186 
007798 	218 	95 	187 	186 
007799 	218 	95 	187 	186 
007800 	188 	89 	224 	224 
007801 	188 	89 	224 	224 
007802 	218 	95 	187 	186 
007803 	218 	95 	187 	186 
007804 	218 	95 	187 	186 
007805 	212 	89 	224 	224 
007806 	212 	89 	224 	224 
007807 	212 	89 	224 	224 
007808 	212 	89 	224 	224 
007809 	212 	89 	224 	224 
007810 	212 	89 	224 	224 
007811 	212 	89 	224 	224 
007812 	212 	89 	224 	224 
007813 	239 	115 	186 	187 
007814 	239 	115 	186 	187 
007815 	237 	114 	224 	224 
007816 	237 	114 	224 	224 
007817 	237 	114 	224 	224 
007818 	237 	114 	224 	224 
007819 	237 	114 	224 	224 
007820 	259 	136 	187 	187 
007821 	259 	136 	187 	187 
007822 	237 	114 	224 	224 
007823 	259 	136 	187 	187 
007824 	259 	136 	187 	187 
007825 	259 	136 	187 	187 
007826 	259 	136 	187 	187 
007827 	259 	136 	187 	187 
007828 	259 	136 	187 	187 
007829 	259 	136 	187 	187 
007830 	259 	136 	187 	187 
007831 	259 	136 	187 	187 
007832 	239 	115 	186 	187 
007833 	239 	115 	186 	187 
007834 	239 	115 	186 	187 
007835 	218 	115 	187 	187 
007836 	212 	89 	224 	224 
007837 	212 	89 	224 	224 
007838 	212 	89 	224 	224 
007839 	218 	115 	187 	187 
007840 	218 	115 	187 	187 
007841 	218 	115 	187 	187 
007842 	188 	89 	224 	224 
007843 	188 	89 	224 	224 
007844 	188 	89 	224 	224 
007845 	188 	89 	224 	224 
007846 	197 	115 	187 	187 
007847 	197 	115 	187 	187 
007848 	163 	89 	224 	224 
007849 	163 	89 	224 	224 
007850 	163 	89 	224 	224 
007851 	163 	89 	224 	224 
007852 	163 	89 	224 	224 
007853 	163 	89 	224 	224 
007854 	163 	89 	224 	224 
007855 	163 	89 	224 	224 
007856 	163 	89 	224 	224 
007857 	163 	89 	224 	224 
007858 	163 	89 	224 	224 
007859 	138 	64 	224 	224 
007860 	138 	89 	224 	224 
007861 	138 	89 	224 	224 
007862 	138 	89 	224 	224 
007863 	138 	89 	224 	224 
007864 	138 	89 	224 	224 
007865 	138 	89 	224 	224 
007866 	138 	89 	224 	224 
007867 	138 	64 	224 	224 
007868 	138 	64 	224 	224 
007869 	138 	64 	224 	224 
007870 	177 	95 	187 	186 
007871 	177 	95 	187 	186 
007872 	177 	95 	187 	186 
007873 	163 	64 	224 	224 
007874 	163 	64 	224 	224 
007875 	163 	64 	224 	224 
007876 	163 	64 	224 	224 
007877 	163 	64 	224 	224 
007878 	163 	64 	224 	224 
007879 	163 	64 	224 	224 
007880 	163 	64 	224 	224 
007881 	163 	64 	224 	224 
007882 	188 	89 	224 	224 
007883 	197 	95 	187 	186 
007884 	188 	89 	224 	224 
007885 	197 	115 	187 	187 
007886 	197 	115 	187 	187 
007887 	197 	115 	187 	187 
007888 	197 	115 	187 	187 
007889 	197 	115 	187 	187 
007890 	197 	115 	187 	187 
007891 	218 	115 	187 	187 
007892 	218 	115 	187 	187 
007893 	197 	115 	187 	187 
007894 	197 	115 	187 	187 
007895 	197 	115 	187 	187 
007896 	197 	115 	187 	187 
007897 	197 	115 	187 	187 
007898 	197 	115 	187 	187 
007899 	197 	115 	187 	187 
007900 	197 	115 	187 	187 
007901 	197 	115 	187 	187 
007902 	197 	115 	187 	187 
007903 	197 	115 	187 	187 
007904 	197 	115 	187 	187 
007905 	197 	115 	187 	187 
007906 	197 	115 	187 	187 
007907 	163 	89 	224 	224 
007908 	163 	89 	224 	224 
007909 	163 	89 	224 	224 
007910 	163 	89 	224 	224 
007911 	163 	89 	224 	224 
007912 	138 	89 	224 	224 
007913 	138 	89 	224 	224 
007914 	138 	89 	224 	224 
007915 	138 	89 	224 	224 
007916 	156 	95 	187 	186 
007917 	138 	64 	224 	224 
007918 	113 	64 	224 	224 
007919 	113 	64 	224 	224 
007920 	113 	64 	224 	224 
007921 	113 	64 	224 	224 
007922 	113 	64 	224 	224 
007923 	113 	64 	224 	224 
007924 	113 	64 	224 	224 
007925 	113 	64 	224 	224 
007926 	113 	64 	224 	224 
007927 	113 	64 	224 	224 
007928 	113 	64 	224 	224 
007929 	113 	64 	224 	224 
007930 	156 	74 	187 	187 
007931 	156 	74 	187 	187 
007932 	156 	74 	187 	187 
007933 	138 	64 	224 	224 
007934 	138 	64 	224 	224 
007935 	138 	64 	224 	224 
007936 	138 	64 	224 	224 
007937 	138 	64 	224 	224 
007938 	138 	64 	224 	224 
007939 	177 	74 	187 	187 
007940 	177 	74 	187 	187 
007941 	177 	74 	187 	187 
007942 	163 	64 	224 	224 
