Identity  : 	id10839
Reference : 	BfgM3ER0Etg
Offset    : 	0
FV Conf   : 	22.074
ASD Conf  : 	8.224

FRAME 	X 	Y 	W 	H 
002296 	215 	112 	53 	53 
002297 	215 	112 	53 	53 
002298 	215 	112 	53 	53 
002299 	218 	113 	44 	44 
002300 	218 	113 	44 	44 
002301 	218 	113 	44 	44 
002302 	218 	113 	44 	44 
002303 	218 	113 	44 	44 
002304 	218 	113 	44 	44 
002305 	218 	113 	44 	44 
002306 	218 	113 	44 	44 
002307 	218 	113 	44 	44 
002308 	218 	113 	44 	44 
002309 	218 	113 	44 	44 
002310 	218 	113 	44 	44 
002311 	218 	113 	44 	44 
002312 	218 	113 	44 	44 
002313 	218 	113 	44 	44 
002314 	218 	113 	44 	44 
002315 	218 	113 	44 	44 
002316 	218 	113 	44 	44 
002317 	218 	113 	44 	44 
002318 	218 	113 	44 	44 
002319 	218 	113 	44 	44 
002320 	218 	113 	44 	44 
002321 	218 	113 	44 	44 
002322 	218 	113 	44 	44 
002323 	210 	107 	53 	52 
002324 	210 	107 	53 	52 
002325 	210 	112 	53 	53 
002326 	210 	112 	53 	53 
002327 	210 	112 	53 	53 
002328 	210 	112 	53 	53 
002329 	210 	112 	53 	53 
002330 	218 	113 	44 	44 
002331 	218 	113 	44 	44 
002332 	218 	113 	44 	44 
002333 	210 	107 	53 	52 
002334 	210 	107 	53 	52 
002335 	210 	107 	53 	52 
002336 	210 	107 	53 	52 
002337 	210 	107 	53 	52 
002338 	210 	107 	53 	52 
002339 	210 	107 	53 	52 
002340 	210 	107 	53 	52 
002341 	210 	107 	53 	52 
002342 	210 	107 	53 	52 
002343 	210 	107 	53 	52 
002344 	210 	107 	53 	52 
002345 	210 	107 	53 	52 
002346 	210 	107 	53 	52 
002347 	210 	107 	53 	52 
002348 	210 	107 	53 	52 
002349 	210 	107 	53 	52 
002350 	210 	107 	53 	52 
002351 	210 	107 	53 	52 
002352 	210 	107 	53 	52 
002353 	218 	113 	44 	44 
002354 	218 	113 	44 	44 
002355 	218 	113 	44 	44 
002356 	218 	113 	44 	44 
002357 	218 	113 	44 	44 
002358 	218 	113 	44 	44 
002359 	218 	113 	44 	44 
002360 	218 	113 	44 	44 
002361 	218 	113 	44 	44 
002362 	218 	113 	44 	44 
002363 	218 	113 	44 	44 
002364 	215 	112 	53 	53 
002365 	215 	112 	53 	53 
002366 	215 	107 	53 	52 
002367 	215 	107 	53 	52 
002368 	218 	113 	44 	44 
002369 	218 	113 	44 	44 
002370 	218 	113 	44 	44 
002371 	215 	112 	53 	53 
002372 	210 	112 	53 	53 
002373 	218 	117 	44 	45 
002374 	218 	117 	44 	45 
002375 	218 	117 	44 	45 
002376 	218 	117 	44 	45 
002377 	215 	112 	53 	53 
002378 	215 	112 	53 	53 
002379 	215 	112 	53 	53 
002380 	215 	112 	53 	53 
002381 	215 	112 	53 	53 
002382 	215 	112 	53 	53 
002383 	218 	117 	44 	45 
002384 	218 	117 	44 	45 
002385 	218 	117 	44 	45 
002386 	218 	117 	44 	45 
002387 	218 	117 	44 	45 
002388 	218 	117 	44 	45 
002389 	218 	117 	44 	45 
002390 	218 	117 	44 	45 
002391 	218 	117 	44 	45 
002392 	218 	117 	44 	45 
002393 	218 	117 	44 	45 
002394 	218 	117 	44 	45 
002395 	218 	117 	44 	45 
002396 	218 	117 	44 	45 
002397 	218 	117 	44 	45 
002398 	218 	117 	44 	45 
002399 	218 	117 	44 	45 
002400 	218 	117 	44 	45 
002401 	218 	117 	44 	45 
002402 	218 	117 	44 	45 
002403 	218 	117 	44 	45 
002404 	218 	117 	44 	45 
002405 	210 	112 	53 	53 
002406 	210 	112 	53 	53 
002407 	210 	112 	53 	53 
002408 	218 	113 	44 	44 
002409 	218 	113 	44 	44 
002410 	218 	113 	44 	44 
002411 	218 	113 	44 	44 
002412 	218 	113 	44 	44 
002413 	218 	113 	44 	44 
002414 	218 	113 	44 	44 
002415 	210 	107 	53 	52 
002416 	218 	113 	44 	44 
002417 	218 	113 	44 	44 
002418 	218 	113 	44 	44 
002419 	215 	112 	53 	53 
002420 	218 	117 	44 	45 
002421 	218 	117 	44 	45 
002422 	218 	117 	44 	45 
002423 	218 	117 	44 	45 
002424 	218 	117 	44 	45 
002425 	218 	117 	44 	45 
002426 	218 	117 	44 	45 
002427 	218 	117 	44 	45 
002428 	218 	117 	44 	45 
002429 	218 	117 	44 	45 
002430 	218 	117 	44 	45 
002431 	218 	117 	44 	45 
002432 	215 	112 	53 	53 
002433 	218 	113 	44 	44 
002434 	218 	113 	44 	44 
002435 	218 	113 	44 	44 
002436 	218 	113 	44 	44 
002437 	218 	113 	44 	44 
002438 	218 	113 	44 	44 
002439 	218 	113 	44 	44 
002440 	218 	113 	44 	44 
002441 	218 	113 	44 	44 
002442 	218 	113 	44 	44 
002443 	218 	113 	44 	44 
002444 	218 	113 	44 	44 
002445 	218 	113 	44 	44 
002446 	218 	113 	44 	44 
002447 	218 	113 	44 	44 
002448 	218 	113 	44 	44 
002449 	218 	113 	44 	44 
002450 	218 	113 	44 	44 
002451 	218 	113 	44 	44 
002452 	218 	113 	44 	44 
002453 	218 	113 	44 	44 
002454 	218 	113 	44 	44 
002455 	218 	113 	44 	44 
002456 	218 	113 	44 	44 
002457 	218 	113 	44 	44 
002458 	218 	113 	44 	44 
002459 	215 	112 	53 	53 
002460 	215 	112 	53 	53 
002461 	215 	112 	53 	53 
002462 	215 	112 	53 	53 
002463 	215 	112 	53 	53 
002464 	223 	117 	44 	45 
002465 	223 	117 	44 	45 
002466 	223 	117 	44 	45 
002467 	223 	117 	44 	45 
002468 	215 	112 	53 	53 
002469 	215 	112 	53 	53 
002470 	215 	112 	53 	53 
002471 	215 	112 	53 	53 
002472 	218 	113 	44 	44 
002473 	218 	113 	44 	44 
002474 	218 	113 	44 	44 
002475 	210 	107 	53 	52 
002476 	210 	107 	53 	52 
002477 	213 	113 	44 	44 
002478 	210 	112 	53 	53 
002479 	210 	112 	53 	53 
002480 	210 	112 	53 	53 
002481 	210 	112 	53 	53 
002482 	218 	117 	44 	45 
002483 	218 	117 	44 	45 
002484 	218 	117 	44 	45 
002485 	215 	112 	53 	53 
002486 	215 	112 	53 	53 
002487 	215 	112 	53 	53 
002488 	215 	112 	53 	53 
002489 	215 	112 	53 	53 
002490 	215 	107 	53 	52 
002491 	215 	107 	53 	52 
002492 	215 	107 	53 	52 
002493 	215 	107 	53 	52 
002494 	215 	107 	53 	52 
002495 	218 	108 	44 	44 
002496 	218 	108 	44 	44 
002497 	218 	108 	44 	44 
002498 	210 	107 	53 	52 
002499 	210 	107 	53 	52 
002500 	210 	107 	53 	52 
002501 	210 	107 	53 	52 
002502 	210 	107 	53 	52 
002503 	210 	107 	53 	52 
002504 	210 	112 	53 	53 
002505 	210 	112 	53 	53 
002506 	210 	112 	53 	53 
002507 	210 	112 	53 	53 
002508 	210 	107 	53 	52 
002509 	210 	107 	53 	52 
002510 	210 	107 	53 	52 
002511 	210 	107 	53 	52 
002512 	210 	112 	53 	53 
002513 	218 	113 	44 	44 
002514 	218 	113 	44 	44 
002515 	218 	113 	44 	44 
002516 	218 	117 	44 	45 
002517 	218 	117 	44 	45 
002518 	210 	107 	53 	52 
002519 	218 	117 	44 	45 
002520 	218 	117 	44 	45 
002521 	215 	112 	53 	53 
002522 	218 	117 	44 	45 
002523 	215 	112 	53 	53 
002524 	215 	112 	53 	53 
002525 	215 	112 	53 	53 
002526 	218 	113 	44 	44 
002527 	218 	113 	44 	44 
002528 	218 	113 	44 	44 
002529 	218 	113 	44 	44 
002530 	218 	113 	44 	44 
002531 	218 	113 	44 	44 
002532 	218 	113 	44 	44 
002533 	210 	112 	53 	53 
002534 	210 	112 	53 	53 
002535 	210 	112 	53 	53 
002536 	210 	112 	53 	53 
002537 	210 	112 	53 	53 
002538 	210 	112 	53 	53 
002539 	210 	112 	53 	53 
002540 	210 	107 	53 	52 
002541 	218 	113 	44 	44 
002542 	218 	113 	44 	44 
002543 	218 	108 	44 	44 
002544 	218 	108 	44 	44 
002545 	218 	108 	44 	44 
002546 	218 	108 	44 	44 
002547 	218 	108 	44 	44 
002548 	218 	108 	44 	44 
002549 	218 	108 	44 	44 
002550 	218 	108 	44 	44 
002551 	218 	108 	44 	44 
002552 	218 	108 	44 	44 
002553 	218 	108 	44 	44 
002554 	218 	108 	44 	44 
002555 	218 	113 	44 	44 
002556 	218 	113 	44 	44 
002557 	218 	113 	44 	44 
002558 	218 	113 	44 	44 
002559 	215 	112 	53 	53 
002560 	215 	112 	53 	53 
002561 	215 	112 	53 	53 
002562 	215 	112 	53 	53 
002563 	215 	112 	53 	53 
002564 	215 	112 	53 	53 
002565 	215 	112 	53 	53 
002566 	215 	112 	53 	53 
002567 	215 	112 	53 	53 
002568 	215 	107 	53 	52 
002569 	215 	107 	53 	52 
002570 	215 	107 	53 	52 
002571 	215 	107 	53 	52 
002572 	215 	107 	53 	52 
002573 	218 	108 	44 	44 
002574 	218 	113 	44 	44 
002575 	215 	107 	53 	52 
002576 	215 	107 	53 	52 
002577 	215 	107 	53 	52 
002578 	218 	113 	44 	44 
002579 	218 	113 	44 	44 
002580 	218 	113 	44 	44 
002581 	218 	113 	44 	44 
002582 	218 	113 	44 	44 
002583 	218 	113 	44 	44 
002584 	218 	113 	44 	44 
002585 	218 	113 	44 	44 
002586 	215 	107 	53 	52 
002587 	215 	107 	53 	52 
002588 	215 	107 	53 	52 
002589 	215 	107 	53 	52 
002590 	215 	107 	53 	52 
002591 	215 	107 	53 	52 
002592 	215 	107 	53 	52 
002593 	215 	107 	53 	52 
002594 	215 	107 	53 	52 
002595 	215 	107 	53 	52 
002596 	218 	108 	44 	44 
002597 	215 	107 	53 	52 
002598 	218 	108 	44 	44 
002599 	215 	107 	53 	52 
002600 	215 	107 	53 	52 
002601 	215 	107 	53 	52 
002602 	215 	107 	53 	52 
002603 	215 	107 	53 	52 
002604 	215 	107 	53 	52 
002605 	215 	107 	53 	52 
002606 	215 	107 	53 	52 
002607 	218 	108 	44 	44 
002608 	215 	107 	53 	52 
002609 	215 	107 	53 	52 
002610 	215 	107 	53 	52 
002611 	215 	107 	53 	52 
002612 	215 	107 	53 	52 
002613 	215 	107 	53 	52 
002614 	215 	107 	53 	52 
002615 	215 	107 	53 	52 
002616 	215 	107 	53 	52 
002617 	215 	107 	53 	52 
002618 	215 	107 	53 	52 
002619 	215 	107 	53 	52 
002620 	215 	107 	53 	52 
002621 	215 	107 	53 	52 
002622 	223 	113 	44 	44 
002623 	215 	112 	53 	53 
002624 	215 	112 	53 	53 
002625 	215 	112 	53 	53 
002626 	215 	112 	53 	53 
002627 	223 	117 	44 	45 
002628 	221 	112 	53 	53 
002629 	223 	113 	44 	44 
002630 	223 	113 	44 	44 
002631 	223 	113 	44 	44 
002632 	223 	113 	44 	44 
002633 	223 	113 	44 	44 
002634 	223 	113 	44 	44 
002635 	215 	107 	53 	52 
002636 	215 	107 	53 	52 
002637 	215 	107 	53 	52 
002638 	215 	107 	53 	52 
002639 	215 	107 	53 	52 
002640 	215 	107 	53 	52 
002641 	215 	107 	53 	52 
002642 	215 	107 	53 	52 
002643 	215 	107 	53 	52 
002644 	223 	108 	44 	44 
002645 	223 	108 	44 	44 
