Identity  : 	id10839
Reference : 	BfgM3ER0Etg
Offset    : 	0
FV Conf   : 	27.105
ASD Conf  : 	8.449

FRAME 	X 	Y 	W 	H 
002891 	215 	112 	53 	53 
002892 	215 	112 	53 	53 
002893 	215 	112 	53 	53 
002894 	215 	112 	53 	53 
002895 	215 	112 	53 	53 
002896 	215 	112 	53 	53 
002897 	215 	112 	53 	53 
002898 	215 	112 	53 	53 
002899 	215 	112 	53 	53 
002900 	215 	112 	53 	53 
002901 	215 	112 	53 	53 
002902 	215 	112 	53 	53 
002903 	215 	112 	53 	53 
002904 	215 	112 	53 	53 
002905 	215 	112 	53 	53 
002906 	215 	112 	53 	53 
002907 	215 	112 	53 	53 
002908 	218 	113 	44 	44 
002909 	218 	113 	44 	44 
002910 	215 	112 	53 	53 
002911 	215 	112 	53 	53 
002912 	215 	112 	53 	53 
002913 	215 	112 	53 	53 
002914 	215 	112 	53 	53 
002915 	215 	112 	53 	53 
002916 	215 	112 	53 	53 
002917 	215 	112 	53 	53 
002918 	215 	112 	53 	53 
002919 	215 	112 	53 	53 
002920 	215 	112 	53 	53 
002921 	215 	112 	53 	53 
002922 	215 	112 	53 	53 
002923 	215 	112 	53 	53 
002924 	215 	112 	53 	53 
002925 	215 	112 	53 	53 
002926 	215 	112 	53 	53 
002927 	215 	112 	53 	53 
002928 	215 	112 	53 	53 
002929 	215 	112 	53 	53 
002930 	215 	112 	53 	53 
002931 	218 	113 	44 	44 
002932 	218 	113 	44 	44 
002933 	215 	112 	53 	53 
002934 	215 	112 	53 	53 
002935 	215 	112 	53 	53 
002936 	215 	112 	53 	53 
002937 	218 	113 	44 	44 
002938 	218 	113 	44 	44 
002939 	215 	107 	53 	52 
002940 	215 	107 	53 	52 
002941 	215 	107 	53 	52 
002942 	215 	107 	53 	52 
002943 	215 	112 	53 	53 
002944 	215 	112 	53 	53 
002945 	215 	112 	53 	53 
002946 	215 	112 	53 	53 
002947 	215 	112 	53 	53 
002948 	215 	112 	53 	53 
002949 	215 	112 	53 	53 
002950 	215 	112 	53 	53 
002951 	215 	112 	53 	53 
002952 	215 	112 	53 	53 
002953 	215 	112 	53 	53 
002954 	215 	112 	53 	53 
002955 	215 	112 	53 	53 
002956 	215 	112 	53 	53 
002957 	215 	112 	53 	53 
002958 	215 	112 	53 	53 
002959 	215 	112 	53 	53 
002960 	215 	112 	53 	53 
002961 	215 	112 	53 	53 
002962 	215 	112 	53 	53 
002963 	215 	112 	53 	53 
002964 	215 	107 	53 	52 
002965 	215 	107 	53 	52 
002966 	215 	107 	53 	52 
002967 	215 	107 	53 	52 
002968 	215 	107 	53 	52 
002969 	215 	112 	53 	53 
002970 	215 	112 	53 	53 
002971 	215 	112 	53 	53 
002972 	215 	112 	53 	53 
002973 	223 	113 	44 	44 
002974 	223 	113 	44 	44 
002975 	223 	113 	44 	44 
002976 	223 	113 	44 	44 
002977 	223 	113 	44 	44 
002978 	223 	113 	44 	44 
002979 	223 	113 	44 	44 
002980 	223 	113 	44 	44 
002981 	223 	113 	44 	44 
002982 	223 	113 	44 	44 
002983 	223 	113 	44 	44 
002984 	223 	113 	44 	44 
002985 	223 	113 	44 	44 
002986 	223 	113 	44 	44 
002987 	223 	113 	44 	44 
002988 	223 	113 	44 	44 
002989 	223 	113 	44 	44 
002990 	223 	113 	44 	44 
002991 	223 	113 	44 	44 
002992 	223 	113 	44 	44 
002993 	223 	113 	44 	44 
002994 	223 	113 	44 	44 
002995 	223 	113 	44 	44 
002996 	223 	113 	44 	44 
002997 	223 	113 	44 	44 
002998 	215 	112 	53 	53 
002999 	215 	112 	53 	53 
003000 	215 	112 	53 	53 
003001 	215 	112 	53 	53 
003002 	215 	112 	53 	53 
003003 	215 	112 	53 	53 
003004 	215 	112 	53 	53 
003005 	215 	112 	53 	53 
003006 	215 	112 	53 	53 
003007 	215 	112 	53 	53 
003008 	218 	117 	44 	45 
003009 	218 	117 	44 	45 
003010 	218 	117 	44 	45 
003011 	218 	117 	44 	45 
003012 	218 	117 	44 	45 
003013 	218 	117 	44 	45 
003014 	218 	117 	44 	45 
003015 	218 	117 	44 	45 
003016 	218 	117 	44 	45 
003017 	218 	117 	44 	45 
003018 	218 	117 	44 	45 
003019 	218 	117 	44 	45 
003020 	218 	117 	44 	45 
003021 	218 	117 	44 	45 
003022 	218 	117 	44 	45 
003023 	218 	117 	44 	45 
003024 	218 	117 	44 	45 
003025 	218 	117 	44 	45 
003026 	218 	117 	44 	45 
003027 	218 	117 	44 	45 
003028 	218 	117 	44 	45 
003029 	215 	112 	53 	53 
003030 	215 	112 	53 	53 
003031 	215 	112 	53 	53 
003032 	215 	112 	53 	53 
003033 	215 	112 	53 	53 
003034 	215 	112 	53 	53 
003035 	215 	112 	53 	53 
003036 	215 	112 	53 	53 
003037 	215 	112 	53 	53 
003038 	215 	112 	53 	53 
003039 	215 	112 	53 	53 
003040 	215 	112 	53 	53 
003041 	215 	112 	53 	53 
003042 	218 	113 	44 	44 
003043 	218 	113 	44 	44 
003044 	218 	113 	44 	44 
003045 	218 	113 	44 	44 
003046 	218 	113 	44 	44 
003047 	218 	113 	44 	44 
003048 	218 	113 	44 	44 
003049 	218 	113 	44 	44 
003050 	218 	113 	44 	44 
003051 	218 	113 	44 	44 
