Identity  : 	id10839
Reference : 	BfgM3ER0Etg
Offset    : 	0
FV Conf   : 	17.747
ASD Conf  : 	9.378

FRAME 	X 	Y 	W 	H 
006367 	215 	101 	53 	53 
006368 	215 	101 	53 	53 
006369 	215 	101 	53 	53 
006370 	215 	107 	53 	52 
006371 	215 	107 	53 	52 
006372 	215 	107 	53 	52 
006373 	215 	107 	53 	52 
006374 	215 	107 	53 	52 
006375 	215 	107 	53 	52 
006376 	223 	113 	44 	44 
006377 	223 	113 	44 	44 
006378 	223 	113 	44 	44 
006379 	223 	113 	44 	44 
006380 	215 	112 	53 	53 
006381 	215 	112 	53 	53 
006382 	215 	112 	53 	53 
006383 	215 	107 	53 	52 
006384 	215 	107 	53 	52 
006385 	215 	107 	53 	52 
006386 	215 	107 	53 	52 
006387 	215 	107 	53 	52 
006388 	215 	107 	53 	52 
006389 	215 	107 	53 	52 
006390 	215 	107 	53 	52 
006391 	215 	107 	53 	52 
006392 	223 	113 	44 	44 
006393 	223 	113 	44 	44 
006394 	223 	113 	44 	44 
006395 	223 	113 	44 	44 
006396 	223 	113 	44 	44 
006397 	223 	113 	44 	44 
006398 	223 	113 	44 	44 
006399 	221 	112 	53 	53 
006400 	221 	112 	53 	53 
006401 	221 	112 	53 	53 
006402 	221 	107 	53 	52 
006403 	221 	107 	53 	52 
006404 	221 	107 	53 	52 
006405 	221 	112 	53 	53 
006406 	221 	112 	53 	53 
006407 	221 	112 	53 	53 
006408 	221 	112 	53 	53 
006409 	223 	113 	44 	44 
006410 	223 	113 	44 	44 
006411 	223 	113 	44 	44 
006412 	223 	113 	44 	44 
006413 	223 	113 	44 	44 
006414 	215 	112 	53 	53 
006415 	215 	112 	53 	53 
006416 	218 	113 	44 	44 
006417 	218 	113 	44 	44 
006418 	210 	107 	53 	52 
006419 	210 	107 	53 	52 
006420 	210 	107 	53 	52 
006421 	210 	107 	53 	52 
006422 	210 	107 	53 	52 
006423 	210 	107 	53 	52 
006424 	210 	107 	53 	52 
006425 	210 	107 	53 	52 
006426 	210 	107 	53 	52 
006427 	204 	107 	53 	52 
006428 	204 	107 	53 	52 
006429 	204 	107 	53 	52 
006430 	204 	107 	53 	52 
006431 	204 	107 	53 	52 
006432 	204 	107 	53 	52 
006433 	204 	107 	53 	52 
006434 	210 	107 	53 	52 
006435 	210 	107 	53 	52 
006436 	210 	107 	53 	52 
006437 	210 	107 	53 	52 
006438 	210 	107 	53 	52 
006439 	210 	107 	53 	52 
006440 	210 	107 	53 	52 
006441 	210 	107 	53 	52 
006442 	210 	107 	53 	52 
006443 	210 	112 	53 	53 
006444 	218 	113 	44 	44 
006445 	218 	113 	44 	44 
006446 	218 	113 	44 	44 
006447 	215 	112 	53 	53 
006448 	215 	112 	53 	53 
006449 	215 	112 	53 	53 
006450 	215 	112 	53 	53 
006451 	218 	113 	44 	44 
006452 	218 	113 	44 	44 
006453 	218 	113 	44 	44 
006454 	218 	113 	44 	44 
006455 	218 	113 	44 	44 
006456 	218 	113 	44 	44 
006457 	218 	113 	44 	44 
006458 	218 	113 	44 	44 
006459 	218 	113 	44 	44 
006460 	218 	113 	44 	44 
006461 	218 	113 	44 	44 
006462 	218 	113 	44 	44 
006463 	218 	113 	44 	44 
006464 	218 	113 	44 	44 
006465 	218 	113 	44 	44 
006466 	218 	113 	44 	44 
006467 	218 	113 	44 	44 
006468 	218 	113 	44 	44 
006469 	218 	113 	44 	44 
006470 	218 	113 	44 	44 
006471 	218 	113 	44 	44 
006472 	218 	113 	44 	44 
006473 	218 	113 	44 	44 
006474 	215 	112 	53 	53 
006475 	215 	112 	53 	53 
