Identity  : 	id10985
Reference : 	P8YddShCTD4
Offset    : 	-4
FV Conf   : 	14.679
ASD Conf  : 	7.040

FRAME 	X 	Y 	W 	H 
001027 	254 	105 	90 	91 
001028 	254 	105 	90 	91 
001029 	254 	105 	90 	91 
001030 	254 	105 	90 	91 
001031 	254 	105 	90 	91 
001032 	254 	105 	90 	91 
001033 	254 	105 	90 	91 
001034 	254 	105 	90 	91 
001035 	254 	105 	90 	91 
001036 	254 	105 	90 	91 
001037 	254 	105 	90 	91 
001038 	254 	105 	90 	91 
001039 	254 	105 	90 	91 
001040 	264 	105 	90 	91 
001041 	264 	105 	90 	91 
001042 	264 	105 	90 	91 
001043 	264 	105 	90 	91 
001044 	264 	105 	90 	91 
001045 	257 	90 	109 	109 
001046 	257 	90 	109 	109 
001047 	257 	90 	109 	109 
001048 	274 	95 	90 	91 
001049 	274 	95 	90 	91 
001050 	269 	90 	108 	109 
001051 	284 	95 	90 	91 
001052 	281 	78 	108 	109 
001053 	281 	78 	108 	109 
001054 	281 	78 	108 	109 
001055 	281 	78 	108 	109 
001056 	281 	78 	108 	109 
001057 	281 	78 	108 	109 
001058 	293 	78 	108 	109 
001059 	293 	78 	108 	109 
001060 	293 	78 	108 	109 
001061 	293 	78 	108 	109 
001062 	293 	78 	108 	109 
001063 	293 	78 	108 	109 
001064 	293 	78 	108 	109 
001065 	293 	78 	108 	109 
001066 	293 	78 	108 	109 
001067 	293 	78 	108 	109 
001068 	293 	78 	108 	109 
001069 	294 	85 	90 	91 
001070 	294 	85 	90 	91 
001071 	281 	66 	108 	109 
001072 	281 	66 	108 	109 
001073 	281 	66 	108 	109 
001074 	281 	66 	108 	109 
001075 	284 	75 	90 	91 
001076 	284 	75 	90 	91 
001077 	269 	54 	108 	109 
001078 	269 	54 	108 	109 
001079 	269 	54 	108 	109 
001080 	274 	65 	90 	91 
001081 	257 	54 	109 	109 
001082 	264 	75 	90 	91 
001083 	264 	75 	90 	91 
001084 	254 	75 	90 	91 
001085 	254 	75 	90 	91 
001086 	245 	66 	109 	109 
001087 	244 	85 	90 	91 
001088 	244 	85 	90 	91 
001089 	244 	85 	90 	91 
001090 	244 	85 	90 	91 
001091 	244 	85 	90 	91 
001092 	244 	85 	90 	91 
001093 	244 	85 	90 	91 
001094 	244 	75 	90 	91 
001095 	244 	75 	90 	91 
001096 	244 	75 	90 	91 
001097 	254 	85 	90 	91 
001098 	254 	85 	90 	91 
001099 	254 	85 	90 	91 
001100 	254 	85 	90 	91 
001101 	264 	85 	90 	91 
001102 	264 	85 	90 	91 
001103 	274 	85 	90 	91 
001104 	274 	85 	90 	91 
001105 	274 	85 	90 	91 
001106 	274 	85 	90 	91 
001107 	284 	85 	90 	91 
001108 	284 	85 	90 	91 
001109 	284 	85 	90 	91 
001110 	284 	85 	90 	91 
001111 	284 	85 	90 	91 
001112 	284 	85 	90 	91 
001113 	284 	85 	90 	91 
001114 	284 	85 	90 	91 
001115 	294 	85 	90 	91 
001116 	294 	85 	90 	91 
001117 	294 	85 	90 	91 
001118 	294 	85 	90 	91 
001119 	294 	85 	90 	91 
001120 	294 	85 	90 	91 
001121 	294 	85 	90 	91 
001122 	294 	85 	90 	91 
001123 	294 	85 	90 	91 
001124 	294 	85 	90 	91 
001125 	294 	85 	90 	91 
001126 	294 	85 	90 	91 
001127 	304 	85 	90 	91 
001128 	304 	85 	90 	91 
001129 	304 	85 	90 	91 
001130 	304 	85 	90 	91 
001131 	304 	85 	90 	91 
001132 	293 	66 	108 	109 
