Identity  : 	id10476
Reference : 	agQ0RfUEo14
Offset    : 	0
FV Conf   : 	18.822
ASD Conf  : 	7.645

FRAME 	X 	Y 	W 	H 
003345 	361 	87 	75 	76 
003346 	361 	87 	75 	76 
003347 	361 	87 	75 	76 
003348 	361 	87 	75 	76 
003349 	361 	87 	75 	76 
003350 	353 	85 	91 	91 
003351 	353 	85 	91 	91 
003352 	353 	85 	91 	91 
003353 	353 	75 	91 	91 
003354 	353 	75 	91 	91 
003355 	369 	87 	76 	76 
003356 	353 	85 	91 	91 
003357 	353 	85 	91 	91 
003358 	369 	96 	76 	75 
003359 	369 	104 	76 	76 
003360 	369 	104 	76 	76 
003361 	369 	96 	76 	75 
003362 	363 	85 	91 	91 
003363 	363 	85 	91 	91 
003364 	363 	85 	91 	91 
003365 	377 	104 	76 	76 
003366 	377 	104 	76 	76 
003367 	377 	104 	76 	76 
003368 	377 	104 	76 	76 
003369 	377 	96 	76 	75 
003370 	377 	96 	76 	75 
003371 	377 	96 	76 	75 
003372 	373 	85 	91 	91 
003373 	373 	85 	91 	91 
003374 	373 	85 	91 	91 
003375 	373 	85 	91 	91 
003376 	377 	87 	76 	76 
003377 	377 	87 	76 	76 
003378 	377 	87 	76 	76 
003379 	377 	87 	76 	76 
003380 	377 	87 	76 	76 
003381 	377 	87 	76 	76 
003382 	363 	75 	91 	91 
003383 	363 	75 	91 	91 
003384 	363 	75 	91 	91 
003385 	363 	75 	91 	91 
003386 	363 	75 	91 	91 
003387 	363 	75 	91 	91 
003388 	369 	87 	76 	76 
003389 	369 	87 	76 	76 
003390 	369 	87 	76 	76 
003391 	369 	87 	76 	76 
003392 	369 	87 	76 	76 
003393 	369 	87 	76 	76 
003394 	369 	87 	76 	76 
003395 	369 	96 	76 	75 
003396 	369 	96 	76 	75 
003397 	369 	96 	76 	75 
003398 	369 	96 	76 	75 
003399 	369 	96 	76 	75 
003400 	369 	96 	76 	75 
003401 	369 	96 	76 	75 
003402 	369 	96 	76 	75 
003403 	369 	96 	76 	75 
003404 	369 	96 	76 	75 
003405 	369 	96 	76 	75 
003406 	369 	96 	76 	75 
003407 	369 	96 	76 	75 
003408 	369 	96 	76 	75 
003409 	369 	96 	76 	75 
003410 	369 	96 	76 	75 
003411 	363 	85 	91 	91 
003412 	369 	87 	76 	76 
003413 	363 	85 	91 	91 
003414 	363 	85 	91 	91 
003415 	363 	85 	91 	91 
003416 	363 	85 	91 	91 
003417 	363 	85 	91 	91 
003418 	363 	85 	91 	91 
003419 	363 	85 	91 	91 
003420 	363 	85 	91 	91 
003421 	363 	85 	91 	91 
003422 	363 	85 	91 	91 
003423 	363 	85 	91 	91 
003424 	363 	85 	91 	91 
003425 	363 	85 	91 	91 
003426 	363 	85 	91 	91 
003427 	363 	85 	91 	91 
003428 	363 	85 	91 	91 
003429 	363 	85 	91 	91 
003430 	363 	85 	91 	91 
003431 	363 	85 	91 	91 
003432 	363 	85 	91 	91 
003433 	363 	85 	91 	91 
003434 	363 	85 	91 	91 
003435 	363 	85 	91 	91 
003436 	377 	87 	76 	76 
003437 	377 	87 	76 	76 
003438 	377 	87 	76 	76 
003439 	377 	87 	76 	76 
003440 	377 	87 	76 	76 
003441 	377 	96 	76 	75 
003442 	377 	96 	76 	75 
003443 	377 	96 	76 	75 
003444 	377 	96 	76 	75 
003445 	377 	96 	76 	75 
003446 	377 	96 	76 	75 
003447 	377 	96 	76 	75 
003448 	377 	96 	76 	75 
003449 	377 	96 	76 	75 
003450 	377 	96 	76 	75 
003451 	377 	96 	76 	75 
003452 	377 	96 	76 	75 
003453 	377 	96 	76 	75 
003454 	377 	96 	76 	75 
003455 	377 	96 	76 	75 
003456 	377 	96 	76 	75 
003457 	377 	96 	76 	75 
003458 	377 	96 	76 	75 
003459 	377 	96 	76 	75 
003460 	377 	96 	76 	75 
003461 	377 	96 	76 	75 
003462 	377 	96 	76 	75 
003463 	377 	96 	76 	75 
003464 	377 	96 	76 	75 
003465 	377 	96 	76 	75 
003466 	377 	96 	76 	75 
003467 	377 	96 	76 	75 
003468 	377 	96 	76 	75 
003469 	377 	96 	76 	75 
003470 	377 	96 	76 	75 
003471 	377 	96 	76 	75 
003472 	377 	96 	76 	75 
003473 	377 	96 	76 	75 
003474 	377 	96 	76 	75 
003475 	377 	96 	76 	75 
003476 	377 	96 	76 	75 
003477 	377 	96 	76 	75 
003478 	377 	96 	76 	75 
003479 	377 	96 	76 	75 
003480 	377 	96 	76 	75 
003481 	377 	96 	76 	75 
003482 	377 	96 	76 	75 
003483 	377 	96 	76 	75 
003484 	377 	96 	76 	75 
003485 	377 	96 	76 	75 
003486 	377 	96 	76 	75 
003487 	377 	96 	76 	75 
003488 	377 	96 	76 	75 
003489 	377 	96 	76 	75 
003490 	377 	96 	76 	75 
003491 	377 	96 	76 	75 
003492 	377 	96 	76 	75 
003493 	377 	96 	76 	75 
003494 	377 	96 	76 	75 
003495 	377 	96 	76 	75 
003496 	377 	96 	76 	75 
003497 	377 	96 	76 	75 
003498 	377 	96 	76 	75 
003499 	377 	96 	76 	75 
003500 	377 	96 	76 	75 
003501 	377 	96 	76 	75 
003502 	377 	96 	76 	75 
003503 	377 	96 	76 	75 
003504 	377 	96 	76 	75 
003505 	377 	96 	76 	75 
003506 	377 	96 	76 	75 
003507 	377 	96 	76 	75 
003508 	377 	96 	76 	75 
003509 	377 	96 	76 	75 
003510 	377 	96 	76 	75 
003511 	377 	96 	76 	75 
003512 	377 	96 	76 	75 
003513 	377 	96 	76 	75 
003514 	377 	96 	76 	75 
003515 	377 	96 	76 	75 
003516 	377 	96 	76 	75 
003517 	377 	96 	76 	75 
003518 	377 	96 	76 	75 
003519 	377 	96 	76 	75 
003520 	377 	96 	76 	75 
003521 	377 	96 	76 	75 
003522 	377 	96 	76 	75 
003523 	377 	96 	76 	75 
003524 	377 	96 	76 	75 
003525 	377 	96 	76 	75 
003526 	377 	104 	76 	76 
003527 	377 	104 	76 	76 
003528 	363 	95 	91 	91 
003529 	363 	95 	91 	91 
003530 	369 	112 	76 	76 
003531 	369 	112 	76 	76 
003532 	369 	112 	76 	76 
003533 	369 	112 	76 	76 
003534 	369 	112 	76 	76 
003535 	369 	112 	76 	76 
003536 	369 	112 	76 	76 
003537 	363 	95 	91 	91 
003538 	363 	95 	91 	91 
