Identity  : 	id10476
Reference : 	agQ0RfUEo14
Offset    : 	0
FV Conf   : 	17.743
ASD Conf  : 	8.073

FRAME 	X 	Y 	W 	H 
008584 	369 	87 	76 	76 
008585 	369 	87 	76 	76 
008586 	369 	87 	76 	76 
008587 	369 	87 	76 	76 
008588 	369 	87 	76 	76 
008589 	369 	87 	76 	76 
008590 	363 	85 	91 	91 
008591 	369 	87 	76 	76 
008592 	369 	87 	76 	76 
008593 	369 	87 	76 	76 
008594 	369 	87 	76 	76 
008595 	369 	87 	76 	76 
008596 	369 	87 	76 	76 
008597 	369 	87 	76 	76 
008598 	361 	87 	75 	76 
008599 	361 	87 	75 	76 
008600 	361 	87 	75 	76 
008601 	361 	87 	75 	76 
008602 	361 	87 	75 	76 
008603 	361 	96 	75 	75 
008604 	361 	96 	75 	75 
008605 	361 	96 	75 	75 
008606 	361 	96 	75 	75 
008607 	361 	96 	75 	75 
008608 	353 	85 	91 	91 
008609 	361 	96 	75 	75 
008610 	361 	96 	75 	75 
008611 	361 	96 	75 	75 
008612 	361 	87 	75 	76 
008613 	361 	87 	75 	76 
008614 	361 	87 	75 	76 
008615 	361 	87 	75 	76 
008616 	361 	87 	75 	76 
008617 	361 	87 	75 	76 
008618 	361 	87 	75 	76 
008619 	361 	87 	75 	76 
008620 	361 	87 	75 	76 
008621 	361 	87 	75 	76 
008622 	361 	87 	75 	76 
008623 	361 	87 	75 	76 
008624 	361 	87 	75 	76 
008625 	361 	96 	75 	75 
008626 	352 	87 	76 	76 
008627 	352 	87 	76 	76 
008628 	352 	87 	76 	76 
008629 	352 	87 	76 	76 
008630 	352 	87 	76 	76 
008631 	352 	87 	76 	76 
008632 	361 	87 	75 	76 
008633 	361 	87 	75 	76 
008634 	361 	87 	75 	76 
008635 	361 	96 	75 	75 
008636 	361 	96 	75 	75 
008637 	361 	87 	75 	76 
008638 	361 	87 	75 	76 
008639 	361 	87 	75 	76 
008640 	361 	96 	75 	75 
008641 	361 	96 	75 	75 
008642 	361 	96 	75 	75 
008643 	361 	96 	75 	75 
008644 	361 	96 	75 	75 
008645 	361 	96 	75 	75 
008646 	361 	96 	75 	75 
008647 	361 	96 	75 	75 
008648 	361 	87 	75 	76 
008649 	361 	87 	75 	76 
008650 	361 	87 	75 	76 
008651 	361 	87 	75 	76 
008652 	361 	87 	75 	76 
008653 	361 	87 	75 	76 
008654 	361 	87 	75 	76 
008655 	361 	87 	75 	76 
008656 	361 	87 	75 	76 
008657 	361 	96 	75 	75 
008658 	361 	87 	75 	76 
008659 	361 	87 	75 	76 
008660 	361 	87 	75 	76 
008661 	361 	96 	75 	75 
008662 	369 	96 	76 	75 
008663 	369 	96 	76 	75 
008664 	369 	96 	76 	75 
008665 	369 	96 	76 	75 
008666 	369 	96 	76 	75 
008667 	369 	96 	76 	75 
008668 	369 	96 	76 	75 
008669 	369 	96 	76 	75 
008670 	369 	96 	76 	75 
008671 	369 	96 	76 	75 
008672 	369 	96 	76 	75 
008673 	369 	96 	76 	75 
008674 	369 	96 	76 	75 
008675 	369 	96 	76 	75 
008676 	369 	96 	76 	75 
008677 	369 	96 	76 	75 
008678 	369 	96 	76 	75 
008679 	369 	96 	76 	75 
008680 	369 	96 	76 	75 
008681 	369 	96 	76 	75 
008682 	369 	96 	76 	75 
008683 	369 	96 	76 	75 
008684 	369 	96 	76 	75 
008685 	369 	96 	76 	75 
008686 	369 	96 	76 	75 
008687 	369 	104 	76 	76 
008688 	369 	104 	76 	76 
008689 	353 	85 	91 	91 
008690 	353 	85 	91 	91 
008691 	353 	85 	91 	91 
008692 	353 	85 	91 	91 
008693 	361 	96 	75 	75 
008694 	353 	85 	91 	91 
008695 	361 	96 	75 	75 
008696 	361 	96 	75 	75 
008697 	361 	96 	75 	75 
008698 	361 	96 	75 	75 
008699 	361 	96 	75 	75 
008700 	361 	96 	75 	75 
008701 	361 	96 	75 	75 
008702 	369 	96 	76 	75 
008703 	369 	96 	76 	75 
008704 	369 	96 	76 	75 
008705 	369 	96 	76 	75 
008706 	369 	96 	76 	75 
008707 	369 	96 	76 	75 
008708 	369 	96 	76 	75 
008709 	369 	96 	76 	75 
008710 	369 	96 	76 	75 
008711 	369 	96 	76 	75 
008712 	369 	96 	76 	75 
008713 	369 	96 	76 	75 
008714 	369 	96 	76 	75 
008715 	369 	96 	76 	75 
008716 	369 	96 	76 	75 
008717 	369 	96 	76 	75 
008718 	369 	96 	76 	75 
008719 	369 	96 	76 	75 
008720 	369 	96 	76 	75 
008721 	369 	96 	76 	75 
008722 	369 	96 	76 	75 
008723 	369 	96 	76 	75 
008724 	369 	96 	76 	75 
008725 	369 	96 	76 	75 
008726 	369 	96 	76 	75 
008727 	369 	96 	76 	75 
008728 	369 	96 	76 	75 
008729 	369 	96 	76 	75 
008730 	369 	96 	76 	75 
008731 	369 	96 	76 	75 
008732 	369 	96 	76 	75 
008733 	369 	96 	76 	75 
008734 	369 	96 	76 	75 
008735 	369 	96 	76 	75 
008736 	369 	96 	76 	75 
008737 	369 	96 	76 	75 
008738 	369 	96 	76 	75 
008739 	369 	96 	76 	75 
008740 	369 	96 	76 	75 
008741 	369 	96 	76 	75 
008742 	377 	104 	76 	76 
008743 	377 	104 	76 	76 
008744 	369 	96 	76 	75 
008745 	369 	96 	76 	75 
008746 	369 	96 	76 	75 
008747 	369 	96 	76 	75 
008748 	369 	96 	76 	75 
008749 	369 	96 	76 	75 
008750 	377 	96 	76 	75 
008751 	377 	96 	76 	75 
008752 	377 	96 	76 	75 
008753 	377 	96 	76 	75 
008754 	377 	96 	76 	75 
008755 	377 	96 	76 	75 
008756 	377 	96 	76 	75 
008757 	377 	96 	76 	75 
008758 	377 	96 	76 	75 
008759 	377 	96 	76 	75 
008760 	377 	96 	76 	75 
008761 	377 	96 	76 	75 
008762 	377 	96 	76 	75 
008763 	377 	96 	76 	75 
008764 	377 	96 	76 	75 
008765 	377 	96 	76 	75 
008766 	377 	96 	76 	75 
008767 	377 	96 	76 	75 
008768 	377 	96 	76 	75 
008769 	377 	96 	76 	75 
008770 	377 	96 	76 	75 
008771 	377 	96 	76 	75 
008772 	377 	96 	76 	75 
008773 	377 	96 	76 	75 
008774 	377 	96 	76 	75 
008775 	377 	96 	76 	75 
008776 	377 	96 	76 	75 
008777 	377 	96 	76 	75 
008778 	377 	96 	76 	75 
008779 	377 	96 	76 	75 
008780 	377 	96 	76 	75 
008781 	377 	96 	76 	75 
008782 	377 	96 	76 	75 
008783 	377 	96 	76 	75 
008784 	377 	96 	76 	75 
008785 	377 	96 	76 	75 
008786 	377 	96 	76 	75 
008787 	377 	96 	76 	75 
008788 	377 	96 	76 	75 
008789 	377 	96 	76 	75 
008790 	377 	96 	76 	75 
008791 	377 	96 	76 	75 
008792 	377 	96 	76 	75 
008793 	377 	96 	76 	75 
008794 	377 	96 	76 	75 
008795 	377 	96 	76 	75 
008796 	377 	96 	76 	75 
008797 	377 	96 	76 	75 
008798 	377 	96 	76 	75 
008799 	377 	96 	76 	75 
008800 	377 	96 	76 	75 
008801 	377 	96 	76 	75 
008802 	369 	96 	76 	75 
008803 	369 	96 	76 	75 
008804 	369 	96 	76 	75 
008805 	369 	96 	76 	75 
008806 	369 	96 	76 	75 
008807 	369 	96 	76 	75 
008808 	363 	85 	91 	91 
008809 	363 	85 	91 	91 
008810 	369 	96 	76 	75 
008811 	369 	96 	76 	75 
008812 	369 	96 	76 	75 
008813 	369 	96 	76 	75 
008814 	369 	96 	76 	75 
008815 	369 	96 	76 	75 
008816 	369 	96 	76 	75 
008817 	363 	95 	91 	91 
008818 	377 	104 	76 	76 
008819 	377 	104 	76 	76 
008820 	377 	104 	76 	76 
008821 	377 	104 	76 	76 
008822 	377 	104 	76 	76 
008823 	377 	104 	76 	76 
008824 	369 	104 	76 	76 
008825 	369 	104 	76 	76 
008826 	369 	104 	76 	76 
008827 	369 	104 	76 	76 
008828 	369 	104 	76 	76 
008829 	369 	104 	76 	76 
008830 	369 	104 	76 	76 
008831 	369 	104 	76 	76 
008832 	369 	104 	76 	76 
008833 	369 	104 	76 	76 
008834 	369 	96 	76 	75 
008835 	369 	96 	76 	75 
008836 	369 	96 	76 	75 
008837 	369 	96 	76 	75 
008838 	353 	85 	91 	91 
008839 	353 	85 	91 	91 
008840 	353 	85 	91 	91 
008841 	353 	85 	91 	91 
008842 	353 	85 	91 	91 
008843 	353 	85 	91 	91 
008844 	353 	85 	91 	91 
008845 	353 	85 	91 	91 
008846 	353 	85 	91 	91 
008847 	361 	87 	75 	76 
008848 	361 	87 	75 	76 
008849 	361 	87 	75 	76 
008850 	361 	87 	75 	76 
008851 	353 	85 	91 	91 
008852 	361 	87 	75 	76 
008853 	353 	85 	91 	91 
008854 	353 	85 	91 	91 
008855 	361 	87 	75 	76 
008856 	353 	85 	91 	91 
008857 	353 	85 	91 	91 
008858 	353 	85 	91 	91 
008859 	361 	96 	75 	75 
008860 	361 	96 	75 	75 
008861 	361 	96 	75 	75 
008862 	353 	85 	91 	91 
008863 	361 	96 	75 	75 
008864 	353 	85 	91 	91 
008865 	353 	85 	91 	91 
008866 	361 	87 	75 	76 
008867 	353 	85 	91 	91 
008868 	353 	85 	91 	91 
008869 	353 	85 	91 	91 
008870 	353 	85 	91 	91 
008871 	353 	85 	91 	91 
008872 	353 	85 	91 	91 
008873 	353 	85 	91 	91 
008874 	353 	85 	91 	91 
008875 	353 	85 	91 	91 
008876 	353 	85 	91 	91 
008877 	353 	85 	91 	91 
008878 	353 	85 	91 	91 
008879 	353 	85 	91 	91 
008880 	353 	85 	91 	91 
008881 	353 	85 	91 	91 
008882 	353 	85 	91 	91 
008883 	353 	85 	91 	91 
008884 	353 	85 	91 	91 
008885 	353 	85 	91 	91 
008886 	353 	85 	91 	91 
008887 	353 	85 	91 	91 
008888 	353 	85 	91 	91 
008889 	353 	85 	91 	91 
008890 	353 	85 	91 	91 
008891 	353 	85 	91 	91 
008892 	353 	85 	91 	91 
008893 	353 	85 	91 	91 
008894 	353 	85 	91 	91 
008895 	353 	85 	91 	91 
008896 	353 	85 	91 	91 
008897 	353 	85 	91 	91 
008898 	353 	85 	91 	91 
008899 	353 	85 	91 	91 
008900 	353 	85 	91 	91 
008901 	353 	85 	91 	91 
008902 	353 	85 	91 	91 
008903 	353 	85 	91 	91 
008904 	361 	87 	75 	76 
008905 	361 	87 	75 	76 
008906 	353 	85 	91 	91 
008907 	361 	87 	75 	76 
008908 	369 	87 	76 	76 
008909 	369 	87 	76 	76 
008910 	369 	87 	76 	76 
008911 	369 	87 	76 	76 
008912 	369 	87 	76 	76 
008913 	369 	87 	76 	76 
008914 	369 	87 	76 	76 
008915 	369 	87 	76 	76 
008916 	369 	87 	76 	76 
008917 	369 	87 	76 	76 
008918 	369 	96 	76 	75 
008919 	369 	96 	76 	75 
008920 	369 	96 	76 	75 
008921 	369 	96 	76 	75 
008922 	369 	96 	76 	75 
008923 	369 	96 	76 	75 
008924 	369 	96 	76 	75 
008925 	369 	96 	76 	75 
008926 	369 	96 	76 	75 
008927 	369 	96 	76 	75 
008928 	369 	96 	76 	75 
008929 	369 	96 	76 	75 
008930 	369 	96 	76 	75 
008931 	369 	96 	76 	75 
008932 	369 	96 	76 	75 
008933 	369 	96 	76 	75 
008934 	369 	96 	76 	75 
008935 	369 	96 	76 	75 
008936 	369 	96 	76 	75 
008937 	369 	96 	76 	75 
008938 	369 	96 	76 	75 
008939 	369 	96 	76 	75 
008940 	369 	96 	76 	75 
008941 	369 	96 	76 	75 
008942 	369 	96 	76 	75 
008943 	369 	96 	76 	75 
008944 	369 	96 	76 	75 
008945 	369 	96 	76 	75 
008946 	369 	96 	76 	75 
008947 	369 	96 	76 	75 
008948 	369 	96 	76 	75 
008949 	369 	96 	76 	75 
008950 	369 	96 	76 	75 
008951 	369 	96 	76 	75 
008952 	369 	96 	76 	75 
008953 	369 	96 	76 	75 
008954 	369 	96 	76 	75 
008955 	369 	96 	76 	75 
008956 	369 	96 	76 	75 
008957 	369 	96 	76 	75 
008958 	369 	96 	76 	75 
008959 	369 	87 	76 	76 
008960 	369 	96 	76 	75 
008961 	369 	96 	76 	75 
008962 	369 	96 	76 	75 
008963 	369 	96 	76 	75 
008964 	369 	96 	76 	75 
008965 	369 	96 	76 	75 
008966 	369 	96 	76 	75 
008967 	369 	96 	76 	75 
008968 	369 	96 	76 	75 
008969 	369 	96 	76 	75 
008970 	369 	96 	76 	75 
008971 	369 	96 	76 	75 
008972 	369 	96 	76 	75 
008973 	369 	96 	76 	75 
008974 	369 	96 	76 	75 
008975 	369 	96 	76 	75 
008976 	369 	96 	76 	75 
008977 	369 	96 	76 	75 
008978 	369 	96 	76 	75 
008979 	369 	96 	76 	75 
008980 	369 	96 	76 	75 
008981 	369 	96 	76 	75 
008982 	369 	96 	76 	75 
008983 	369 	96 	76 	75 
008984 	369 	96 	76 	75 
008985 	369 	96 	76 	75 
008986 	369 	96 	76 	75 
008987 	369 	96 	76 	75 
008988 	369 	96 	76 	75 
008989 	363 	85 	91 	91 
008990 	363 	85 	91 	91 
008991 	363 	85 	91 	91 
008992 	363 	85 	91 	91 
008993 	369 	96 	76 	75 
008994 	369 	96 	76 	75 
008995 	363 	85 	91 	91 
008996 	363 	85 	91 	91 
008997 	363 	85 	91 	91 
008998 	363 	85 	91 	91 
008999 	369 	96 	76 	75 
009000 	369 	96 	76 	75 
009001 	369 	104 	76 	76 
009002 	369 	96 	76 	75 
009003 	369 	104 	76 	76 
009004 	369 	104 	76 	76 
009005 	369 	104 	76 	76 
009006 	369 	112 	76 	76 
009007 	369 	112 	76 	76 
009008 	369 	112 	76 	76 
009009 	369 	112 	76 	76 
009010 	369 	112 	76 	76 
009011 	369 	112 	76 	76 
009012 	369 	112 	76 	76 
009013 	369 	112 	76 	76 
009014 	369 	112 	76 	76 
009015 	369 	112 	76 	76 
009016 	369 	112 	76 	76 
009017 	369 	112 	76 	76 
009018 	369 	112 	76 	76 
009019 	369 	112 	76 	76 
009020 	369 	112 	76 	76 
009021 	369 	112 	76 	76 
009022 	369 	112 	76 	76 
009023 	369 	112 	76 	76 
009024 	369 	104 	76 	76 
009025 	369 	104 	76 	76 
009026 	369 	104 	76 	76 
009027 	369 	104 	76 	76 
009028 	369 	104 	76 	76 
009029 	369 	104 	76 	76 
009030 	369 	104 	76 	76 
009031 	369 	104 	76 	76 
