Identity  : 	id11064
Reference : 	RsSSRiwMm7A
Offset    : 	-3
FV Conf   : 	15.856
ASD Conf  : 	7.676

FRAME 	X 	Y 	W 	H 
000658 	224 	85 	91 	91 
000659 	224 	85 	91 	91 
000660 	224 	85 	91 	91 
000661 	224 	85 	91 	91 
000662 	224 	85 	91 	91 
000663 	224 	85 	91 	91 
000664 	224 	85 	91 	91 
000665 	224 	85 	91 	91 
000666 	224 	85 	91 	91 
000667 	224 	85 	91 	91 
000668 	224 	85 	91 	91 
000669 	224 	85 	91 	91 
000670 	224 	85 	91 	91 
000671 	224 	85 	91 	91 
000672 	224 	85 	91 	91 
000673 	224 	85 	91 	91 
000674 	224 	85 	91 	91 
000675 	224 	85 	91 	91 
000676 	224 	85 	91 	91 
000677 	224 	85 	91 	91 
000678 	224 	85 	91 	91 
000679 	224 	85 	91 	91 
000680 	236 	96 	76 	75 
000681 	234 	85 	90 	91 
000682 	234 	85 	90 	91 
000683 	234 	85 	90 	91 
000684 	234 	85 	90 	91 
000685 	234 	85 	90 	91 
000686 	234 	85 	90 	91 
000687 	234 	85 	90 	91 
000688 	234 	85 	90 	91 
000689 	234 	85 	90 	91 
000690 	234 	85 	90 	91 
000691 	234 	85 	90 	91 
000692 	234 	85 	90 	91 
000693 	234 	85 	90 	91 
000694 	234 	85 	90 	91 
000695 	234 	85 	90 	91 
000696 	234 	85 	90 	91 
000697 	234 	85 	90 	91 
000698 	234 	85 	90 	91 
000699 	234 	85 	90 	91 
000700 	234 	85 	90 	91 
000701 	234 	85 	90 	91 
000702 	234 	85 	90 	91 
000703 	234 	85 	90 	91 
000704 	234 	85 	90 	91 
000705 	234 	85 	90 	91 
000706 	234 	85 	90 	91 
000707 	234 	85 	90 	91 
000708 	234 	85 	90 	91 
000709 	234 	85 	90 	91 
000710 	234 	85 	90 	91 
000711 	234 	85 	90 	91 
000712 	234 	85 	90 	91 
000713 	234 	85 	90 	91 
000714 	234 	85 	90 	91 
000715 	234 	85 	90 	91 
000716 	234 	85 	90 	91 
000717 	234 	85 	90 	91 
000718 	234 	85 	90 	91 
000719 	224 	85 	91 	91 
000720 	224 	85 	91 	91 
000721 	224 	85 	91 	91 
000722 	224 	85 	91 	91 
000723 	224 	85 	91 	91 
000724 	224 	85 	91 	91 
000725 	224 	85 	91 	91 
000726 	224 	85 	91 	91 
000727 	224 	85 	91 	91 
000728 	224 	85 	91 	91 
000729 	224 	85 	91 	91 
000730 	224 	85 	91 	91 
000731 	224 	85 	91 	91 
000732 	224 	85 	91 	91 
000733 	224 	85 	91 	91 
000734 	224 	85 	91 	91 
000735 	224 	85 	91 	91 
000736 	224 	85 	91 	91 
000737 	224 	85 	91 	91 
000738 	224 	85 	91 	91 
000739 	224 	85 	91 	91 
000740 	224 	85 	91 	91 
000741 	224 	85 	91 	91 
000742 	224 	85 	91 	91 
000743 	224 	85 	91 	91 
000744 	224 	85 	91 	91 
000745 	224 	85 	91 	91 
000746 	224 	85 	91 	91 
000747 	224 	85 	91 	91 
000748 	224 	85 	91 	91 
000749 	224 	85 	91 	91 
000750 	224 	85 	91 	91 
000751 	224 	85 	91 	91 
000752 	224 	85 	91 	91 
000753 	224 	85 	91 	91 
000754 	224 	85 	91 	91 
000755 	224 	85 	91 	91 
000756 	224 	85 	91 	91 
000757 	214 	85 	91 	91 
000758 	214 	85 	91 	91 
000759 	214 	85 	91 	91 
000760 	214 	85 	91 	91 
000761 	214 	85 	91 	91 
000762 	214 	85 	91 	91 
000763 	214 	85 	91 	91 
000764 	209 	78 	109 	109 
000765 	224 	85 	91 	91 
000766 	224 	85 	91 	91 
000767 	214 	85 	91 	91 
000768 	214 	85 	91 	91 
000769 	214 	85 	91 	91 
000770 	214 	85 	91 	91 
000771 	214 	85 	91 	91 
000772 	214 	85 	91 	91 
000773 	214 	85 	91 	91 
000774 	214 	85 	91 	91 
000775 	214 	85 	91 	91 
000776 	214 	85 	91 	91 
000777 	214 	85 	91 	91 
000778 	214 	85 	91 	91 
000779 	209 	78 	109 	109 
000780 	209 	78 	109 	109 
000781 	209 	78 	109 	109 
000782 	209 	78 	109 	109 
000783 	209 	78 	109 	109 
000784 	209 	78 	109 	109 
000785 	209 	78 	109 	109 
000786 	209 	78 	109 	109 
000787 	209 	78 	109 	109 
000788 	209 	78 	109 	109 
000789 	209 	78 	109 	109 
000790 	214 	85 	91 	91 
000791 	214 	85 	91 	91 
000792 	214 	85 	91 	91 
000793 	214 	85 	91 	91 
000794 	214 	85 	91 	91 
000795 	214 	85 	91 	91 
000796 	214 	85 	91 	91 
000797 	214 	85 	91 	91 
000798 	214 	85 	91 	91 
000799 	214 	85 	91 	91 
000800 	214 	85 	91 	91 
000801 	214 	85 	91 	91 
000802 	214 	85 	91 	91 
000803 	214 	85 	91 	91 
000804 	214 	85 	91 	91 
000805 	214 	85 	91 	91 
000806 	214 	85 	91 	91 
000807 	214 	85 	91 	91 
000808 	214 	85 	91 	91 
000809 	224 	85 	91 	91 
000810 	224 	85 	91 	91 
000811 	224 	85 	91 	91 
000812 	224 	85 	91 	91 
000813 	214 	85 	91 	91 
000814 	224 	85 	91 	91 
000815 	214 	85 	91 	91 
000816 	214 	85 	91 	91 
000817 	224 	85 	91 	91 
000818 	214 	85 	91 	91 
000819 	214 	85 	91 	91 
000820 	214 	85 	91 	91 
000821 	214 	85 	91 	91 
000822 	214 	85 	91 	91 
000823 	214 	85 	91 	91 
000824 	214 	85 	91 	91 
000825 	214 	85 	91 	91 
000826 	214 	85 	91 	91 
000827 	214 	85 	91 	91 
000828 	214 	85 	91 	91 
000829 	214 	85 	91 	91 
000830 	214 	85 	91 	91 
000831 	214 	85 	91 	91 
000832 	214 	85 	91 	91 
000833 	214 	85 	91 	91 
000834 	214 	85 	91 	91 
000835 	214 	85 	91 	91 
000836 	214 	85 	91 	91 
000837 	214 	85 	91 	91 
000838 	214 	85 	91 	91 
000839 	224 	85 	91 	91 
000840 	214 	85 	91 	91 
000841 	214 	85 	91 	91 
000842 	214 	85 	91 	91 
000843 	214 	85 	91 	91 
000844 	214 	85 	91 	91 
000845 	224 	85 	91 	91 
000846 	224 	85 	91 	91 
000847 	224 	85 	91 	91 
000848 	224 	85 	91 	91 
000849 	224 	85 	91 	91 
000850 	224 	85 	91 	91 
000851 	224 	85 	91 	91 
000852 	224 	85 	91 	91 
000853 	224 	85 	91 	91 
000854 	234 	85 	90 	91 
000855 	234 	85 	90 	91 
000856 	234 	85 	90 	91 
000857 	234 	85 	90 	91 
000858 	234 	85 	90 	91 
000859 	234 	85 	90 	91 
000860 	234 	85 	90 	91 
000861 	234 	85 	90 	91 
000862 	234 	85 	90 	91 
000863 	234 	85 	90 	91 
000864 	234 	85 	90 	91 
000865 	234 	85 	90 	91 
000866 	234 	85 	90 	91 
000867 	234 	85 	90 	91 
000868 	234 	85 	90 	91 
000869 	234 	85 	90 	91 
000870 	224 	85 	91 	91 
000871 	224 	85 	91 	91 
000872 	224 	85 	91 	91 
000873 	224 	85 	91 	91 
000874 	224 	85 	91 	91 
000875 	224 	85 	91 	91 
000876 	224 	85 	91 	91 
000877 	224 	85 	91 	91 
000878 	224 	85 	91 	91 
000879 	224 	85 	91 	91 
000880 	224 	85 	91 	91 
000881 	224 	85 	91 	91 
000882 	224 	85 	91 	91 
000883 	224 	85 	91 	91 
000884 	224 	85 	91 	91 
000885 	224 	85 	91 	91 
000886 	224 	85 	91 	91 
000887 	224 	85 	91 	91 
000888 	224 	85 	91 	91 
000889 	224 	85 	91 	91 
000890 	224 	85 	91 	91 
000891 	224 	85 	91 	91 
000892 	224 	85 	91 	91 
000893 	224 	85 	91 	91 
000894 	224 	85 	91 	91 
000895 	224 	85 	91 	91 
000896 	224 	85 	91 	91 
000897 	224 	85 	91 	91 
000898 	224 	85 	91 	91 
000899 	214 	85 	91 	91 
000900 	214 	85 	91 	91 
000901 	214 	85 	91 	91 
000902 	214 	85 	91 	91 
000903 	214 	85 	91 	91 
000904 	214 	85 	91 	91 
000905 	214 	85 	91 	91 
000906 	214 	85 	91 	91 
000907 	214 	85 	91 	91 
000908 	214 	85 	91 	91 
000909 	214 	85 	91 	91 
000910 	214 	85 	91 	91 
000911 	214 	85 	91 	91 
000912 	214 	85 	91 	91 
000913 	224 	85 	91 	91 
000914 	224 	85 	91 	91 
000915 	214 	85 	91 	91 
000916 	224 	85 	91 	91 
000917 	224 	85 	91 	91 
000918 	224 	85 	91 	91 
000919 	224 	85 	91 	91 
000920 	224 	85 	91 	91 
000921 	224 	85 	91 	91 
000922 	224 	85 	91 	91 
000923 	224 	85 	91 	91 
000924 	224 	85 	91 	91 
000925 	224 	85 	91 	91 
000926 	224 	85 	91 	91 
000927 	224 	85 	91 	91 
000928 	224 	85 	91 	91 
000929 	224 	85 	91 	91 
000930 	224 	85 	91 	91 
000931 	224 	85 	91 	91 
000932 	224 	85 	91 	91 
000933 	224 	85 	91 	91 
000934 	224 	85 	91 	91 
000935 	224 	85 	91 	91 
000936 	224 	85 	91 	91 
000937 	224 	85 	91 	91 
000938 	224 	85 	91 	91 
000939 	224 	85 	91 	91 
000940 	224 	85 	91 	91 
000941 	224 	85 	91 	91 
000942 	224 	85 	91 	91 
000943 	224 	85 	91 	91 
000944 	224 	85 	91 	91 
000945 	224 	85 	91 	91 
000946 	224 	85 	91 	91 
000947 	224 	85 	91 	91 
000948 	224 	85 	91 	91 
000949 	224 	85 	91 	91 
000950 	224 	85 	91 	91 
000951 	224 	85 	91 	91 
000952 	224 	85 	91 	91 
000953 	224 	85 	91 	91 
000954 	224 	85 	91 	91 
000955 	224 	85 	91 	91 
000956 	224 	85 	91 	91 
000957 	214 	75 	91 	91 
000958 	214 	85 	91 	91 
000959 	214 	85 	91 	91 
000960 	214 	85 	91 	91 
000961 	214 	85 	91 	91 
000962 	214 	85 	91 	91 
000963 	220 	96 	75 	75 
000964 	220 	96 	75 	75 
000965 	204 	85 	91 	91 
000966 	204 	95 	91 	91 
000967 	204 	95 	91 	91 
000968 	203 	104 	76 	76 
000969 	203 	104 	76 	76 
000970 	203 	104 	76 	76 
000971 	194 	95 	91 	91 
000972 	194 	95 	91 	91 
000973 	194 	95 	91 	91 
000974 	194 	95 	91 	91 
000975 	194 	95 	91 	91 
000976 	194 	95 	91 	91 
000977 	204 	95 	91 	91 
000978 	204 	95 	91 	91 
000979 	204 	95 	91 	91 
000980 	204 	95 	91 	91 
000981 	204 	95 	91 	91 
000982 	204 	95 	91 	91 
000983 	214 	95 	91 	91 
000984 	214 	95 	91 	91 
000985 	214 	95 	91 	91 
000986 	214 	95 	91 	91 
000987 	214 	95 	91 	91 
000988 	214 	95 	91 	91 
000989 	214 	95 	91 	91 
000990 	214 	95 	91 	91 
000991 	214 	95 	91 	91 
000992 	214 	95 	91 	91 
000993 	214 	95 	91 	91 
000994 	214 	95 	91 	91 
000995 	214 	95 	91 	91 
000996 	214 	95 	91 	91 
000997 	214 	95 	91 	91 
000998 	197 	78 	109 	109 
000999 	197 	78 	109 	109 
001000 	197 	78 	109 	109 
001001 	197 	78 	109 	109 
001002 	214 	95 	91 	91 
001003 	214 	95 	91 	91 
001004 	214 	95 	91 	91 
001005 	214 	95 	91 	91 
001006 	214 	95 	91 	91 
001007 	214 	95 	91 	91 
001008 	214 	85 	91 	91 
001009 	214 	85 	91 	91 
001010 	214 	85 	91 	91 
001011 	214 	85 	91 	91 
