Identity  : 	id10226
Reference : 	_UsN5Sbb0e0
Offset    : 	1
FV Conf   : 	17.297
ASD Conf  : 	8.124

FRAME 	X 	Y 	W 	H 
008343 	257 	102 	109 	109 
008344 	257 	102 	109 	109 
008345 	257 	102 	109 	109 
008346 	257 	102 	109 	109 
008347 	269 	102 	108 	109 
008348 	269 	102 	108 	109 
008349 	269 	102 	108 	109 
008350 	269 	102 	108 	109 
008351 	269 	102 	108 	109 
008352 	269 	102 	108 	109 
008353 	269 	114 	108 	109 
008354 	269 	114 	108 	109 
008355 	269 	114 	108 	109 
008356 	269 	114 	108 	109 
008357 	269 	114 	108 	109 
008358 	269 	114 	108 	109 
008359 	269 	114 	108 	109 
008360 	269 	114 	108 	109 
008361 	269 	114 	108 	109 
008362 	269 	114 	108 	109 
008363 	269 	114 	108 	109 
008364 	269 	114 	108 	109 
008365 	269 	114 	108 	109 
008366 	269 	114 	108 	109 
008367 	269 	114 	108 	109 
008368 	269 	114 	108 	109 
008369 	269 	114 	108 	109 
008370 	269 	114 	108 	109 
008371 	269 	114 	108 	109 
008372 	269 	114 	108 	109 
008373 	269 	114 	108 	109 
008374 	269 	114 	108 	109 
008375 	269 	114 	108 	109 
008376 	269 	114 	108 	109 
008377 	269 	114 	108 	109 
008378 	269 	114 	108 	109 
008379 	269 	114 	108 	109 
008380 	269 	114 	108 	109 
008381 	269 	114 	108 	109 
008382 	269 	114 	108 	109 
008383 	269 	114 	108 	109 
008384 	269 	102 	108 	109 
008385 	269 	102 	108 	109 
008386 	269 	102 	108 	109 
008387 	269 	102 	108 	109 
008388 	281 	102 	108 	109 
008389 	281 	102 	108 	109 
008390 	281 	102 	108 	109 
008391 	281 	102 	108 	109 
008392 	281 	102 	108 	109 
008393 	281 	102 	108 	109 
008394 	281 	102 	108 	109 
008395 	281 	90 	108 	109 
008396 	281 	90 	108 	109 
008397 	293 	90 	108 	109 
008398 	293 	90 	108 	109 
008399 	293 	90 	108 	109 
008400 	293 	90 	108 	109 
008401 	293 	90 	108 	109 
008402 	293 	90 	108 	109 
008403 	293 	90 	108 	109 
008404 	293 	90 	108 	109 
008405 	293 	90 	108 	109 
008406 	293 	90 	108 	109 
008407 	293 	90 	108 	109 
008408 	293 	90 	108 	109 
008409 	293 	90 	108 	109 
008410 	293 	90 	108 	109 
008411 	293 	90 	108 	109 
008412 	293 	90 	108 	109 
008413 	293 	90 	108 	109 
008414 	293 	90 	108 	109 
008415 	293 	90 	108 	109 
008416 	293 	90 	108 	109 
008417 	293 	90 	108 	109 
008418 	293 	90 	108 	109 
008419 	293 	90 	108 	109 
008420 	293 	90 	108 	109 
008421 	293 	90 	108 	109 
008422 	293 	90 	108 	109 
008423 	293 	90 	108 	109 
008424 	293 	90 	108 	109 
008425 	293 	90 	108 	109 
008426 	293 	90 	108 	109 
008427 	293 	90 	108 	109 
008428 	281 	90 	108 	109 
008429 	281 	90 	108 	109 
008430 	281 	90 	108 	109 
008431 	281 	90 	108 	109 
008432 	281 	90 	108 	109 
008433 	281 	90 	108 	109 
008434 	281 	90 	108 	109 
008435 	281 	90 	108 	109 
008436 	281 	102 	108 	109 
008437 	281 	90 	108 	109 
008438 	281 	90 	108 	109 
008439 	281 	90 	108 	109 
008440 	281 	90 	108 	109 
008441 	281 	90 	108 	109 
008442 	281 	90 	108 	109 
008443 	281 	90 	108 	109 
008444 	281 	90 	108 	109 
008445 	281 	90 	108 	109 
008446 	281 	90 	108 	109 
008447 	281 	90 	108 	109 
008448 	281 	90 	108 	109 
008449 	281 	90 	108 	109 
008450 	281 	90 	108 	109 
008451 	281 	90 	108 	109 
008452 	281 	90 	108 	109 
008453 	281 	90 	108 	109 
008454 	281 	90 	108 	109 
008455 	281 	90 	108 	109 
008456 	281 	90 	108 	109 
008457 	269 	90 	108 	109 
008458 	269 	90 	108 	109 
008459 	269 	90 	108 	109 
008460 	269 	90 	108 	109 
008461 	269 	90 	108 	109 
008462 	269 	90 	108 	109 
008463 	269 	90 	108 	109 
008464 	269 	90 	108 	109 
008465 	269 	90 	108 	109 
008466 	269 	90 	108 	109 
008467 	269 	90 	108 	109 
008468 	269 	90 	108 	109 
008469 	269 	90 	108 	109 
008470 	269 	90 	108 	109 
008471 	269 	90 	108 	109 
008472 	269 	90 	108 	109 
008473 	269 	90 	108 	109 
008474 	269 	90 	108 	109 
008475 	269 	90 	108 	109 
008476 	269 	90 	108 	109 
008477 	269 	90 	108 	109 
008478 	269 	90 	108 	109 
008479 	269 	90 	108 	109 
008480 	269 	90 	108 	109 
008481 	269 	90 	108 	109 
008482 	269 	90 	108 	109 
008483 	269 	90 	108 	109 
008484 	269 	90 	108 	109 
008485 	269 	90 	108 	109 
008486 	269 	90 	108 	109 
008487 	281 	90 	108 	109 
008488 	281 	90 	108 	109 
008489 	281 	90 	108 	109 
008490 	281 	102 	108 	109 
008491 	281 	102 	108 	109 
008492 	281 	102 	108 	109 
008493 	281 	102 	108 	109 
008494 	281 	102 	108 	109 
008495 	281 	90 	108 	109 
008496 	281 	102 	108 	109 
008497 	281 	102 	108 	109 
008498 	281 	102 	108 	109 
008499 	281 	102 	108 	109 
008500 	281 	90 	108 	109 
008501 	281 	102 	108 	109 
008502 	281 	102 	108 	109 
008503 	281 	102 	108 	109 
008504 	281 	102 	108 	109 
008505 	281 	102 	108 	109 
008506 	281 	90 	108 	109 
008507 	281 	102 	108 	109 
008508 	281 	102 	108 	109 
008509 	281 	102 	108 	109 
008510 	281 	102 	108 	109 
008511 	281 	102 	108 	109 
008512 	281 	102 	108 	109 
