Identity  : 	id10921
Reference : 	yffyyCjzTm0
Offset    : 	-3
FV Conf   : 	12.925
ASD Conf  : 	8.849

FRAME 	X 	Y 	W 	H 
007564 	393 	65 	91 	91 
007565 	393 	65 	91 	91 
007566 	393 	65 	91 	91 
007567 	393 	65 	91 	91 
007568 	393 	65 	91 	91 
007569 	393 	65 	91 	91 
007570 	394 	65 	91 	90 
007571 	395 	65 	90 	90 
007572 	396 	66 	90 	90 
007573 	397 	66 	89 	89 
007574 	398 	66 	89 	88 
007575 	399 	66 	88 	88 
007576 	400 	66 	88 	88 
007577 	402 	66 	87 	87 
007578 	403 	67 	87 	86 
007579 	404 	67 	86 	86 
007580 	405 	67 	86 	86 
007581 	406 	67 	85 	85 
007582 	407 	67 	85 	84 
007583 	408 	68 	84 	84 
007584 	409 	68 	84 	84 
007585 	410 	68 	84 	83 
007586 	411 	68 	83 	82 
007587 	412 	68 	83 	82 
007588 	413 	69 	82 	82 
007589 	414 	69 	82 	81 
007590 	415 	69 	81 	80 
007591 	416 	69 	81 	80 
007592 	417 	69 	80 	80 
007593 	418 	70 	80 	79 
007594 	420 	70 	79 	78 
007595 	421 	70 	79 	78 
007596 	422 	70 	78 	78 
007597 	423 	70 	78 	77 
007598 	424 	70 	77 	76 
007599 	425 	71 	77 	76 
007600 	426 	71 	76 	76 
007601 	427 	71 	76 	75 
007602 	423 	71 	76 	75 
007603 	419 	71 	75 	75 
007604 	419 	71 	75 	75 
007605 	419 	71 	75 	75 
007606 	419 	71 	75 	75 
007607 	419 	71 	75 	75 
007608 	419 	71 	75 	75 
007609 	413 	65 	91 	91 
007610 	427 	71 	76 	75 
007611 	423 	65 	91 	91 
007612 	423 	65 	91 	91 
007613 	427 	71 	76 	75 
007614 	423 	55 	91 	91 
007615 	419 	71 	75 	75 
007616 	419 	71 	75 	75 
007617 	427 	71 	76 	75 
007618 	413 	55 	91 	91 
007619 	413 	65 	91 	91 
007620 	413 	65 	91 	91 
007621 	413 	65 	91 	91 
007622 	413 	65 	91 	91 
007623 	413 	65 	91 	91 
007624 	403 	65 	91 	91 
007625 	403 	65 	91 	91 
007626 	403 	65 	91 	91 
007627 	403 	65 	91 	91 
007628 	403 	65 	91 	91 
007629 	403 	65 	91 	91 
007630 	413 	75 	91 	91 
007631 	413 	75 	91 	91 
007632 	413 	75 	91 	91 
007633 	419 	87 	75 	76 
007634 	413 	85 	91 	91 
007635 	419 	96 	75 	75 
007636 	413 	85 	91 	91 
007637 	413 	85 	91 	91 
007638 	413 	75 	91 	91 
007639 	413 	75 	91 	91 
007640 	413 	75 	91 	91 
007641 	413 	75 	91 	91 
007642 	413 	75 	91 	91 
007643 	413 	75 	91 	91 
007644 	413 	75 	91 	91 
007645 	413 	75 	91 	91 
007646 	413 	75 	91 	91 
007647 	413 	75 	91 	91 
007648 	413 	75 	91 	91 
007649 	413 	75 	91 	91 
007650 	413 	75 	91 	91 
007651 	413 	75 	91 	91 
007652 	413 	75 	91 	91 
007653 	403 	65 	91 	91 
007654 	413 	65 	91 	91 
007655 	403 	55 	91 	91 
007656 	403 	55 	91 	91 
007657 	403 	55 	91 	91 
007658 	403 	55 	91 	91 
007659 	403 	65 	91 	91 
007660 	403 	65 	91 	91 
007661 	413 	75 	91 	91 
007662 	413 	75 	91 	91 
007663 	413 	65 	91 	91 
007664 	413 	65 	91 	91 
007665 	413 	65 	91 	91 
007666 	413 	65 	91 	91 
007667 	412 	66 	109 	109 
007668 	423 	75 	91 	91 
007669 	423 	75 	91 	91 
007670 	412 	66 	109 	109 
007671 	413 	75 	91 	91 
007672 	413 	75 	91 	91 
007673 	413 	75 	91 	91 
007674 	413 	75 	91 	91 
