Identity  : 	id10921
Reference : 	yffyyCjzTm0
Offset    : 	-3
FV Conf   : 	12.366
ASD Conf  : 	6.256

FRAME 	X 	Y 	W 	H 
005427 	409 	99 	76 	76 
005428 	409 	99 	76 	76 
005429 	409 	99 	76 	76 
005430 	409 	99 	76 	76 
005431 	409 	99 	76 	76 
005432 	408 	99 	76 	76 
005433 	408 	99 	76 	76 
005434 	408 	99 	76 	76 
005435 	408 	99 	76 	76 
005436 	408 	99 	76 	76 
005437 	408 	99 	76 	76 
005438 	408 	99 	76 	76 
005439 	408 	99 	76 	76 
005440 	408 	100 	76 	76 
005441 	408 	100 	76 	76 
005442 	408 	100 	76 	76 
005443 	408 	100 	76 	76 
005444 	408 	100 	76 	76 
005445 	408 	100 	76 	76 
005446 	407 	100 	76 	76 
005447 	407 	100 	76 	76 
005448 	407 	100 	76 	76 
005449 	407 	100 	76 	76 
005450 	407 	100 	76 	76 
005451 	407 	100 	76 	76 
005452 	407 	100 	76 	76 
005453 	407 	100 	76 	76 
005454 	407 	100 	76 	76 
005455 	407 	100 	76 	76 
005456 	407 	100 	76 	76 
005457 	407 	100 	76 	76 
005458 	407 	101 	76 	76 
005459 	406 	101 	76 	76 
005460 	406 	101 	76 	76 
005461 	406 	101 	76 	76 
005462 	406 	101 	76 	76 
005463 	406 	101 	76 	76 
005464 	406 	101 	76 	76 
005465 	406 	101 	76 	76 
005466 	406 	101 	76 	76 
005467 	406 	101 	76 	76 
005468 	406 	101 	76 	76 
005469 	406 	101 	76 	76 
005470 	406 	101 	76 	76 
005471 	406 	101 	76 	76 
005472 	406 	101 	76 	76 
005473 	405 	101 	76 	76 
005474 	405 	101 	76 	76 
005475 	405 	101 	76 	76 
005476 	405 	102 	76 	76 
005477 	405 	102 	76 	76 
005478 	405 	102 	76 	76 
005479 	405 	102 	76 	76 
005480 	405 	102 	76 	76 
005481 	405 	102 	76 	76 
005482 	405 	102 	76 	76 
005483 	405 	102 	76 	76 
005484 	405 	102 	76 	76 
005485 	405 	102 	76 	76 
005486 	404 	102 	76 	76 
005487 	404 	102 	76 	76 
005488 	404 	102 	76 	76 
005489 	404 	102 	76 	76 
005490 	404 	102 	76 	76 
005491 	404 	102 	76 	76 
005492 	404 	102 	76 	76 
005493 	404 	102 	76 	76 
005494 	404 	103 	76 	76 
005495 	404 	103 	76 	76 
005496 	404 	103 	76 	76 
005497 	404 	103 	76 	76 
005498 	404 	103 	76 	76 
005499 	404 	103 	76 	76 
005500 	403 	103 	76 	76 
005501 	403 	103 	76 	76 
005502 	403 	103 	76 	76 
005503 	403 	103 	76 	76 
005504 	403 	103 	76 	76 
005505 	403 	103 	76 	76 
005506 	403 	103 	76 	76 
005507 	403 	103 	76 	76 
005508 	403 	103 	76 	76 
005509 	403 	103 	76 	76 
005510 	403 	103 	76 	76 
005511 	403 	103 	76 	76 
005512 	403 	104 	76 	76 
005513 	403 	104 	76 	76 
005514 	402 	104 	76 	76 
005515 	402 	104 	76 	76 
005516 	402 	104 	76 	76 
005517 	402 	104 	76 	76 
005518 	402 	104 	76 	76 
005519 	402 	104 	76 	76 
005520 	402 	104 	76 	76 
005521 	402 	104 	76 	76 
005522 	402 	104 	76 	76 
005523 	402 	104 	76 	76 
005524 	402 	104 	76 	76 
005525 	402 	104 	76 	76 
005526 	402 	104 	76 	76 
005527 	402 	103 	76 	76 
005528 	402 	103 	76 	76 
005529 	402 	103 	76 	76 
005530 	402 	103 	76 	76 
005531 	402 	103 	76 	76 
005532 	402 	103 	76 	76 
005533 	402 	103 	76 	76 
005534 	402 	103 	76 	76 
005535 	402 	103 	76 	76 
005536 	402 	103 	76 	76 
005537 	402 	103 	76 	76 
005538 	402 	103 	76 	76 
005539 	402 	103 	76 	76 
005540 	402 	102 	76 	76 
005541 	402 	102 	76 	76 
005542 	402 	102 	76 	76 
005543 	402 	102 	76 	76 
005544 	402 	102 	76 	76 
005545 	402 	102 	76 	76 
005546 	402 	102 	76 	76 
005547 	402 	102 	76 	76 
005548 	402 	102 	76 	76 
005549 	402 	102 	76 	76 
005550 	402 	102 	76 	76 
005551 	402 	102 	76 	76 
005552 	402 	102 	76 	76 
005553 	402 	101 	76 	76 
005554 	402 	101 	76 	76 
005555 	402 	101 	76 	76 
005556 	402 	101 	76 	76 
005557 	402 	101 	76 	76 
005558 	402 	101 	76 	76 
005559 	402 	101 	76 	76 
005560 	402 	101 	76 	76 
005561 	402 	101 	76 	76 
005562 	402 	101 	76 	76 
005563 	402 	101 	76 	76 
005564 	402 	101 	76 	76 
005565 	402 	101 	76 	76 
005566 	402 	100 	76 	76 
005567 	402 	100 	76 	76 
005568 	402 	100 	76 	76 
005569 	402 	100 	76 	76 
005570 	402 	100 	76 	76 
