Identity  : 	id10122
Reference : 	hxbtjnmi2SQ
Offset    : 	-3
FV Conf   : 	12.645
ASD Conf  : 	8.552

FRAME 	X 	Y 	W 	H 
001349 	294 	80 	130 	130 
001350 	294 	80 	130 	130 
001351 	294 	80 	130 	130 
001352 	294 	80 	130 	130 
001353 	294 	80 	130 	130 
001354 	294 	80 	130 	130 
001355 	294 	80 	130 	130 
001356 	285 	62 	155 	155 
001357 	294 	66 	130 	130 
001358 	309 	66 	130 	130 
001359 	309 	66 	130 	130 
001360 	309 	66 	130 	130 
001361 	309 	66 	130 	130 
001362 	309 	66 	130 	130 
001363 	309 	66 	130 	130 
001364 	309 	66 	130 	130 
001365 	309 	66 	130 	130 
001366 	309 	66 	130 	130 
001367 	294 	66 	130 	130 
001368 	294 	51 	130 	130 
001369 	280 	51 	130 	130 
001370 	280 	51 	130 	130 
001371 	280 	66 	130 	130 
001372 	266 	66 	130 	130 
001373 	266 	66 	130 	130 
001374 	266 	66 	130 	130 
001375 	266 	66 	130 	130 
001376 	251 	66 	130 	130 
001377 	251 	66 	130 	130 
001378 	266 	66 	130 	130 
001379 	266 	66 	130 	130 
001380 	266 	66 	130 	130 
001381 	266 	66 	130 	130 
001382 	281 	66 	108 	109 
001383 	280 	66 	130 	130 
001384 	294 	66 	130 	130 
001385 	294 	66 	130 	130 
001386 	294 	66 	130 	130 
001387 	309 	66 	130 	130 
001388 	323 	80 	130 	130 
001389 	323 	80 	130 	130 
001390 	323 	80 	130 	130 
001391 	323 	80 	130 	130 
001392 	323 	80 	130 	130 
001393 	329 	78 	108 	109 
001394 	309 	80 	130 	130 
001395 	309 	66 	130 	130 
001396 	309 	66 	130 	130 
001397 	317 	78 	108 	109 
001398 	294 	66 	130 	130 
001399 	294 	66 	130 	130 
001400 	294 	66 	130 	130 
001401 	293 	78 	108 	109 
001402 	280 	80 	130 	130 
001403 	280 	80 	130 	130 
001404 	280 	80 	130 	130 
001405 	280 	80 	130 	130 
001406 	280 	80 	130 	130 
001407 	280 	80 	130 	130 
001408 	280 	80 	130 	130 
001409 	280 	66 	130 	130 
001410 	280 	66 	130 	130 
001411 	280 	66 	130 	130 
001412 	280 	66 	130 	130 
001413 	280 	66 	130 	130 
001414 	294 	66 	130 	130 
001415 	294 	66 	130 	130 
001416 	294 	66 	130 	130 
001417 	294 	66 	130 	130 
001418 	309 	66 	130 	130 
001419 	309 	80 	130 	130 
001420 	309 	80 	130 	130 
001421 	323 	80 	130 	130 
001422 	323 	80 	130 	130 
001423 	323 	80 	130 	130 
001424 	323 	80 	130 	130 
001425 	323 	80 	130 	130 
001426 	329 	78 	108 	109 
001427 	329 	78 	108 	109 
001428 	309 	66 	130 	130 
001429 	309 	66 	130 	130 
001430 	317 	78 	108 	109 
001431 	294 	66 	130 	130 
001432 	294 	80 	130 	130 
001433 	294 	80 	130 	130 
001434 	294 	80 	130 	130 
001435 	280 	80 	130 	130 
001436 	294 	94 	130 	130 
001437 	294 	94 	130 	130 
001438 	280 	94 	130 	130 
001439 	280 	94 	130 	130 
001440 	280 	80 	130 	130 
001441 	280 	80 	130 	130 
001442 	280 	80 	130 	130 
001443 	280 	80 	130 	130 
001444 	293 	78 	108 	109 
001445 	293 	78 	108 	109 
001446 	293 	78 	108 	109 
001447 	294 	80 	130 	130 
001448 	294 	80 	130 	130 
001449 	294 	80 	130 	130 
001450 	317 	90 	108 	109 
001451 	309 	94 	130 	130 
001452 	309 	94 	130 	130 
001453 	309 	94 	130 	130 
001454 	309 	94 	130 	130 
001455 	309 	80 	130 	130 
001456 	309 	80 	130 	130 
