Identity  : 	id10712
Reference : 	amJ5Zx_Cl2c
Offset    : 	-2
FV Conf   : 	14.472
ASD Conf  : 	5.603

FRAME 	X 	Y 	W 	H 
001175 	281 	114 	108 	109 
001176 	281 	114 	108 	109 
001177 	281 	114 	108 	109 
001178 	281 	114 	108 	109 
001179 	281 	114 	108 	109 
001180 	281 	114 	108 	109 
001181 	281 	114 	108 	109 
001182 	269 	114 	108 	109 
001183 	251 	94 	130 	130 
001184 	251 	94 	130 	130 
001185 	251 	94 	130 	130 
001186 	237 	94 	130 	130 
001187 	237 	94 	130 	130 
001188 	237 	94 	130 	130 
001189 	237 	94 	130 	130 
001190 	237 	94 	130 	130 
001191 	237 	94 	130 	130 
001192 	251 	94 	130 	130 
001193 	251 	94 	130 	130 
001194 	251 	94 	130 	130 
001195 	266 	109 	130 	130 
001196 	281 	114 	108 	109 
001197 	281 	114 	108 	109 
001198 	280 	109 	130 	130 
001199 	280 	109 	130 	130 
001200 	281 	114 	108 	109 
001201 	281 	114 	108 	109 
001202 	281 	114 	108 	109 
001203 	281 	114 	108 	109 
001204 	281 	114 	108 	109 
001205 	281 	114 	108 	109 
001206 	281 	114 	108 	109 
001207 	280 	109 	130 	130 
001208 	293 	114 	108 	109 
001209 	293 	114 	108 	109 
001210 	293 	114 	108 	109 
001211 	293 	114 	108 	109 
001212 	280 	109 	130 	130 
001213 	280 	109 	130 	130 
001214 	281 	114 	108 	109 
001215 	293 	114 	108 	109 
001216 	293 	114 	108 	109 
001217 	293 	114 	108 	109 
001218 	293 	114 	108 	109 
001219 	293 	114 	108 	109 
001220 	293 	114 	108 	109 
001221 	281 	114 	108 	109 
001222 	281 	114 	108 	109 
001223 	281 	114 	108 	109 
001224 	281 	114 	108 	109 
001225 	281 	114 	108 	109 
001226 	281 	114 	108 	109 
001227 	281 	114 	108 	109 
001228 	281 	114 	108 	109 
001229 	281 	114 	108 	109 
001230 	281 	114 	108 	109 
001231 	280 	109 	130 	130 
001232 	280 	109 	130 	130 
001233 	280 	109 	130 	130 
001234 	281 	114 	108 	109 
001235 	281 	114 	108 	109 
001236 	281 	114 	108 	109 
001237 	280 	109 	130 	130 
001238 	293 	114 	108 	109 
001239 	293 	114 	108 	109 
001240 	293 	114 	108 	109 
001241 	293 	114 	108 	109 
001242 	293 	102 	108 	109 
001243 	280 	94 	130 	130 
001244 	280 	94 	130 	130 
001245 	293 	102 	108 	109 
001246 	280 	94 	130 	130 
001247 	293 	114 	108 	109 
001248 	293 	114 	108 	109 
001249 	293 	114 	108 	109 
001250 	280 	109 	130 	130 
001251 	281 	114 	108 	109 
001252 	281 	114 	108 	109 
001253 	281 	114 	108 	109 
001254 	281 	114 	108 	109 
001255 	281 	114 	108 	109 
001256 	281 	114 	108 	109 
001257 	281 	114 	108 	109 
001258 	281 	114 	108 	109 
001259 	281 	114 	108 	109 
001260 	281 	114 	108 	109 
001261 	281 	114 	108 	109 
001262 	281 	114 	108 	109 
001263 	281 	114 	108 	109 
001264 	281 	114 	108 	109 
001265 	281 	114 	108 	109 
001266 	281 	114 	108 	109 
001267 	266 	109 	130 	130 
001268 	266 	109 	130 	130 
001269 	266 	109 	130 	130 
001270 	266 	109 	130 	130 
001271 	269 	114 	108 	109 
001272 	269 	114 	108 	109 
001273 	269 	114 	108 	109 
001274 	269 	114 	108 	109 
001275 	269 	114 	108 	109 
001276 	269 	114 	108 	109 
001277 	269 	114 	108 	109 
001278 	266 	109 	130 	130 
001279 	269 	114 	108 	109 
001280 	269 	114 	108 	109 
001281 	269 	114 	108 	109 
001282 	251 	94 	130 	130 
001283 	251 	109 	130 	130 
001284 	251 	109 	130 	130 
001285 	251 	109 	130 	130 
001286 	251 	109 	130 	130 
001287 	251 	109 	130 	130 
001288 	269 	114 	108 	109 
001289 	269 	114 	108 	109 
