Identity  : 	id10244
Reference : 	2TvSxEwFzsY
Offset    : 	-1
FV Conf   : 	17.896
ASD Conf  : 	5.985

FRAME 	X 	Y 	W 	H 
001446 	164 	65 	91 	91 
001447 	164 	65 	91 	91 
001448 	164 	65 	91 	91 
001449 	164 	65 	91 	91 
001450 	164 	65 	91 	91 
001451 	164 	65 	91 	91 
001452 	164 	65 	91 	91 
001453 	164 	65 	91 	91 
001454 	154 	55 	91 	91 
001455 	154 	55 	91 	91 
001456 	154 	55 	91 	91 
001457 	154 	55 	91 	91 
001458 	154 	55 	91 	91 
001459 	154 	55 	91 	91 
001460 	154 	55 	91 	91 
001461 	154 	55 	91 	91 
001462 	154 	55 	91 	91 
001463 	154 	55 	91 	91 
001464 	154 	55 	91 	91 
001465 	154 	55 	91 	91 
001466 	154 	55 	91 	91 
001467 	154 	55 	91 	91 
001468 	154 	55 	91 	91 
001469 	154 	55 	91 	91 
001470 	154 	55 	91 	91 
001471 	154 	55 	91 	91 
001472 	154 	55 	91 	91 
001473 	154 	55 	91 	91 
001474 	144 	55 	91 	91 
001475 	144 	55 	91 	91 
001476 	144 	55 	91 	91 
001477 	144 	55 	91 	91 
001478 	144 	55 	91 	91 
001479 	144 	55 	91 	91 
001480 	144 	55 	91 	91 
001481 	144 	55 	91 	91 
001482 	144 	55 	91 	91 
001483 	144 	55 	91 	91 
001484 	144 	55 	91 	91 
001485 	144 	55 	91 	91 
001486 	144 	55 	91 	91 
001487 	144 	55 	91 	91 
001488 	144 	55 	91 	91 
001489 	144 	55 	91 	91 
001490 	138 	54 	108 	109 
001491 	138 	54 	108 	109 
001492 	138 	54 	108 	109 
001493 	154 	55 	91 	91 
001494 	154 	55 	91 	91 
001495 	154 	55 	91 	91 
001496 	154 	55 	91 	91 
001497 	154 	55 	91 	91 
001498 	154 	55 	91 	91 
001499 	154 	55 	91 	91 
001500 	154 	55 	91 	91 
001501 	154 	55 	91 	91 
001502 	154 	55 	91 	91 
001503 	154 	55 	91 	91 
001504 	154 	55 	91 	91 
001505 	154 	55 	91 	91 
001506 	154 	55 	91 	91 
001507 	154 	55 	91 	91 
001508 	154 	55 	91 	91 
001509 	154 	55 	91 	91 
001510 	154 	55 	91 	91 
001511 	154 	55 	91 	91 
001512 	154 	55 	91 	91 
001513 	154 	55 	91 	91 
001514 	154 	55 	91 	91 
001515 	154 	55 	91 	91 
001516 	154 	55 	91 	91 
001517 	154 	55 	91 	91 
001518 	154 	55 	91 	91 
001519 	164 	55 	91 	91 
001520 	154 	55 	91 	91 
001521 	164 	55 	91 	91 
001522 	164 	55 	91 	91 
001523 	150 	43 	108 	108 
001524 	164 	45 	91 	91 
001525 	164 	45 	91 	91 
001526 	154 	45 	91 	91 
001527 	154 	45 	91 	91 
001528 	154 	45 	91 	91 
001529 	154 	45 	91 	91 
001530 	154 	45 	91 	91 
001531 	154 	45 	91 	91 
001532 	154 	45 	91 	91 
001533 	154 	45 	91 	91 
001534 	154 	45 	91 	91 
001535 	154 	45 	91 	91 
001536 	154 	45 	91 	91 
001537 	154 	45 	91 	91 
001538 	154 	45 	91 	91 
001539 	138 	43 	108 	108 
001540 	138 	43 	108 	108 
001541 	138 	43 	108 	108 
001542 	138 	43 	108 	108 
001543 	138 	43 	108 	108 
001544 	154 	55 	91 	91 
001545 	154 	55 	91 	91 
001546 	154 	55 	91 	91 
001547 	154 	55 	91 	91 
001548 	154 	55 	91 	91 
001549 	154 	55 	91 	91 
001550 	154 	65 	91 	91 
001551 	154 	65 	91 	91 
001552 	154 	65 	91 	91 
001553 	154 	65 	91 	91 
001554 	154 	65 	91 	91 
001555 	154 	65 	91 	91 
001556 	154 	65 	91 	91 
001557 	154 	65 	91 	91 
001558 	154 	65 	91 	91 
001559 	154 	65 	91 	91 
001560 	150 	54 	108 	109 
001561 	150 	54 	108 	109 
001562 	150 	54 	108 	109 
001563 	150 	54 	108 	109 
001564 	164 	65 	91 	91 
001565 	174 	65 	91 	91 
001566 	174 	65 	91 	91 
001567 	174 	65 	91 	91 
001568 	174 	65 	91 	91 
001569 	184 	65 	91 	91 
001570 	184 	65 	91 	91 
001571 	184 	65 	91 	91 
001572 	184 	65 	91 	91 
001573 	184 	65 	91 	91 
001574 	184 	65 	91 	91 
001575 	184 	65 	91 	91 
001576 	184 	65 	91 	91 
001577 	184 	65 	91 	91 
001578 	184 	65 	91 	91 
001579 	184 	65 	91 	91 
001580 	184 	65 	91 	91 
001581 	184 	65 	91 	91 
001582 	184 	65 	91 	91 
001583 	184 	65 	91 	91 
001584 	184 	65 	91 	91 
001585 	184 	65 	91 	91 
001586 	184 	65 	91 	91 
001587 	184 	65 	91 	91 
001588 	184 	65 	91 	91 
001589 	184 	65 	91 	91 
001590 	184 	65 	91 	91 
001591 	184 	65 	91 	91 
001592 	184 	65 	91 	91 
001593 	184 	65 	91 	91 
001594 	184 	65 	91 	91 
001595 	184 	65 	91 	91 
001596 	184 	65 	91 	91 
001597 	184 	65 	91 	91 
001598 	184 	65 	91 	91 
001599 	184 	65 	91 	91 
001600 	184 	65 	91 	91 
001601 	184 	65 	91 	91 
001602 	184 	65 	91 	91 
001603 	184 	65 	91 	91 
001604 	184 	65 	91 	91 
001605 	184 	65 	91 	91 
001606 	184 	65 	91 	91 
001607 	184 	65 	91 	91 
001608 	184 	65 	91 	91 
001609 	184 	65 	91 	91 
001610 	184 	65 	91 	91 
001611 	184 	65 	91 	91 
001612 	184 	65 	91 	91 
001613 	184 	65 	91 	91 
001614 	184 	65 	91 	91 
001615 	184 	65 	91 	91 
001616 	184 	65 	91 	91 
001617 	184 	65 	91 	91 
001618 	184 	65 	91 	91 
001619 	184 	65 	91 	91 
001620 	184 	65 	91 	91 
001621 	184 	65 	91 	91 
001622 	184 	65 	91 	91 
001623 	184 	65 	91 	91 
001624 	184 	65 	91 	91 
001625 	184 	65 	91 	91 
001626 	184 	65 	91 	91 
001627 	184 	65 	91 	91 
001628 	184 	65 	91 	91 
001629 	184 	65 	91 	91 
001630 	184 	65 	91 	91 
001631 	184 	65 	91 	91 
001632 	184 	65 	91 	91 
001633 	184 	65 	91 	91 
001634 	184 	65 	91 	91 
001635 	184 	65 	91 	91 
001636 	184 	65 	91 	91 
001637 	184 	65 	91 	91 
001638 	184 	65 	91 	91 
001639 	184 	65 	91 	91 
001640 	184 	65 	91 	91 
001641 	184 	65 	91 	91 
001642 	184 	65 	91 	91 
001643 	184 	65 	91 	91 
001644 	184 	65 	91 	91 
001645 	184 	65 	91 	91 
001646 	184 	65 	91 	91 
001647 	184 	65 	91 	91 
001648 	184 	65 	91 	91 
001649 	184 	65 	91 	91 
001650 	184 	65 	91 	91 
001651 	184 	65 	91 	91 
001652 	184 	65 	91 	91 
001653 	184 	65 	91 	91 
001654 	184 	65 	91 	91 
001655 	184 	65 	91 	91 
001656 	184 	55 	91 	91 
001657 	184 	65 	91 	91 
001658 	184 	55 	91 	91 
001659 	194 	55 	91 	91 
001660 	184 	55 	91 	91 
001661 	184 	55 	91 	91 
001662 	184 	55 	91 	91 
001663 	184 	55 	91 	91 
001664 	184 	55 	91 	91 
001665 	184 	55 	91 	91 
001666 	184 	55 	91 	91 
001667 	184 	55 	91 	91 
001668 	184 	55 	91 	91 
