Identity  : 	id11057
Reference : 	wjYZksl-CIo
Offset    : 	0
FV Conf   : 	12.629
ASD Conf  : 	5.461

FRAME 	X 	Y 	W 	H 
010615 	319 	60 	53 	53 
010616 	319 	60 	53 	53 
010617 	319 	60 	53 	53 
010618 	319 	60 	53 	53 
010619 	319 	60 	53 	53 
010620 	319 	60 	53 	53 
010621 	319 	60 	53 	53 
010622 	319 	60 	53 	53 
010623 	319 	60 	53 	53 
010624 	319 	60 	53 	53 
010625 	319 	60 	53 	53 
010626 	319 	60 	53 	53 
010627 	319 	60 	53 	53 
010628 	319 	60 	53 	53 
010629 	319 	60 	53 	53 
010630 	319 	60 	53 	53 
010631 	319 	60 	53 	53 
010632 	319 	60 	53 	53 
010633 	319 	60 	53 	53 
010634 	313 	55 	53 	53 
010635 	307 	52 	63 	63 
010636 	319 	60 	53 	53 
010637 	319 	60 	53 	53 
010638 	319 	60 	53 	53 
010639 	319 	60 	53 	53 
010640 	319 	60 	53 	53 
010641 	319 	60 	53 	53 
010642 	313 	60 	53 	53 
010643 	313 	60 	53 	53 
010644 	313 	60 	53 	53 
010645 	313 	60 	53 	53 
010646 	313 	60 	53 	53 
010647 	313 	60 	53 	53 
010648 	313 	60 	53 	53 
010649 	308 	60 	52 	53 
010650 	308 	60 	52 	53 
010651 	308 	66 	52 	53 
010652 	302 	66 	53 	53 
010653 	302 	66 	53 	53 
010654 	302 	66 	53 	53 
010655 	302 	66 	53 	53 
010656 	308 	66 	52 	53 
010657 	308 	66 	52 	53 
010658 	308 	66 	52 	53 
010659 	308 	60 	52 	53 
010660 	308 	60 	52 	53 
010661 	313 	60 	53 	53 
010662 	313 	60 	53 	53 
010663 	313 	60 	53 	53 
010664 	313 	60 	53 	53 
010665 	313 	60 	53 	53 
010666 	313 	60 	53 	53 
010667 	313 	60 	53 	53 
010668 	313 	60 	53 	53 
010669 	313 	60 	53 	53 
010670 	307 	52 	63 	63 
010671 	313 	55 	53 	53 
010672 	313 	55 	53 	53 
010673 	313 	55 	53 	53 
010674 	313 	55 	53 	53 
010675 	319 	55 	53 	53 
010676 	319 	55 	53 	53 
010677 	319 	55 	53 	53 
010678 	319 	55 	53 	53 
010679 	319 	55 	53 	53 
010680 	313 	55 	53 	53 
010681 	313 	55 	53 	53 
010682 	313 	55 	53 	53 
010683 	313 	55 	53 	53 
010684 	313 	55 	53 	53 
010685 	313 	55 	53 	53 
010686 	313 	55 	53 	53 
010687 	313 	55 	53 	53 
010688 	308 	55 	52 	53 
010689 	308 	55 	52 	53 
010690 	308 	55 	52 	53 
010691 	308 	55 	52 	53 
010692 	308 	55 	52 	53 
010693 	308 	60 	52 	53 
010694 	308 	60 	52 	53 
010695 	302 	60 	53 	53 
010696 	302 	60 	53 	53 
010697 	302 	60 	53 	53 
010698 	302 	60 	53 	53 
010699 	302 	60 	53 	53 
010700 	302 	60 	53 	53 
010701 	302 	60 	53 	53 
010702 	302 	60 	53 	53 
010703 	302 	60 	53 	53 
010704 	302 	66 	53 	53 
010705 	302 	60 	53 	53 
010706 	302 	66 	53 	53 
010707 	302 	66 	53 	53 
010708 	302 	66 	53 	53 
010709 	302 	66 	53 	53 
010710 	302 	66 	53 	53 
010711 	293 	59 	64 	63 
010712 	293 	59 	64 	63 
010713 	293 	59 	64 	63 
010714 	302 	60 	53 	53 
010715 	302 	60 	53 	53 
010716 	302 	60 	53 	53 
010717 	302 	60 	53 	53 
010718 	302 	60 	53 	53 
010719 	308 	60 	52 	53 
010720 	308 	60 	52 	53 
010721 	308 	60 	52 	53 
010722 	308 	60 	52 	53 
010723 	308 	60 	52 	53 
010724 	308 	60 	52 	53 
010725 	308 	60 	52 	53 
010726 	308 	60 	52 	53 
010727 	308 	60 	52 	53 
010728 	308 	60 	52 	53 
010729 	308 	66 	52 	53 
010730 	308 	66 	52 	53 
010731 	308 	66 	52 	53 
010732 	308 	66 	52 	53 
010733 	308 	66 	52 	53 
010734 	308 	66 	52 	53 
010735 	308 	66 	52 	53 
010736 	308 	66 	52 	53 
010737 	308 	66 	52 	53 
010738 	308 	66 	52 	53 
010739 	302 	72 	53 	53 
010740 	302 	72 	53 	53 
010741 	302 	72 	53 	53 
010742 	302 	72 	53 	53 
010743 	302 	72 	53 	53 
010744 	302 	72 	53 	53 
010745 	302 	72 	53 	53 
010746 	308 	72 	52 	53 
010747 	308 	72 	52 	53 
010748 	308 	72 	52 	53 
010749 	308 	72 	52 	53 
010750 	308 	72 	52 	53 
010751 	308 	72 	52 	53 
010752 	308 	66 	52 	53 
010753 	308 	66 	52 	53 
010754 	308 	66 	52 	53 
010755 	308 	66 	52 	53 
010756 	308 	66 	52 	53 
010757 	308 	66 	52 	53 
