Identity  : 	id10728
Reference : 	N9VyQ06cpqE
Offset    : 	0
FV Conf   : 	12.940
ASD Conf  : 	6.094

FRAME 	X 	Y 	W 	H 
000816 	199 	79 	155 	156 
000817 	199 	79 	155 	156 
000818 	199 	79 	155 	156 
000819 	199 	79 	155 	156 
000820 	181 	96 	156 	156 
000821 	181 	96 	156 	156 
000822 	181 	113 	156 	156 
000823 	181 	113 	156 	156 
000824 	181 	113 	156 	156 
000825 	181 	130 	156 	156 
000826 	181 	130 	156 	156 
000827 	181 	130 	156 	156 
000828 	181 	130 	156 	156 
000829 	181 	130 	156 	156 
000830 	181 	113 	156 	156 
000831 	181 	113 	156 	156 
000832 	181 	113 	156 	156 
000833 	181 	96 	156 	156 
000834 	181 	96 	156 	156 
000835 	177 	74 	187 	187 
000836 	177 	74 	187 	187 
000837 	177 	74 	187 	187 
000838 	199 	79 	155 	156 
000839 	199 	79 	155 	156 
000840 	199 	79 	155 	156 
000841 	199 	79 	155 	156 
000842 	199 	79 	155 	156 
000843 	216 	79 	156 	156 
000844 	216 	79 	156 	156 
000845 	216 	79 	156 	156 
000846 	216 	79 	156 	156 
000847 	216 	79 	156 	156 
000848 	216 	79 	156 	156 
000849 	233 	79 	156 	156 
000850 	233 	79 	156 	156 
000851 	233 	79 	156 	156 
000852 	233 	79 	156 	156 
000853 	233 	79 	156 	156 
000854 	233 	79 	156 	156 
000855 	216 	79 	156 	156 
000856 	216 	79 	156 	156 
000857 	216 	79 	156 	156 
000858 	216 	79 	156 	156 
000859 	216 	79 	156 	156 
000860 	216 	79 	156 	156 
000861 	216 	79 	156 	156 
000862 	216 	79 	156 	156 
000863 	216 	79 	156 	156 
000864 	216 	79 	156 	156 
000865 	216 	79 	156 	156 
000866 	216 	79 	156 	156 
000867 	216 	79 	156 	156 
000868 	216 	79 	156 	156 
000869 	233 	79 	156 	156 
000870 	233 	96 	156 	156 
000871 	233 	96 	156 	156 
000872 	233 	79 	156 	156 
000873 	216 	79 	156 	156 
000874 	216 	79 	156 	156 
000875 	216 	96 	156 	156 
000876 	199 	96 	155 	156 
000877 	199 	96 	155 	156 
000878 	199 	96 	155 	156 
000879 	199 	96 	155 	156 
000880 	208 	94 	130 	130 
000881 	199 	79 	155 	156 
000882 	199 	79 	155 	156 
000883 	199 	79 	155 	156 
000884 	181 	79 	156 	156 
000885 	181 	79 	156 	156 
000886 	181 	79 	156 	156 
000887 	164 	79 	156 	156 
000888 	164 	96 	156 	156 
000889 	164 	96 	156 	156 
000890 	147 	113 	156 	156 
000891 	147 	113 	156 	156 
000892 	147 	113 	156 	156 
000893 	147 	113 	156 	156 
000894 	147 	113 	156 	156 
000895 	164 	113 	156 	156 
000896 	164 	113 	156 	156 
000897 	181 	113 	156 	156 
000898 	181 	96 	156 	156 
000899 	199 	96 	155 	156 
000900 	199 	79 	155 	156 
000901 	199 	79 	155 	156 
000902 	216 	96 	156 	156 
000903 	216 	96 	156 	156 
000904 	216 	96 	156 	156 
000905 	216 	96 	156 	156 
000906 	216 	96 	156 	156 
000907 	216 	96 	156 	156 
000908 	216 	96 	156 	156 
000909 	216 	96 	156 	156 
000910 	216 	96 	156 	156 
000911 	216 	96 	156 	156 
000912 	216 	79 	156 	156 
000913 	216 	79 	156 	156 
000914 	216 	79 	156 	156 
000915 	216 	79 	156 	156 
000916 	216 	96 	156 	156 
000917 	216 	96 	156 	156 
000918 	216 	96 	156 	156 
000919 	216 	96 	156 	156 
000920 	216 	113 	156 	156 
000921 	216 	113 	156 	156 
000922 	216 	113 	156 	156 
000923 	216 	113 	156 	156 
000924 	216 	113 	156 	156 
000925 	216 	113 	156 	156 
000926 	216 	113 	156 	156 
000927 	216 	113 	156 	156 
000928 	216 	96 	156 	156 
000929 	216 	96 	156 	156 
000930 	216 	96 	156 	156 
000931 	216 	96 	156 	156 
000932 	216 	96 	156 	156 
000933 	216 	96 	156 	156 
000934 	216 	96 	156 	156 
000935 	216 	96 	156 	156 
000936 	199 	96 	155 	156 
000937 	199 	96 	155 	156 
000938 	199 	96 	155 	156 
000939 	199 	96 	155 	156 
000940 	199 	96 	155 	156 
000941 	199 	96 	155 	156 
000942 	199 	96 	155 	156 
000943 	199 	96 	155 	156 
000944 	199 	96 	155 	156 
000945 	199 	96 	155 	156 
000946 	199 	96 	155 	156 
000947 	199 	96 	155 	156 
000948 	199 	96 	155 	156 
000949 	199 	79 	155 	156 
000950 	199 	79 	155 	156 
000951 	199 	79 	155 	156 
000952 	199 	79 	155 	156 
000953 	199 	79 	155 	156 
000954 	199 	79 	155 	156 
000955 	199 	79 	155 	156 
000956 	199 	96 	155 	156 
000957 	181 	96 	156 	156 
000958 	181 	96 	156 	156 
000959 	181 	96 	156 	156 
000960 	181 	96 	156 	156 
000961 	181 	96 	156 	156 
000962 	181 	96 	156 	156 
000963 	181 	96 	156 	156 
000964 	181 	96 	156 	156 
000965 	181 	96 	156 	156 
000966 	181 	96 	156 	156 
000967 	181 	96 	156 	156 
000968 	164 	96 	156 	156 
000969 	164 	96 	156 	156 
000970 	164 	96 	156 	156 
000971 	164 	96 	156 	156 
000972 	164 	96 	156 	156 
000973 	164 	96 	156 	156 
000974 	164 	96 	156 	156 
000975 	164 	96 	156 	156 
000976 	164 	96 	156 	156 
000977 	164 	96 	156 	156 
000978 	164 	96 	156 	156 
000979 	181 	96 	156 	156 
000980 	181 	96 	156 	156 
000981 	181 	96 	156 	156 
000982 	181 	96 	156 	156 
000983 	181 	96 	156 	156 
000984 	181 	96 	156 	156 
000985 	181 	96 	156 	156 
000986 	181 	96 	156 	156 
000987 	181 	96 	156 	156 
000988 	181 	96 	156 	156 
000989 	181 	96 	156 	156 
000990 	181 	96 	156 	156 
000991 	199 	79 	155 	156 
000992 	216 	79 	156 	156 
000993 	216 	79 	156 	156 
000994 	216 	79 	156 	156 
000995 	197 	74 	187 	187 
