Identity  : 	id10530
Reference : 	Jzcll_IHnyc
Offset    : 	0
FV Conf   : 	13.547
ASD Conf  : 	5.724

FRAME 	X 	Y 	W 	H 
001544 	251 	80 	130 	130 
001545 	251 	80 	130 	130 
001546 	251 	80 	130 	130 
001547 	251 	80 	130 	130 
001548 	251 	80 	130 	130 
001549 	251 	80 	130 	130 
001550 	251 	80 	130 	130 
001551 	251 	80 	130 	130 
001552 	251 	80 	130 	130 
001553 	251 	80 	130 	130 
001554 	251 	80 	130 	130 
001555 	251 	80 	130 	130 
001556 	251 	80 	130 	130 
001557 	251 	80 	130 	130 
001558 	251 	80 	130 	130 
001559 	251 	80 	130 	130 
001560 	237 	80 	130 	130 
001561 	237 	80 	130 	130 
001562 	237 	80 	130 	130 
001563 	237 	80 	130 	130 
001564 	237 	80 	130 	130 
001565 	237 	80 	130 	130 
001566 	237 	80 	130 	130 
001567 	237 	80 	130 	130 
001568 	237 	80 	130 	130 
001569 	237 	80 	130 	130 
001570 	237 	80 	130 	130 
001571 	237 	80 	130 	130 
001572 	237 	80 	130 	130 
001573 	237 	80 	130 	130 
001574 	237 	80 	130 	130 
001575 	237 	80 	130 	130 
001576 	237 	80 	130 	130 
001577 	237 	80 	130 	130 
001578 	237 	80 	130 	130 
001579 	237 	80 	130 	130 
001580 	237 	80 	130 	130 
001581 	237 	80 	130 	130 
001582 	237 	80 	130 	130 
001583 	237 	80 	130 	130 
001584 	237 	80 	130 	130 
001585 	237 	80 	130 	130 
001586 	237 	80 	130 	130 
001587 	237 	94 	130 	130 
001588 	237 	94 	130 	130 
001589 	237 	94 	130 	130 
001590 	237 	80 	130 	130 
001591 	237 	80 	130 	130 
001592 	237 	94 	130 	130 
001593 	237 	94 	130 	130 
001594 	237 	94 	130 	130 
001595 	237 	94 	130 	130 
001596 	237 	94 	130 	130 
001597 	237 	94 	130 	130 
001598 	237 	94 	130 	130 
001599 	237 	94 	130 	130 
001600 	237 	94 	130 	130 
001601 	237 	94 	130 	130 
001602 	237 	94 	130 	130 
001603 	237 	94 	130 	130 
001604 	237 	94 	130 	130 
001605 	237 	80 	130 	130 
001606 	237 	80 	130 	130 
001607 	237 	80 	130 	130 
001608 	237 	80 	130 	130 
001609 	237 	80 	130 	130 
001610 	237 	80 	130 	130 
001611 	237 	80 	130 	130 
001612 	237 	80 	130 	130 
001613 	237 	80 	130 	130 
001614 	237 	80 	130 	130 
001615 	223 	94 	130 	130 
001616 	223 	94 	130 	130 
001617 	223 	94 	130 	130 
001618 	223 	94 	130 	130 
001619 	223 	94 	130 	130 
001620 	223 	94 	130 	130 
001621 	237 	94 	130 	130 
001622 	237 	80 	130 	130 
001623 	237 	80 	130 	130 
001624 	237 	80 	130 	130 
001625 	237 	80 	130 	130 
001626 	237 	80 	130 	130 
001627 	237 	80 	130 	130 
001628 	237 	80 	130 	130 
001629 	237 	80 	130 	130 
001630 	237 	94 	130 	130 
001631 	237 	94 	130 	130 
001632 	237 	94 	130 	130 
001633 	237 	94 	130 	130 
001634 	237 	94 	130 	130 
001635 	237 	94 	130 	130 
001636 	237 	94 	130 	130 
001637 	251 	94 	130 	130 
001638 	251 	94 	130 	130 
001639 	251 	94 	130 	130 
001640 	251 	94 	130 	130 
001641 	251 	94 	130 	130 
001642 	251 	94 	130 	130 
001643 	251 	94 	130 	130 
001644 	251 	94 	130 	130 
001645 	251 	94 	130 	130 
001646 	251 	94 	130 	130 
001647 	251 	94 	130 	130 
001648 	251 	94 	130 	130 
001649 	251 	94 	130 	130 
001650 	251 	94 	130 	130 
001651 	251 	94 	130 	130 
001652 	251 	94 	130 	130 
001653 	251 	94 	130 	130 
001654 	251 	94 	130 	130 
001655 	251 	94 	130 	130 
001656 	251 	94 	130 	130 
001657 	237 	94 	130 	130 
001658 	237 	94 	130 	130 
001659 	237 	94 	130 	130 
001660 	237 	94 	130 	130 
001661 	237 	94 	130 	130 
001662 	237 	94 	130 	130 
001663 	237 	94 	130 	130 
001664 	237 	94 	130 	130 
001665 	237 	94 	130 	130 
001666 	237 	94 	130 	130 
001667 	237 	94 	130 	130 
001668 	237 	94 	130 	130 
001669 	237 	94 	130 	130 
001670 	237 	94 	130 	130 
001671 	237 	94 	130 	130 
001672 	237 	94 	130 	130 
