Identity  : 	id11105
Reference : 	zqijirc45vU
Offset    : 	-7
FV Conf   : 	20.302
ASD Conf  : 	10.171

FRAME 	X 	Y 	W 	H 
006040 	150 	126 	108 	109 
006041 	150 	126 	108 	109 
006042 	150 	126 	108 	109 
006043 	137 	109 	130 	130 
006044 	150 	126 	108 	109 
006045 	150 	126 	108 	109 
006046 	161 	126 	109 	109 
006047 	161 	126 	109 	109 
006048 	173 	126 	109 	109 
006049 	173 	126 	109 	109 
006050 	173 	114 	109 	109 
006051 	173 	114 	109 	109 
006052 	173 	114 	109 	109 
006053 	173 	114 	109 	109 
006054 	173 	114 	109 	109 
006055 	173 	114 	109 	109 
006056 	173 	114 	109 	109 
006057 	173 	114 	109 	109 
006058 	173 	114 	109 	109 
006059 	173 	114 	109 	109 
006060 	173 	114 	109 	109 
006061 	173 	114 	109 	109 
006062 	173 	114 	109 	109 
006063 	173 	114 	109 	109 
006064 	173 	114 	109 	109 
006065 	173 	114 	109 	109 
006066 	173 	114 	109 	109 
006067 	173 	114 	109 	109 
006068 	173 	114 	109 	109 
006069 	173 	114 	109 	109 
006070 	173 	114 	109 	109 
006071 	173 	114 	109 	109 
006072 	173 	114 	109 	109 
006073 	173 	114 	109 	109 
006074 	173 	114 	109 	109 
006075 	173 	114 	109 	109 
006076 	173 	114 	109 	109 
006077 	165 	94 	130 	130 
006078 	165 	94 	130 	130 
006079 	165 	94 	130 	130 
006080 	165 	94 	130 	130 
006081 	165 	94 	130 	130 
006082 	165 	94 	130 	130 
006083 	165 	94 	130 	130 
006084 	165 	94 	130 	130 
006085 	173 	114 	109 	109 
006086 	173 	114 	109 	109 
006087 	161 	114 	109 	109 
006088 	161 	114 	109 	109 
006089 	151 	109 	130 	130 
006090 	130 	79 	156 	156 
006091 	130 	79 	156 	156 
006092 	161 	114 	109 	109 
006093 	173 	114 	109 	109 
006094 	173 	114 	109 	109 
006095 	173 	114 	109 	109 
006096 	173 	114 	109 	109 
006097 	173 	114 	109 	109 
006098 	173 	114 	109 	109 
006099 	165 	94 	130 	130 
006100 	165 	94 	130 	130 
006101 	165 	94 	130 	130 
006102 	165 	94 	130 	130 
006103 	165 	94 	130 	130 
006104 	165 	94 	130 	130 
006105 	165 	94 	130 	130 
006106 	165 	94 	130 	130 
006107 	173 	114 	109 	109 
006108 	173 	114 	109 	109 
006109 	165 	94 	130 	130 
006110 	165 	94 	130 	130 
006111 	165 	94 	130 	130 
006112 	173 	114 	109 	109 
006113 	173 	114 	109 	109 
006114 	165 	109 	130 	130 
006115 	165 	109 	130 	130 
006116 	165 	109 	130 	130 
006117 	165 	109 	130 	130 
006118 	165 	109 	130 	130 
006119 	165 	109 	130 	130 
006120 	165 	109 	130 	130 
006121 	165 	109 	130 	130 
006122 	165 	109 	130 	130 
006123 	165 	109 	130 	130 
006124 	173 	114 	109 	109 
006125 	173 	114 	109 	109 
006126 	173 	114 	109 	109 
006127 	173 	126 	109 	109 
006128 	165 	109 	130 	130 
006129 	165 	109 	130 	130 
006130 	173 	126 	109 	109 
006131 	165 	109 	130 	130 
006132 	185 	114 	109 	109 
006133 	185 	114 	109 	109 
006134 	185 	114 	109 	109 
006135 	185 	114 	109 	109 
006136 	185 	114 	109 	109 
006137 	185 	102 	109 	109 
006138 	185 	102 	109 	109 
006139 	185 	102 	109 	109 
006140 	180 	94 	130 	130 
006141 	180 	94 	130 	130 
006142 	197 	102 	109 	109 
006143 	197 	102 	109 	109 
006144 	197 	102 	109 	109 
006145 	197 	102 	109 	109 
006146 	197 	102 	109 	109 
006147 	197 	102 	109 	109 
006148 	194 	94 	130 	130 
006149 	194 	94 	130 	130 
006150 	197 	114 	109 	109 
006151 	197 	114 	109 	109 
006152 	197 	114 	109 	109 
006153 	180 	94 	130 	130 
006154 	180 	94 	130 	130 
006155 	180 	94 	130 	130 
006156 	180 	94 	130 	130 
006157 	180 	94 	130 	130 
006158 	185 	114 	109 	109 
006159 	180 	94 	130 	130 
006160 	180 	94 	130 	130 
006161 	180 	94 	130 	130 
006162 	185 	102 	109 	109 
006163 	185 	102 	109 	109 
006164 	180 	94 	130 	130 
006165 	180 	94 	130 	130 
006166 	180 	94 	130 	130 
006167 	180 	94 	130 	130 
006168 	180 	94 	130 	130 
006169 	180 	94 	130 	130 
006170 	180 	94 	130 	130 
006171 	185 	102 	109 	109 
006172 	165 	109 	130 	130 
006173 	173 	114 	109 	109 
006174 	173 	114 	109 	109 
006175 	173 	114 	109 	109 
006176 	173 	114 	109 	109 
006177 	173 	114 	109 	109 
006178 	165 	94 	130 	130 
006179 	165 	94 	130 	130 
006180 	185 	114 	109 	109 
006181 	185 	114 	109 	109 
006182 	180 	94 	130 	130 
006183 	180 	94 	130 	130 
006184 	180 	94 	130 	130 
006185 	180 	94 	130 	130 
006186 	180 	94 	130 	130 
006187 	180 	94 	130 	130 
006188 	197 	102 	109 	109 
006189 	194 	94 	130 	130 
006190 	194 	94 	130 	130 
006191 	194 	94 	130 	130 
006192 	194 	94 	130 	130 
006193 	194 	94 	130 	130 
006194 	194 	94 	130 	130 
006195 	209 	114 	109 	109 
006196 	209 	114 	109 	109 
006197 	209 	114 	109 	109 
006198 	209 	114 	109 	109 
006199 	209 	114 	109 	109 
006200 	209 	114 	109 	109 
006201 	209 	114 	109 	109 
