Identity  : 	id10728
Reference : 	qP-0AVDhVYk
Offset    : 	-1
FV Conf   : 	14.166
ASD Conf  : 	6.164

FRAME 	X 	Y 	W 	H 
002209 	154 	115 	91 	91 
002210 	154 	115 	91 	91 
002211 	154 	115 	91 	91 
002212 	154 	115 	91 	91 
002213 	154 	115 	91 	91 
002214 	154 	115 	91 	91 
002215 	154 	115 	91 	91 
002216 	154 	115 	91 	91 
002217 	154 	115 	91 	91 
002218 	154 	115 	91 	91 
002219 	154 	115 	91 	91 
002220 	154 	115 	91 	91 
002221 	154 	115 	91 	91 
002222 	153 	121 	76 	75 
002223 	153 	121 	76 	75 
002224 	153 	121 	76 	75 
002225 	153 	121 	76 	75 
002226 	144 	105 	91 	91 
002227 	134 	105 	91 	91 
002228 	134 	105 	91 	91 
002229 	124 	105 	91 	91 
002230 	114 	95 	91 	91 
002231 	114 	105 	91 	91 
002232 	114 	105 	91 	91 
002233 	105 	105 	90 	91 
002234 	105 	105 	90 	91 
002235 	105 	105 	90 	91 
002236 	105 	105 	90 	91 
002237 	95 	105 	90 	91 
002238 	95 	105 	90 	91 
002239 	95 	105 	90 	91 
002240 	95 	105 	90 	91 
002241 	95 	115 	90 	91 
002242 	85 	115 	90 	91 
002243 	85 	105 	90 	91 
002244 	85 	105 	90 	91 
002245 	85 	105 	90 	91 
002246 	85 	105 	90 	91 
002247 	85 	105 	90 	91 
002248 	85 	105 	90 	91 
002249 	85 	105 	90 	91 
002250 	85 	105 	90 	91 
002251 	85 	105 	90 	91 
002252 	95 	105 	90 	91 
002253 	95 	105 	90 	91 
002254 	85 	115 	90 	91 
002255 	85 	105 	90 	91 
002256 	85 	105 	90 	91 
002257 	85 	105 	90 	91 
002258 	85 	105 	90 	91 
002259 	85 	105 	90 	91 
002260 	85 	105 	90 	91 
002261 	95 	105 	90 	91 
002262 	95 	105 	90 	91 
002263 	95 	105 	90 	91 
002264 	105 	105 	90 	91 
002265 	105 	105 	90 	91 
002266 	105 	95 	90 	91 
002267 	120 	112 	76 	76 
002268 	120 	112 	76 	76 
002269 	114 	105 	91 	91 
002270 	114 	105 	91 	91 
002271 	105 	105 	90 	91 
002272 	105 	105 	90 	91 
002273 	105 	115 	90 	91 
002274 	95 	115 	90 	91 
002275 	95 	115 	90 	91 
002276 	95 	125 	90 	90 
002277 	95 	125 	90 	90 
002278 	95 	125 	90 	90 
002279 	90 	126 	108 	109 
002280 	105 	125 	90 	90 
002281 	90 	126 	108 	109 
002282 	90 	126 	108 	109 
002283 	95 	135 	90 	90 
002284 	85 	125 	90 	90 
002285 	85 	125 	90 	90 
002286 	85 	125 	90 	90 
002287 	95 	125 	90 	90 
002288 	95 	115 	90 	91 
002289 	105 	115 	90 	91 
002290 	105 	115 	90 	91 
002291 	105 	105 	90 	91 
002292 	103 	112 	76 	76 
002293 	95 	105 	90 	91 
002294 	95 	105 	90 	91 
002295 	95 	105 	90 	91 
002296 	95 	105 	90 	91 
002297 	95 	105 	90 	91 
002298 	95 	105 	90 	91 
002299 	95 	105 	90 	91 
002300 	105 	105 	90 	91 
002301 	105 	105 	90 	91 
002302 	105 	105 	90 	91 
002303 	95 	105 	90 	91 
002304 	95 	115 	90 	91 
002305 	95 	115 	90 	91 
002306 	95 	115 	90 	91 
002307 	95 	115 	90 	91 
002308 	85 	115 	90 	91 
002309 	95 	115 	90 	91 
002310 	95 	115 	90 	91 
002311 	95 	115 	90 	91 
002312 	95 	115 	90 	91 
002313 	95 	115 	90 	91 
002314 	95 	115 	90 	91 
002315 	95 	115 	90 	91 
002316 	95 	115 	90 	91 
002317 	95 	115 	90 	91 
002318 	95 	115 	90 	91 
002319 	85 	115 	90 	91 
002320 	85 	115 	90 	91 
002321 	85 	115 	90 	91 
002322 	95 	112 	76 	76 
002323 	95 	105 	90 	91 
002324 	95 	105 	90 	91 
002325 	95 	105 	90 	91 
002326 	95 	105 	90 	91 
002327 	85 	115 	90 	91 
002328 	85 	115 	90 	91 
002329 	85 	105 	90 	91 
002330 	85 	115 	90 	91 
002331 	85 	115 	90 	91 
002332 	85 	115 	90 	91 
002333 	85 	115 	90 	91 
002334 	78 	114 	108 	109 
002335 	85 	115 	90 	91 
002336 	85 	115 	90 	91 
002337 	85 	115 	90 	91 
002338 	85 	115 	90 	91 
002339 	85 	115 	90 	91 
002340 	85 	115 	90 	91 
002341 	85 	115 	90 	91 
002342 	85 	115 	90 	91 
002343 	95 	115 	90 	91 
002344 	95 	115 	90 	91 
002345 	95 	115 	90 	91 
