Identity  : 	id10148
Reference : 	42fq3-MegVQ
Offset    : 	0
FV Conf   : 	13.757
ASD Conf  : 	6.137

FRAME 	X 	Y 	W 	H 
001848 	245 	66 	109 	109 
001849 	245 	66 	109 	109 
001850 	245 	66 	109 	109 
001851 	245 	66 	109 	109 
001852 	245 	66 	109 	109 
001853 	254 	75 	90 	91 
001854 	254 	75 	90 	91 
001855 	254 	75 	90 	91 
001856 	254 	75 	90 	91 
001857 	254 	75 	90 	91 
001858 	254 	75 	90 	91 
001859 	254 	75 	90 	91 
001860 	254 	75 	90 	91 
001861 	254 	75 	90 	91 
001862 	254 	75 	90 	91 
001863 	254 	75 	90 	91 
001864 	264 	75 	90 	91 
001865 	264 	75 	90 	91 
001866 	264 	75 	90 	91 
001867 	254 	75 	90 	91 
001868 	254 	75 	90 	91 
001869 	254 	75 	90 	91 
001870 	254 	75 	90 	91 
001871 	254 	75 	90 	91 
001872 	254 	75 	90 	91 
001873 	254 	75 	90 	91 
001874 	233 	66 	109 	109 
001875 	233 	66 	109 	109 
001876 	233 	66 	109 	109 
001877 	233 	66 	109 	109 
001878 	233 	66 	109 	109 
001879 	244 	75 	90 	91 
001880 	244 	75 	90 	91 
001881 	244 	75 	90 	91 
001882 	244 	75 	90 	91 
001883 	244 	75 	90 	91 
001884 	244 	75 	90 	91 
001885 	244 	75 	90 	91 
001886 	233 	66 	109 	109 
001887 	244 	75 	90 	91 
001888 	244 	75 	90 	91 
001889 	254 	75 	90 	91 
001890 	254 	75 	90 	91 
001891 	254 	75 	90 	91 
001892 	254 	75 	90 	91 
001893 	254 	75 	90 	91 
001894 	254 	75 	90 	91 
001895 	254 	75 	90 	91 
001896 	254 	75 	90 	91 
001897 	254 	75 	90 	91 
001898 	254 	75 	90 	91 
001899 	254 	75 	90 	91 
001900 	254 	75 	90 	91 
001901 	254 	75 	90 	91 
001902 	254 	75 	90 	91 
001903 	254 	75 	90 	91 
001904 	254 	75 	90 	91 
001905 	254 	75 	90 	91 
001906 	254 	75 	90 	91 
001907 	254 	75 	90 	91 
001908 	254 	75 	90 	91 
001909 	254 	75 	90 	91 
001910 	254 	75 	90 	91 
001911 	254 	75 	90 	91 
001912 	254 	75 	90 	91 
001913 	254 	75 	90 	91 
001914 	254 	75 	90 	91 
001915 	254 	75 	90 	91 
001916 	254 	75 	90 	91 
001917 	254 	75 	90 	91 
001918 	254 	75 	90 	91 
001919 	254 	75 	90 	91 
001920 	254 	75 	90 	91 
001921 	254 	75 	90 	91 
001922 	254 	75 	90 	91 
001923 	254 	75 	90 	91 
001924 	254 	75 	90 	91 
001925 	254 	75 	90 	91 
001926 	254 	75 	90 	91 
001927 	254 	75 	90 	91 
001928 	254 	75 	90 	91 
001929 	244 	75 	90 	91 
001930 	244 	75 	90 	91 
001931 	244 	75 	90 	91 
001932 	233 	66 	109 	109 
001933 	233 	66 	109 	109 
001934 	233 	66 	109 	109 
001935 	233 	66 	109 	109 
001936 	233 	66 	109 	109 
001937 	233 	66 	109 	109 
001938 	233 	66 	109 	109 
001939 	233 	66 	109 	109 
001940 	233 	66 	109 	109 
001941 	233 	66 	109 	109 
001942 	233 	66 	109 	109 
001943 	233 	66 	109 	109 
001944 	233 	66 	109 	109 
001945 	233 	66 	109 	109 
001946 	233 	66 	109 	109 
001947 	233 	66 	109 	109 
001948 	233 	66 	109 	109 
001949 	233 	66 	109 	109 
001950 	233 	66 	109 	109 
001951 	233 	66 	109 	109 
001952 	233 	66 	109 	109 
001953 	233 	66 	109 	109 
001954 	233 	66 	109 	109 
001955 	233 	66 	109 	109 
001956 	233 	66 	109 	109 
001957 	233 	66 	109 	109 
001958 	233 	66 	109 	109 
