Identity  : 	id10104
Reference : 	T25ZT6AqU0M
Offset    : 	0
FV Conf   : 	17.776
ASD Conf  : 	6.122

FRAME 	X 	Y 	W 	H 
002528 	208 	80 	130 	130 
002529 	208 	80 	130 	130 
002530 	208 	66 	130 	130 
002531 	208 	66 	130 	130 
002532 	208 	80 	130 	130 
002533 	208 	80 	130 	130 
002534 	208 	80 	130 	130 
002535 	208 	80 	130 	130 
002536 	208 	80 	130 	130 
002537 	208 	80 	130 	130 
002538 	208 	80 	130 	130 
002539 	208 	80 	130 	130 
002540 	208 	80 	130 	130 
002541 	208 	80 	130 	130 
002542 	208 	80 	130 	130 
002543 	208 	80 	130 	130 
002544 	208 	80 	130 	130 
002545 	208 	80 	130 	130 
002546 	208 	80 	130 	130 
002547 	208 	66 	130 	130 
002548 	208 	66 	130 	130 
002549 	208 	80 	130 	130 
002550 	208 	66 	130 	130 
002551 	208 	66 	130 	130 
002552 	208 	66 	130 	130 
002553 	208 	66 	130 	130 
002554 	208 	80 	130 	130 
002555 	208 	66 	130 	130 
002556 	208 	66 	130 	130 
002557 	208 	66 	130 	130 
002558 	208 	66 	130 	130 
002559 	208 	66 	130 	130 
002560 	208 	66 	130 	130 
002561 	208 	66 	130 	130 
002562 	208 	66 	130 	130 
002563 	208 	66 	130 	130 
002564 	208 	66 	130 	130 
002565 	208 	66 	130 	130 
002566 	208 	66 	130 	130 
002567 	208 	66 	130 	130 
002568 	208 	66 	130 	130 
002569 	208 	66 	130 	130 
002570 	208 	66 	130 	130 
002571 	208 	66 	130 	130 
002572 	208 	66 	130 	130 
002573 	208 	66 	130 	130 
002574 	208 	66 	130 	130 
002575 	208 	66 	130 	130 
002576 	208 	66 	130 	130 
002577 	208 	66 	130 	130 
002578 	208 	66 	130 	130 
002579 	208 	66 	130 	130 
002580 	208 	66 	130 	130 
002581 	208 	66 	130 	130 
002582 	208 	66 	130 	130 
002583 	208 	66 	130 	130 
002584 	208 	66 	130 	130 
002585 	208 	66 	130 	130 
002586 	208 	66 	130 	130 
002587 	208 	66 	130 	130 
002588 	208 	66 	130 	130 
002589 	208 	66 	130 	130 
002590 	208 	66 	130 	130 
002591 	208 	66 	130 	130 
002592 	208 	66 	130 	130 
002593 	208 	66 	130 	130 
002594 	221 	78 	109 	109 
002595 	221 	78 	109 	109 
002596 	221 	78 	109 	109 
002597 	208 	66 	130 	130 
002598 	208 	66 	130 	130 
002599 	221 	78 	109 	109 
002600 	233 	78 	109 	109 
002601 	223 	66 	130 	130 
002602 	223 	66 	130 	130 
002603 	223 	66 	130 	130 
002604 	223 	66 	130 	130 
002605 	223 	66 	130 	130 
002606 	223 	66 	130 	130 
002607 	223 	66 	130 	130 
002608 	223 	66 	130 	130 
002609 	223 	66 	130 	130 
002610 	223 	66 	130 	130 
002611 	223 	66 	130 	130 
002612 	223 	66 	130 	130 
002613 	223 	66 	130 	130 
002614 	223 	66 	130 	130 
002615 	223 	66 	130 	130 
002616 	223 	66 	130 	130 
002617 	223 	66 	130 	130 
002618 	223 	66 	130 	130 
002619 	223 	66 	130 	130 
002620 	223 	66 	130 	130 
002621 	223 	66 	130 	130 
002622 	223 	66 	130 	130 
002623 	223 	66 	130 	130 
002624 	223 	66 	130 	130 
002625 	223 	66 	130 	130 
002626 	223 	66 	130 	130 
002627 	223 	66 	130 	130 
002628 	223 	66 	130 	130 
002629 	223 	66 	130 	130 
002630 	208 	66 	130 	130 
002631 	221 	78 	109 	109 
002632 	221 	78 	109 	109 
002633 	221 	78 	109 	109 
002634 	223 	66 	130 	130 
002635 	223 	66 	130 	130 
002636 	223 	66 	130 	130 
002637 	223 	66 	130 	130 
002638 	223 	66 	130 	130 
002639 	223 	66 	130 	130 
002640 	223 	66 	130 	130 
002641 	223 	66 	130 	130 
002642 	223 	66 	130 	130 
002643 	223 	66 	130 	130 
002644 	223 	66 	130 	130 
002645 	223 	66 	130 	130 
002646 	223 	66 	130 	130 
002647 	223 	66 	130 	130 
002648 	223 	66 	130 	130 
002649 	223 	66 	130 	130 
002650 	223 	66 	130 	130 
002651 	208 	66 	130 	130 
002652 	208 	66 	130 	130 
002653 	208 	66 	130 	130 
002654 	208 	66 	130 	130 
002655 	208 	66 	130 	130 
002656 	208 	66 	130 	130 
002657 	223 	66 	130 	130 
002658 	223 	66 	130 	130 
002659 	223 	66 	130 	130 
002660 	223 	66 	130 	130 
002661 	223 	66 	130 	130 
002662 	223 	66 	130 	130 
002663 	223 	66 	130 	130 
002664 	223 	66 	130 	130 
002665 	223 	66 	130 	130 
002666 	223 	66 	130 	130 
002667 	208 	66 	130 	130 
002668 	208 	66 	130 	130 
002669 	208 	66 	130 	130 
002670 	223 	66 	130 	130 
002671 	223 	66 	130 	130 
002672 	233 	78 	109 	109 
002673 	223 	66 	130 	130 
002674 	233 	78 	109 	109 
002675 	223 	66 	130 	130 
002676 	223 	66 	130 	130 
002677 	223 	66 	130 	130 
002678 	223 	66 	130 	130 
002679 	223 	66 	130 	130 
002680 	223 	66 	130 	130 
002681 	223 	66 	130 	130 
002682 	223 	66 	130 	130 
002683 	223 	66 	130 	130 
002684 	223 	66 	130 	130 
002685 	233 	78 	109 	109 
002686 	223 	66 	130 	130 
002687 	223 	66 	130 	130 
002688 	223 	66 	130 	130 
002689 	233 	78 	109 	109 
002690 	233 	78 	109 	109 
002691 	233 	78 	109 	109 
002692 	233 	78 	109 	109 
002693 	208 	66 	130 	130 
002694 	208 	66 	130 	130 
002695 	233 	78 	109 	109 
002696 	208 	66 	130 	130 
002697 	208 	66 	130 	130 
002698 	221 	78 	109 	109 
002699 	223 	66 	130 	130 
002700 	223 	66 	130 	130 
002701 	233 	78 	109 	109 
002702 	233 	78 	109 	109 
002703 	223 	66 	130 	130 
002704 	223 	66 	130 	130 
002705 	233 	78 	109 	109 
002706 	223 	66 	130 	130 
002707 	223 	66 	130 	130 
002708 	233 	78 	109 	109 
002709 	223 	66 	130 	130 
002710 	223 	66 	130 	130 
002711 	223 	66 	130 	130 
002712 	223 	66 	130 	130 
002713 	223 	66 	130 	130 
002714 	223 	66 	130 	130 
002715 	223 	66 	130 	130 
002716 	223 	66 	130 	130 
002717 	223 	66 	130 	130 
002718 	223 	66 	130 	130 
002719 	223 	66 	130 	130 
002720 	223 	66 	130 	130 
002721 	223 	66 	130 	130 
