Identity  : 	id10688
Reference : 	DEkwunN81pc
Offset    : 	-2
FV Conf   : 	17.824
ASD Conf  : 	6.479

FRAME 	X 	Y 	W 	H 
001986 	293 	149 	64 	63 
001987 	293 	156 	64 	63 
001988 	293 	156 	64 	63 
001989 	293 	156 	64 	63 
001990 	293 	156 	64 	63 
001991 	293 	156 	64 	63 
001992 	290 	150 	70 	70 
001993 	286 	145 	76 	76 
001994 	286 	145 	76 	76 
001995 	286 	145 	76 	76 
001996 	290 	147 	70 	70 
001997 	293 	149 	64 	63 
001998 	302 	153 	53 	52 
001999 	293 	149 	64 	63 
002000 	293 	149 	64 	63 
002001 	293 	149 	64 	63 
002002 	293 	149 	64 	63 
002003 	293 	149 	64 	63 
002004 	293 	149 	64 	63 
002005 	293 	149 	64 	63 
002006 	293 	149 	64 	63 
002007 	293 	149 	64 	63 
002008 	293 	156 	64 	63 
002009 	293 	156 	64 	63 
002010 	302 	164 	53 	53 
002011 	293 	163 	64 	63 
002012 	293 	156 	64 	63 
002013 	293 	156 	64 	63 
002014 	293 	156 	64 	63 
002015 	300 	156 	63 	63 
002016 	300 	156 	63 	63 
002017 	300 	156 	63 	63 
002018 	300 	156 	63 	63 
002019 	300 	156 	63 	63 
002020 	308 	158 	52 	53 
002021 	308 	158 	52 	53 
002022 	300 	149 	63 	63 
002023 	300 	149 	63 	63 
002024 	300 	149 	63 	63 
002025 	300 	149 	63 	63 
002026 	300 	149 	63 	63 
002027 	300 	149 	63 	63 
002028 	300 	149 	63 	63 
002029 	300 	149 	63 	63 
002030 	300 	149 	63 	63 
002031 	300 	149 	63 	63 
002032 	300 	149 	63 	63 
002033 	300 	149 	63 	63 
002034 	300 	149 	63 	63 
002035 	300 	149 	63 	63 
002036 	300 	149 	63 	63 
002037 	300 	149 	63 	63 
002038 	300 	149 	63 	63 
002039 	286 	145 	76 	76 
002040 	286 	145 	76 	76 
002041 	286 	145 	76 	76 
002042 	293 	156 	64 	63 
002043 	293 	156 	64 	63 
002044 	293 	156 	64 	63 
002045 	293 	156 	64 	63 
002046 	293 	156 	64 	63 
002047 	293 	156 	64 	63 
002048 	293 	156 	64 	63 
002049 	293 	156 	64 	63 
002050 	293 	156 	64 	63 
002051 	293 	156 	64 	63 
002052 	293 	156 	64 	63 
002053 	293 	149 	64 	63 
002054 	293 	149 	64 	63 
002055 	293 	149 	64 	63 
002056 	293 	149 	64 	63 
002057 	293 	149 	64 	63 
002058 	293 	149 	64 	63 
002059 	293 	149 	64 	63 
002060 	293 	149 	64 	63 
002061 	293 	149 	64 	63 
002062 	293 	149 	64 	63 
002063 	293 	149 	64 	63 
002064 	293 	149 	64 	63 
002065 	293 	149 	64 	63 
002066 	293 	149 	64 	63 
002067 	293 	149 	64 	63 
002068 	293 	149 	64 	63 
002069 	293 	149 	64 	63 
002070 	293 	149 	64 	63 
002071 	293 	149 	64 	63 
002072 	293 	149 	64 	63 
002073 	296 	153 	53 	52 
002074 	296 	153 	53 	52 
002075 	286 	149 	64 	63 
002076 	286 	149 	64 	63 
002077 	286 	149 	64 	63 
002078 	286 	149 	64 	63 
002079 	286 	149 	64 	63 
002080 	286 	149 	64 	63 
002081 	286 	149 	64 	63 
002082 	286 	149 	64 	63 
002083 	286 	149 	64 	63 
002084 	286 	149 	64 	63 
002085 	286 	149 	64 	63 
002086 	286 	149 	64 	63 
002087 	286 	149 	64 	63 
002088 	286 	149 	64 	63 
002089 	286 	149 	64 	63 
002090 	286 	149 	64 	63 
002091 	286 	149 	64 	63 
002092 	286 	149 	64 	63 
002093 	286 	149 	64 	63 
002094 	286 	149 	64 	63 
002095 	286 	149 	64 	63 
002096 	286 	156 	64 	63 
002097 	286 	156 	64 	63 
002098 	293 	149 	64 	63 
002099 	293 	149 	64 	63 
002100 	293 	149 	64 	63 
002101 	293 	149 	64 	63 
002102 	300 	149 	63 	63 
002103 	300 	149 	63 	63 
002104 	300 	149 	63 	63 
002105 	300 	149 	63 	63 
002106 	300 	149 	63 	63 
002107 	300 	149 	63 	63 
002108 	300 	149 	63 	63 
002109 	300 	149 	63 	63 
002110 	300 	149 	63 	63 
002111 	300 	156 	63 	63 
002112 	300 	156 	63 	63 
002113 	286 	145 	76 	76 
002114 	300 	149 	63 	63 
002115 	300 	149 	63 	63 
002116 	300 	149 	63 	63 
002117 	300 	149 	63 	63 
002118 	300 	149 	63 	63 
002119 	300 	149 	63 	63 
002120 	300 	149 	63 	63 
002121 	300 	149 	63 	63 
002122 	300 	149 	63 	63 
002123 	293 	149 	64 	63 
002124 	302 	153 	53 	52 
002125 	293 	149 	64 	63 
002126 	293 	149 	64 	63 
002127 	293 	149 	64 	63 
002128 	293 	149 	64 	63 
002129 	293 	149 	64 	63 
002130 	293 	149 	64 	63 
002131 	293 	149 	64 	63 
002132 	293 	149 	64 	63 
002133 	293 	149 	64 	63 
002134 	293 	149 	64 	63 
002135 	293 	149 	64 	63 
002136 	293 	156 	64 	63 
002137 	293 	156 	64 	63 
002138 	293 	156 	64 	63 
002139 	296 	158 	53 	53 
002140 	296 	158 	53 	53 
002141 	286 	156 	64 	63 
002142 	286 	156 	64 	63 
002143 	286 	149 	64 	63 
002144 	286 	156 	64 	63 
002145 	286 	156 	64 	63 
002146 	286 	156 	64 	63 
002147 	286 	156 	64 	63 
002148 	296 	158 	53 	53 
002149 	296 	158 	53 	53 
002150 	293 	156 	64 	63 
002151 	293 	156 	64 	63 
002152 	293 	149 	64 	63 
002153 	293 	149 	64 	63 
002154 	293 	149 	64 	63 
002155 	293 	149 	64 	63 
002156 	293 	149 	64 	63 
002157 	302 	153 	53 	52 
002158 	300 	149 	63 	63 
002159 	300 	149 	63 	63 
002160 	300 	149 	63 	63 
002161 	300 	149 	63 	63 
002162 	300 	149 	63 	63 
002163 	300 	149 	63 	63 
002164 	300 	149 	63 	63 
002165 	300 	142 	63 	63 
002166 	300 	142 	63 	63 
002167 	300 	142 	63 	63 
002168 	300 	142 	63 	63 
002169 	300 	142 	63 	63 
002170 	300 	149 	63 	63 
002171 	300 	149 	63 	63 
002172 	300 	149 	63 	63 
002173 	300 	149 	63 	63 
002174 	300 	149 	63 	63 
002175 	302 	147 	53 	53 
002176 	302 	147 	53 	53 
002177 	300 	142 	63 	63 
002178 	293 	142 	64 	63 
002179 	293 	142 	64 	63 
002180 	293 	142 	64 	63 
002181 	293 	142 	64 	63 
002182 	293 	149 	64 	63 
002183 	293 	149 	64 	63 
002184 	293 	149 	64 	63 
002185 	293 	149 	64 	63 
002186 	293 	149 	64 	63 
002187 	293 	142 	64 	63 
002188 	293 	149 	64 	63 
002189 	296 	153 	53 	52 
002190 	286 	149 	64 	63 
002191 	286 	149 	64 	63 
002192 	286 	149 	64 	63 
002193 	293 	142 	64 	63 
002194 	293 	142 	64 	63 
002195 	293 	142 	64 	63 
002196 	293 	149 	64 	63 
002197 	293 	149 	64 	63 
002198 	293 	156 	64 	63 
002199 	293 	156 	64 	63 
002200 	293 	156 	64 	63 
002201 	293 	149 	64 	63 
002202 	293 	149 	64 	63 
002203 	293 	149 	64 	63 
002204 	293 	149 	64 	63 
