Identity  : 	id10484
Reference : 	RUXhNm40ZDQ
Offset    : 	1
FV Conf   : 	15.770
ASD Conf  : 	6.732

FRAME 	X 	Y 	W 	H 
003745 	284 	85 	90 	91 
003746 	284 	85 	90 	91 
003747 	284 	85 	90 	91 
003748 	284 	85 	90 	91 
003749 	284 	85 	90 	91 
003750 	284 	85 	90 	91 
003751 	284 	85 	90 	91 
003752 	284 	85 	90 	91 
003753 	284 	85 	90 	91 
003754 	284 	85 	90 	91 
003755 	284 	85 	90 	91 
003756 	284 	85 	90 	91 
003757 	284 	85 	90 	91 
003758 	284 	85 	90 	91 
003759 	284 	85 	90 	91 
003760 	284 	85 	90 	91 
003761 	284 	85 	90 	91 
003762 	284 	85 	90 	91 
003763 	284 	85 	90 	91 
003764 	284 	85 	90 	91 
003765 	284 	85 	90 	91 
003766 	284 	85 	90 	91 
003767 	294 	87 	76 	76 
003768 	294 	87 	76 	76 
003769 	294 	87 	76 	76 
003770 	284 	85 	90 	91 
003771 	284 	85 	90 	91 
003772 	284 	85 	90 	91 
003773 	294 	87 	76 	76 
003774 	284 	85 	90 	91 
003775 	284 	85 	90 	91 
003776 	284 	85 	90 	91 
003777 	284 	85 	90 	91 
003778 	284 	85 	90 	91 
003779 	284 	85 	90 	91 
003780 	284 	85 	90 	91 
003781 	284 	85 	90 	91 
003782 	284 	85 	90 	91 
003783 	284 	85 	90 	91 
003784 	284 	85 	90 	91 
003785 	284 	85 	90 	91 
003786 	284 	85 	90 	91 
003787 	284 	85 	90 	91 
003788 	284 	85 	90 	91 
003789 	284 	85 	90 	91 
003790 	284 	85 	90 	91 
003791 	284 	85 	90 	91 
003792 	284 	85 	90 	91 
003793 	284 	85 	90 	91 
003794 	284 	85 	90 	91 
003795 	294 	87 	76 	76 
003796 	294 	87 	76 	76 
003797 	294 	87 	76 	76 
003798 	284 	85 	90 	91 
003799 	284 	85 	90 	91 
003800 	284 	85 	90 	91 
003801 	284 	85 	90 	91 
003802 	284 	85 	90 	91 
003803 	284 	85 	90 	91 
003804 	294 	87 	76 	76 
003805 	284 	85 	90 	91 
003806 	284 	85 	90 	91 
003807 	284 	85 	90 	91 
003808 	284 	85 	90 	91 
003809 	284 	85 	90 	91 
003810 	284 	85 	90 	91 
003811 	284 	85 	90 	91 
003812 	284 	85 	90 	91 
003813 	284 	85 	90 	91 
003814 	284 	85 	90 	91 
003815 	284 	85 	90 	91 
003816 	284 	85 	90 	91 
003817 	284 	85 	90 	91 
003818 	294 	87 	76 	76 
003819 	284 	85 	90 	91 
003820 	284 	85 	90 	91 
003821 	284 	85 	90 	91 
003822 	284 	85 	90 	91 
003823 	294 	87 	76 	76 
003824 	294 	87 	76 	76 
003825 	284 	85 	90 	91 
003826 	294 	87 	76 	76 
003827 	294 	87 	76 	76 
003828 	294 	87 	76 	76 
003829 	294 	87 	76 	76 
003830 	294 	87 	76 	76 
003831 	294 	87 	76 	76 
003832 	294 	87 	76 	76 
003833 	284 	75 	90 	91 
003834 	284 	75 	90 	91 
003835 	284 	75 	90 	91 
003836 	284 	75 	90 	91 
003837 	284 	75 	90 	91 
003838 	284 	75 	90 	91 
003839 	284 	75 	90 	91 
003840 	284 	75 	90 	91 
003841 	294 	79 	76 	76 
003842 	294 	79 	76 	76 
003843 	284 	75 	90 	91 
003844 	284 	75 	90 	91 
003845 	294 	79 	76 	76 
003846 	284 	75 	90 	91 
003847 	284 	75 	90 	91 
003848 	284 	75 	90 	91 
003849 	284 	75 	90 	91 
003850 	284 	75 	90 	91 
003851 	286 	79 	76 	76 
003852 	286 	79 	76 	76 
003853 	286 	79 	76 	76 
003854 	274 	65 	90 	91 
003855 	274 	65 	90 	91 
003856 	274 	65 	90 	91 
003857 	274 	65 	90 	91 
003858 	264 	75 	90 	91 
003859 	264 	75 	90 	91 
003860 	264 	75 	90 	91 
003861 	264 	75 	90 	91 
003862 	264 	75 	90 	91 
003863 	264 	75 	90 	91 
003864 	264 	75 	90 	91 
003865 	264 	75 	90 	91 
003866 	264 	75 	90 	91 
003867 	264 	75 	90 	91 
003868 	264 	75 	90 	91 
003869 	264 	75 	90 	91 
003870 	264 	75 	90 	91 
003871 	264 	75 	90 	91 
003872 	264 	75 	90 	91 
003873 	264 	75 	90 	91 
003874 	264 	75 	90 	91 
003875 	278 	79 	75 	76 
003876 	278 	79 	75 	76 
003877 	264 	75 	90 	91 
003878 	264 	75 	90 	91 
003879 	264 	75 	90 	91 
003880 	264 	75 	90 	91 
003881 	264 	75 	90 	91 
003882 	264 	75 	90 	91 
003883 	264 	75 	90 	91 
003884 	264 	75 	90 	91 
003885 	264 	75 	90 	91 
003886 	264 	75 	90 	91 
003887 	274 	75 	90 	91 
003888 	274 	75 	90 	91 
003889 	274 	75 	90 	91 
003890 	274 	75 	90 	91 
003891 	274 	75 	90 	91 
003892 	274 	75 	90 	91 
003893 	274 	75 	90 	91 
003894 	274 	75 	90 	91 
003895 	274 	75 	90 	91 
003896 	274 	75 	90 	91 
003897 	274 	75 	90 	91 
003898 	274 	75 	90 	91 
003899 	274 	75 	90 	91 
003900 	274 	75 	90 	91 
003901 	274 	75 	90 	91 
003902 	274 	75 	90 	91 
003903 	274 	75 	90 	91 
003904 	274 	75 	90 	91 
003905 	274 	75 	90 	91 
003906 	274 	85 	90 	91 
003907 	274 	85 	90 	91 
003908 	274 	75 	90 	91 
003909 	274 	75 	90 	91 
003910 	274 	75 	90 	91 
003911 	274 	85 	90 	91 
003912 	274 	85 	90 	91 
003913 	274 	85 	90 	91 
003914 	274 	75 	90 	91 
003915 	274 	75 	90 	91 
003916 	274 	75 	90 	91 
