Identity  : 	id10591
Reference : 	5wZiZlZQYjE
Offset    : 	-1
FV Conf   : 	16.056
ASD Conf  : 	7.273

FRAME 	X 	Y 	W 	H 
001606 	245 	102 	109 	109 
001607 	245 	102 	109 	109 
001608 	245 	102 	109 	109 
001609 	245 	102 	109 	109 
001610 	245 	102 	109 	109 
001611 	245 	90 	109 	109 
001612 	245 	102 	109 	109 
001613 	245 	102 	109 	109 
001614 	245 	90 	109 	109 
001615 	237 	80 	130 	130 
001616 	237 	80 	130 	130 
001617 	237 	80 	130 	130 
001618 	237 	80 	130 	130 
001619 	237 	80 	130 	130 
001620 	245 	90 	109 	109 
001621 	245 	90 	109 	109 
001622 	245 	102 	109 	109 
001623 	237 	80 	130 	130 
001624 	257 	102 	109 	109 
001625 	257 	102 	109 	109 
001626 	237 	80 	130 	130 
001627 	237 	80 	130 	130 
001628 	237 	80 	130 	130 
001629 	237 	80 	130 	130 
001630 	245 	90 	109 	109 
001631 	245 	90 	109 	109 
001632 	245 	90 	109 	109 
001633 	245 	90 	109 	109 
001634 	245 	90 	109 	109 
001635 	245 	90 	109 	109 
001636 	245 	90 	109 	109 
001637 	233 	90 	109 	109 
001638 	233 	90 	109 	109 
001639 	245 	90 	109 	109 
001640 	245 	90 	109 	109 
001641 	245 	90 	109 	109 
001642 	245 	90 	109 	109 
001643 	233 	90 	109 	109 
001644 	233 	90 	109 	109 
001645 	245 	90 	109 	109 
001646 	245 	90 	109 	109 
001647 	245 	90 	109 	109 
001648 	245 	90 	109 	109 
001649 	245 	90 	109 	109 
001650 	245 	90 	109 	109 
001651 	245 	90 	109 	109 
001652 	245 	90 	109 	109 
001653 	245 	90 	109 	109 
001654 	245 	90 	109 	109 
001655 	245 	90 	109 	109 
001656 	245 	90 	109 	109 
001657 	245 	90 	109 	109 
001658 	245 	90 	109 	109 
001659 	245 	90 	109 	109 
001660 	245 	90 	109 	109 
001661 	233 	90 	109 	109 
001662 	233 	90 	109 	109 
001663 	233 	90 	109 	109 
001664 	233 	90 	109 	109 
001665 	233 	90 	109 	109 
001666 	233 	90 	109 	109 
001667 	233 	90 	109 	109 
001668 	233 	90 	109 	109 
001669 	233 	90 	109 	109 
001670 	233 	90 	109 	109 
001671 	233 	90 	109 	109 
001672 	233 	90 	109 	109 
001673 	233 	90 	109 	109 
001674 	233 	90 	109 	109 
001675 	233 	90 	109 	109 
001676 	233 	90 	109 	109 
001677 	233 	90 	109 	109 
001678 	233 	90 	109 	109 
001679 	233 	90 	109 	109 
001680 	233 	90 	109 	109 
001681 	233 	90 	109 	109 
001682 	233 	90 	109 	109 
001683 	233 	90 	109 	109 
001684 	233 	90 	109 	109 
001685 	245 	102 	109 	109 
001686 	245 	102 	109 	109 
001687 	245 	102 	109 	109 
001688 	245 	102 	109 	109 
001689 	245 	90 	109 	109 
001690 	245 	90 	109 	109 
001691 	245 	90 	109 	109 
001692 	245 	90 	109 	109 
001693 	245 	90 	109 	109 
001694 	245 	90 	109 	109 
001695 	245 	102 	109 	109 
001696 	245 	102 	109 	109 
001697 	245 	102 	109 	109 
001698 	245 	102 	109 	109 
001699 	245 	102 	109 	109 
001700 	245 	102 	109 	109 
001701 	245 	102 	109 	109 
001702 	245 	102 	109 	109 
001703 	245 	102 	109 	109 
001704 	245 	102 	109 	109 
001705 	245 	102 	109 	109 
001706 	245 	102 	109 	109 
001707 	245 	102 	109 	109 
001708 	245 	102 	109 	109 
001709 	245 	102 	109 	109 
001710 	245 	102 	109 	109 
001711 	245 	102 	109 	109 
001712 	245 	102 	109 	109 
001713 	245 	102 	109 	109 
001714 	245 	102 	109 	109 
001715 	223 	80 	130 	130 
001716 	223 	80 	130 	130 
001717 	223 	80 	130 	130 
001718 	223 	80 	130 	130 
001719 	245 	102 	109 	109 
001720 	245 	102 	109 	109 
001721 	245 	102 	109 	109 
001722 	245 	102 	109 	109 
001723 	245 	102 	109 	109 
001724 	245 	102 	109 	109 
001725 	245 	102 	109 	109 
001726 	245 	102 	109 	109 
001727 	245 	102 	109 	109 
001728 	223 	80 	130 	130 
001729 	223 	80 	130 	130 
001730 	245 	90 	109 	109 
001731 	245 	90 	109 	109 
001732 	245 	90 	109 	109 
001733 	245 	90 	109 	109 
001734 	245 	90 	109 	109 
001735 	245 	90 	109 	109 
001736 	245 	90 	109 	109 
001737 	237 	66 	130 	130 
001738 	237 	66 	130 	130 
001739 	237 	80 	130 	130 
001740 	257 	90 	109 	109 
001741 	257 	90 	109 	109 
001742 	257 	90 	109 	109 
001743 	257 	90 	109 	109 
001744 	257 	102 	109 	109 
001745 	257 	102 	109 	109 
001746 	257 	102 	109 	109 
001747 	257 	90 	109 	109 
001748 	257 	90 	109 	109 
001749 	257 	102 	109 	109 
001750 	237 	80 	130 	130 
001751 	237 	80 	130 	130 
001752 	237 	80 	130 	130 
001753 	237 	80 	130 	130 
001754 	237 	80 	130 	130 
001755 	237 	80 	130 	130 
001756 	237 	80 	130 	130 
001757 	237 	80 	130 	130 
001758 	237 	80 	130 	130 
001759 	237 	80 	130 	130 
001760 	237 	80 	130 	130 
001761 	237 	80 	130 	130 
001762 	237 	80 	130 	130 
001763 	237 	80 	130 	130 
001764 	245 	90 	109 	109 
001765 	245 	90 	109 	109 
001766 	245 	90 	109 	109 
001767 	245 	90 	109 	109 
001768 	245 	90 	109 	109 
001769 	245 	90 	109 	109 
001770 	245 	90 	109 	109 
001771 	245 	90 	109 	109 
001772 	245 	90 	109 	109 
001773 	245 	90 	109 	109 
001774 	245 	90 	109 	109 
001775 	245 	90 	109 	109 
001776 	245 	90 	109 	109 
001777 	245 	90 	109 	109 
001778 	223 	80 	130 	130 
001779 	223 	80 	130 	130 
001780 	223 	80 	130 	130 
001781 	223 	80 	130 	130 
001782 	233 	90 	109 	109 
001783 	233 	90 	109 	109 
001784 	233 	90 	109 	109 
001785 	233 	90 	109 	109 
001786 	233 	90 	109 	109 
001787 	233 	90 	109 	109 
001788 	233 	90 	109 	109 
001789 	233 	90 	109 	109 
001790 	233 	90 	109 	109 
001791 	233 	90 	109 	109 
001792 	233 	90 	109 	109 
001793 	233 	90 	109 	109 
001794 	233 	90 	109 	109 
001795 	233 	90 	109 	109 
001796 	233 	90 	109 	109 
001797 	223 	80 	130 	130 
001798 	223 	80 	130 	130 
001799 	245 	102 	109 	109 
001800 	245 	102 	109 	109 
001801 	245 	102 	109 	109 
001802 	245 	102 	109 	109 
001803 	245 	102 	109 	109 
001804 	245 	102 	109 	109 
001805 	245 	102 	109 	109 
001806 	245 	102 	109 	109 
001807 	233 	102 	109 	109 
001808 	245 	102 	109 	109 
001809 	245 	102 	109 	109 
001810 	245 	102 	109 	109 
001811 	245 	102 	109 	109 
001812 	245 	102 	109 	109 
001813 	245 	102 	109 	109 
001814 	245 	102 	109 	109 
001815 	245 	102 	109 	109 
001816 	245 	102 	109 	109 
001817 	245 	102 	109 	109 
001818 	245 	102 	109 	109 
001819 	245 	102 	109 	109 
001820 	245 	102 	109 	109 
001821 	245 	102 	109 	109 
001822 	245 	102 	109 	109 
001823 	245 	102 	109 	109 
001824 	245 	102 	109 	109 
001825 	245 	102 	109 	109 
001826 	245 	102 	109 	109 
001827 	245 	102 	109 	109 
001828 	245 	102 	109 	109 
001829 	233 	102 	109 	109 
001830 	233 	102 	109 	109 
001831 	223 	80 	130 	130 
001832 	245 	102 	109 	109 
001833 	245 	102 	109 	109 
001834 	223 	80 	130 	130 
001835 	223 	80 	130 	130 
001836 	223 	80 	130 	130 
001837 	223 	80 	130 	130 
001838 	223 	80 	130 	130 
001839 	233 	102 	109 	109 
001840 	223 	80 	130 	130 
001841 	223 	80 	130 	130 
001842 	233 	102 	109 	109 
001843 	223 	80 	130 	130 
001844 	223 	80 	130 	130 
001845 	223 	80 	130 	130 
001846 	233 	102 	109 	109 
001847 	223 	80 	130 	130 
001848 	223 	80 	130 	130 
001849 	223 	80 	130 	130 
001850 	233 	90 	109 	109 
001851 	233 	90 	109 	109 
001852 	233 	90 	109 	109 
001853 	233 	90 	109 	109 
001854 	233 	90 	109 	109 
001855 	233 	90 	109 	109 
001856 	233 	90 	109 	109 
001857 	233 	90 	109 	109 
001858 	233 	90 	109 	109 
001859 	233 	90 	109 	109 
001860 	233 	90 	109 	109 
001861 	233 	90 	109 	109 
001862 	233 	90 	109 	109 
001863 	233 	90 	109 	109 
001864 	233 	90 	109 	109 
001865 	233 	90 	109 	109 
001866 	221 	90 	109 	109 
001867 	221 	90 	109 	109 
001868 	221 	90 	109 	109 
001869 	221 	90 	109 	109 
001870 	221 	90 	109 	109 
001871 	221 	90 	109 	109 
001872 	221 	90 	109 	109 
001873 	221 	90 	109 	109 
001874 	233 	102 	109 	109 
001875 	233 	102 	109 	109 
001876 	233 	102 	109 	109 
001877 	233 	102 	109 	109 
001878 	233 	102 	109 	109 
001879 	233 	102 	109 	109 
001880 	233 	102 	109 	109 
001881 	233 	102 	109 	109 
001882 	233 	102 	109 	109 
001883 	233 	102 	109 	109 
001884 	233 	102 	109 	109 
001885 	233 	102 	109 	109 
001886 	233 	102 	109 	109 
001887 	233 	102 	109 	109 
