Identity  : 	id10148
Reference : 	UUcLJLMw8u4
Offset    : 	-13
FV Conf   : 	17.141
ASD Conf  : 	7.871

FRAME 	X 	Y 	W 	H 
028868 	208 	80 	130 	130 
028869 	208 	80 	130 	130 
028870 	208 	80 	130 	130 
028871 	208 	66 	130 	130 
028872 	208 	66 	130 	130 
028873 	209 	78 	109 	109 
028874 	209 	78 	109 	109 
028875 	209 	78 	109 	109 
028876 	209 	78 	109 	109 
028877 	209 	78 	109 	109 
028878 	194 	80 	130 	130 
028879 	194 	80 	130 	130 
028880 	194 	80 	130 	130 
028881 	194 	80 	130 	130 
028882 	197 	78 	109 	109 
028883 	197 	78 	109 	109 
028884 	197 	78 	109 	109 
028885 	197 	78 	109 	109 
028886 	197 	78 	109 	109 
028887 	180 	66 	130 	130 
028888 	197 	78 	109 	109 
028889 	197 	78 	109 	109 
028890 	197 	78 	109 	109 
028891 	197 	78 	109 	109 
028892 	197 	90 	109 	109 
028893 	180 	80 	130 	130 
028894 	197 	90 	109 	109 
028895 	197 	90 	109 	109 
028896 	194 	80 	130 	130 
028897 	194 	80 	130 	130 
028898 	194 	80 	130 	130 
028899 	194 	80 	130 	130 
028900 	194 	80 	130 	130 
028901 	194 	66 	130 	130 
028902 	194 	66 	130 	130 
028903 	194 	66 	130 	130 
028904 	194 	66 	130 	130 
028905 	194 	66 	130 	130 
028906 	194 	66 	130 	130 
028907 	194 	80 	130 	130 
028908 	194 	80 	130 	130 
028909 	194 	80 	130 	130 
028910 	194 	80 	130 	130 
028911 	194 	80 	130 	130 
028912 	194 	80 	130 	130 
028913 	194 	80 	130 	130 
028914 	194 	80 	130 	130 
028915 	194 	80 	130 	130 
028916 	209 	90 	109 	109 
028917 	194 	94 	130 	130 
028918 	194 	94 	130 	130 
028919 	194 	94 	130 	130 
028920 	181 	79 	156 	156 
028921 	194 	80 	130 	130 
028922 	194 	80 	130 	130 
028923 	194 	80 	130 	130 
028924 	194 	80 	130 	130 
028925 	194 	80 	130 	130 
028926 	194 	66 	130 	130 
028927 	194 	66 	130 	130 
028928 	194 	66 	130 	130 
028929 	194 	66 	130 	130 
028930 	194 	66 	130 	130 
028931 	194 	66 	130 	130 
028932 	209 	78 	109 	109 
028933 	209 	78 	109 	109 
028934 	194 	80 	130 	130 
028935 	194 	80 	130 	130 
028936 	194 	80 	130 	130 
028937 	194 	80 	130 	130 
028938 	194 	80 	130 	130 
028939 	194 	80 	130 	130 
028940 	194 	80 	130 	130 
028941 	194 	80 	130 	130 
028942 	197 	90 	109 	109 
028943 	197 	90 	109 	109 
028944 	197 	90 	109 	109 
028945 	197 	90 	109 	109 
028946 	180 	80 	130 	130 
028947 	180 	80 	130 	130 
028948 	180 	80 	130 	130 
028949 	180 	80 	130 	130 
028950 	180 	80 	130 	130 
028951 	180 	80 	130 	130 
028952 	197 	90 	109 	109 
028953 	180 	80 	130 	130 
028954 	180 	80 	130 	130 
028955 	197 	90 	109 	109 
028956 	197 	78 	109 	109 
028957 	197 	78 	109 	109 
028958 	197 	78 	109 	109 
028959 	197 	78 	109 	109 
028960 	197 	78 	109 	109 
028961 	197 	78 	109 	109 
028962 	197 	78 	109 	109 
028963 	194 	66 	130 	130 
028964 	194 	66 	130 	130 
028965 	194 	66 	130 	130 
028966 	194 	66 	130 	130 
028967 	194 	66 	130 	130 
028968 	194 	66 	130 	130 
028969 	209 	78 	109 	109 
028970 	209 	78 	109 	109 
028971 	194 	80 	130 	130 
028972 	194 	80 	130 	130 
028973 	194 	80 	130 	130 
028974 	194 	80 	130 	130 
028975 	194 	80 	130 	130 
028976 	194 	80 	130 	130 
028977 	194 	80 	130 	130 
028978 	194 	80 	130 	130 
028979 	194 	66 	130 	130 
028980 	194 	66 	130 	130 
028981 	194 	66 	130 	130 
028982 	194 	66 	130 	130 
028983 	194 	80 	130 	130 
028984 	194 	80 	130 	130 
028985 	194 	80 	130 	130 
028986 	194 	80 	130 	130 
028987 	194 	80 	130 	130 
028988 	194 	80 	130 	130 
028989 	194 	80 	130 	130 
028990 	194 	80 	130 	130 
028991 	194 	80 	130 	130 
028992 	194 	80 	130 	130 
028993 	194 	80 	130 	130 
028994 	194 	80 	130 	130 
028995 	194 	80 	130 	130 
028996 	194 	80 	130 	130 
028997 	194 	80 	130 	130 
028998 	194 	80 	130 	130 
028999 	194 	80 	130 	130 
029000 	194 	80 	130 	130 
029001 	194 	80 	130 	130 
029002 	194 	80 	130 	130 
029003 	208 	80 	130 	130 
029004 	208 	80 	130 	130 
029005 	208 	80 	130 	130 
029006 	208 	80 	130 	130 
029007 	208 	80 	130 	130 
029008 	208 	80 	130 	130 
029009 	208 	80 	130 	130 
029010 	208 	80 	130 	130 
029011 	208 	80 	130 	130 
029012 	221 	90 	109 	109 
029013 	208 	80 	130 	130 
029014 	208 	80 	130 	130 
029015 	208 	80 	130 	130 
029016 	208 	80 	130 	130 
029017 	208 	80 	130 	130 
029018 	208 	80 	130 	130 
029019 	208 	80 	130 	130 
029020 	208 	80 	130 	130 
029021 	208 	80 	130 	130 
029022 	194 	80 	130 	130 
029023 	194 	80 	130 	130 
029024 	194 	80 	130 	130 
029025 	194 	66 	130 	130 
029026 	194 	66 	130 	130 
029027 	194 	66 	130 	130 
029028 	197 	66 	109 	109 
029029 	194 	66 	130 	130 
029030 	194 	66 	130 	130 
029031 	194 	66 	130 	130 
029032 	209 	66 	109 	109 
029033 	208 	66 	130 	130 
029034 	208 	66 	130 	130 
029035 	208 	66 	130 	130 
029036 	208 	66 	130 	130 
029037 	209 	78 	109 	109 
029038 	209 	78 	109 	109 
029039 	194 	66 	130 	130 
029040 	194 	66 	130 	130 
029041 	194 	66 	130 	130 
029042 	197 	78 	109 	109 
029043 	197 	78 	109 	109 
029044 	197 	90 	109 	109 
029045 	180 	80 	130 	130 
029046 	180 	80 	130 	130 
029047 	180 	80 	130 	130 
029048 	180 	80 	130 	130 
029049 	180 	80 	130 	130 
029050 	180 	80 	130 	130 
029051 	180 	80 	130 	130 
029052 	180 	80 	130 	130 
029053 	180 	80 	130 	130 
029054 	180 	80 	130 	130 
029055 	180 	80 	130 	130 
029056 	180 	80 	130 	130 
029057 	165 	80 	130 	130 
029058 	165 	80 	130 	130 
029059 	165 	80 	130 	130 
029060 	165 	80 	130 	130 
029061 	165 	80 	130 	130 
029062 	165 	80 	130 	130 
029063 	165 	80 	130 	130 
029064 	165 	80 	130 	130 
029065 	165 	80 	130 	130 
029066 	165 	80 	130 	130 
029067 	165 	80 	130 	130 
029068 	165 	80 	130 	130 
029069 	165 	66 	130 	130 
029070 	165 	66 	130 	130 
029071 	165 	66 	130 	130 
029072 	165 	66 	130 	130 
029073 	165 	66 	130 	130 
029074 	185 	78 	109 	109 
029075 	185 	78 	109 	109 
029076 	185 	78 	109 	109 
029077 	185 	78 	109 	109 
029078 	185 	78 	109 	109 
029079 	185 	78 	109 	109 
029080 	180 	80 	130 	130 
029081 	180 	66 	130 	130 
029082 	180 	80 	130 	130 
029083 	180 	80 	130 	130 
029084 	180 	80 	130 	130 
029085 	180 	80 	130 	130 
029086 	197 	90 	109 	109 
029087 	197 	90 	109 	109 
029088 	197 	78 	109 	109 
029089 	180 	80 	130 	130 
029090 	180 	80 	130 	130 
029091 	180 	80 	130 	130 
029092 	180 	80 	130 	130 
029093 	180 	80 	130 	130 
029094 	180 	80 	130 	130 
029095 	180 	80 	130 	130 
029096 	180 	80 	130 	130 
029097 	180 	80 	130 	130 
029098 	180 	80 	130 	130 
029099 	180 	80 	130 	130 
029100 	180 	66 	130 	130 
