Identity  : 	id11053
Reference : 	c0mfX9lQXBo
Offset    : 	-1
FV Conf   : 	15.146
ASD Conf  : 	6.595

FRAME 	X 	Y 	W 	H 
004857 	468 	104 	76 	76 
004858 	468 	104 	76 	76 
004859 	468 	104 	76 	76 
004860 	468 	104 	76 	76 
004861 	468 	104 	76 	76 
004862 	468 	104 	76 	76 
004863 	468 	104 	76 	76 
004864 	468 	104 	76 	76 
004865 	463 	95 	90 	91 
004866 	468 	104 	76 	76 
004867 	468 	104 	76 	76 
004868 	468 	104 	76 	76 
004869 	463 	95 	90 	91 
004870 	463 	95 	90 	91 
004871 	463 	95 	90 	91 
004872 	463 	95 	90 	91 
004873 	477 	96 	75 	75 
004874 	477 	96 	75 	75 
004875 	477 	96 	75 	75 
004876 	463 	95 	90 	91 
004877 	463 	95 	90 	91 
004878 	463 	95 	90 	91 
004879 	477 	96 	75 	75 
004880 	477 	96 	75 	75 
004881 	477 	96 	75 	75 
004882 	477 	96 	75 	75 
004883 	477 	96 	75 	75 
004884 	477 	96 	75 	75 
004885 	477 	96 	75 	75 
004886 	477 	96 	75 	75 
004887 	477 	96 	75 	75 
004888 	477 	96 	75 	75 
004889 	473 	85 	90 	91 
004890 	473 	85 	90 	91 
004891 	473 	85 	90 	91 
004892 	473 	85 	90 	91 
004893 	473 	85 	90 	91 
004894 	473 	75 	90 	91 
004895 	473 	75 	90 	91 
004896 	473 	75 	90 	91 
004897 	473 	75 	90 	91 
004898 	477 	87 	75 	76 
004899 	477 	87 	75 	76 
004900 	477 	87 	75 	76 
004901 	477 	87 	75 	76 
004902 	477 	87 	75 	76 
004903 	485 	87 	76 	76 
004904 	485 	87 	76 	76 
004905 	485 	87 	76 	76 
004906 	473 	75 	90 	91 
004907 	473 	75 	90 	91 
004908 	473 	75 	90 	91 
004909 	477 	79 	75 	76 
004910 	477 	79 	75 	76 
004911 	477 	79 	75 	76 
004912 	477 	79 	75 	76 
004913 	477 	79 	75 	76 
004914 	477 	79 	75 	76 
004915 	477 	79 	75 	76 
004916 	477 	79 	75 	76 
004917 	477 	87 	75 	76 
004918 	477 	87 	75 	76 
004919 	477 	87 	75 	76 
004920 	477 	87 	75 	76 
004921 	477 	87 	75 	76 
004922 	477 	87 	75 	76 
004923 	477 	87 	75 	76 
004924 	477 	87 	75 	76 
004925 	477 	87 	75 	76 
004926 	477 	87 	75 	76 
004927 	477 	87 	75 	76 
004928 	477 	87 	75 	76 
004929 	463 	75 	90 	91 
004930 	468 	87 	76 	76 
004931 	468 	87 	76 	76 
004932 	468 	87 	76 	76 
004933 	468 	87 	76 	76 
004934 	468 	87 	76 	76 
004935 	468 	87 	76 	76 
004936 	453 	85 	90 	91 
004937 	460 	87 	76 	76 
004938 	460 	87 	76 	76 
004939 	460 	87 	76 	76 
004940 	460 	87 	76 	76 
004941 	460 	87 	76 	76 
004942 	460 	87 	76 	76 
004943 	460 	87 	76 	76 
004944 	460 	87 	76 	76 
004945 	452 	87 	75 	76 
004946 	452 	87 	75 	76 
004947 	452 	87 	75 	76 
004948 	452 	87 	75 	76 
004949 	452 	87 	75 	76 
004950 	443 	75 	90 	91 
004951 	443 	65 	90 	91 
004952 	443 	65 	90 	91 
004953 	443 	65 	90 	91 
004954 	443 	65 	90 	91 
004955 	443 	65 	90 	91 
004956 	443 	65 	90 	91 
004957 	443 	65 	90 	91 
004958 	443 	65 	90 	91 
004959 	443 	65 	90 	91 
004960 	460 	79 	76 	76 
004961 	453 	65 	90 	91 
004962 	453 	65 	90 	91 
004963 	460 	71 	76 	75 
004964 	460 	71 	76 	75 
004965 	443 	55 	90 	91 
004966 	443 	55 	90 	91 
004967 	443 	65 	90 	91 
004968 	443 	65 	90 	91 
004969 	443 	65 	90 	91 
004970 	443 	65 	90 	91 
004971 	443 	65 	90 	91 
004972 	443 	75 	90 	91 
004973 	443 	75 	90 	91 
004974 	443 	75 	90 	91 
004975 	460 	87 	76 	76 
004976 	460 	87 	76 	76 
004977 	453 	75 	90 	91 
004978 	460 	79 	76 	76 
004979 	443 	75 	90 	91 
004980 	443 	75 	90 	91 
004981 	443 	75 	90 	91 
004982 	443 	75 	90 	91 
004983 	443 	75 	90 	91 
004984 	443 	75 	90 	91 
004985 	443 	75 	90 	91 
004986 	443 	75 	90 	91 
004987 	443 	75 	90 	91 
004988 	443 	75 	90 	91 
004989 	443 	75 	90 	91 
004990 	443 	65 	90 	91 
004991 	443 	65 	90 	91 
004992 	443 	65 	90 	91 
004993 	443 	65 	90 	91 
004994 	443 	65 	90 	91 
004995 	443 	65 	90 	91 
004996 	443 	65 	90 	91 
004997 	443 	65 	90 	91 
004998 	443 	65 	90 	91 
004999 	443 	65 	90 	91 
005000 	443 	65 	90 	91 
005001 	443 	65 	90 	91 
005002 	443 	65 	90 	91 
005003 	443 	65 	90 	91 
