Identity  : 	id11152
Reference : 	L7EUINWmZ3s
Offset    : 	-1
FV Conf   : 	15.310
ASD Conf  : 	7.291

FRAME 	X 	Y 	W 	H 
002844 	184 	85 	91 	91 
002845 	194 	85 	91 	91 
002846 	194 	85 	91 	91 
002847 	194 	85 	91 	91 
002848 	204 	85 	91 	91 
002849 	204 	85 	91 	91 
002850 	204 	85 	91 	91 
002851 	194 	85 	91 	91 
002852 	194 	85 	91 	91 
002853 	194 	85 	91 	91 
002854 	194 	85 	91 	91 
002855 	194 	85 	91 	91 
002856 	194 	85 	91 	91 
002857 	194 	85 	91 	91 
002858 	194 	85 	91 	91 
002859 	194 	85 	91 	91 
002860 	194 	85 	91 	91 
002861 	194 	85 	91 	91 
002862 	204 	95 	91 	91 
002863 	204 	95 	91 	91 
002864 	204 	95 	91 	91 
002865 	204 	95 	91 	91 
002866 	204 	95 	91 	91 
002867 	204 	95 	91 	91 
002868 	204 	95 	91 	91 
002869 	214 	95 	91 	91 
002870 	214 	95 	91 	91 
002871 	214 	95 	91 	91 
002872 	214 	95 	91 	91 
002873 	214 	95 	91 	91 
002874 	214 	95 	91 	91 
002875 	214 	95 	91 	91 
002876 	204 	95 	91 	91 
002877 	204 	95 	91 	91 
002878 	204 	95 	91 	91 
002879 	204 	95 	91 	91 
002880 	204 	95 	91 	91 
002881 	204 	95 	91 	91 
002882 	204 	95 	91 	91 
002883 	204 	95 	91 	91 
002884 	204 	95 	91 	91 
002885 	204 	95 	91 	91 
002886 	204 	95 	91 	91 
002887 	204 	85 	91 	91 
002888 	204 	85 	91 	91 
002889 	204 	85 	91 	91 
002890 	204 	85 	91 	91 
002891 	204 	85 	91 	91 
002892 	204 	85 	91 	91 
002893 	204 	85 	91 	91 
002894 	204 	85 	91 	91 
002895 	204 	85 	91 	91 
002896 	204 	85 	91 	91 
002897 	204 	85 	91 	91 
002898 	204 	85 	91 	91 
002899 	204 	85 	91 	91 
002900 	204 	85 	91 	91 
002901 	204 	85 	91 	91 
002902 	204 	85 	91 	91 
002903 	204 	85 	91 	91 
002904 	204 	85 	91 	91 
002905 	204 	85 	91 	91 
002906 	204 	85 	91 	91 
002907 	204 	85 	91 	91 
002908 	204 	85 	91 	91 
002909 	204 	85 	91 	91 
002910 	204 	85 	91 	91 
002911 	204 	85 	91 	91 
002912 	204 	85 	91 	91 
002913 	204 	85 	91 	91 
002914 	204 	85 	91 	91 
002915 	204 	85 	91 	91 
002916 	204 	85 	91 	91 
002917 	204 	85 	91 	91 
002918 	204 	85 	91 	91 
002919 	204 	85 	91 	91 
002920 	204 	85 	91 	91 
002921 	204 	75 	91 	91 
002922 	204 	75 	91 	91 
002923 	204 	75 	91 	91 
002924 	204 	75 	91 	91 
002925 	204 	75 	91 	91 
002926 	204 	75 	91 	91 
002927 	204 	75 	91 	91 
002928 	204 	75 	91 	91 
002929 	204 	75 	91 	91 
002930 	204 	75 	91 	91 
002931 	204 	75 	91 	91 
002932 	204 	75 	91 	91 
002933 	204 	75 	91 	91 
002934 	204 	85 	91 	91 
002935 	204 	85 	91 	91 
002936 	204 	85 	91 	91 
002937 	204 	85 	91 	91 
002938 	204 	85 	91 	91 
002939 	204 	85 	91 	91 
002940 	204 	85 	91 	91 
002941 	204 	85 	91 	91 
002942 	204 	95 	91 	91 
002943 	204 	85 	91 	91 
002944 	204 	85 	91 	91 
002945 	204 	85 	91 	91 
002946 	204 	85 	91 	91 
002947 	204 	85 	91 	91 
002948 	204 	85 	91 	91 
002949 	204 	85 	91 	91 
002950 	204 	85 	91 	91 
002951 	204 	85 	91 	91 
002952 	204 	85 	91 	91 
002953 	204 	85 	91 	91 
002954 	204 	85 	91 	91 
002955 	204 	85 	91 	91 
002956 	204 	75 	91 	91 
002957 	204 	75 	91 	91 
002958 	204 	85 	91 	91 
002959 	204 	85 	91 	91 
002960 	204 	85 	91 	91 
002961 	204 	85 	91 	91 
002962 	204 	85 	91 	91 
002963 	204 	85 	91 	91 
002964 	204 	85 	91 	91 
002965 	204 	85 	91 	91 
002966 	204 	85 	91 	91 
002967 	204 	85 	91 	91 
002968 	204 	75 	91 	91 
002969 	204 	75 	91 	91 
002970 	204 	75 	91 	91 
002971 	204 	75 	91 	91 
