Identity  : 	id10122
Reference : 	4N6uRe8ntFY
Offset    : 	1
FV Conf   : 	15.014
ASD Conf  : 	7.167

FRAME 	X 	Y 	W 	H 
001137 	245 	66 	109 	109 
001138 	245 	66 	109 	109 
001139 	245 	66 	109 	109 
001140 	245 	66 	109 	109 
001141 	245 	66 	109 	109 
001142 	245 	66 	109 	109 
001143 	245 	66 	109 	109 
001144 	245 	66 	109 	109 
001145 	245 	66 	109 	109 
001146 	245 	66 	109 	109 
001147 	245 	66 	109 	109 
001148 	245 	66 	109 	109 
001149 	245 	66 	109 	109 
001150 	245 	66 	109 	109 
001151 	245 	66 	109 	109 
001152 	245 	66 	109 	109 
001153 	245 	66 	109 	109 
001154 	245 	66 	109 	109 
001155 	245 	66 	109 	109 
001156 	245 	66 	109 	109 
001157 	245 	66 	109 	109 
001158 	245 	66 	109 	109 
001159 	245 	66 	109 	109 
001160 	233 	66 	109 	109 
001161 	233 	66 	109 	109 
001162 	233 	66 	109 	109 
001163 	233 	66 	109 	109 
001164 	233 	66 	109 	109 
001165 	233 	66 	109 	109 
001166 	233 	66 	109 	109 
001167 	233 	66 	109 	109 
001168 	233 	66 	109 	109 
001169 	233 	66 	109 	109 
001170 	233 	66 	109 	109 
001171 	233 	66 	109 	109 
001172 	233 	66 	109 	109 
001173 	233 	66 	109 	109 
001174 	233 	66 	109 	109 
001175 	233 	66 	109 	109 
001176 	233 	66 	109 	109 
001177 	233 	66 	109 	109 
001178 	233 	66 	109 	109 
001179 	233 	66 	109 	109 
001180 	233 	66 	109 	109 
001181 	245 	66 	109 	109 
001182 	245 	66 	109 	109 
001183 	245 	66 	109 	109 
001184 	245 	66 	109 	109 
001185 	245 	66 	109 	109 
001186 	245 	66 	109 	109 
001187 	233 	66 	109 	109 
001188 	233 	66 	109 	109 
001189 	233 	66 	109 	109 
001190 	233 	66 	109 	109 
001191 	233 	66 	109 	109 
001192 	233 	66 	109 	109 
001193 	233 	78 	109 	109 
001194 	233 	78 	109 	109 
001195 	233 	78 	109 	109 
001196 	233 	78 	109 	109 
001197 	221 	78 	109 	109 
001198 	221 	78 	109 	109 
001199 	221 	78 	109 	109 
001200 	221 	78 	109 	109 
001201 	221 	78 	109 	109 
001202 	221 	78 	109 	109 
001203 	221 	78 	109 	109 
001204 	221 	78 	109 	109 
001205 	221 	78 	109 	109 
001206 	221 	78 	109 	109 
001207 	221 	78 	109 	109 
001208 	221 	78 	109 	109 
001209 	221 	78 	109 	109 
001210 	221 	78 	109 	109 
001211 	221 	78 	109 	109 
001212 	221 	78 	109 	109 
001213 	234 	75 	90 	91 
001214 	234 	75 	90 	91 
001215 	233 	78 	109 	109 
001216 	233 	78 	109 	109 
001217 	233 	66 	109 	109 
001218 	233 	66 	109 	109 
001219 	233 	66 	109 	109 
001220 	233 	66 	109 	109 
001221 	233 	66 	109 	109 
001222 	245 	66 	109 	109 
001223 	245 	66 	109 	109 
001224 	245 	66 	109 	109 
001225 	245 	66 	109 	109 
001226 	245 	66 	109 	109 
001227 	245 	66 	109 	109 
001228 	233 	66 	109 	109 
001229 	233 	66 	109 	109 
001230 	233 	66 	109 	109 
001231 	221 	66 	109 	109 
001232 	221 	66 	109 	109 
001233 	224 	75 	91 	91 
001234 	209 	66 	109 	109 
001235 	209 	78 	109 	109 
001236 	209 	78 	109 	109 
001237 	209 	78 	109 	109 
001238 	209 	78 	109 	109 
001239 	209 	78 	109 	109 
001240 	209 	78 	109 	109 
001241 	209 	78 	109 	109 
