Identity  : 	id10122
Reference : 	4N6uRe8ntFY
Offset    : 	1
FV Conf   : 	15.014
ASD Conf  : 	7.077

FRAME 	X 	Y 	W 	H 
001368 	233 	66 	109 	109 
001369 	233 	66 	109 	109 
001370 	233 	66 	109 	109 
001371 	233 	66 	109 	109 
001372 	233 	66 	109 	109 
001373 	233 	66 	109 	109 
001374 	233 	66 	109 	109 
001375 	233 	66 	109 	109 
001376 	233 	78 	109 	109 
001377 	233 	78 	109 	109 
001378 	233 	78 	109 	109 
001379 	233 	78 	109 	109 
001380 	233 	66 	109 	109 
001381 	233 	66 	109 	109 
001382 	233 	66 	109 	109 
001383 	233 	66 	109 	109 
001384 	233 	66 	109 	109 
001385 	233 	66 	109 	109 
001386 	233 	66 	109 	109 
001387 	244 	75 	90 	91 
001388 	233 	66 	109 	109 
001389 	233 	66 	109 	109 
001390 	244 	75 	90 	91 
001391 	244 	75 	90 	91 
001392 	233 	66 	109 	109 
001393 	233 	66 	109 	109 
001394 	244 	75 	90 	91 
001395 	244 	75 	90 	91 
001396 	233 	78 	109 	109 
001397 	233 	78 	109 	109 
001398 	244 	75 	90 	91 
001399 	244 	75 	90 	91 
001400 	244 	75 	90 	91 
001401 	244 	75 	90 	91 
001402 	244 	75 	90 	91 
001403 	244 	75 	90 	91 
001404 	244 	75 	90 	91 
001405 	244 	75 	90 	91 
001406 	244 	75 	90 	91 
001407 	233 	66 	109 	109 
001408 	233 	66 	109 	109 
001409 	233 	66 	109 	109 
001410 	221 	78 	109 	109 
001411 	221 	78 	109 	109 
001412 	221 	78 	109 	109 
001413 	221 	78 	109 	109 
001414 	221 	66 	109 	109 
001415 	221 	66 	109 	109 
001416 	221 	66 	109 	109 
001417 	221 	66 	109 	109 
001418 	221 	66 	109 	109 
001419 	221 	78 	109 	109 
001420 	221 	78 	109 	109 
001421 	221 	78 	109 	109 
001422 	221 	78 	109 	109 
001423 	234 	75 	90 	91 
001424 	221 	66 	109 	109 
001425 	221 	66 	109 	109 
001426 	234 	75 	90 	91 
001427 	234 	75 	90 	91 
001428 	221 	78 	109 	109 
001429 	221 	78 	109 	109 
001430 	221 	78 	109 	109 
001431 	234 	75 	90 	91 
001432 	234 	75 	90 	91 
001433 	233 	66 	109 	109 
001434 	233 	66 	109 	109 
001435 	233 	66 	109 	109 
001436 	233 	66 	109 	109 
001437 	233 	66 	109 	109 
001438 	233 	66 	109 	109 
001439 	233 	66 	109 	109 
001440 	233 	66 	109 	109 
001441 	233 	66 	109 	109 
001442 	233 	66 	109 	109 
001443 	234 	75 	90 	91 
001444 	234 	75 	90 	91 
001445 	221 	78 	109 	109 
001446 	221 	78 	109 	109 
001447 	221 	78 	109 	109 
001448 	221 	78 	109 	109 
001449 	221 	78 	109 	109 
001450 	221 	78 	109 	109 
001451 	221 	78 	109 	109 
001452 	221 	78 	109 	109 
001453 	221 	78 	109 	109 
001454 	224 	85 	91 	91 
001455 	224 	85 	91 	91 
001456 	224 	85 	91 	91 
001457 	208 	80 	130 	130 
001458 	221 	78 	109 	109 
001459 	221 	78 	109 	109 
001460 	221 	78 	109 	109 
001461 	221 	78 	109 	109 
001462 	221 	78 	109 	109 
001463 	221 	78 	109 	109 
001464 	221 	78 	109 	109 
001465 	221 	78 	109 	109 
001466 	221 	78 	109 	109 
001467 	221 	78 	109 	109 
001468 	221 	78 	109 	109 
001469 	221 	78 	109 	109 
001470 	221 	78 	109 	109 
001471 	221 	78 	109 	109 
001472 	221 	78 	109 	109 
001473 	221 	66 	109 	109 
001474 	221 	66 	109 	109 
001475 	224 	75 	91 	91 
001476 	209 	66 	109 	109 
001477 	224 	65 	91 	91 
001478 	224 	65 	91 	91 
001479 	221 	66 	109 	109 
001480 	221 	66 	109 	109 
001481 	221 	66 	109 	109 
001482 	221 	66 	109 	109 
001483 	233 	66 	109 	109 
001484 	233 	66 	109 	109 
001485 	233 	66 	109 	109 
001486 	233 	66 	109 	109 
001487 	233 	66 	109 	109 
001488 	233 	66 	109 	109 
001489 	233 	66 	109 	109 
001490 	233 	66 	109 	109 
001491 	233 	66 	109 	109 
001492 	233 	78 	109 	109 
001493 	233 	78 	109 	109 
001494 	244 	75 	90 	91 
001495 	233 	66 	109 	109 
001496 	233 	66 	109 	109 
001497 	233 	66 	109 	109 
001498 	245 	66 	109 	109 
001499 	245 	66 	109 	109 
001500 	245 	66 	109 	109 
001501 	245 	78 	109 	109 
001502 	245 	78 	109 	109 
001503 	245 	78 	109 	109 
001504 	245 	78 	109 	109 
001505 	264 	85 	90 	91 
001506 	264 	85 	90 	91 
001507 	257 	78 	109 	109 
001508 	264 	85 	90 	91 
001509 	257 	90 	109 	109 
001510 	257 	90 	109 	109 
001511 	257 	90 	109 	109 
001512 	257 	90 	109 	109 
001513 	257 	90 	109 	109 
001514 	257 	90 	109 	109 
001515 	257 	78 	109 	109 
001516 	245 	78 	109 	109 
001517 	245 	78 	109 	109 
001518 	245 	78 	109 	109 
001519 	245 	78 	109 	109 
001520 	245 	78 	109 	109 
001521 	245 	78 	109 	109 
001522 	245 	78 	109 	109 
001523 	245 	78 	109 	109 
001524 	245 	78 	109 	109 
001525 	245 	78 	109 	109 
001526 	245 	78 	109 	109 
001527 	245 	78 	109 	109 
