Identity  : 	id10795
Reference : 	6WpEq7PXG0M
Offset    : 	0
FV Conf   : 	11.700
ASD Conf  : 	6.431

FRAME 	X 	Y 	W 	H 
001951 	204 	85 	91 	91 
001952 	204 	85 	91 	91 
001953 	204 	85 	91 	91 
001954 	197 	66 	109 	109 
001955 	197 	66 	109 	109 
001956 	204 	85 	91 	91 
001957 	204 	85 	91 	91 
001958 	204 	85 	91 	91 
001959 	204 	85 	91 	91 
001960 	204 	85 	91 	91 
001961 	204 	85 	91 	91 
001962 	204 	85 	91 	91 
001963 	204 	85 	91 	91 
001964 	197 	66 	109 	109 
001965 	197 	66 	109 	109 
001966 	204 	85 	91 	91 
001967 	204 	85 	91 	91 
001968 	204 	85 	91 	91 
001969 	204 	85 	91 	91 
001970 	204 	85 	91 	91 
001971 	204 	85 	91 	91 
001972 	204 	85 	91 	91 
001973 	204 	85 	91 	91 
001974 	204 	85 	91 	91 
001975 	204 	85 	91 	91 
001976 	204 	85 	91 	91 
001977 	197 	66 	109 	109 
001978 	204 	85 	91 	91 
001979 	204 	85 	91 	91 
001980 	204 	85 	91 	91 
001981 	204 	85 	91 	91 
001982 	197 	66 	109 	109 
001983 	204 	85 	91 	91 
001984 	204 	85 	91 	91 
001985 	204 	85 	91 	91 
001986 	204 	85 	91 	91 
001987 	204 	85 	91 	91 
001988 	204 	85 	91 	91 
001989 	204 	85 	91 	91 
001990 	204 	85 	91 	91 
001991 	204 	85 	91 	91 
001992 	204 	85 	91 	91 
001993 	204 	85 	91 	91 
001994 	204 	85 	91 	91 
001995 	204 	85 	91 	91 
001996 	204 	85 	91 	91 
001997 	204 	85 	91 	91 
001998 	204 	85 	91 	91 
001999 	204 	85 	91 	91 
002000 	204 	85 	91 	91 
002001 	204 	85 	91 	91 
002002 	204 	85 	91 	91 
002003 	204 	85 	91 	91 
002004 	204 	85 	91 	91 
002005 	204 	85 	91 	91 
002006 	204 	85 	91 	91 
002007 	204 	85 	91 	91 
002008 	204 	85 	91 	91 
002009 	204 	85 	91 	91 
002010 	204 	85 	91 	91 
002011 	204 	85 	91 	91 
002012 	204 	75 	91 	91 
002013 	204 	75 	91 	91 
002014 	204 	85 	91 	91 
002015 	204 	75 	91 	91 
002016 	204 	85 	91 	91 
002017 	204 	85 	91 	91 
002018 	204 	85 	91 	91 
002019 	204 	85 	91 	91 
002020 	204 	85 	91 	91 
002021 	204 	85 	91 	91 
002022 	204 	85 	91 	91 
002023 	204 	85 	91 	91 
002024 	204 	85 	91 	91 
002025 	204 	85 	91 	91 
002026 	204 	85 	91 	91 
002027 	204 	85 	91 	91 
002028 	204 	85 	91 	91 
002029 	204 	85 	91 	91 
002030 	204 	85 	91 	91 
002031 	204 	85 	91 	91 
002032 	204 	85 	91 	91 
002033 	204 	85 	91 	91 
002034 	204 	85 	91 	91 
002035 	204 	85 	91 	91 
002036 	204 	85 	91 	91 
002037 	197 	66 	109 	109 
002038 	204 	85 	91 	91 
002039 	204 	85 	91 	91 
002040 	204 	85 	91 	91 
002041 	204 	85 	91 	91 
002042 	204 	75 	91 	91 
002043 	204 	85 	91 	91 
002044 	204 	85 	91 	91 
002045 	204 	85 	91 	91 
002046 	204 	85 	91 	91 
002047 	204 	75 	91 	91 
002048 	204 	75 	91 	91 
002049 	185 	66 	109 	109 
002050 	204 	75 	91 	91 
002051 	185 	66 	109 	109 
002052 	194 	75 	91 	91 
002053 	194 	75 	91 	91 
002054 	194 	75 	91 	91 
002055 	194 	75 	91 	91 
002056 	194 	75 	91 	91 
002057 	192 	75 	91 	91 
002058 	190 	75 	91 	91 
002059 	188 	75 	91 	91 
002060 	186 	75 	91 	91 
002061 	184 	75 	91 	91 
