Identity  : 	id10820
Reference : 	kLqdRx2GLE4
Offset    : 	-2
FV Conf   : 	13.819
ASD Conf  : 	7.527

FRAME 	X 	Y 	W 	H 
031101 	245 	90 	109 	109 
031102 	245 	90 	109 	109 
031103 	245 	90 	109 	109 
031104 	245 	90 	109 	109 
031105 	245 	90 	109 	109 
031106 	245 	90 	109 	109 
031107 	245 	90 	109 	109 
031108 	245 	90 	109 	109 
031109 	245 	90 	109 	109 
031110 	254 	95 	90 	91 
031111 	254 	95 	90 	91 
031112 	254 	95 	90 	91 
031113 	245 	78 	109 	109 
031114 	245 	78 	109 	109 
031115 	245 	78 	109 	109 
031116 	245 	78 	109 	109 
031117 	245 	78 	109 	109 
031118 	245 	78 	109 	109 
031119 	245 	78 	109 	109 
031120 	254 	95 	90 	91 
031121 	245 	90 	109 	109 
031122 	254 	95 	90 	91 
031123 	245 	78 	109 	109 
031124 	254 	95 	90 	91 
031125 	245 	78 	109 	109 
031126 	245 	78 	109 	109 
031127 	245 	78 	109 	109 
031128 	245 	78 	109 	109 
031129 	245 	78 	109 	109 
031130 	245 	78 	109 	109 
031131 	245 	78 	109 	109 
031132 	245 	78 	109 	109 
031133 	245 	78 	109 	109 
031134 	245 	78 	109 	109 
031135 	245 	78 	109 	109 
031136 	245 	78 	109 	109 
031137 	245 	78 	109 	109 
031138 	245 	78 	109 	109 
031139 	245 	78 	109 	109 
031140 	245 	78 	109 	109 
031141 	245 	78 	109 	109 
031142 	245 	78 	109 	109 
031143 	245 	78 	109 	109 
031144 	245 	78 	109 	109 
031145 	245 	78 	109 	109 
031146 	245 	78 	109 	109 
031147 	245 	78 	109 	109 
031148 	245 	78 	109 	109 
031149 	245 	78 	109 	109 
031150 	245 	78 	109 	109 
031151 	245 	78 	109 	109 
031152 	245 	78 	109 	109 
031153 	245 	78 	109 	109 
031154 	245 	78 	109 	109 
031155 	245 	66 	109 	109 
031156 	245 	66 	109 	109 
031157 	245 	66 	109 	109 
031158 	245 	66 	109 	109 
031159 	245 	66 	109 	109 
031160 	245 	66 	109 	109 
031161 	257 	66 	109 	109 
031162 	245 	66 	109 	109 
031163 	245 	66 	109 	109 
031164 	245 	66 	109 	109 
031165 	245 	66 	109 	109 
031166 	245 	66 	109 	109 
031167 	245 	66 	109 	109 
031168 	245 	66 	109 	109 
031169 	245 	66 	109 	109 
031170 	245 	66 	109 	109 
031171 	245 	66 	109 	109 
031172 	245 	66 	109 	109 
031173 	245 	66 	109 	109 
031174 	245 	66 	109 	109 
031175 	245 	66 	109 	109 
031176 	245 	66 	109 	109 
031177 	245 	66 	109 	109 
031178 	245 	66 	109 	109 
031179 	254 	85 	90 	91 
031180 	245 	66 	109 	109 
031181 	245 	78 	109 	109 
031182 	245 	78 	109 	109 
031183 	233 	78 	109 	109 
031184 	233 	78 	109 	109 
031185 	233 	78 	109 	109 
031186 	233 	78 	109 	109 
031187 	233 	78 	109 	109 
031188 	233 	78 	109 	109 
031189 	233 	78 	109 	109 
031190 	221 	78 	109 	109 
031191 	221 	78 	109 	109 
031192 	221 	78 	109 	109 
031193 	221 	78 	109 	109 
031194 	221 	78 	109 	109 
031195 	221 	78 	109 	109 
031196 	221 	78 	109 	109 
031197 	234 	95 	90 	91 
031198 	233 	90 	109 	109 
031199 	234 	105 	90 	91 
031200 	234 	105 	90 	91 
031201 	234 	105 	90 	91 
031202 	234 	105 	90 	91 
031203 	234 	105 	90 	91 
031204 	234 	105 	90 	91 
031205 	233 	90 	109 	109 
031206 	233 	90 	109 	109 
031207 	233 	90 	109 	109 
031208 	233 	90 	109 	109 
031209 	233 	90 	109 	109 
031210 	233 	90 	109 	109 
031211 	244 	95 	90 	91 
031212 	233 	78 	109 	109 
031213 	245 	78 	109 	109 
031214 	245 	78 	109 	109 
031215 	245 	78 	109 	109 
031216 	245 	78 	109 	109 
031217 	245 	78 	109 	109 
031218 	245 	78 	109 	109 
031219 	245 	78 	109 	109 
031220 	245 	78 	109 	109 
031221 	245 	78 	109 	109 
031222 	257 	78 	109 	109 
031223 	257 	78 	109 	109 
031224 	257 	78 	109 	109 
031225 	257 	78 	109 	109 
031226 	257 	78 	109 	109 
031227 	257 	78 	109 	109 
031228 	257 	78 	109 	109 
031229 	264 	85 	90 	91 
031230 	257 	78 	109 	109 
031231 	257 	78 	109 	109 
031232 	245 	78 	109 	109 
031233 	245 	78 	109 	109 
031234 	257 	78 	109 	109 
031235 	257 	78 	109 	109 
031236 	257 	66 	109 	109 
031237 	264 	85 	90 	91 
031238 	257 	78 	109 	109 
031239 	264 	85 	90 	91 
031240 	257 	78 	109 	109 
031241 	257 	78 	109 	109 
031242 	257 	78 	109 	109 
031243 	257 	78 	109 	109 
031244 	257 	78 	109 	109 
031245 	264 	85 	90 	91 
031246 	257 	78 	109 	109 
031247 	257 	78 	109 	109 
031248 	257 	78 	109 	109 
031249 	257 	78 	109 	109 
031250 	257 	78 	109 	109 
031251 	257 	78 	109 	109 
031252 	257 	78 	109 	109 
031253 	257 	78 	109 	109 
031254 	257 	78 	109 	109 
031255 	257 	78 	109 	109 
031256 	257 	78 	109 	109 
031257 	257 	78 	109 	109 
031258 	257 	66 	109 	109 
031259 	257 	66 	109 	109 
031260 	245 	66 	109 	109 
031261 	245 	66 	109 	109 
031262 	245 	66 	109 	109 
031263 	245 	66 	109 	109 
031264 	245 	66 	109 	109 
031265 	245 	66 	109 	109 
031266 	245 	78 	109 	109 
031267 	233 	78 	109 	109 
031268 	233 	78 	109 	109 
031269 	233 	78 	109 	109 
031270 	233 	78 	109 	109 
031271 	233 	78 	109 	109 
031272 	233 	78 	109 	109 
031273 	221 	78 	109 	109 
031274 	221 	78 	109 	109 
031275 	221 	78 	109 	109 
031276 	221 	78 	109 	109 
031277 	221 	78 	109 	109 
031278 	221 	78 	109 	109 
031279 	221 	78 	109 	109 
031280 	221 	78 	109 	109 
031281 	221 	78 	109 	109 
031282 	221 	78 	109 	109 
031283 	221 	78 	109 	109 
031284 	221 	78 	109 	109 
031285 	221 	78 	109 	109 
031286 	221 	78 	109 	109 
031287 	221 	78 	109 	109 
031288 	221 	78 	109 	109 
031289 	221 	78 	109 	109 
031290 	221 	78 	109 	109 
031291 	221 	78 	109 	109 
031292 	221 	78 	109 	109 
031293 	221 	78 	109 	109 
031294 	221 	78 	109 	109 
031295 	221 	78 	109 	109 
031296 	234 	85 	90 	91 
031297 	221 	78 	109 	109 
031298 	233 	78 	109 	109 
031299 	233 	78 	109 	109 
031300 	233 	78 	109 	109 
031301 	233 	78 	109 	109 
031302 	233 	78 	109 	109 
031303 	245 	66 	109 	109 
031304 	245 	66 	109 	109 
031305 	245 	66 	109 	109 
031306 	245 	66 	109 	109 
031307 	245 	78 	109 	109 
031308 	245 	78 	109 	109 
031309 	245 	78 	109 	109 
031310 	245 	78 	109 	109 
031311 	245 	78 	109 	109 
031312 	245 	78 	109 	109 
031313 	245 	78 	109 	109 
031314 	245 	78 	109 	109 
031315 	245 	78 	109 	109 
031316 	245 	78 	109 	109 
031317 	257 	78 	109 	109 
031318 	257 	66 	109 	109 
031319 	257 	66 	109 	109 
031320 	257 	66 	109 	109 
031321 	257 	66 	109 	109 
031322 	257 	66 	109 	109 
031323 	257 	66 	109 	109 
031324 	257 	66 	109 	109 
031325 	257 	66 	109 	109 
031326 	257 	66 	109 	109 
031327 	257 	66 	109 	109 
031328 	245 	66 	109 	109 
031329 	245 	66 	109 	109 
031330 	245 	66 	109 	109 
031331 	245 	66 	109 	109 
031332 	245 	66 	109 	109 
031333 	245 	66 	109 	109 
031334 	245 	66 	109 	109 
031335 	245 	66 	109 	109 
031336 	245 	66 	109 	109 
031337 	245 	66 	109 	109 
031338 	245 	66 	109 	109 
031339 	245 	66 	109 	109 
031340 	245 	66 	109 	109 
031341 	245 	66 	109 	109 
031342 	245 	66 	109 	109 
031343 	245 	66 	109 	109 
031344 	245 	66 	109 	109 
031345 	245 	66 	109 	109 
031346 	245 	66 	109 	109 
031347 	245 	66 	109 	109 
031348 	245 	66 	109 	109 
031349 	245 	66 	109 	109 
031350 	245 	78 	109 	109 
031351 	245 	78 	109 	109 
031352 	257 	66 	109 	109 
031353 	264 	85 	90 	91 
031354 	264 	85 	90 	91 
031355 	264 	85 	90 	91 
031356 	264 	85 	90 	91 
031357 	257 	66 	109 	109 
031358 	257 	66 	109 	109 
031359 	257 	66 	109 	109 
031360 	264 	85 	90 	91 
031361 	257 	66 	109 	109 
031362 	264 	85 	90 	91 
031363 	264 	85 	90 	91 
031364 	264 	85 	90 	91 
031365 	264 	85 	90 	91 
031366 	257 	78 	109 	109 
031367 	264 	85 	90 	91 
031368 	264 	85 	90 	91 
031369 	257 	66 	109 	109 
031370 	257 	78 	109 	109 
031371 	257 	78 	109 	109 
031372 	257 	78 	109 	109 
031373 	257 	78 	109 	109 
031374 	257 	78 	109 	109 
031375 	264 	85 	90 	91 
031376 	264 	85 	90 	91 
031377 	264 	85 	90 	91 
031378 	264 	85 	90 	91 
031379 	264 	85 	90 	91 
031380 	264 	85 	90 	91 
031381 	264 	85 	90 	91 
031382 	264 	85 	90 	91 
031383 	264 	85 	90 	91 
031384 	264 	85 	90 	91 
031385 	264 	85 	90 	91 
031386 	264 	85 	90 	91 
031387 	257 	78 	109 	109 
031388 	257 	78 	109 	109 
031389 	257 	78 	109 	109 
031390 	257 	78 	109 	109 
031391 	257 	78 	109 	109 
031392 	257 	78 	109 	109 
031393 	257 	78 	109 	109 
031394 	257 	78 	109 	109 
031395 	245 	78 	109 	109 
031396 	245 	78 	109 	109 
031397 	257 	78 	109 	109 
031398 	264 	85 	90 	91 
031399 	264 	85 	90 	91 
031400 	264 	85 	90 	91 
031401 	264 	85 	90 	91 
031402 	264 	85 	90 	91 
031403 	264 	85 	90 	91 
031404 	264 	85 	90 	91 
031405 	264 	85 	90 	91 
031406 	264 	85 	90 	91 
031407 	264 	85 	90 	91 
031408 	264 	85 	90 	91 
031409 	264 	85 	90 	91 
031410 	257 	78 	109 	109 
031411 	257 	78 	109 	109 
031412 	257 	78 	109 	109 
031413 	264 	85 	90 	91 
031414 	264 	85 	90 	91 
031415 	264 	85 	90 	91 
031416 	264 	85 	90 	91 
031417 	257 	78 	109 	109 
031418 	245 	78 	109 	109 
031419 	245 	78 	109 	109 
031420 	245 	78 	109 	109 
031421 	245 	78 	109 	109 
031422 	245 	78 	109 	109 
031423 	245 	78 	109 	109 
031424 	245 	78 	109 	109 
031425 	245 	78 	109 	109 
031426 	245 	78 	109 	109 
031427 	245 	78 	109 	109 
031428 	245 	78 	109 	109 
031429 	245 	78 	109 	109 
031430 	245 	78 	109 	109 
031431 	245 	78 	109 	109 
031432 	233 	78 	109 	109 
031433 	233 	78 	109 	109 
031434 	233 	78 	109 	109 
031435 	233 	78 	109 	109 
031436 	245 	78 	109 	109 
031437 	245 	78 	109 	109 
031438 	245 	78 	109 	109 
031439 	233 	78 	109 	109 
031440 	233 	78 	109 	109 
031441 	233 	78 	109 	109 
031442 	233 	78 	109 	109 
031443 	233 	78 	109 	109 
031444 	233 	78 	109 	109 
031445 	233 	78 	109 	109 
031446 	233 	78 	109 	109 
031447 	233 	78 	109 	109 
031448 	233 	78 	109 	109 
031449 	233 	78 	109 	109 
031450 	233 	78 	109 	109 
031451 	233 	78 	109 	109 
031452 	233 	78 	109 	109 
031453 	233 	78 	109 	109 
031454 	233 	78 	109 	109 
031455 	233 	78 	109 	109 
031456 	233 	78 	109 	109 
031457 	233 	78 	109 	109 
031458 	245 	78 	109 	109 
031459 	245 	78 	109 	109 
031460 	245 	78 	109 	109 
031461 	245 	78 	109 	109 
031462 	245 	78 	109 	109 
031463 	245 	66 	109 	109 
031464 	233 	78 	109 	109 
031465 	233 	78 	109 	109 
031466 	233 	78 	109 	109 
031467 	233 	78 	109 	109 
031468 	233 	78 	109 	109 
031469 	233 	78 	109 	109 
031470 	233 	78 	109 	109 
031471 	233 	78 	109 	109 
031472 	233 	78 	109 	109 
031473 	233 	78 	109 	109 
031474 	233 	78 	109 	109 
031475 	233 	66 	109 	109 
031476 	233 	66 	109 	109 
031477 	233 	66 	109 	109 
031478 	233 	66 	109 	109 
031479 	233 	66 	109 	109 
031480 	233 	66 	109 	109 
031481 	233 	66 	109 	109 
031482 	233 	66 	109 	109 
031483 	234 	85 	90 	91 
031484 	221 	78 	109 	109 
031485 	221 	78 	109 	109 
031486 	221 	78 	109 	109 
031487 	221 	78 	109 	109 
031488 	221 	78 	109 	109 
031489 	221 	78 	109 	109 
031490 	221 	78 	109 	109 
031491 	221 	78 	109 	109 
031492 	221 	78 	109 	109 
031493 	221 	78 	109 	109 
031494 	221 	78 	109 	109 
031495 	221 	78 	109 	109 
031496 	221 	78 	109 	109 
031497 	221 	78 	109 	109 
031498 	221 	78 	109 	109 
031499 	221 	78 	109 	109 
031500 	221 	78 	109 	109 
031501 	221 	78 	109 	109 
031502 	221 	78 	109 	109 
031503 	221 	78 	109 	109 
031504 	221 	78 	109 	109 
031505 	221 	78 	109 	109 
031506 	233 	78 	109 	109 
031507 	233 	78 	109 	109 
031508 	233 	78 	109 	109 
031509 	233 	78 	109 	109 
031510 	233 	78 	109 	109 
031511 	233 	78 	109 	109 
031512 	233 	78 	109 	109 
031513 	233 	78 	109 	109 
031514 	233 	78 	109 	109 
031515 	233 	78 	109 	109 
031516 	233 	78 	109 	109 
031517 	233 	78 	109 	109 
031518 	233 	78 	109 	109 
031519 	233 	78 	109 	109 
031520 	233 	78 	109 	109 
031521 	233 	78 	109 	109 
031522 	233 	78 	109 	109 
031523 	233 	78 	109 	109 
031524 	233 	78 	109 	109 
031525 	233 	78 	109 	109 
031526 	233 	78 	109 	109 
031527 	233 	78 	109 	109 
031528 	233 	78 	109 	109 
031529 	233 	78 	109 	109 
031530 	233 	78 	109 	109 
031531 	233 	78 	109 	109 
031532 	233 	78 	109 	109 
031533 	233 	78 	109 	109 
031534 	233 	66 	109 	109 
031535 	233 	66 	109 	109 
031536 	233 	66 	109 	109 
031537 	233 	66 	109 	109 
031538 	233 	66 	109 	109 
031539 	233 	66 	109 	109 
031540 	233 	66 	109 	109 
031541 	233 	66 	109 	109 
031542 	233 	66 	109 	109 
031543 	233 	66 	109 	109 
031544 	245 	66 	109 	109 
031545 	245 	66 	109 	109 
031546 	245 	66 	109 	109 
031547 	245 	66 	109 	109 
031548 	245 	66 	109 	109 
031549 	245 	66 	109 	109 
031550 	245 	66 	109 	109 
031551 	245 	66 	109 	109 
031552 	245 	66 	109 	109 
031553 	245 	66 	109 	109 
031554 	245 	66 	109 	109 
031555 	245 	66 	109 	109 
031556 	245 	66 	109 	109 
031557 	245 	66 	109 	109 
031558 	245 	78 	109 	109 
031559 	245 	66 	109 	109 
031560 	245 	66 	109 	109 
031561 	245 	66 	109 	109 
031562 	245 	66 	109 	109 
031563 	245 	66 	109 	109 
031564 	257 	66 	109 	109 
031565 	257 	66 	109 	109 
031566 	257 	66 	109 	109 
031567 	257 	66 	109 	109 
031568 	257 	66 	109 	109 
031569 	257 	66 	109 	109 
031570 	257 	66 	109 	109 
031571 	257 	66 	109 	109 
031572 	257 	66 	109 	109 
031573 	257 	66 	109 	109 
031574 	257 	66 	109 	109 
031575 	257 	66 	109 	109 
031576 	257 	66 	109 	109 
031577 	257 	66 	109 	109 
031578 	257 	66 	109 	109 
031579 	257 	66 	109 	109 
031580 	257 	66 	109 	109 
031581 	257 	66 	109 	109 
031582 	257 	66 	109 	109 
031583 	257 	66 	109 	109 
031584 	257 	66 	109 	109 
031585 	257 	66 	109 	109 
031586 	245 	66 	109 	109 
031587 	245 	66 	109 	109 
031588 	245 	66 	109 	109 
031589 	245 	78 	109 	109 
031590 	245 	78 	109 	109 
031591 	245 	66 	109 	109 
031592 	245 	78 	109 	109 
031593 	245 	66 	109 	109 
031594 	245 	66 	109 	109 
031595 	245 	66 	109 	109 
031596 	245 	78 	109 	109 
031597 	245 	78 	109 	109 
031598 	245 	78 	109 	109 
031599 	245 	78 	109 	109 
031600 	233 	78 	109 	109 
031601 	233 	78 	109 	109 
031602 	233 	78 	109 	109 
031603 	244 	85 	90 	91 
031604 	233 	78 	109 	109 
031605 	233 	78 	109 	109 
031606 	233 	78 	109 	109 
031607 	233 	78 	109 	109 
031608 	233 	78 	109 	109 
031609 	244 	85 	90 	91 
031610 	233 	78 	109 	109 
031611 	233 	78 	109 	109 
031612 	233 	66 	109 	109 
031613 	233 	78 	109 	109 
031614 	233 	78 	109 	109 
031615 	233 	78 	109 	109 
031616 	234 	85 	90 	91 
031617 	221 	78 	109 	109 
031618 	221 	78 	109 	109 
031619 	221 	78 	109 	109 
031620 	221 	78 	109 	109 
031621 	221 	78 	109 	109 
031622 	221 	78 	109 	109 
031623 	221 	78 	109 	109 
031624 	221 	78 	109 	109 
031625 	221 	78 	109 	109 
031626 	221 	78 	109 	109 
031627 	221 	78 	109 	109 
031628 	209 	78 	109 	109 
031629 	209 	78 	109 	109 
031630 	209 	78 	109 	109 
031631 	209 	78 	109 	109 
031632 	209 	78 	109 	109 
031633 	209 	78 	109 	109 
031634 	209 	78 	109 	109 
031635 	197 	78 	109 	109 
031636 	197 	78 	109 	109 
031637 	209 	78 	109 	109 
031638 	209 	78 	109 	109 
031639 	209 	78 	109 	109 
031640 	209 	78 	109 	109 
031641 	209 	78 	109 	109 
031642 	209 	78 	109 	109 
031643 	209 	78 	109 	109 
031644 	209 	90 	109 	109 
031645 	209 	78 	109 	109 
031646 	209 	90 	109 	109 
031647 	209 	78 	109 	109 
031648 	209 	78 	109 	109 
031649 	209 	90 	109 	109 
031650 	209 	90 	109 	109 
031651 	209 	90 	109 	109 
031652 	209 	90 	109 	109 
031653 	209 	90 	109 	109 
031654 	209 	78 	109 	109 
031655 	209 	78 	109 	109 
031656 	209 	78 	109 	109 
031657 	209 	78 	109 	109 
031658 	209 	78 	109 	109 
031659 	209 	78 	109 	109 
031660 	209 	78 	109 	109 
031661 	209 	78 	109 	109 
031662 	209 	78 	109 	109 
031663 	209 	78 	109 	109 
031664 	209 	78 	109 	109 
031665 	209 	78 	109 	109 
031666 	209 	78 	109 	109 
031667 	209 	78 	109 	109 
031668 	209 	78 	109 	109 
031669 	209 	78 	109 	109 
031670 	221 	78 	109 	109 
031671 	221 	78 	109 	109 
031672 	221 	78 	109 	109 
031673 	221 	78 	109 	109 
031674 	221 	78 	109 	109 
031675 	221 	78 	109 	109 
031676 	221 	78 	109 	109 
031677 	221 	78 	109 	109 
031678 	221 	78 	109 	109 
031679 	233 	78 	109 	109 
031680 	233 	66 	109 	109 
031681 	233 	66 	109 	109 
031682 	233 	66 	109 	109 
031683 	233 	66 	109 	109 
031684 	233 	66 	109 	109 
031685 	233 	66 	109 	109 
031686 	245 	66 	109 	109 
031687 	245 	66 	109 	109 
031688 	245 	66 	109 	109 
031689 	245 	66 	109 	109 
031690 	245 	66 	109 	109 
031691 	245 	66 	109 	109 
031692 	245 	66 	109 	109 
031693 	245 	66 	109 	109 
031694 	245 	66 	109 	109 
031695 	245 	66 	109 	109 
031696 	245 	66 	109 	109 
031697 	245 	66 	109 	109 
031698 	245 	66 	109 	109 
031699 	245 	66 	109 	109 
031700 	245 	66 	109 	109 
031701 	245 	66 	109 	109 
031702 	245 	66 	109 	109 
031703 	245 	66 	109 	109 
031704 	245 	66 	109 	109 
031705 	245 	66 	109 	109 
031706 	245 	66 	109 	109 
031707 	245 	66 	109 	109 
031708 	245 	66 	109 	109 
031709 	257 	66 	109 	109 
031710 	257 	66 	109 	109 
031711 	257 	66 	109 	109 
031712 	257 	66 	109 	109 
031713 	257 	66 	109 	109 
031714 	257 	66 	109 	109 
031715 	257 	66 	109 	109 
031716 	274 	75 	90 	91 
031717 	274 	75 	90 	91 
031718 	274 	75 	90 	91 
031719 	274 	75 	90 	91 
031720 	274 	75 	90 	91 
031721 	274 	75 	90 	91 
031722 	274 	75 	90 	91 
031723 	257 	78 	109 	109 
031724 	257 	78 	109 	109 
031725 	257 	78 	109 	109 
031726 	257 	66 	109 	109 
031727 	257 	66 	109 	109 
031728 	257 	66 	109 	109 
031729 	257 	66 	109 	109 
031730 	257 	66 	109 	109 
031731 	257 	78 	109 	109 
031732 	257 	78 	109 	109 
031733 	257 	78 	109 	109 
031734 	274 	85 	90 	91 
031735 	257 	78 	109 	109 
031736 	257 	78 	109 	109 
031737 	257 	78 	109 	109 
031738 	257 	78 	109 	109 
031739 	257 	78 	109 	109 
031740 	257 	78 	109 	109 
031741 	257 	78 	109 	109 
031742 	257 	78 	109 	109 
031743 	257 	78 	109 	109 
031744 	245 	78 	109 	109 
031745 	245 	78 	109 	109 
031746 	245 	78 	109 	109 
031747 	245 	78 	109 	109 
031748 	245 	78 	109 	109 
031749 	245 	78 	109 	109 
031750 	245 	78 	109 	109 
031751 	237 	66 	130 	130 
031752 	245 	78 	109 	109 
031753 	245 	78 	109 	109 
031754 	245 	78 	109 	109 
031755 	257 	78 	109 	109 
031756 	257 	66 	109 	109 
031757 	237 	66 	130 	130 
031758 	245 	66 	109 	109 
031759 	245 	66 	109 	109 
031760 	245 	78 	109 	109 
031761 	245 	78 	109 	109 
031762 	245 	78 	109 	109 
031763 	245 	78 	109 	109 
031764 	245 	78 	109 	109 
031765 	245 	78 	109 	109 
031766 	245 	78 	109 	109 
031767 	245 	78 	109 	109 
031768 	245 	78 	109 	109 
031769 	245 	78 	109 	109 
031770 	245 	78 	109 	109 
031771 	245 	78 	109 	109 
031772 	245 	78 	109 	109 
031773 	245 	78 	109 	109 
031774 	245 	78 	109 	109 
031775 	245 	78 	109 	109 
031776 	245 	78 	109 	109 
031777 	245 	78 	109 	109 
031778 	245 	78 	109 	109 
031779 	245 	78 	109 	109 
031780 	245 	78 	109 	109 
031781 	245 	78 	109 	109 
031782 	245 	78 	109 	109 
031783 	237 	66 	130 	130 
031784 	245 	78 	109 	109 
031785 	245 	78 	109 	109 
031786 	245 	78 	109 	109 
031787 	245 	78 	109 	109 
031788 	245 	78 	109 	109 
031789 	245 	78 	109 	109 
031790 	245 	78 	109 	109 
031791 	245 	78 	109 	109 
031792 	245 	78 	109 	109 
031793 	245 	78 	109 	109 
031794 	245 	78 	109 	109 
031795 	245 	78 	109 	109 
031796 	245 	78 	109 	109 
031797 	245 	78 	109 	109 
