Identity  : 	id10533
Reference : 	6UKaoPf5jPY
Offset    : 	-3
FV Conf   : 	16.260
ASD Conf  : 	9.027

FRAME 	X 	Y 	W 	H 
003401 	333 	65 	91 	91 
003402 	333 	55 	91 	91 
003403 	333 	55 	91 	91 
003404 	333 	55 	91 	91 
003405 	329 	54 	108 	109 
003406 	329 	54 	108 	109 
003407 	343 	55 	91 	91 
003408 	343 	55 	91 	91 
003409 	353 	55 	91 	91 
003410 	353 	55 	91 	91 
003411 	353 	55 	91 	91 
003412 	353 	55 	91 	91 
003413 	363 	55 	91 	91 
003414 	363 	55 	91 	91 
003415 	363 	55 	91 	91 
003416 	363 	65 	91 	91 
003417 	363 	55 	91 	91 
003418 	363 	55 	91 	91 
003419 	363 	45 	91 	91 
003420 	363 	45 	91 	91 
003421 	363 	45 	91 	91 
003422 	363 	45 	91 	91 
003423 	363 	45 	91 	91 
003424 	363 	55 	91 	91 
003425 	363 	55 	91 	91 
003426 	363 	55 	91 	91 
003427 	363 	55 	91 	91 
003428 	363 	55 	91 	91 
003429 	363 	55 	91 	91 
003430 	363 	55 	91 	91 
003431 	363 	55 	91 	91 
003432 	353 	55 	91 	91 
003433 	353 	55 	91 	91 
003434 	353 	55 	91 	91 
003435 	353 	55 	91 	91 
003436 	353 	55 	91 	91 
003437 	353 	55 	91 	91 
003438 	353 	55 	91 	91 
003439 	353 	55 	91 	91 
003440 	353 	55 	91 	91 
003441 	353 	55 	91 	91 
003442 	353 	55 	91 	91 
003443 	353 	55 	91 	91 
003444 	353 	55 	91 	91 
003445 	353 	55 	91 	91 
003446 	353 	55 	91 	91 
003447 	353 	55 	91 	91 
003448 	353 	55 	91 	91 
003449 	353 	55 	91 	91 
003450 	353 	55 	91 	91 
003451 	353 	55 	91 	91 
003452 	353 	55 	91 	91 
003453 	353 	55 	91 	91 
003454 	353 	55 	91 	91 
003455 	353 	55 	91 	91 
003456 	353 	55 	91 	91 
003457 	353 	55 	91 	91 
003458 	353 	55 	91 	91 
003459 	353 	55 	91 	91 
003460 	353 	55 	91 	91 
003461 	353 	55 	91 	91 
003462 	353 	55 	91 	91 
003463 	353 	55 	91 	91 
003464 	353 	55 	91 	91 
003465 	353 	55 	91 	91 
003466 	353 	55 	91 	91 
003467 	343 	55 	91 	91 
003468 	343 	55 	91 	91 
003469 	353 	55 	91 	91 
003470 	353 	55 	91 	91 
003471 	353 	55 	91 	91 
003472 	353 	55 	91 	91 
003473 	353 	55 	91 	91 
003474 	353 	55 	91 	91 
003475 	353 	55 	91 	91 
003476 	353 	55 	91 	91 
003477 	353 	55 	91 	91 
003478 	353 	55 	91 	91 
003479 	353 	55 	91 	91 
003480 	343 	55 	91 	91 
003481 	343 	55 	91 	91 
003482 	343 	55 	91 	91 
003483 	343 	55 	91 	91 
003484 	343 	55 	91 	91 
003485 	343 	55 	91 	91 
003486 	343 	55 	91 	91 
003487 	343 	55 	91 	91 
003488 	343 	55 	91 	91 
003489 	343 	55 	91 	91 
003490 	343 	55 	91 	91 
003491 	343 	55 	91 	91 
003492 	343 	55 	91 	91 
003493 	343 	55 	91 	91 
003494 	343 	55 	91 	91 
003495 	343 	55 	91 	91 
003496 	343 	55 	91 	91 
003497 	343 	55 	91 	91 
003498 	343 	55 	91 	91 
003499 	343 	55 	91 	91 
003500 	343 	55 	91 	91 
003501 	343 	55 	91 	91 
003502 	343 	55 	91 	91 
003503 	343 	55 	91 	91 
003504 	343 	55 	91 	91 
003505 	343 	55 	91 	91 
003506 	343 	55 	91 	91 
003507 	343 	55 	91 	91 
003508 	343 	55 	91 	91 
003509 	343 	55 	91 	91 
003510 	343 	55 	91 	91 
003511 	343 	55 	91 	91 
003512 	343 	55 	91 	91 
003513 	343 	55 	91 	91 
003514 	343 	55 	91 	91 
003515 	343 	55 	91 	91 
003516 	343 	55 	91 	91 
003517 	343 	55 	91 	91 
003518 	343 	55 	91 	91 
003519 	343 	55 	91 	91 
003520 	343 	55 	91 	91 
003521 	343 	55 	91 	91 
003522 	343 	55 	91 	91 
003523 	343 	55 	91 	91 
003524 	343 	55 	91 	91 
003525 	343 	55 	91 	91 
003526 	343 	55 	91 	91 
003527 	343 	55 	91 	91 
003528 	343 	55 	91 	91 
003529 	343 	55 	91 	91 
003530 	343 	55 	91 	91 
003531 	343 	55 	91 	91 
003532 	343 	55 	91 	91 
003533 	343 	55 	91 	91 
003534 	343 	55 	91 	91 
003535 	343 	55 	91 	91 
003536 	343 	55 	91 	91 
003537 	343 	55 	91 	91 
003538 	343 	55 	91 	91 
003539 	343 	55 	91 	91 
003540 	343 	55 	91 	91 
003541 	343 	55 	91 	91 
003542 	343 	55 	91 	91 
003543 	343 	55 	91 	91 
003544 	343 	55 	91 	91 
003545 	343 	55 	91 	91 
003546 	343 	55 	91 	91 
003547 	343 	55 	91 	91 
003548 	343 	55 	91 	91 
003549 	343 	55 	91 	91 
003550 	343 	55 	91 	91 
003551 	343 	55 	91 	91 
003552 	343 	55 	91 	91 
003553 	343 	55 	91 	91 
003554 	343 	55 	91 	91 
003555 	343 	55 	91 	91 
003556 	343 	55 	91 	91 
003557 	343 	55 	91 	91 
003558 	343 	55 	91 	91 
003559 	343 	55 	91 	91 
003560 	343 	55 	91 	91 
003561 	343 	55 	91 	91 
003562 	343 	55 	91 	91 
003563 	343 	55 	91 	91 
003564 	343 	55 	91 	91 
003565 	343 	55 	91 	91 
003566 	343 	55 	91 	91 
003567 	343 	55 	91 	91 
003568 	343 	65 	91 	91 
003569 	343 	65 	91 	91 
003570 	329 	54 	108 	109 
003571 	329 	54 	108 	109 
003572 	329 	54 	108 	109 
003573 	333 	55 	91 	91 
003574 	333 	55 	91 	91 
003575 	333 	65 	91 	91 
003576 	333 	55 	91 	91 
003577 	333 	55 	91 	91 
003578 	333 	55 	91 	91 
003579 	333 	55 	91 	91 
003580 	333 	55 	91 	91 
003581 	333 	55 	91 	91 
003582 	333 	55 	91 	91 
003583 	333 	55 	91 	91 
003584 	333 	55 	91 	91 
003585 	333 	55 	91 	91 
003586 	329 	54 	108 	109 
003587 	329 	54 	108 	109 
003588 	329 	54 	108 	109 
003589 	329 	54 	108 	109 
003590 	329 	54 	108 	109 
003591 	329 	54 	108 	109 
003592 	329 	54 	108 	109 
003593 	329 	54 	108 	109 
003594 	329 	54 	108 	109 
003595 	329 	54 	108 	109 
003596 	329 	54 	108 	109 
003597 	329 	54 	108 	109 
003598 	343 	55 	91 	91 
003599 	343 	55 	91 	91 
003600 	343 	55 	91 	91 
003601 	343 	55 	91 	91 
003602 	343 	55 	91 	91 
003603 	343 	55 	91 	91 
003604 	343 	55 	91 	91 
003605 	343 	55 	91 	91 
003606 	343 	55 	91 	91 
003607 	343 	55 	91 	91 
003608 	343 	55 	91 	91 
003609 	343 	55 	91 	91 
003610 	343 	55 	91 	91 
003611 	343 	55 	91 	91 
003612 	343 	55 	91 	91 
003613 	343 	55 	91 	91 
003614 	343 	55 	91 	91 
003615 	343 	55 	91 	91 
003616 	343 	55 	91 	91 
003617 	343 	55 	91 	91 
003618 	343 	55 	91 	91 
003619 	343 	55 	91 	91 
003620 	343 	55 	91 	91 
003621 	343 	55 	91 	91 
003622 	343 	55 	91 	91 
003623 	343 	55 	91 	91 
003624 	343 	55 	91 	91 
003625 	343 	55 	91 	91 
003626 	343 	55 	91 	91 
003627 	343 	55 	91 	91 
003628 	343 	55 	91 	91 
003629 	343 	55 	91 	91 
003630 	343 	55 	91 	91 
003631 	343 	55 	91 	91 
003632 	343 	55 	91 	91 
003633 	343 	55 	91 	91 
003634 	343 	55 	91 	91 
003635 	343 	55 	91 	91 
003636 	343 	55 	91 	91 
003637 	343 	55 	91 	91 
003638 	343 	55 	91 	91 
003639 	343 	55 	91 	91 
003640 	343 	55 	91 	91 
003641 	343 	55 	91 	91 
003642 	343 	55 	91 	91 
003643 	343 	55 	91 	91 
003644 	343 	55 	91 	91 
003645 	343 	55 	91 	91 
003646 	343 	45 	91 	91 
003647 	343 	45 	91 	91 
003648 	343 	45 	91 	91 
003649 	343 	45 	91 	91 
003650 	343 	45 	91 	91 
003651 	343 	45 	91 	91 
003652 	343 	55 	91 	91 
003653 	343 	55 	91 	91 
003654 	343 	55 	91 	91 
003655 	343 	55 	91 	91 
003656 	343 	55 	91 	91 
003657 	343 	55 	91 	91 
003658 	343 	55 	91 	91 
003659 	343 	55 	91 	91 
003660 	343 	55 	91 	91 
003661 	343 	55 	91 	91 
003662 	343 	55 	91 	91 
003663 	343 	55 	91 	91 
003664 	343 	55 	91 	91 
003665 	343 	55 	91 	91 
003666 	343 	55 	91 	91 
003667 	343 	55 	91 	91 
003668 	343 	55 	91 	91 
003669 	343 	55 	91 	91 
003670 	343 	55 	91 	91 
003671 	343 	65 	91 	91 
003672 	343 	65 	91 	91 
003673 	353 	75 	91 	91 
003674 	353 	65 	91 	91 
003675 	353 	65 	91 	91 
003676 	353 	65 	91 	91 
003677 	353 	55 	91 	91 
003678 	353 	55 	91 	91 
003679 	353 	55 	91 	91 
003680 	353 	55 	91 	91 
003681 	353 	55 	91 	91 
003682 	353 	55 	91 	91 
003683 	353 	55 	91 	91 
003684 	353 	55 	91 	91 
003685 	353 	55 	91 	91 
003686 	353 	55 	91 	91 
003687 	353 	55 	91 	91 
003688 	353 	55 	91 	91 
003689 	353 	55 	91 	91 
003690 	353 	55 	91 	91 
003691 	353 	55 	91 	91 
003692 	353 	55 	91 	91 
003693 	353 	55 	91 	91 
003694 	353 	55 	91 	91 
003695 	353 	55 	91 	91 
003696 	353 	55 	91 	91 
003697 	353 	55 	91 	91 
003698 	353 	55 	91 	91 
003699 	353 	55 	91 	91 
003700 	353 	55 	91 	91 
003701 	343 	55 	91 	91 
003702 	343 	55 	91 	91 
003703 	343 	55 	91 	91 
003704 	343 	55 	91 	91 
003705 	343 	55 	91 	91 
003706 	343 	55 	91 	91 
003707 	343 	55 	91 	91 
003708 	343 	55 	91 	91 
003709 	343 	55 	91 	91 
003710 	343 	55 	91 	91 
003711 	343 	55 	91 	91 
003712 	343 	55 	91 	91 
003713 	343 	55 	91 	91 
003714 	343 	55 	91 	91 
003715 	343 	55 	91 	91 
003716 	343 	55 	91 	91 
003717 	343 	55 	91 	91 
003718 	343 	55 	91 	91 
003719 	343 	55 	91 	91 
003720 	329 	54 	108 	109 
003721 	329 	54 	108 	109 
003722 	329 	54 	108 	109 
003723 	329 	54 	108 	109 
003724 	329 	54 	108 	109 
003725 	329 	54 	108 	109 
003726 	329 	54 	108 	109 
003727 	329 	54 	108 	109 
003728 	329 	54 	108 	109 
003729 	329 	54 	108 	109 
003730 	329 	54 	108 	109 
003731 	329 	54 	108 	109 
003732 	329 	54 	108 	109 
003733 	329 	54 	108 	109 
003734 	329 	54 	108 	109 
003735 	329 	54 	108 	109 
003736 	329 	54 	108 	109 
003737 	329 	54 	108 	109 
003738 	329 	54 	108 	109 
003739 	329 	54 	108 	109 
003740 	343 	55 	91 	91 
003741 	343 	55 	91 	91 
003742 	343 	55 	91 	91 
003743 	343 	55 	91 	91 
003744 	343 	55 	91 	91 
003745 	329 	54 	108 	109 
003746 	343 	55 	91 	91 
003747 	343 	55 	91 	91 
003748 	343 	55 	91 	91 
003749 	343 	55 	91 	91 
003750 	343 	55 	91 	91 
003751 	343 	55 	91 	91 
003752 	343 	55 	91 	91 
003753 	343 	55 	91 	91 
003754 	343 	55 	91 	91 
003755 	343 	55 	91 	91 
003756 	343 	55 	91 	91 
003757 	343 	55 	91 	91 
003758 	343 	55 	91 	91 
003759 	343 	55 	91 	91 
003760 	343 	55 	91 	91 
003761 	343 	55 	91 	91 
003762 	343 	55 	91 	91 
003763 	343 	65 	91 	91 
003764 	343 	55 	91 	91 
003765 	343 	55 	91 	91 
003766 	343 	55 	91 	91 
003767 	343 	55 	91 	91 
003768 	343 	55 	91 	91 
003769 	343 	55 	91 	91 
003770 	329 	54 	108 	109 
003771 	333 	55 	91 	91 
003772 	333 	55 	91 	91 
003773 	333 	55 	91 	91 
003774 	333 	55 	91 	91 
003775 	333 	55 	91 	91 
003776 	333 	55 	91 	91 
003777 	333 	55 	91 	91 
003778 	333 	55 	91 	91 
003779 	333 	55 	91 	91 
003780 	333 	55 	91 	91 
003781 	333 	55 	91 	91 
003782 	333 	55 	91 	91 
003783 	333 	55 	91 	91 
003784 	333 	55 	91 	91 
003785 	333 	55 	91 	91 
003786 	323 	55 	91 	91 
003787 	317 	54 	108 	109 
003788 	317 	54 	108 	109 
003789 	317 	54 	108 	109 
003790 	317 	54 	108 	109 
003791 	333 	55 	91 	91 
003792 	333 	55 	91 	91 
003793 	333 	55 	91 	91 
003794 	333 	55 	91 	91 
003795 	333 	55 	91 	91 
003796 	333 	55 	91 	91 
003797 	333 	55 	91 	91 
003798 	333 	55 	91 	91 
003799 	333 	55 	91 	91 
003800 	333 	55 	91 	91 
003801 	333 	55 	91 	91 
003802 	333 	55 	91 	91 
003803 	333 	55 	91 	91 
003804 	333 	55 	91 	91 
003805 	333 	55 	91 	91 
003806 	333 	55 	91 	91 
003807 	333 	55 	91 	91 
003808 	333 	55 	91 	91 
003809 	333 	55 	91 	91 
003810 	333 	55 	91 	91 
003811 	333 	55 	91 	91 
003812 	333 	55 	91 	91 
003813 	333 	55 	91 	91 
003814 	333 	55 	91 	91 
003815 	343 	55 	91 	91 
003816 	343 	55 	91 	91 
003817 	343 	55 	91 	91 
003818 	343 	55 	91 	91 
003819 	343 	55 	91 	91 
003820 	343 	55 	91 	91 
003821 	343 	55 	91 	91 
003822 	343 	55 	91 	91 
003823 	343 	55 	91 	91 
003824 	343 	55 	91 	91 
003825 	343 	55 	91 	91 
003826 	343 	55 	91 	91 
003827 	343 	55 	91 	91 
003828 	343 	55 	91 	91 
003829 	343 	55 	91 	91 
003830 	343 	55 	91 	91 
003831 	343 	55 	91 	91 
003832 	343 	55 	91 	91 
003833 	343 	55 	91 	91 
003834 	343 	55 	91 	91 
003835 	343 	55 	91 	91 
003836 	343 	55 	91 	91 
003837 	343 	55 	91 	91 
003838 	343 	55 	91 	91 
003839 	343 	55 	91 	91 
003840 	343 	55 	91 	91 
003841 	343 	55 	91 	91 
003842 	343 	55 	91 	91 
003843 	343 	55 	91 	91 
003844 	343 	55 	91 	91 
003845 	343 	55 	91 	91 
003846 	343 	55 	91 	91 
003847 	343 	55 	91 	91 
003848 	343 	55 	91 	91 
003849 	353 	55 	91 	91 
003850 	353 	55 	91 	91 
003851 	353 	55 	91 	91 
003852 	353 	55 	91 	91 
003853 	353 	55 	91 	91 
003854 	353 	55 	91 	91 
003855 	353 	55 	91 	91 
003856 	353 	55 	91 	91 
003857 	353 	55 	91 	91 
003858 	353 	55 	91 	91 
003859 	353 	55 	91 	91 
003860 	353 	55 	91 	91 
003861 	353 	55 	91 	91 
003862 	353 	55 	91 	91 
003863 	353 	55 	91 	91 
003864 	353 	55 	91 	91 
003865 	363 	65 	91 	91 
003866 	363 	65 	91 	91 
003867 	363 	65 	91 	91 
003868 	363 	65 	91 	91 
003869 	363 	65 	91 	91 
003870 	363 	65 	91 	91 
003871 	363 	65 	91 	91 
003872 	363 	65 	91 	91 
003873 	363 	65 	91 	91 
003874 	363 	55 	91 	91 
003875 	363 	55 	91 	91 
003876 	363 	65 	91 	91 
003877 	363 	65 	91 	91 
003878 	363 	65 	91 	91 
003879 	363 	65 	91 	91 
003880 	363 	65 	91 	91 
003881 	363 	65 	91 	91 
003882 	363 	65 	91 	91 
003883 	363 	65 	91 	91 
003884 	363 	65 	91 	91 
003885 	363 	65 	91 	91 
003886 	363 	65 	91 	91 
003887 	363 	65 	91 	91 
003888 	363 	65 	91 	91 
003889 	363 	65 	91 	91 
003890 	363 	65 	91 	91 
003891 	363 	65 	91 	91 
003892 	353 	55 	91 	91 
003893 	353 	55 	91 	91 
003894 	353 	55 	91 	91 
003895 	353 	55 	91 	91 
003896 	353 	55 	91 	91 
003897 	353 	55 	91 	91 
003898 	353 	55 	91 	91 
003899 	353 	55 	91 	91 
003900 	353 	55 	91 	91 
003901 	353 	55 	91 	91 
003902 	353 	55 	91 	91 
003903 	353 	55 	91 	91 
003904 	353 	55 	91 	91 
003905 	353 	55 	91 	91 
003906 	353 	55 	91 	91 
003907 	353 	65 	91 	91 
003908 	353 	65 	91 	91 
003909 	353 	65 	91 	91 
003910 	353 	65 	91 	91 
003911 	353 	55 	91 	91 
003912 	353 	55 	91 	91 
003913 	353 	55 	91 	91 
003914 	353 	55 	91 	91 
003915 	353 	55 	91 	91 
003916 	353 	55 	91 	91 
003917 	353 	55 	91 	91 
003918 	353 	55 	91 	91 
003919 	353 	55 	91 	91 
003920 	363 	55 	91 	91 
003921 	363 	55 	91 	91 
003922 	363 	55 	91 	91 
003923 	363 	55 	91 	91 
003924 	363 	55 	91 	91 
003925 	363 	55 	91 	91 
003926 	363 	55 	91 	91 
003927 	363 	55 	91 	91 
003928 	363 	55 	91 	91 
003929 	363 	55 	91 	91 
003930 	363 	55 	91 	91 
003931 	363 	55 	91 	91 
003932 	363 	55 	91 	91 
003933 	363 	55 	91 	91 
003934 	363 	55 	91 	91 
003935 	363 	55 	91 	91 
003936 	377 	71 	76 	75 
003937 	363 	55 	91 	91 
003938 	363 	55 	91 	91 
003939 	363 	55 	91 	91 
003940 	363 	55 	91 	91 
003941 	363 	55 	91 	91 
003942 	363 	55 	91 	91 
003943 	363 	55 	91 	91 
003944 	373 	65 	91 	91 
003945 	373 	55 	91 	91 
003946 	373 	65 	91 	91 
003947 	373 	65 	91 	91 
003948 	373 	65 	91 	91 
003949 	373 	55 	91 	91 
003950 	373 	55 	91 	91 
003951 	373 	55 	91 	91 
003952 	373 	55 	91 	91 
003953 	373 	55 	91 	91 
003954 	373 	55 	91 	91 
003955 	373 	55 	91 	91 
003956 	373 	55 	91 	91 
003957 	373 	55 	91 	91 
003958 	373 	55 	91 	91 
003959 	373 	55 	91 	91 
003960 	373 	55 	91 	91 
003961 	373 	55 	91 	91 
003962 	373 	55 	91 	91 
003963 	373 	55 	91 	91 
003964 	373 	55 	91 	91 
003965 	373 	55 	91 	91 
003966 	373 	55 	91 	91 
003967 	373 	55 	91 	91 
003968 	373 	55 	91 	91 
003969 	373 	55 	91 	91 
003970 	373 	55 	91 	91 
003971 	373 	55 	91 	91 
003972 	373 	55 	91 	91 
003973 	373 	65 	91 	91 
003974 	373 	55 	91 	91 
003975 	373 	65 	91 	91 
003976 	373 	55 	91 	91 
003977 	373 	55 	91 	91 
003978 	373 	55 	91 	91 
003979 	373 	55 	91 	91 
003980 	373 	55 	91 	91 
003981 	373 	55 	91 	91 
003982 	373 	65 	91 	91 
003983 	373 	65 	91 	91 
003984 	373 	65 	91 	91 
003985 	373 	65 	91 	91 
003986 	363 	55 	91 	91 
003987 	363 	55 	91 	91 
003988 	363 	55 	91 	91 
003989 	363 	55 	91 	91 
003990 	363 	55 	91 	91 
003991 	363 	55 	91 	91 
003992 	363 	55 	91 	91 
003993 	353 	55 	91 	91 
003994 	353 	55 	91 	91 
003995 	353 	55 	91 	91 
003996 	353 	55 	91 	91 
003997 	353 	55 	91 	91 
003998 	353 	55 	91 	91 
003999 	353 	55 	91 	91 
004000 	353 	55 	91 	91 
004001 	353 	55 	91 	91 
004002 	353 	55 	91 	91 
004003 	353 	55 	91 	91 
004004 	353 	55 	91 	91 
004005 	353 	55 	91 	91 
004006 	353 	55 	91 	91 
004007 	353 	55 	91 	91 
004008 	353 	55 	91 	91 
004009 	353 	55 	91 	91 
004010 	353 	55 	91 	91 
004011 	353 	55 	91 	91 
004012 	353 	55 	91 	91 
004013 	353 	55 	91 	91 
004014 	353 	55 	91 	91 
004015 	353 	55 	91 	91 
004016 	353 	55 	91 	91 
004017 	353 	55 	91 	91 
004018 	363 	55 	91 	91 
004019 	353 	55 	91 	91 
004020 	363 	55 	91 	91 
004021 	363 	55 	91 	91 
004022 	363 	55 	91 	91 
004023 	363 	55 	91 	91 
004024 	363 	55 	91 	91 
004025 	363 	55 	91 	91 
004026 	363 	55 	91 	91 
004027 	363 	55 	91 	91 
004028 	363 	55 	91 	91 
004029 	363 	55 	91 	91 
004030 	363 	55 	91 	91 
004031 	363 	55 	91 	91 
004032 	363 	55 	91 	91 
004033 	363 	55 	91 	91 
004034 	353 	55 	91 	91 
004035 	353 	55 	91 	91 
004036 	353 	55 	91 	91 
004037 	353 	55 	91 	91 
004038 	353 	55 	91 	91 
004039 	353 	65 	91 	91 
004040 	353 	65 	91 	91 
004041 	353 	65 	91 	91 
004042 	353 	65 	91 	91 
004043 	353 	65 	91 	91 
004044 	353 	65 	91 	91 
004045 	353 	65 	91 	91 
004046 	353 	65 	91 	91 
004047 	353 	65 	91 	91 
004048 	353 	65 	91 	91 
004049 	353 	65 	91 	91 
004050 	353 	65 	91 	91 
004051 	353 	65 	91 	91 
