Identity  : 	id10195
Reference : 	qrQSXBh9v_0
Offset    : 	-1
FV Conf   : 	16.052
ASD Conf  : 	5.316

FRAME 	X 	Y 	W 	H 
001569 	218 	74 	187 	187 
001570 	218 	74 	187 	187 
001571 	218 	74 	187 	187 
001572 	218 	74 	187 	187 
001573 	218 	74 	187 	187 
001574 	218 	74 	187 	187 
001575 	216 	96 	156 	156 
001576 	216 	96 	156 	156 
001577 	216 	96 	156 	156 
001578 	197 	74 	187 	187 
001579 	197 	74 	187 	187 
001580 	197 	74 	187 	187 
001581 	216 	113 	156 	156 
001582 	216 	113 	156 	156 
001583 	216 	113 	156 	156 
001584 	216 	113 	156 	156 
001585 	216 	113 	156 	156 
001586 	233 	113 	156 	156 
001587 	233 	113 	156 	156 
001588 	233 	113 	156 	156 
001589 	233 	113 	156 	156 
001590 	233 	113 	156 	156 
001591 	218 	95 	187 	186 
001592 	218 	95 	187 	186 
001593 	218 	95 	187 	186 
001594 	218 	95 	187 	186 
001595 	218 	95 	187 	186 
001596 	218 	95 	187 	186 
001597 	218 	95 	187 	186 
001598 	218 	95 	187 	186 
001599 	233 	130 	156 	156 
001600 	233 	130 	156 	156 
001601 	233 	130 	156 	156 
001602 	233 	130 	156 	156 
001603 	233 	130 	156 	156 
001604 	233 	130 	156 	156 
001605 	233 	130 	156 	156 
001606 	233 	130 	156 	156 
001607 	233 	130 	156 	156 
001608 	233 	130 	156 	156 
001609 	233 	130 	156 	156 
001610 	250 	130 	156 	156 
001611 	239 	95 	186 	186 
001612 	239 	95 	186 	186 
001613 	239 	95 	186 	186 
001614 	267 	113 	156 	156 
001615 	239 	95 	186 	186 
001616 	250 	113 	156 	156 
001617 	250 	113 	156 	156 
001618 	250 	113 	156 	156 
001619 	250 	113 	156 	156 
001620 	239 	95 	186 	186 
001621 	239 	95 	186 	186 
001622 	239 	95 	186 	186 
001623 	239 	95 	186 	186 
001624 	239 	95 	186 	186 
001625 	239 	95 	186 	186 
001626 	239 	95 	186 	186 
001627 	239 	95 	186 	186 
001628 	267 	113 	156 	156 
001629 	250 	113 	156 	156 
001630 	239 	115 	186 	187 
001631 	239 	115 	186 	187 
001632 	239 	115 	186 	187 
001633 	267 	113 	156 	156 
001634 	267 	113 	156 	156 
001635 	267 	113 	156 	156 
001636 	250 	113 	156 	156 
001637 	250 	113 	156 	156 
001638 	250 	113 	156 	156 
001639 	250 	113 	156 	156 
001640 	218 	95 	187 	186 
001641 	218 	95 	187 	186 
001642 	218 	95 	187 	186 
001643 	250 	113 	156 	156 
001644 	250 	113 	156 	156 
001645 	233 	113 	156 	156 
001646 	233 	113 	156 	156 
001647 	233 	113 	156 	156 
001648 	218 	95 	187 	186 
001649 	250 	113 	156 	156 
001650 	250 	113 	156 	156 
001651 	250 	113 	156 	156 
001652 	250 	113 	156 	156 
001653 	250 	113 	156 	156 
001654 	250 	113 	156 	156 
001655 	250 	113 	156 	156 
001656 	250 	113 	156 	156 
001657 	250 	96 	156 	156 
001658 	218 	95 	187 	186 
001659 	218 	95 	187 	186 
001660 	250 	96 	156 	156 
001661 	250 	96 	156 	156 
001662 	250 	96 	156 	156 
001663 	250 	96 	156 	156 
001664 	233 	96 	156 	156 
001665 	233 	96 	156 	156 
001666 	233 	96 	156 	156 
001667 	233 	96 	156 	156 
001668 	233 	96 	156 	156 
001669 	233 	96 	156 	156 
001670 	233 	96 	156 	156 
001671 	218 	95 	187 	186 
001672 	233 	113 	156 	156 
001673 	233 	113 	156 	156 
001674 	233 	113 	156 	156 
001675 	218 	115 	187 	187 
001676 	218 	115 	187 	187 
001677 	233 	130 	156 	156 
001678 	233 	130 	156 	156 
001679 	233 	130 	156 	156 
001680 	250 	113 	156 	156 
001681 	233 	113 	156 	156 
001682 	233 	113 	156 	156 
001683 	233 	113 	156 	156 
001684 	218 	95 	187 	186 
001685 	250 	113 	156 	156 
001686 	250 	113 	156 	156 
001687 	250 	113 	156 	156 
001688 	233 	113 	156 	156 
001689 	233 	113 	156 	156 
001690 	250 	113 	156 	156 
001691 	250 	113 	156 	156 
