Identity  : 	id10020
Reference : 	A_blsQbRRC8
Offset    : 	-3
FV Conf   : 	17.427
ASD Conf  : 	7.924

FRAME 	X 	Y 	W 	H 
003854 	266 	94 	130 	130 
003855 	266 	94 	130 	130 
003856 	266 	94 	130 	130 
003857 	266 	94 	130 	130 
003858 	266 	94 	130 	130 
003859 	266 	94 	130 	130 
003860 	266 	94 	130 	130 
003861 	266 	94 	130 	130 
003862 	266 	94 	130 	130 
003863 	266 	94 	130 	130 
003864 	266 	94 	130 	130 
003865 	266 	94 	130 	130 
003866 	266 	94 	130 	130 
003867 	266 	94 	130 	130 
003868 	266 	94 	130 	130 
003869 	266 	94 	130 	130 
003870 	266 	94 	130 	130 
003871 	266 	94 	130 	130 
003872 	269 	102 	108 	109 
003873 	269 	102 	108 	109 
003874 	269 	102 	108 	109 
003875 	269 	102 	108 	109 
003876 	269 	102 	108 	109 
003877 	269 	102 	108 	109 
003878 	269 	102 	108 	109 
003879 	269 	102 	108 	109 
003880 	269 	102 	108 	109 
003881 	269 	102 	108 	109 
003882 	269 	102 	108 	109 
003883 	269 	102 	108 	109 
003884 	269 	102 	108 	109 
003885 	269 	102 	108 	109 
003886 	269 	102 	108 	109 
003887 	269 	102 	108 	109 
003888 	269 	102 	108 	109 
003889 	269 	102 	108 	109 
003890 	269 	102 	108 	109 
003891 	269 	102 	108 	109 
003892 	269 	102 	108 	109 
003893 	269 	102 	108 	109 
003894 	269 	102 	108 	109 
003895 	269 	102 	108 	109 
003896 	269 	102 	108 	109 
003897 	269 	102 	108 	109 
003898 	269 	102 	108 	109 
003899 	269 	102 	108 	109 
003900 	269 	102 	108 	109 
003901 	269 	102 	108 	109 
003902 	269 	102 	108 	109 
003903 	269 	102 	108 	109 
003904 	269 	102 	108 	109 
003905 	269 	102 	108 	109 
003906 	269 	102 	108 	109 
003907 	269 	102 	108 	109 
003908 	269 	102 	108 	109 
003909 	269 	102 	108 	109 
003910 	269 	102 	108 	109 
003911 	269 	102 	108 	109 
003912 	269 	102 	108 	109 
003913 	269 	102 	108 	109 
003914 	269 	102 	108 	109 
003915 	269 	102 	108 	109 
003916 	269 	102 	108 	109 
003917 	269 	102 	108 	109 
003918 	269 	102 	108 	109 
003919 	269 	102 	108 	109 
003920 	269 	102 	108 	109 
003921 	269 	102 	108 	109 
003922 	269 	102 	108 	109 
003923 	269 	102 	108 	109 
003924 	269 	102 	108 	109 
003925 	269 	102 	108 	109 
003926 	269 	102 	108 	109 
003927 	269 	102 	108 	109 
003928 	269 	102 	108 	109 
003929 	269 	102 	108 	109 
003930 	269 	102 	108 	109 
003931 	269 	102 	108 	109 
003932 	269 	102 	108 	109 
003933 	269 	102 	108 	109 
003934 	269 	90 	108 	109 
003935 	269 	102 	108 	109 
003936 	269 	102 	108 	109 
003937 	269 	102 	108 	109 
003938 	269 	102 	108 	109 
003939 	269 	102 	108 	109 
003940 	269 	102 	108 	109 
003941 	269 	102 	108 	109 
003942 	269 	102 	108 	109 
003943 	251 	94 	130 	130 
003944 	269 	102 	108 	109 
003945 	251 	94 	130 	130 
003946 	269 	102 	108 	109 
003947 	269 	102 	108 	109 
003948 	269 	102 	108 	109 
003949 	269 	102 	108 	109 
003950 	269 	90 	108 	109 
003951 	269 	90 	108 	109 
003952 	269 	90 	108 	109 
003953 	269 	90 	108 	109 
003954 	269 	90 	108 	109 
003955 	269 	90 	108 	109 
003956 	269 	90 	108 	109 
003957 	269 	90 	108 	109 
003958 	269 	90 	108 	109 
003959 	269 	90 	108 	109 
003960 	269 	78 	108 	109 
003961 	269 	78 	108 	109 
003962 	269 	78 	108 	109 
003963 	269 	78 	108 	109 
003964 	269 	78 	108 	109 
003965 	281 	78 	108 	109 
003966 	281 	78 	108 	109 
003967 	281 	78 	108 	109 
003968 	266 	66 	130 	130 
003969 	266 	66 	130 	130 
003970 	266 	66 	130 	130 
003971 	281 	66 	108 	109 
003972 	281 	66 	108 	109 
003973 	281 	66 	108 	109 
003974 	266 	66 	130 	130 
003975 	266 	66 	130 	130 
003976 	281 	78 	108 	109 
003977 	281 	78 	108 	109 
003978 	281 	78 	108 	109 
003979 	281 	78 	108 	109 
003980 	281 	78 	108 	109 
003981 	281 	78 	108 	109 
003982 	281 	78 	108 	109 
003983 	281 	78 	108 	109 
003984 	281 	78 	108 	109 
003985 	281 	78 	108 	109 
003986 	266 	80 	130 	130 
003987 	266 	80 	130 	130 
003988 	266 	80 	130 	130 
003989 	266 	80 	130 	130 
003990 	266 	80 	130 	130 
003991 	266 	80 	130 	130 
003992 	266 	80 	130 	130 
003993 	266 	80 	130 	130 
003994 	266 	80 	130 	130 
003995 	266 	80 	130 	130 
003996 	266 	80 	130 	130 
003997 	266 	80 	130 	130 
003998 	266 	80 	130 	130 
003999 	266 	80 	130 	130 
004000 	266 	80 	130 	130 
004001 	266 	80 	130 	130 
004002 	266 	80 	130 	130 
004003 	266 	80 	130 	130 
004004 	266 	80 	130 	130 
004005 	266 	80 	130 	130 
004006 	266 	80 	130 	130 
004007 	269 	90 	108 	109 
004008 	269 	90 	108 	109 
004009 	269 	90 	108 	109 
004010 	269 	90 	108 	109 
004011 	269 	90 	108 	109 
004012 	269 	90 	108 	109 
004013 	269 	90 	108 	109 
004014 	269 	90 	108 	109 
004015 	269 	90 	108 	109 
004016 	269 	90 	108 	109 
004017 	269 	90 	108 	109 
004018 	269 	90 	108 	109 
004019 	269 	90 	108 	109 
004020 	269 	90 	108 	109 
004021 	269 	90 	108 	109 
004022 	269 	90 	108 	109 
004023 	269 	90 	108 	109 
004024 	269 	90 	108 	109 
004025 	251 	94 	130 	130 
004026 	251 	94 	130 	130 
004027 	251 	94 	130 	130 
004028 	251 	94 	130 	130 
004029 	251 	94 	130 	130 
004030 	251 	94 	130 	130 
004031 	251 	94 	130 	130 
004032 	251 	94 	130 	130 
004033 	251 	94 	130 	130 
004034 	251 	94 	130 	130 
004035 	251 	94 	130 	130 
004036 	251 	94 	130 	130 
004037 	251 	94 	130 	130 
004038 	251 	94 	130 	130 
004039 	251 	94 	130 	130 
004040 	251 	94 	130 	130 
004041 	251 	94 	130 	130 
004042 	257 	102 	109 	109 
004043 	257 	102 	109 	109 
004044 	257 	102 	109 	109 
004045 	257 	102 	109 	109 
004046 	257 	102 	109 	109 
004047 	257 	102 	109 	109 
004048 	257 	102 	109 	109 
004049 	257 	102 	109 	109 
004050 	257 	102 	109 	109 
004051 	257 	102 	109 	109 
004052 	257 	102 	109 	109 
004053 	257 	102 	109 	109 
004054 	257 	102 	109 	109 
004055 	257 	102 	109 	109 
004056 	257 	102 	109 	109 
004057 	257 	102 	109 	109 
004058 	257 	102 	109 	109 
004059 	257 	102 	109 	109 
004060 	257 	102 	109 	109 
004061 	257 	102 	109 	109 
004062 	257 	102 	109 	109 
004063 	257 	102 	109 	109 
004064 	257 	102 	109 	109 
004065 	257 	102 	109 	109 
004066 	257 	102 	109 	109 
004067 	257 	102 	109 	109 
004068 	257 	102 	109 	109 
004069 	257 	102 	109 	109 
004070 	257 	102 	109 	109 
004071 	257 	102 	109 	109 
004072 	257 	102 	109 	109 
004073 	257 	102 	109 	109 
004074 	257 	102 	109 	109 
004075 	257 	102 	109 	109 
004076 	257 	102 	109 	109 
004077 	257 	102 	109 	109 
004078 	257 	102 	109 	109 
004079 	257 	102 	109 	109 
004080 	257 	102 	109 	109 
004081 	257 	102 	109 	109 
004082 	257 	102 	109 	109 
004083 	257 	102 	109 	109 
004084 	257 	102 	109 	109 
004085 	257 	102 	109 	109 
004086 	257 	102 	109 	109 
004087 	257 	102 	109 	109 
004088 	257 	102 	109 	109 
004089 	257 	102 	109 	109 
004090 	257 	102 	109 	109 
004091 	257 	102 	109 	109 
004092 	257 	102 	109 	109 
004093 	257 	102 	109 	109 
004094 	257 	102 	109 	109 
004095 	257 	102 	109 	109 
004096 	257 	102 	109 	109 
004097 	257 	102 	109 	109 
004098 	257 	102 	109 	109 
004099 	257 	102 	109 	109 
004100 	257 	102 	109 	109 
004101 	251 	94 	130 	130 
004102 	251 	94 	130 	130 
004103 	251 	94 	130 	130 
004104 	251 	94 	130 	130 
004105 	251 	94 	130 	130 
004106 	251 	94 	130 	130 
004107 	251 	94 	130 	130 
004108 	251 	94 	130 	130 
004109 	251 	94 	130 	130 
004110 	251 	94 	130 	130 
004111 	257 	102 	109 	109 
004112 	257 	102 	109 	109 
004113 	257 	102 	109 	109 
004114 	257 	102 	109 	109 
004115 	257 	102 	109 	109 
004116 	257 	102 	109 	109 
004117 	257 	102 	109 	109 
004118 	257 	102 	109 	109 
004119 	257 	102 	109 	109 
004120 	257 	102 	109 	109 
004121 	257 	102 	109 	109 
004122 	257 	102 	109 	109 
004123 	257 	102 	109 	109 
004124 	257 	102 	109 	109 
004125 	251 	94 	130 	130 
004126 	251 	94 	130 	130 
004127 	251 	94 	130 	130 
004128 	251 	94 	130 	130 
004129 	251 	94 	130 	130 
004130 	251 	94 	130 	130 
004131 	251 	94 	130 	130 
004132 	251 	94 	130 	130 
004133 	251 	94 	130 	130 
004134 	251 	94 	130 	130 
004135 	251 	94 	130 	130 
004136 	251 	94 	130 	130 
004137 	251 	94 	130 	130 
004138 	251 	94 	130 	130 
004139 	251 	94 	130 	130 
004140 	251 	94 	130 	130 
004141 	251 	94 	130 	130 
004142 	251 	94 	130 	130 
004143 	251 	94 	130 	130 
004144 	251 	94 	130 	130 
004145 	251 	94 	130 	130 
004146 	251 	94 	130 	130 
004147 	251 	94 	130 	130 
004148 	251 	94 	130 	130 
004149 	251 	94 	130 	130 
004150 	251 	94 	130 	130 
004151 	251 	94 	130 	130 
004152 	251 	94 	130 	130 
004153 	251 	94 	130 	130 
004154 	251 	94 	130 	130 
004155 	251 	94 	130 	130 
004156 	269 	102 	108 	109 
004157 	251 	94 	130 	130 
