Identity  : 	id10020
Reference : 	A_blsQbRRC8
Offset    : 	-4
FV Conf   : 	15.198
ASD Conf  : 	9.427

FRAME 	X 	Y 	W 	H 
001310 	269 	102 	108 	109 
001311 	269 	102 	108 	109 
001312 	269 	102 	108 	109 
001313 	269 	102 	108 	109 
001314 	269 	102 	108 	109 
001315 	269 	102 	108 	109 
001316 	269 	102 	108 	109 
001317 	269 	102 	108 	109 
001318 	269 	102 	108 	109 
001319 	269 	102 	108 	109 
001320 	269 	102 	108 	109 
001321 	269 	102 	108 	109 
001322 	269 	102 	108 	109 
001323 	269 	102 	108 	109 
001324 	269 	102 	108 	109 
001325 	269 	102 	108 	109 
001326 	251 	94 	130 	130 
001327 	251 	94 	130 	130 
001328 	251 	94 	130 	130 
001329 	251 	94 	130 	130 
001330 	251 	94 	130 	130 
001331 	269 	102 	108 	109 
001332 	251 	94 	130 	130 
001333 	269 	102 	108 	109 
001334 	269 	102 	108 	109 
001335 	269 	102 	108 	109 
001336 	269 	102 	108 	109 
001337 	269 	102 	108 	109 
001338 	269 	102 	108 	109 
001339 	269 	102 	108 	109 
001340 	269 	102 	108 	109 
001341 	269 	102 	108 	109 
001342 	269 	102 	108 	109 
001343 	269 	102 	108 	109 
001344 	269 	102 	108 	109 
001345 	269 	102 	108 	109 
001346 	269 	102 	108 	109 
001347 	269 	102 	108 	109 
001348 	269 	102 	108 	109 
001349 	269 	102 	108 	109 
001350 	269 	102 	108 	109 
001351 	269 	102 	108 	109 
001352 	269 	102 	108 	109 
001353 	269 	102 	108 	109 
001354 	269 	102 	108 	109 
001355 	269 	102 	108 	109 
001356 	269 	102 	108 	109 
001357 	269 	102 	108 	109 
001358 	269 	102 	108 	109 
001359 	269 	102 	108 	109 
001360 	269 	102 	108 	109 
001361 	269 	102 	108 	109 
001362 	269 	102 	108 	109 
001363 	269 	102 	108 	109 
001364 	269 	102 	108 	109 
001365 	269 	102 	108 	109 
001366 	269 	102 	108 	109 
001367 	269 	102 	108 	109 
001368 	269 	102 	108 	109 
001369 	269 	102 	108 	109 
001370 	269 	102 	108 	109 
001371 	269 	102 	108 	109 
001372 	269 	102 	108 	109 
001373 	269 	102 	108 	109 
001374 	269 	102 	108 	109 
001375 	269 	102 	108 	109 
001376 	269 	102 	108 	109 
001377 	269 	102 	108 	109 
001378 	269 	102 	108 	109 
001379 	269 	102 	108 	109 
001380 	269 	102 	108 	109 
001381 	269 	102 	108 	109 
001382 	269 	102 	108 	109 
001383 	269 	102 	108 	109 
001384 	269 	102 	108 	109 
001385 	269 	102 	108 	109 
001386 	269 	102 	108 	109 
001387 	269 	102 	108 	109 
001388 	269 	102 	108 	109 
001389 	269 	102 	108 	109 
001390 	269 	102 	108 	109 
001391 	269 	102 	108 	109 
001392 	269 	102 	108 	109 
001393 	269 	102 	108 	109 
001394 	269 	102 	108 	109 
001395 	269 	102 	108 	109 
001396 	269 	102 	108 	109 
001397 	269 	102 	108 	109 
001398 	269 	102 	108 	109 
001399 	269 	102 	108 	109 
001400 	269 	102 	108 	109 
001401 	269 	102 	108 	109 
001402 	269 	102 	108 	109 
001403 	269 	102 	108 	109 
001404 	269 	102 	108 	109 
001405 	269 	102 	108 	109 
001406 	269 	102 	108 	109 
001407 	269 	102 	108 	109 
001408 	269 	102 	108 	109 
001409 	269 	102 	108 	109 
001410 	269 	102 	108 	109 
001411 	269 	102 	108 	109 
001412 	269 	102 	108 	109 
001413 	269 	102 	108 	109 
001414 	269 	102 	108 	109 
001415 	269 	102 	108 	109 
001416 	269 	102 	108 	109 
001417 	269 	102 	108 	109 
001418 	269 	102 	108 	109 
001419 	269 	102 	108 	109 
001420 	269 	102 	108 	109 
001421 	269 	102 	108 	109 
001422 	269 	102 	108 	109 
001423 	269 	102 	108 	109 
001424 	269 	102 	108 	109 
001425 	269 	102 	108 	109 
001426 	269 	102 	108 	109 
001427 	269 	102 	108 	109 
001428 	269 	102 	108 	109 
001429 	269 	102 	108 	109 
001430 	269 	102 	108 	109 
001431 	269 	102 	108 	109 
001432 	269 	102 	108 	109 
001433 	269 	102 	108 	109 
001434 	269 	102 	108 	109 
001435 	269 	102 	108 	109 
001436 	269 	102 	108 	109 
001437 	269 	102 	108 	109 
001438 	269 	102 	108 	109 
001439 	269 	102 	108 	109 
001440 	269 	102 	108 	109 
001441 	269 	102 	108 	109 
001442 	269 	102 	108 	109 
001443 	269 	102 	108 	109 
001444 	269 	102 	108 	109 
001445 	269 	102 	108 	109 
001446 	269 	102 	108 	109 
001447 	269 	102 	108 	109 
001448 	269 	102 	108 	109 
001449 	269 	102 	108 	109 
001450 	269 	102 	108 	109 
001451 	269 	102 	108 	109 
001452 	269 	102 	108 	109 
001453 	269 	102 	108 	109 
001454 	269 	102 	108 	109 
001455 	269 	102 	108 	109 
001456 	269 	102 	108 	109 
001457 	269 	102 	108 	109 
001458 	269 	102 	108 	109 
001459 	269 	102 	108 	109 
001460 	269 	102 	108 	109 
001461 	269 	102 	108 	109 
001462 	269 	102 	108 	109 
001463 	269 	102 	108 	109 
001464 	269 	102 	108 	109 
001465 	269 	102 	108 	109 
001466 	269 	102 	108 	109 
001467 	269 	102 	108 	109 
001468 	269 	102 	108 	109 
001469 	269 	102 	108 	109 
001470 	269 	102 	108 	109 
001471 	269 	102 	108 	109 
001472 	269 	102 	108 	109 
001473 	269 	102 	108 	109 
001474 	269 	102 	108 	109 
001475 	269 	102 	108 	109 
001476 	269 	102 	108 	109 
001477 	269 	102 	108 	109 
001478 	269 	102 	108 	109 
001479 	269 	102 	108 	109 
001480 	269 	102 	108 	109 
001481 	269 	102 	108 	109 
001482 	269 	102 	108 	109 
001483 	269 	102 	108 	109 
001484 	269 	102 	108 	109 
001485 	269 	102 	108 	109 
001486 	269 	102 	108 	109 
001487 	269 	102 	108 	109 
001488 	269 	102 	108 	109 
001489 	269 	102 	108 	109 
001490 	269 	102 	108 	109 
001491 	269 	102 	108 	109 
001492 	269 	102 	108 	109 
001493 	269 	102 	108 	109 
001494 	269 	102 	108 	109 
001495 	269 	102 	108 	109 
001496 	269 	102 	108 	109 
001497 	269 	102 	108 	109 
001498 	269 	102 	108 	109 
001499 	269 	102 	108 	109 
001500 	269 	102 	108 	109 
001501 	269 	102 	108 	109 
001502 	269 	102 	108 	109 
001503 	269 	102 	108 	109 
001504 	269 	102 	108 	109 
001505 	269 	102 	108 	109 
001506 	269 	102 	108 	109 
001507 	269 	102 	108 	109 
001508 	269 	102 	108 	109 
001509 	269 	102 	108 	109 
001510 	269 	102 	108 	109 
001511 	269 	102 	108 	109 
001512 	269 	102 	108 	109 
001513 	269 	102 	108 	109 
001514 	269 	102 	108 	109 
001515 	269 	102 	108 	109 
001516 	269 	102 	108 	109 
001517 	269 	102 	108 	109 
001518 	266 	94 	130 	130 
001519 	266 	94 	130 	130 
001520 	269 	90 	108 	109 
001521 	269 	90 	108 	109 
001522 	269 	90 	108 	109 
001523 	269 	90 	108 	109 
001524 	269 	90 	108 	109 
001525 	269 	90 	108 	109 
001526 	269 	90 	108 	109 
001527 	269 	90 	108 	109 
001528 	269 	90 	108 	109 
001529 	269 	90 	108 	109 
001530 	269 	90 	108 	109 
001531 	266 	80 	130 	130 
001532 	266 	80 	130 	130 
001533 	266 	80 	130 	130 
001534 	266 	80 	130 	130 
001535 	266 	80 	130 	130 
001536 	266 	80 	130 	130 
001537 	266 	80 	130 	130 
001538 	269 	90 	108 	109 
001539 	269 	90 	108 	109 
001540 	269 	90 	108 	109 
001541 	266 	94 	130 	130 
001542 	266 	94 	130 	130 
001543 	266 	94 	130 	130 
001544 	269 	90 	108 	109 
001545 	269 	90 	108 	109 
001546 	269 	90 	108 	109 
001547 	266 	94 	130 	130 
001548 	269 	102 	108 	109 
001549 	266 	94 	130 	130 
001550 	266 	94 	130 	130 
001551 	266 	94 	130 	130 
001552 	266 	94 	130 	130 
001553 	269 	102 	108 	109 
001554 	269 	102 	108 	109 
001555 	269 	102 	108 	109 
001556 	269 	102 	108 	109 
001557 	269 	102 	108 	109 
001558 	269 	102 	108 	109 
001559 	269 	102 	108 	109 
001560 	269 	102 	108 	109 
001561 	269 	102 	108 	109 
001562 	269 	102 	108 	109 
001563 	269 	102 	108 	109 
001564 	269 	102 	108 	109 
001565 	269 	102 	108 	109 
001566 	269 	102 	108 	109 
001567 	269 	102 	108 	109 
001568 	269 	102 	108 	109 
001569 	269 	102 	108 	109 
001570 	269 	102 	108 	109 
001571 	269 	102 	108 	109 
001572 	269 	102 	108 	109 
001573 	269 	102 	108 	109 
001574 	269 	102 	108 	109 
001575 	269 	102 	108 	109 
001576 	269 	102 	108 	109 
001577 	269 	102 	108 	109 
001578 	269 	102 	108 	109 
001579 	269 	102 	108 	109 
001580 	269 	102 	108 	109 
001581 	269 	102 	108 	109 
001582 	269 	102 	108 	109 
001583 	269 	102 	108 	109 
001584 	269 	102 	108 	109 
001585 	269 	102 	108 	109 
001586 	269 	102 	108 	109 
001587 	269 	102 	108 	109 
001588 	269 	102 	108 	109 
001589 	269 	102 	108 	109 
001590 	269 	102 	108 	109 
001591 	269 	102 	108 	109 
001592 	269 	102 	108 	109 
001593 	269 	102 	108 	109 
001594 	269 	102 	108 	109 
001595 	269 	102 	108 	109 
001596 	269 	102 	108 	109 
001597 	269 	102 	108 	109 
001598 	269 	102 	108 	109 
001599 	269 	102 	108 	109 
001600 	269 	102 	108 	109 
001601 	269 	102 	108 	109 
001602 	269 	102 	108 	109 
001603 	269 	102 	108 	109 
001604 	269 	102 	108 	109 
001605 	269 	102 	108 	109 
001606 	269 	102 	108 	109 
