Identity  : 	id10712
Reference : 	PuY2qmx5gCw
Offset    : 	-3
FV Conf   : 	16.076
ASD Conf  : 	5.421

FRAME 	X 	Y 	W 	H 
001805 	209 	126 	109 	109 
001806 	208 	123 	130 	130 
001807 	208 	123 	130 	130 
001808 	208 	123 	130 	130 
001809 	208 	123 	130 	130 
001810 	208 	109 	130 	130 
001811 	208 	109 	130 	130 
001812 	208 	109 	130 	130 
001813 	208 	109 	130 	130 
001814 	221 	126 	109 	109 
001815 	223 	109 	130 	130 
001816 	223 	109 	130 	130 
001817 	223 	109 	130 	130 
001818 	233 	114 	109 	109 
001819 	223 	109 	130 	130 
001820 	223 	109 	130 	130 
001821 	223 	109 	130 	130 
001822 	233 	126 	109 	109 
001823 	223 	123 	130 	130 
001824 	223 	123 	130 	130 
001825 	223 	123 	130 	130 
001826 	223 	123 	130 	130 
001827 	223 	123 	130 	130 
001828 	223 	123 	130 	130 
001829 	223 	123 	130 	130 
001830 	223 	123 	130 	130 
001831 	223 	123 	130 	130 
001832 	223 	123 	130 	130 
001833 	233 	126 	109 	109 
001834 	208 	123 	130 	130 
001835 	208 	123 	130 	130 
001836 	208 	123 	130 	130 
001837 	208 	123 	130 	130 
001838 	208 	123 	130 	130 
001839 	208 	123 	130 	130 
001840 	208 	123 	130 	130 
001841 	208 	123 	130 	130 
001842 	208 	123 	130 	130 
001843 	208 	123 	130 	130 
001844 	208 	123 	130 	130 
001845 	221 	126 	109 	109 
001846 	221 	126 	109 	109 
001847 	221 	126 	109 	109 
001848 	221 	126 	109 	109 
001849 	221 	126 	109 	109 
001850 	221 	126 	109 	109 
001851 	221 	126 	109 	109 
001852 	221 	126 	109 	109 
001853 	221 	126 	109 	109 
001854 	221 	126 	109 	109 
001855 	221 	126 	109 	109 
001856 	221 	126 	109 	109 
001857 	221 	126 	109 	109 
001858 	221 	126 	109 	109 
001859 	221 	126 	109 	109 
001860 	221 	126 	109 	109 
001861 	221 	126 	109 	109 
001862 	221 	126 	109 	109 
001863 	221 	126 	109 	109 
001864 	221 	126 	109 	109 
001865 	221 	126 	109 	109 
001866 	221 	126 	109 	109 
001867 	221 	126 	109 	109 
001868 	221 	126 	109 	109 
001869 	221 	126 	109 	109 
001870 	221 	126 	109 	109 
001871 	221 	126 	109 	109 
001872 	221 	126 	109 	109 
001873 	221 	126 	109 	109 
001874 	221 	126 	109 	109 
001875 	221 	126 	109 	109 
001876 	221 	126 	109 	109 
001877 	221 	126 	109 	109 
001878 	221 	126 	109 	109 
001879 	221 	126 	109 	109 
001880 	221 	126 	109 	109 
001881 	221 	126 	109 	109 
001882 	221 	126 	109 	109 
001883 	208 	123 	130 	130 
001884 	208 	123 	130 	130 
001885 	208 	123 	130 	130 
001886 	208 	123 	130 	130 
001887 	208 	123 	130 	130 
001888 	208 	123 	130 	130 
001889 	208 	123 	130 	130 
001890 	208 	123 	130 	130 
001891 	208 	123 	130 	130 
001892 	208 	123 	130 	130 
001893 	208 	123 	130 	130 
001894 	208 	123 	130 	130 
001895 	208 	123 	130 	130 
001896 	208 	109 	130 	130 
001897 	208 	109 	130 	130 
001898 	208 	109 	130 	130 
001899 	208 	109 	130 	130 
001900 	208 	109 	130 	130 
001901 	221 	126 	109 	109 
001902 	221 	126 	109 	109 
001903 	208 	109 	130 	130 
001904 	208 	109 	130 	130 
001905 	208 	109 	130 	130 
001906 	221 	114 	109 	109 
001907 	221 	114 	109 	109 
001908 	221 	102 	109 	109 
001909 	233 	114 	109 	109 
001910 	233 	114 	109 	109 
001911 	223 	109 	130 	130 
001912 	208 	109 	130 	130 
001913 	208 	109 	130 	130 
001914 	208 	109 	130 	130 
001915 	208 	109 	130 	130 
001916 	208 	123 	130 	130 
001917 	208 	123 	130 	130 
001918 	208 	123 	130 	130 
001919 	208 	123 	130 	130 
001920 	208 	123 	130 	130 
001921 	208 	123 	130 	130 
001922 	208 	123 	130 	130 
001923 	208 	123 	130 	130 
001924 	208 	123 	130 	130 
001925 	208 	123 	130 	130 
001926 	208 	123 	130 	130 
001927 	208 	123 	130 	130 
001928 	208 	109 	130 	130 
001929 	208 	123 	130 	130 
001930 	208 	109 	130 	130 
001931 	208 	109 	130 	130 
001932 	208 	109 	130 	130 
001933 	208 	109 	130 	130 
001934 	208 	109 	130 	130 
001935 	208 	109 	130 	130 
001936 	208 	109 	130 	130 
001937 	208 	109 	130 	130 
001938 	208 	109 	130 	130 
001939 	208 	109 	130 	130 
001940 	208 	109 	130 	130 
