Identity  : 	id10712
Reference : 	PuY2qmx5gCw
Offset    : 	-3
FV Conf   : 	13.856
ASD Conf  : 	6.777

FRAME 	X 	Y 	W 	H 
017611 	208 	123 	130 	130 
017612 	208 	123 	130 	130 
017613 	208 	123 	130 	130 
017614 	208 	123 	130 	130 
017615 	208 	123 	130 	130 
017616 	208 	123 	130 	130 
017617 	208 	123 	130 	130 
017618 	208 	123 	130 	130 
017619 	208 	123 	130 	130 
017620 	208 	123 	130 	130 
017621 	208 	123 	130 	130 
017622 	208 	123 	130 	130 
017623 	208 	123 	130 	130 
017624 	208 	123 	130 	130 
017625 	208 	123 	130 	130 
017626 	208 	123 	130 	130 
017627 	208 	123 	130 	130 
017628 	208 	123 	130 	130 
017629 	208 	123 	130 	130 
017630 	208 	123 	130 	130 
017631 	208 	123 	130 	130 
017632 	208 	123 	130 	130 
017633 	208 	123 	130 	130 
017634 	208 	123 	130 	130 
017635 	208 	123 	130 	130 
017636 	208 	123 	130 	130 
017637 	208 	123 	130 	130 
017638 	221 	126 	109 	109 
017639 	221 	126 	109 	109 
017640 	221 	126 	109 	109 
017641 	208 	123 	130 	130 
017642 	194 	123 	130 	130 
017643 	194 	123 	130 	130 
017644 	194 	123 	130 	130 
017645 	194 	123 	130 	130 
017646 	194 	123 	130 	130 
017647 	194 	123 	130 	130 
017648 	194 	123 	130 	130 
017649 	194 	123 	130 	130 
017650 	194 	123 	130 	130 
017651 	194 	123 	130 	130 
017652 	194 	123 	130 	130 
017653 	194 	123 	130 	130 
017654 	194 	123 	130 	130 
017655 	194 	123 	130 	130 
017656 	194 	123 	130 	130 
017657 	194 	123 	130 	130 
017658 	194 	123 	130 	130 
017659 	194 	123 	130 	130 
017660 	194 	123 	130 	130 
017661 	194 	123 	130 	130 
017662 	194 	123 	130 	130 
017663 	194 	123 	130 	130 
017664 	194 	123 	130 	130 
017665 	194 	123 	130 	130 
017666 	194 	123 	130 	130 
017667 	194 	123 	130 	130 
017668 	194 	123 	130 	130 
017669 	194 	123 	130 	130 
017670 	194 	123 	130 	130 
017671 	194 	123 	130 	130 
017672 	194 	123 	130 	130 
017673 	194 	123 	130 	130 
017674 	194 	123 	130 	130 
017675 	194 	123 	130 	130 
017676 	194 	123 	130 	130 
017677 	194 	123 	130 	130 
017678 	209 	126 	109 	109 
017679 	208 	123 	130 	130 
017680 	221 	126 	109 	109 
017681 	208 	123 	130 	130 
017682 	221 	126 	109 	109 
017683 	221 	126 	109 	109 
017684 	221 	126 	109 	109 
017685 	221 	126 	109 	109 
017686 	221 	126 	109 	109 
017687 	221 	114 	109 	109 
017688 	208 	109 	130 	130 
017689 	221 	126 	109 	109 
017690 	221 	126 	109 	109 
017691 	221 	126 	109 	109 
017692 	221 	126 	109 	109 
017693 	221 	126 	109 	109 
017694 	221 	126 	109 	109 
017695 	221 	126 	109 	109 
017696 	221 	126 	109 	109 
017697 	221 	126 	109 	109 
017698 	221 	126 	109 	109 
017699 	221 	126 	109 	109 
017700 	221 	126 	109 	109 
017701 	221 	126 	109 	109 
017702 	221 	126 	109 	109 
017703 	221 	126 	109 	109 
017704 	221 	126 	109 	109 
017705 	221 	126 	109 	109 
017706 	221 	126 	109 	109 
017707 	221 	126 	109 	109 
017708 	221 	126 	109 	109 
017709 	221 	126 	109 	109 
017710 	208 	109 	130 	130 
017711 	221 	114 	109 	109 
017712 	221 	114 	109 	109 
017713 	208 	109 	130 	130 
017714 	221 	114 	109 	109 
017715 	221 	114 	109 	109 
017716 	221 	114 	109 	109 
017717 	221 	114 	109 	109 
017718 	208 	109 	130 	130 
017719 	208 	109 	130 	130 
017720 	221 	126 	109 	109 
017721 	221 	126 	109 	109 
017722 	208 	109 	130 	130 
017723 	221 	126 	109 	109 
017724 	221 	126 	109 	109 
017725 	221 	126 	109 	109 
017726 	221 	126 	109 	109 
017727 	221 	126 	109 	109 
017728 	221 	126 	109 	109 
017729 	221 	126 	109 	109 
017730 	221 	126 	109 	109 
017731 	221 	126 	109 	109 
017732 	221 	126 	109 	109 
017733 	221 	126 	109 	109 
017734 	221 	126 	109 	109 
017735 	221 	126 	109 	109 
017736 	221 	126 	109 	109 
017737 	221 	126 	109 	109 
017738 	221 	126 	109 	109 
017739 	221 	126 	109 	109 
017740 	208 	123 	130 	130 
017741 	208 	123 	130 	130 
017742 	208 	123 	130 	130 
017743 	221 	126 	109 	109 
017744 	221 	126 	109 	109 
017745 	221 	126 	109 	109 
017746 	221 	126 	109 	109 
017747 	221 	126 	109 	109 
017748 	208 	123 	130 	130 
017749 	208 	123 	130 	130 
017750 	208 	123 	130 	130 
017751 	208 	123 	130 	130 
017752 	208 	123 	130 	130 
017753 	221 	126 	109 	109 
017754 	221 	126 	109 	109 
017755 	221 	126 	109 	109 
017756 	209 	126 	109 	109 
017757 	209 	126 	109 	109 
017758 	221 	126 	109 	109 
017759 	221 	126 	109 	109 
017760 	221 	126 	109 	109 
017761 	221 	126 	109 	109 
017762 	221 	126 	109 	109 
017763 	221 	126 	109 	109 
017764 	221 	126 	109 	109 
017765 	221 	126 	109 	109 
017766 	221 	126 	109 	109 
017767 	221 	126 	109 	109 
017768 	221 	126 	109 	109 
017769 	221 	126 	109 	109 
017770 	221 	126 	109 	109 
017771 	221 	126 	109 	109 
017772 	221 	126 	109 	109 
017773 	221 	126 	109 	109 
017774 	221 	126 	109 	109 
017775 	221 	126 	109 	109 
017776 	221 	126 	109 	109 
017777 	221 	126 	109 	109 
017778 	221 	126 	109 	109 
017779 	221 	126 	109 	109 
017780 	221 	126 	109 	109 
017781 	221 	126 	109 	109 
017782 	221 	126 	109 	109 
017783 	221 	126 	109 	109 
017784 	221 	126 	109 	109 
017785 	221 	126 	109 	109 
017786 	221 	126 	109 	109 
017787 	221 	126 	109 	109 
017788 	221 	126 	109 	109 
017789 	221 	126 	109 	109 
017790 	208 	109 	130 	130 
017791 	208 	109 	130 	130 
017792 	221 	126 	109 	109 
017793 	208 	109 	130 	130 
017794 	208 	109 	130 	130 
017795 	208 	109 	130 	130 
017796 	208 	109 	130 	130 
017797 	208 	109 	130 	130 
017798 	221 	126 	109 	109 
017799 	221 	126 	109 	109 
017800 	221 	126 	109 	109 
017801 	221 	126 	109 	109 
017802 	221 	126 	109 	109 
017803 	221 	126 	109 	109 
017804 	221 	126 	109 	109 
017805 	221 	126 	109 	109 
017806 	221 	126 	109 	109 
017807 	221 	126 	109 	109 
017808 	221 	126 	109 	109 
017809 	221 	126 	109 	109 
017810 	221 	126 	109 	109 
017811 	221 	126 	109 	109 
017812 	221 	126 	109 	109 
017813 	221 	126 	109 	109 
017814 	221 	126 	109 	109 
017815 	221 	126 	109 	109 
017816 	221 	126 	109 	109 
017817 	221 	126 	109 	109 
017818 	208 	109 	130 	130 
017819 	208 	109 	130 	130 
017820 	208 	109 	130 	130 
017821 	208 	109 	130 	130 
017822 	208 	109 	130 	130 
017823 	208 	109 	130 	130 
017824 	208 	109 	130 	130 
017825 	208 	109 	130 	130 
017826 	208 	109 	130 	130 
017827 	208 	109 	130 	130 
017828 	208 	109 	130 	130 
017829 	208 	109 	130 	130 
017830 	208 	109 	130 	130 
017831 	208 	109 	130 	130 
017832 	208 	109 	130 	130 
017833 	208 	109 	130 	130 
017834 	208 	109 	130 	130 
017835 	208 	109 	130 	130 
017836 	208 	109 	130 	130 
017837 	208 	109 	130 	130 
017838 	208 	109 	130 	130 
017839 	208 	109 	130 	130 
017840 	208 	109 	130 	130 
017841 	221 	126 	109 	109 
017842 	221 	126 	109 	109 
017843 	221 	126 	109 	109 
017844 	221 	126 	109 	109 
017845 	208 	109 	130 	130 
017846 	208 	109 	130 	130 
017847 	208 	109 	130 	130 
017848 	209 	102 	109 	109 
017849 	209 	102 	109 	109 
017850 	209 	114 	109 	109 
017851 	208 	109 	130 	130 
017852 	208 	109 	130 	130 
017853 	208 	109 	130 	130 
017854 	221 	126 	109 	109 
017855 	221 	126 	109 	109 
017856 	221 	126 	109 	109 
017857 	208 	109 	130 	130 
017858 	208 	109 	130 	130 
017859 	208 	109 	130 	130 
017860 	208 	109 	130 	130 
017861 	221 	126 	109 	109 
017862 	221 	126 	109 	109 
017863 	221 	126 	109 	109 
017864 	221 	126 	109 	109 
017865 	221 	126 	109 	109 
017866 	221 	126 	109 	109 
017867 	221 	126 	109 	109 
017868 	221 	126 	109 	109 
017869 	221 	126 	109 	109 
017870 	221 	126 	109 	109 
017871 	221 	126 	109 	109 
017872 	221 	126 	109 	109 
017873 	221 	126 	109 	109 
017874 	221 	126 	109 	109 
017875 	221 	126 	109 	109 
017876 	221 	126 	109 	109 
017877 	208 	109 	130 	130 
017878 	208 	109 	130 	130 
017879 	208 	109 	130 	130 
017880 	209 	114 	109 	109 
017881 	208 	109 	130 	130 
017882 	209 	114 	109 	109 
017883 	209 	114 	109 	109 
017884 	209 	114 	109 	109 
017885 	209 	114 	109 	109 
017886 	209 	114 	109 	109 
017887 	209 	114 	109 	109 
017888 	209 	114 	109 	109 
017889 	209 	114 	109 	109 
017890 	209 	114 	109 	109 
017891 	209 	114 	109 	109 
017892 	194 	109 	130 	130 
017893 	194 	109 	130 	130 
017894 	194 	109 	130 	130 
017895 	194 	109 	130 	130 
017896 	194 	109 	130 	130 
017897 	194 	109 	130 	130 
017898 	194 	109 	130 	130 
017899 	194 	109 	130 	130 
017900 	194 	109 	130 	130 
017901 	194 	109 	130 	130 
017902 	194 	109 	130 	130 
017903 	194 	109 	130 	130 
017904 	194 	109 	130 	130 
017905 	194 	109 	130 	130 
017906 	194 	109 	130 	130 
017907 	194 	109 	130 	130 
017908 	209 	114 	109 	109 
017909 	209 	114 	109 	109 
017910 	209 	114 	109 	109 
017911 	209 	114 	109 	109 
017912 	209 	114 	109 	109 
017913 	209 	114 	109 	109 
017914 	209 	114 	109 	109 
017915 	209 	114 	109 	109 
017916 	209 	126 	109 	109 
017917 	209 	114 	109 	109 
017918 	209 	114 	109 	109 
017919 	209 	114 	109 	109 
017920 	209 	114 	109 	109 
017921 	209 	114 	109 	109 
017922 	209 	114 	109 	109 
017923 	209 	114 	109 	109 
017924 	209 	114 	109 	109 
017925 	209 	114 	109 	109 
017926 	209 	114 	109 	109 
017927 	209 	114 	109 	109 
017928 	209 	114 	109 	109 
017929 	209 	114 	109 	109 
017930 	209 	114 	109 	109 
017931 	209 	114 	109 	109 
017932 	209 	126 	109 	109 
017933 	209 	126 	109 	109 
017934 	209 	126 	109 	109 
017935 	209 	114 	109 	109 
017936 	209 	114 	109 	109 
017937 	209 	114 	109 	109 
017938 	209 	114 	109 	109 
017939 	209 	114 	109 	109 
017940 	209 	114 	109 	109 
017941 	209 	114 	109 	109 
017942 	209 	114 	109 	109 
017943 	209 	114 	109 	109 
017944 	209 	114 	109 	109 
017945 	209 	114 	109 	109 
017946 	209 	114 	109 	109 
017947 	209 	114 	109 	109 
017948 	209 	114 	109 	109 
017949 	209 	114 	109 	109 
017950 	209 	114 	109 	109 
017951 	209 	114 	109 	109 
017952 	209 	114 	109 	109 
017953 	209 	114 	109 	109 
017954 	209 	114 	109 	109 
017955 	209 	114 	109 	109 
017956 	209 	126 	109 	109 
017957 	209 	126 	109 	109 
017958 	209 	126 	109 	109 
017959 	209 	114 	109 	109 
017960 	209 	114 	109 	109 
017961 	209 	114 	109 	109 
017962 	209 	126 	109 	109 
017963 	209 	126 	109 	109 
017964 	209 	114 	109 	109 
017965 	209 	114 	109 	109 
017966 	209 	114 	109 	109 
017967 	209 	114 	109 	109 
017968 	209 	114 	109 	109 
017969 	209 	126 	109 	109 
017970 	221 	126 	109 	109 
017971 	221 	126 	109 	109 
017972 	221 	126 	109 	109 
017973 	221 	126 	109 	109 
017974 	208 	109 	130 	130 
017975 	208 	109 	130 	130 
017976 	209 	114 	109 	109 
017977 	209 	126 	109 	109 
017978 	194 	123 	130 	130 
017979 	208 	123 	130 	130 
017980 	221 	126 	109 	109 
017981 	221 	126 	109 	109 
017982 	221 	114 	109 	109 
017983 	221 	114 	109 	109 
017984 	221 	114 	109 	109 
017985 	208 	109 	130 	130 
017986 	208 	109 	130 	130 
017987 	209 	114 	109 	109 
017988 	194 	123 	130 	130 
017989 	194 	123 	130 	130 
017990 	194 	123 	130 	130 
017991 	208 	109 	130 	130 
017992 	209 	114 	109 	109 
017993 	209 	114 	109 	109 
017994 	209 	126 	109 	109 
017995 	209 	126 	109 	109 
017996 	209 	126 	109 	109 
017997 	209 	126 	109 	109 
017998 	209 	126 	109 	109 
017999 	209 	126 	109 	109 
018000 	209 	114 	109 	109 
018001 	209 	114 	109 	109 
018002 	209 	114 	109 	109 
018003 	209 	126 	109 	109 
018004 	209 	126 	109 	109 
018005 	194 	123 	130 	130 
018006 	208 	123 	130 	130 
018007 	208 	123 	130 	130 
018008 	208 	123 	130 	130 
018009 	208 	123 	130 	130 
018010 	194 	109 	130 	130 
018011 	209 	126 	109 	109 
018012 	194 	109 	130 	130 
018013 	208 	109 	130 	130 
018014 	208 	109 	130 	130 
018015 	209 	126 	109 	109 
018016 	209 	126 	109 	109 
018017 	209 	126 	109 	109 
018018 	209 	126 	109 	109 
018019 	209 	114 	109 	109 
018020 	209 	114 	109 	109 
018021 	209 	114 	109 	109 
018022 	209 	114 	109 	109 
018023 	209 	126 	109 	109 
018024 	209 	126 	109 	109 
018025 	209 	126 	109 	109 
018026 	209 	126 	109 	109 
018027 	209 	126 	109 	109 
018028 	194 	123 	130 	130 
018029 	194 	123 	130 	130 
