Identity  : 	id10493
Reference : 	uBfryYcxhn4
Offset    : 	-3
FV Conf   : 	13.071
ASD Conf  : 	6.270

FRAME 	X 	Y 	W 	H 
001692 	223 	109 	130 	130 
001693 	223 	109 	130 	130 
001694 	223 	109 	130 	130 
001695 	223 	109 	130 	130 
001696 	223 	109 	130 	130 
001697 	223 	109 	130 	130 
001698 	223 	109 	130 	130 
001699 	223 	109 	130 	130 
001700 	223 	109 	130 	130 
001701 	223 	109 	130 	130 
001702 	223 	109 	130 	130 
001703 	223 	109 	130 	130 
001704 	223 	109 	130 	130 
001705 	223 	109 	130 	130 
001706 	223 	109 	130 	130 
001707 	223 	109 	130 	130 
001708 	223 	109 	130 	130 
001709 	223 	109 	130 	130 
001710 	223 	123 	130 	130 
001711 	223 	123 	130 	130 
001712 	223 	123 	130 	130 
001713 	223 	123 	130 	130 
001714 	223 	123 	130 	130 
001715 	223 	109 	130 	130 
001716 	223 	109 	130 	130 
001717 	223 	109 	130 	130 
001718 	223 	109 	130 	130 
001719 	223 	109 	130 	130 
001720 	223 	109 	130 	130 
001721 	223 	109 	130 	130 
001722 	223 	109 	130 	130 
001723 	223 	109 	130 	130 
001724 	223 	109 	130 	130 
001725 	223 	109 	130 	130 
001726 	223 	109 	130 	130 
001727 	223 	109 	130 	130 
001728 	223 	109 	130 	130 
001729 	223 	109 	130 	130 
001730 	223 	109 	130 	130 
001731 	223 	109 	130 	130 
001732 	223 	109 	130 	130 
001733 	223 	109 	130 	130 
001734 	223 	109 	130 	130 
001735 	223 	109 	130 	130 
001736 	223 	109 	130 	130 
001737 	199 	96 	155 	156 
001738 	199 	96 	155 	156 
001739 	208 	109 	130 	130 
001740 	208 	109 	130 	130 
001741 	208 	109 	130 	130 
001742 	208 	109 	130 	130 
001743 	208 	109 	130 	130 
001744 	208 	109 	130 	130 
001745 	208 	109 	130 	130 
001746 	199 	96 	155 	156 
001747 	199 	96 	155 	156 
001748 	199 	96 	155 	156 
001749 	199 	96 	155 	156 
001750 	199 	96 	155 	156 
001751 	208 	109 	130 	130 
001752 	199 	96 	155 	156 
001753 	199 	96 	155 	156 
001754 	199 	96 	155 	156 
001755 	199 	96 	155 	156 
001756 	199 	96 	155 	156 
001757 	223 	109 	130 	130 
001758 	223 	109 	130 	130 
001759 	223 	109 	130 	130 
001760 	223 	109 	130 	130 
001761 	199 	96 	155 	156 
001762 	199 	96 	155 	156 
001763 	199 	96 	155 	156 
001764 	223 	109 	130 	130 
001765 	223 	109 	130 	130 
001766 	199 	96 	155 	156 
001767 	223 	109 	130 	130 
001768 	223 	109 	130 	130 
001769 	223 	109 	130 	130 
001770 	223 	109 	130 	130 
001771 	223 	109 	130 	130 
001772 	223 	109 	130 	130 
001773 	223 	109 	130 	130 
001774 	223 	109 	130 	130 
001775 	223 	109 	130 	130 
001776 	223 	109 	130 	130 
001777 	223 	109 	130 	130 
001778 	223 	109 	130 	130 
001779 	223 	109 	130 	130 
001780 	223 	109 	130 	130 
001781 	223 	109 	130 	130 
001782 	223 	109 	130 	130 
001783 	223 	109 	130 	130 
001784 	223 	123 	130 	130 
001785 	223 	123 	130 	130 
001786 	223 	123 	130 	130 
001787 	223 	123 	130 	130 
001788 	223 	123 	130 	130 
001789 	223 	123 	130 	130 
001790 	223 	123 	130 	130 
001791 	223 	123 	130 	130 
001792 	223 	123 	130 	130 
001793 	223 	123 	130 	130 
001794 	223 	109 	130 	130 
001795 	199 	96 	155 	156 
001796 	199 	96 	155 	156 
001797 	199 	96 	155 	156 
001798 	199 	96 	155 	156 
001799 	199 	96 	155 	156 
001800 	199 	96 	155 	156 
001801 	199 	96 	155 	156 
001802 	223 	109 	130 	130 
001803 	223 	109 	130 	130 
001804 	223 	109 	130 	130 
001805 	223 	109 	130 	130 
001806 	223 	109 	130 	130 
001807 	223 	109 	130 	130 
001808 	223 	109 	130 	130 
001809 	223 	109 	130 	130 
001810 	223 	109 	130 	130 
001811 	223 	109 	130 	130 
001812 	223 	109 	130 	130 
001813 	223 	109 	130 	130 
001814 	223 	109 	130 	130 
001815 	223 	109 	130 	130 
001816 	223 	109 	130 	130 
001817 	199 	96 	155 	156 
001818 	199 	96 	155 	156 
001819 	199 	96 	155 	156 
001820 	199 	96 	155 	156 
001821 	199 	96 	155 	156 
001822 	199 	96 	155 	156 
001823 	199 	96 	155 	156 
001824 	199 	96 	155 	156 
001825 	199 	96 	155 	156 
001826 	199 	96 	155 	156 
001827 	199 	96 	155 	156 
001828 	199 	96 	155 	156 
001829 	199 	96 	155 	156 
001830 	199 	96 	155 	156 
001831 	223 	109 	130 	130 
001832 	223 	109 	130 	130 
001833 	223 	109 	130 	130 
001834 	223 	109 	130 	130 
001835 	223 	109 	130 	130 
