Identity  : 	id10985
Reference : 	lFHQNZGlgng
Offset    : 	-2
FV Conf   : 	25.183
ASD Conf  : 	7.082

FRAME 	X 	Y 	W 	H 
007319 	267 	96 	156 	156 
007320 	267 	96 	156 	156 
007321 	267 	96 	156 	156 
007322 	267 	96 	156 	156 
007323 	267 	96 	156 	156 
007324 	267 	96 	156 	156 
007325 	267 	96 	156 	156 
007326 	267 	96 	156 	156 
007327 	267 	96 	156 	156 
007328 	267 	96 	156 	156 
007329 	267 	96 	156 	156 
007330 	267 	96 	156 	156 
007331 	267 	96 	156 	156 
007332 	267 	96 	156 	156 
007333 	267 	96 	156 	156 
007334 	267 	96 	156 	156 
007335 	267 	96 	156 	156 
007336 	267 	96 	156 	156 
007337 	267 	96 	156 	156 
007338 	267 	96 	156 	156 
007339 	267 	96 	156 	156 
007340 	267 	96 	156 	156 
007341 	267 	96 	156 	156 
007342 	267 	96 	156 	156 
007343 	267 	96 	156 	156 
007344 	267 	79 	156 	156 
007345 	267 	79 	156 	156 
007346 	280 	109 	130 	130 
007347 	280 	109 	130 	130 
007348 	267 	79 	156 	156 
007349 	267 	79 	156 	156 
007350 	267 	79 	156 	156 
007351 	267 	79 	156 	156 
007352 	267 	79 	156 	156 
007353 	267 	79 	156 	156 
007354 	285 	79 	155 	156 
007355 	285 	79 	155 	156 
007356 	285 	79 	155 	156 
007357 	285 	79 	155 	156 
007358 	285 	79 	155 	156 
007359 	267 	79 	156 	156 
007360 	267 	79 	156 	156 
007361 	267 	79 	156 	156 
007362 	267 	79 	156 	156 
007363 	267 	79 	156 	156 
007364 	285 	79 	155 	156 
007365 	285 	79 	155 	156 
007366 	309 	94 	130 	130 
007367 	302 	79 	156 	156 
007368 	302 	79 	156 	156 
007369 	302 	62 	156 	155 
007370 	302 	62 	156 	155 
007371 	302 	62 	156 	155 
007372 	302 	62 	156 	155 
007373 	302 	62 	156 	155 
007374 	285 	62 	155 	155 
007375 	285 	62 	155 	155 
007376 	285 	62 	155 	155 
007377 	285 	62 	155 	155 
007378 	285 	62 	155 	155 
007379 	285 	62 	155 	155 
007380 	285 	62 	155 	155 
007381 	285 	62 	155 	155 
007382 	285 	62 	155 	155 
007383 	285 	62 	155 	155 
007384 	285 	62 	155 	155 
007385 	285 	62 	155 	155 
007386 	285 	62 	155 	155 
007387 	285 	62 	155 	155 
007388 	285 	62 	155 	155 
007389 	285 	62 	155 	155 
007390 	285 	62 	155 	155 
007391 	285 	62 	155 	155 
007392 	285 	62 	155 	155 
007393 	285 	62 	155 	155 
007394 	285 	62 	155 	155 
007395 	285 	62 	155 	155 
007396 	285 	62 	155 	155 
007397 	285 	62 	155 	155 
007398 	285 	62 	155 	155 
007399 	285 	62 	155 	155 
007400 	285 	62 	155 	155 
007401 	285 	62 	155 	155 
007402 	285 	62 	155 	155 
007403 	285 	62 	155 	155 
007404 	285 	62 	155 	155 
007405 	285 	62 	155 	155 
007406 	285 	62 	155 	155 
007407 	285 	62 	155 	155 
007408 	309 	80 	130 	130 
007409 	309 	80 	130 	130 
007410 	302 	79 	156 	156 
007411 	302 	79 	156 	156 
007412 	302 	79 	156 	156 
007413 	302 	79 	156 	156 
007414 	302 	79 	156 	156 
007415 	302 	79 	156 	156 
007416 	302 	79 	156 	156 
007417 	302 	79 	156 	156 
007418 	302 	79 	156 	156 
007419 	302 	79 	156 	156 
007420 	302 	79 	156 	156 
007421 	302 	79 	156 	156 
007422 	302 	79 	156 	156 
007423 	302 	79 	156 	156 
007424 	302 	79 	156 	156 
007425 	309 	94 	130 	130 
007426 	309 	94 	130 	130 
007427 	309 	94 	130 	130 
007428 	285 	79 	155 	156 
