Identity  : 	id11112
Reference : 	ucKerrSHV5s
Offset    : 	-2
FV Conf   : 	17.092
ASD Conf  : 	6.764

FRAME 	X 	Y 	W 	H 
005255 	145 	62 	76 	76 
005256 	134 	55 	91 	91 
005257 	134 	55 	91 	91 
005258 	134 	55 	91 	91 
005259 	137 	62 	75 	76 
005260 	137 	62 	75 	76 
005261 	124 	55 	91 	91 
005262 	124 	55 	91 	91 
005263 	124 	55 	91 	91 
005264 	137 	62 	75 	76 
005265 	137 	62 	75 	76 
005266 	137 	62 	75 	76 
005267 	134 	55 	91 	91 
005268 	134 	55 	91 	91 
005269 	134 	55 	91 	91 
005270 	134 	55 	91 	91 
005271 	137 	62 	75 	76 
005272 	137 	62 	75 	76 
005273 	124 	55 	91 	91 
005274 	124 	55 	91 	91 
005275 	124 	55 	91 	91 
005276 	124 	55 	91 	91 
005277 	124 	55 	91 	91 
005278 	124 	55 	91 	91 
005279 	124 	55 	91 	91 
005280 	124 	55 	91 	91 
005281 	124 	55 	91 	91 
005282 	137 	62 	75 	76 
005283 	137 	62 	75 	76 
005284 	137 	62 	75 	76 
005285 	134 	55 	91 	91 
005286 	134 	55 	91 	91 
005287 	134 	55 	91 	91 
005288 	134 	55 	91 	91 
005289 	134 	55 	91 	91 
005290 	134 	55 	91 	91 
005291 	134 	55 	91 	91 
005292 	134 	55 	91 	91 
005293 	134 	55 	91 	91 
005294 	134 	55 	91 	91 
005295 	134 	55 	91 	91 
005296 	134 	55 	91 	91 
005297 	134 	45 	91 	91 
005298 	134 	55 	91 	91 
005299 	134 	55 	91 	91 
005300 	126 	43 	108 	108 
005301 	137 	62 	75 	76 
005302 	124 	55 	91 	91 
005303 	124 	55 	91 	91 
005304 	124 	55 	91 	91 
005305 	124 	65 	91 	91 
005306 	124 	65 	91 	91 
005307 	128 	71 	76 	75 
005308 	114 	65 	91 	91 
005309 	114 	65 	91 	91 
005310 	114 	65 	91 	91 
005311 	114 	65 	91 	91 
005312 	128 	71 	76 	75 
005313 	128 	71 	76 	75 
005314 	128 	71 	76 	75 
005315 	128 	71 	76 	75 
005316 	128 	71 	76 	75 
005317 	128 	71 	76 	75 
005318 	114 	65 	91 	91 
005319 	128 	71 	76 	75 
005320 	114 	65 	91 	91 
005321 	128 	71 	76 	75 
005322 	128 	71 	76 	75 
005323 	114 	65 	91 	91 
005324 	114 	65 	91 	91 
005325 	114 	65 	91 	91 
005326 	114 	65 	91 	91 
005327 	114 	65 	91 	91 
005328 	114 	65 	91 	91 
005329 	114 	65 	91 	91 
005330 	114 	65 	91 	91 
005331 	114 	65 	91 	91 
005332 	114 	65 	91 	91 
005333 	114 	65 	91 	91 
005334 	114 	65 	91 	91 
005335 	114 	65 	91 	91 
005336 	114 	65 	91 	91 
005337 	114 	65 	91 	91 
005338 	114 	65 	91 	91 
005339 	128 	71 	76 	75 
005340 	128 	71 	76 	75 
005341 	124 	65 	91 	91 
005342 	114 	65 	91 	91 
005343 	114 	65 	91 	91 
005344 	114 	65 	91 	91 
005345 	128 	71 	76 	75 
005346 	128 	71 	76 	75 
005347 	114 	65 	91 	91 
005348 	114 	65 	91 	91 
005349 	114 	65 	91 	91 
005350 	114 	65 	91 	91 
005351 	114 	65 	91 	91 
005352 	114 	65 	91 	91 
005353 	114 	65 	91 	91 
005354 	114 	65 	91 	91 
005355 	114 	65 	91 	91 
005356 	114 	65 	91 	91 
005357 	114 	65 	91 	91 
005358 	114 	65 	91 	91 
005359 	105 	65 	90 	91 
005360 	105 	65 	90 	91 
005361 	105 	65 	90 	91 
005362 	105 	65 	90 	91 
005363 	114 	65 	91 	91 
005364 	114 	65 	91 	91 
005365 	124 	65 	91 	91 
005366 	124 	65 	91 	91 
005367 	124 	65 	91 	91 
005368 	137 	71 	75 	75 
005369 	137 	71 	75 	75 
005370 	137 	79 	75 	76 
005371 	124 	85 	91 	91 
005372 	128 	87 	76 	76 
005373 	128 	87 	76 	76 
005374 	128 	87 	76 	76 
