Identity  : 	id11112
Reference : 	ucKerrSHV5s
Offset    : 	-2
FV Conf   : 	14.991
ASD Conf  : 	5.546

FRAME 	X 	Y 	W 	H 
003317 	120 	71 	76 	75 
003318 	120 	71 	76 	75 
003319 	105 	75 	90 	91 
003320 	105 	75 	90 	91 
003321 	105 	75 	90 	91 
003322 	105 	75 	90 	91 
003323 	105 	75 	90 	91 
003324 	105 	75 	90 	91 
003325 	105 	75 	90 	91 
003326 	105 	75 	90 	91 
003327 	105 	75 	90 	91 
003328 	105 	75 	90 	91 
003329 	105 	75 	90 	91 
003330 	105 	75 	90 	91 
003331 	105 	75 	90 	91 
003332 	105 	75 	90 	91 
003333 	105 	75 	90 	91 
003334 	105 	75 	90 	91 
003335 	105 	75 	90 	91 
003336 	105 	75 	90 	91 
003337 	105 	75 	90 	91 
003338 	105 	75 	90 	91 
003339 	105 	75 	90 	91 
003340 	105 	75 	90 	91 
003341 	105 	75 	90 	91 
003342 	105 	75 	90 	91 
003343 	105 	75 	90 	91 
003344 	105 	75 	90 	91 
003345 	105 	75 	90 	91 
003346 	105 	75 	90 	91 
003347 	105 	75 	90 	91 
003348 	105 	75 	90 	91 
003349 	105 	75 	90 	91 
003350 	105 	75 	90 	91 
003351 	105 	75 	90 	91 
003352 	105 	75 	90 	91 
003353 	105 	75 	90 	91 
003354 	105 	75 	90 	91 
003355 	114 	75 	91 	91 
003356 	114 	75 	91 	91 
003357 	114 	75 	91 	91 
003358 	114 	75 	91 	91 
003359 	114 	75 	91 	91 
003360 	114 	75 	91 	91 
003361 	114 	75 	91 	91 
003362 	114 	75 	91 	91 
003363 	114 	75 	91 	91 
003364 	114 	75 	91 	91 
003365 	114 	75 	91 	91 
003366 	114 	75 	91 	91 
003367 	114 	75 	91 	91 
003368 	114 	75 	91 	91 
003369 	114 	75 	91 	91 
003370 	114 	75 	91 	91 
003371 	114 	75 	91 	91 
003372 	114 	75 	91 	91 
003373 	128 	71 	76 	75 
003374 	114 	75 	91 	91 
003375 	128 	71 	76 	75 
003376 	114 	75 	91 	91 
003377 	114 	75 	91 	91 
003378 	114 	75 	91 	91 
003379 	114 	75 	91 	91 
003380 	128 	71 	76 	75 
003381 	114 	75 	91 	91 
003382 	124 	65 	91 	91 
003383 	124 	65 	91 	91 
003384 	124 	65 	91 	91 
003385 	124 	65 	91 	91 
003386 	124 	65 	91 	91 
003387 	124 	65 	91 	91 
003388 	124 	65 	91 	91 
003389 	124 	65 	91 	91 
003390 	124 	65 	91 	91 
003391 	124 	65 	91 	91 
003392 	124 	65 	91 	91 
003393 	124 	65 	91 	91 
003394 	124 	65 	91 	91 
003395 	114 	65 	91 	91 
003396 	128 	62 	76 	76 
003397 	124 	65 	91 	91 
003398 	124 	65 	91 	91 
003399 	124 	65 	91 	91 
003400 	124 	65 	91 	91 
003401 	124 	65 	91 	91 
003402 	124 	65 	91 	91 
003403 	124 	65 	91 	91 
003404 	124 	65 	91 	91 
003405 	124 	65 	91 	91 
003406 	124 	65 	91 	91 
003407 	124 	65 	91 	91 
003408 	124 	65 	91 	91 
003409 	124 	65 	91 	91 
003410 	124 	65 	91 	91 
003411 	124 	65 	91 	91 
003412 	124 	65 	91 	91 
003413 	124 	65 	91 	91 
003414 	128 	71 	76 	75 
003415 	124 	65 	91 	91 
003416 	124 	65 	91 	91 
003417 	124 	65 	91 	91 
003418 	124 	65 	91 	91 
003419 	124 	65 	91 	91 
003420 	124 	65 	91 	91 
003421 	128 	71 	76 	75 
003422 	128 	71 	76 	75 
003423 	128 	71 	76 	75 
003424 	128 	71 	76 	75 
003425 	128 	71 	76 	75 
003426 	114 	65 	91 	91 
003427 	128 	71 	76 	75 
003428 	114 	65 	91 	91 
003429 	114 	65 	91 	91 
003430 	114 	65 	91 	91 
003431 	114 	75 	91 	91 
003432 	114 	75 	91 	91 
003433 	105 	75 	90 	91 
003434 	105 	75 	90 	91 
003435 	105 	75 	90 	91 
003436 	105 	75 	90 	91 
003437 	105 	75 	90 	91 
003438 	105 	75 	90 	91 
003439 	105 	75 	90 	91 
003440 	105 	75 	90 	91 
003441 	114 	75 	91 	91 
003442 	114 	65 	91 	91 
003443 	120 	71 	76 	75 
003444 	114 	65 	91 	91 
003445 	114 	65 	91 	91 
003446 	120 	71 	76 	75 
003447 	114 	65 	91 	91 
003448 	114 	65 	91 	91 
003449 	114 	65 	91 	91 
003450 	114 	65 	91 	91 
003451 	114 	65 	91 	91 
003452 	114 	75 	91 	91 
003453 	114 	75 	91 	91 
003454 	114 	75 	91 	91 
003455 	114 	75 	91 	91 
003456 	114 	75 	91 	91 
003457 	114 	75 	91 	91 
003458 	114 	75 	91 	91 
003459 	128 	79 	76 	76 
003460 	128 	87 	76 	76 
003461 	128 	87 	76 	76 
003462 	128 	87 	76 	76 
003463 	128 	87 	76 	76 
003464 	128 	87 	76 	76 
003465 	128 	87 	76 	76 
003466 	128 	87 	76 	76 
003467 	114 	85 	91 	91 
003468 	114 	85 	91 	91 
003469 	114 	85 	91 	91 
003470 	114 	85 	91 	91 
003471 	105 	95 	90 	91 
003472 	105 	95 	90 	91 
003473 	105 	95 	90 	91 
003474 	105 	95 	90 	91 
003475 	112 	104 	75 	76 
003476 	105 	105 	90 	91 
003477 	105 	105 	90 	91 
003478 	105 	105 	90 	91 
003479 	105 	105 	90 	91 
003480 	112 	104 	75 	76 
003481 	114 	95 	91 	91 
003482 	114 	95 	91 	91 
003483 	114 	95 	91 	91 
003484 	114 	85 	91 	91 
003485 	114 	85 	91 	91 
003486 	114 	85 	91 	91 
003487 	114 	85 	91 	91 
003488 	114 	75 	91 	91 
003489 	128 	79 	76 	76 
003490 	114 	75 	91 	91 
003491 	124 	75 	91 	91 
003492 	124 	65 	91 	91 
003493 	124 	65 	91 	91 
003494 	124 	65 	91 	91 
003495 	124 	65 	91 	91 
003496 	124 	65 	91 	91 
003497 	124 	65 	91 	91 
003498 	124 	65 	91 	91 
003499 	124 	65 	91 	91 
003500 	124 	65 	91 	91 
003501 	114 	65 	91 	91 
003502 	114 	65 	91 	91 
003503 	114 	65 	91 	91 
003504 	114 	65 	91 	91 
003505 	114 	65 	91 	91 
003506 	114 	65 	91 	91 
003507 	114 	65 	91 	91 
003508 	114 	65 	91 	91 
003509 	114 	65 	91 	91 
003510 	114 	65 	91 	91 
003511 	114 	65 	91 	91 
003512 	114 	65 	91 	91 
003513 	114 	65 	91 	91 
003514 	114 	65 	91 	91 
003515 	114 	65 	91 	91 
003516 	114 	65 	91 	91 
003517 	114 	65 	91 	91 
003518 	114 	65 	91 	91 
003519 	114 	65 	91 	91 
003520 	114 	65 	91 	91 
003521 	114 	75 	91 	91 
003522 	114 	75 	91 	91 
003523 	114 	75 	91 	91 
003524 	114 	75 	91 	91 
003525 	114 	75 	91 	91 
003526 	114 	75 	91 	91 
003527 	114 	75 	91 	91 
003528 	114 	75 	91 	91 
003529 	114 	75 	91 	91 
003530 	114 	75 	91 	91 
003531 	114 	75 	91 	91 
003532 	114 	75 	91 	91 
003533 	114 	75 	91 	91 
003534 	114 	75 	91 	91 
003535 	114 	75 	91 	91 
003536 	114 	75 	91 	91 
003537 	114 	75 	91 	91 
003538 	114 	85 	91 	91 
003539 	114 	85 	91 	91 
003540 	114 	85 	91 	91 
003541 	114 	85 	91 	91 
003542 	114 	85 	91 	91 
003543 	114 	85 	91 	91 
003544 	114 	85 	91 	91 
003545 	114 	85 	91 	91 
003546 	105 	85 	90 	91 
003547 	105 	85 	90 	91 
003548 	105 	85 	90 	91 
003549 	114 	85 	91 	91 
003550 	120 	87 	76 	76 
003551 	114 	85 	91 	91 
003552 	120 	87 	76 	76 
003553 	114 	85 	91 	91 
003554 	114 	85 	91 	91 
003555 	120 	87 	76 	76 
003556 	120 	87 	76 	76 
003557 	105 	75 	90 	91 
003558 	105 	75 	90 	91 
003559 	105 	75 	90 	91 
003560 	105 	75 	90 	91 
003561 	105 	75 	90 	91 
003562 	105 	75 	90 	91 
003563 	105 	75 	90 	91 
003564 	105 	75 	90 	91 
003565 	105 	75 	90 	91 
003566 	105 	75 	90 	91 
003567 	105 	75 	90 	91 
003568 	114 	75 	91 	91 
003569 	114 	75 	91 	91 
003570 	114 	75 	91 	91 
003571 	114 	75 	91 	91 
003572 	105 	75 	90 	91 
003573 	105 	75 	90 	91 
003574 	105 	75 	90 	91 
003575 	105 	75 	90 	91 
003576 	105 	75 	90 	91 
003577 	105 	75 	90 	91 
003578 	105 	75 	90 	91 
003579 	105 	85 	90 	91 
003580 	105 	85 	90 	91 
003581 	105 	85 	90 	91 
003582 	114 	85 	91 	91 
003583 	114 	85 	91 	91 
003584 	114 	85 	91 	91 
003585 	114 	85 	91 	91 
003586 	114 	85 	91 	91 
003587 	114 	85 	91 	91 
003588 	105 	85 	90 	91 
003589 	105 	85 	90 	91 
003590 	105 	85 	90 	91 
003591 	105 	85 	90 	91 
003592 	105 	85 	90 	91 
003593 	105 	85 	90 	91 
003594 	105 	85 	90 	91 
003595 	105 	85 	90 	91 
003596 	105 	85 	90 	91 
003597 	114 	85 	91 	91 
003598 	114 	75 	91 	91 
003599 	114 	75 	91 	91 
003600 	114 	75 	91 	91 
003601 	114 	75 	91 	91 
003602 	114 	75 	91 	91 
003603 	114 	75 	91 	91 
