Identity  : 	id10712
Reference : 	tXXead9Qiy8
Offset    : 	-1
FV Conf   : 	10.240
ASD Conf  : 	6.948

FRAME 	X 	Y 	W 	H 
006847 	173 	78 	109 	109 
006848 	173 	78 	109 	109 
006849 	173 	78 	109 	109 
006850 	173 	78 	109 	109 
006851 	173 	78 	109 	109 
006852 	173 	78 	109 	109 
006853 	173 	78 	109 	109 
006854 	184 	75 	91 	91 
006855 	184 	75 	91 	91 
006856 	184 	75 	91 	91 
006857 	194 	75 	91 	91 
006858 	194 	85 	91 	91 
006859 	194 	75 	91 	91 
006860 	194 	75 	91 	91 
006861 	185 	78 	109 	109 
006862 	185 	78 	109 	109 
006863 	185 	78 	109 	109 
006864 	185 	78 	109 	109 
006865 	204 	75 	91 	91 
006866 	204 	75 	91 	91 
006867 	204 	75 	91 	91 
006868 	204 	75 	91 	91 
006869 	204 	75 	91 	91 
006870 	194 	75 	91 	91 
006871 	194 	75 	91 	91 
006872 	194 	75 	91 	91 
006873 	194 	75 	91 	91 
006874 	194 	75 	91 	91 
006875 	194 	75 	91 	91 
006876 	194 	75 	91 	91 
006877 	194 	75 	91 	91 
006878 	184 	75 	91 	91 
006879 	184 	75 	91 	91 
006880 	184 	75 	91 	91 
006881 	184 	75 	91 	91 
006882 	184 	75 	91 	91 
006883 	184 	75 	91 	91 
006884 	184 	75 	91 	91 
006885 	184 	75 	91 	91 
006886 	184 	75 	91 	91 
006887 	184 	75 	91 	91 
006888 	184 	75 	91 	91 
006889 	173 	66 	109 	109 
006890 	173 	66 	109 	109 
006891 	173 	66 	109 	109 
006892 	173 	66 	109 	109 
006893 	173 	66 	109 	109 
006894 	174 	75 	91 	91 
006895 	173 	66 	109 	109 
006896 	174 	75 	91 	91 
006897 	174 	75 	91 	91 
006898 	174 	75 	91 	91 
006899 	174 	75 	91 	91 
006900 	174 	75 	91 	91 
006901 	184 	75 	91 	91 
006902 	184 	75 	91 	91 
006903 	173 	66 	109 	109 
006904 	184 	75 	91 	91 
006905 	184 	75 	91 	91 
006906 	173 	66 	109 	109 
006907 	174 	75 	91 	91 
006908 	161 	66 	109 	109 
006909 	161 	66 	109 	109 
006910 	161 	66 	109 	109 
006911 	161 	66 	109 	109 
006912 	174 	75 	91 	91 
006913 	174 	75 	91 	91 
006914 	161 	66 	109 	109 
006915 	164 	75 	91 	91 
006916 	164 	75 	91 	91 
006917 	164 	75 	91 	91 
006918 	164 	75 	91 	91 
006919 	161 	66 	109 	109 
006920 	161 	66 	109 	109 
006921 	161 	66 	109 	109 
006922 	161 	78 	109 	109 
006923 	161 	78 	109 	109 
006924 	174 	75 	91 	91 
006925 	174 	75 	91 	91 
006926 	174 	75 	91 	91 
006927 	184 	75 	91 	91 
006928 	184 	75 	91 	91 
006929 	184 	75 	91 	91 
006930 	184 	75 	91 	91 
006931 	184 	75 	91 	91 
006932 	184 	75 	91 	91 
006933 	184 	75 	91 	91 
006934 	194 	75 	91 	91 
006935 	194 	75 	91 	91 
006936 	194 	75 	91 	91 
006937 	194 	75 	91 	91 
006938 	194 	75 	91 	91 
006939 	194 	75 	91 	91 
006940 	194 	75 	91 	91 
006941 	194 	75 	91 	91 
006942 	194 	75 	91 	91 
006943 	194 	75 	91 	91 
006944 	194 	75 	91 	91 
006945 	194 	75 	91 	91 
006946 	194 	75 	91 	91 
006947 	194 	75 	91 	91 
006948 	194 	75 	91 	91 
006949 	194 	75 	91 	91 
006950 	185 	66 	109 	109 
006951 	185 	66 	109 	109 
006952 	185 	66 	109 	109 
006953 	194 	75 	91 	91 
006954 	194 	75 	91 	91 
006955 	194 	75 	91 	91 
006956 	194 	75 	91 	91 
006957 	194 	75 	91 	91 
006958 	194 	75 	91 	91 
006959 	194 	75 	91 	91 
006960 	194 	75 	91 	91 
006961 	194 	75 	91 	91 
006962 	194 	75 	91 	91 
006963 	194 	75 	91 	91 
006964 	194 	75 	91 	91 
006965 	194 	75 	91 	91 
006966 	194 	75 	91 	91 
006967 	194 	75 	91 	91 
006968 	194 	85 	91 	91 
006969 	194 	85 	91 	91 
006970 	194 	75 	91 	91 
006971 	184 	75 	91 	91 
006972 	184 	75 	91 	91 
006973 	184 	75 	91 	91 
006974 	184 	75 	91 	91 
006975 	184 	85 	91 	91 
006976 	184 	85 	91 	91 
006977 	194 	85 	91 	91 
006978 	194 	85 	91 	91 
006979 	194 	85 	91 	91 
006980 	185 	78 	109 	109 
006981 	185 	78 	109 	109 
006982 	185 	78 	109 	109 
006983 	185 	78 	109 	109 
006984 	185 	78 	109 	109 
006985 	185 	78 	109 	109 
006986 	185 	78 	109 	109 
006987 	185 	78 	109 	109 
006988 	185 	78 	109 	109 
