Identity  : 	id10195
Reference : 	AgaDSqjx9Gc
Offset    : 	-3
FV Conf   : 	24.294
ASD Conf  : 	8.583

FRAME 	X 	Y 	W 	H 
005518 	251 	94 	130 	130 
005519 	251 	94 	130 	130 
005520 	251 	80 	130 	130 
005521 	251 	80 	130 	130 
005522 	251 	80 	130 	130 
005523 	251 	66 	130 	130 
005524 	269 	78 	108 	109 
005525 	269 	78 	108 	109 
005526 	269 	78 	108 	109 
005527 	269 	78 	108 	109 
005528 	266 	80 	130 	130 
005529 	266 	80 	130 	130 
005530 	266 	80 	130 	130 
005531 	266 	80 	130 	130 
005532 	266 	80 	130 	130 
005533 	251 	80 	130 	130 
005534 	251 	80 	130 	130 
005535 	251 	80 	130 	130 
005536 	251 	80 	130 	130 
005537 	251 	80 	130 	130 
005538 	257 	78 	109 	109 
005539 	257 	78 	109 	109 
005540 	257 	78 	109 	109 
005541 	257 	66 	109 	109 
005542 	251 	66 	130 	130 
005543 	269 	66 	108 	109 
005544 	266 	66 	130 	130 
005545 	281 	66 	108 	109 
005546 	281 	66 	108 	109 
005547 	281 	66 	108 	109 
005548 	281 	66 	108 	109 
005549 	281 	66 	108 	109 
005550 	266 	66 	130 	130 
005551 	266 	66 	130 	130 
005552 	266 	66 	130 	130 
005553 	251 	66 	130 	130 
005554 	251 	66 	130 	130 
005555 	251 	66 	130 	130 
005556 	251 	66 	130 	130 
005557 	251 	66 	130 	130 
005558 	257 	78 	109 	109 
005559 	257 	78 	109 	109 
005560 	257 	78 	109 	109 
005561 	257 	78 	109 	109 
005562 	251 	66 	130 	130 
005563 	257 	78 	109 	109 
005564 	251 	66 	130 	130 
005565 	251 	66 	130 	130 
005566 	257 	78 	109 	109 
005567 	257 	78 	109 	109 
005568 	237 	66 	130 	130 
005569 	237 	66 	130 	130 
005570 	237 	66 	130 	130 
005571 	237 	66 	130 	130 
005572 	237 	66 	130 	130 
005573 	251 	80 	130 	130 
005574 	251 	80 	130 	130 
005575 	251 	80 	130 	130 
005576 	251 	80 	130 	130 
005577 	251 	80 	130 	130 
005578 	251 	80 	130 	130 
005579 	237 	80 	130 	130 
005580 	237 	80 	130 	130 
005581 	245 	90 	109 	109 
005582 	245 	90 	109 	109 
005583 	245 	90 	109 	109 
005584 	237 	80 	130 	130 
005585 	257 	90 	109 	109 
005586 	257 	90 	109 	109 
005587 	251 	80 	130 	130 
005588 	251 	94 	130 	130 
005589 	251 	80 	130 	130 
005590 	251 	80 	130 	130 
005591 	251 	94 	130 	130 
005592 	237 	80 	130 	130 
005593 	237 	80 	130 	130 
005594 	237 	80 	130 	130 
005595 	237 	80 	130 	130 
005596 	237 	80 	130 	130 
005597 	237 	80 	130 	130 
005598 	257 	90 	109 	109 
005599 	251 	94 	130 	130 
005600 	251 	94 	130 	130 
005601 	251 	94 	130 	130 
005602 	251 	94 	130 	130 
005603 	251 	94 	130 	130 
005604 	257 	90 	109 	109 
005605 	237 	80 	130 	130 
005606 	237 	80 	130 	130 
005607 	237 	80 	130 	130 
005608 	237 	80 	130 	130 
005609 	257 	90 	109 	109 
005610 	251 	80 	130 	130 
005611 	251 	80 	130 	130 
005612 	251 	94 	130 	130 
005613 	251 	94 	130 	130 
005614 	251 	94 	130 	130 
005615 	251 	94 	130 	130 
005616 	251 	94 	130 	130 
005617 	257 	102 	109 	109 
005618 	237 	94 	130 	130 
005619 	237 	94 	130 	130 
005620 	237 	94 	130 	130 
005621 	237 	94 	130 	130 
005622 	237 	94 	130 	130 
005623 	237 	94 	130 	130 
005624 	237 	94 	130 	130 
005625 	237 	94 	130 	130 
005626 	251 	94 	130 	130 
005627 	251 	94 	130 	130 
005628 	251 	94 	130 	130 
005629 	251 	80 	130 	130 
005630 	251 	80 	130 	130 
005631 	251 	80 	130 	130 
005632 	251 	80 	130 	130 
005633 	251 	80 	130 	130 
005634 	257 	90 	109 	109 
005635 	257 	90 	109 	109 
005636 	257 	90 	109 	109 
005637 	257 	90 	109 	109 
005638 	251 	94 	130 	130 
005639 	251 	94 	130 	130 
005640 	251 	94 	130 	130 
005641 	251 	94 	130 	130 
005642 	251 	80 	130 	130 
005643 	251 	80 	130 	130 
005644 	251 	80 	130 	130 
005645 	251 	80 	130 	130 
005646 	237 	66 	130 	130 
005647 	237 	66 	130 	130 
005648 	237 	66 	130 	130 
005649 	237 	66 	130 	130 
005650 	237 	66 	130 	130 
005651 	237 	66 	130 	130 
005652 	237 	66 	130 	130 
005653 	237 	66 	130 	130 
005654 	237 	66 	130 	130 
005655 	237 	66 	130 	130 
005656 	237 	66 	130 	130 
005657 	237 	66 	130 	130 
005658 	237 	66 	130 	130 
005659 	237 	66 	130 	130 
005660 	237 	66 	130 	130 
005661 	237 	66 	130 	130 
005662 	257 	78 	109 	109 
005663 	251 	80 	130 	130 
005664 	266 	80 	130 	130 
005665 	266 	80 	130 	130 
005666 	266 	80 	130 	130 
005667 	280 	80 	130 	130 
005668 	280 	80 	130 	130 
005669 	280 	80 	130 	130 
005670 	280 	80 	130 	130 
005671 	280 	80 	130 	130 
005672 	280 	80 	130 	130 
005673 	280 	80 	130 	130 
005674 	266 	80 	130 	130 
005675 	266 	80 	130 	130 
005676 	266 	80 	130 	130 
005677 	266 	80 	130 	130 
005678 	266 	80 	130 	130 
