Identity  : 	id10190
Reference : 	2ayOhNgb8Yk
Offset    : 	-1
FV Conf   : 	24.873
ASD Conf  : 	8.721

FRAME 	X 	Y 	W 	H 
008261 	274 	75 	90 	91 
008262 	274 	75 	90 	91 
008263 	274 	75 	90 	91 
008264 	274 	75 	90 	91 
008265 	274 	75 	90 	91 
008266 	274 	65 	90 	91 
008267 	274 	65 	90 	91 
008268 	274 	65 	90 	91 
008269 	274 	65 	90 	91 
008270 	274 	65 	90 	91 
008271 	274 	65 	90 	91 
008272 	274 	65 	90 	91 
008273 	274 	65 	90 	91 
008274 	274 	55 	90 	91 
008275 	274 	55 	90 	91 
008276 	274 	55 	90 	91 
008277 	274 	55 	90 	91 
008278 	274 	55 	90 	91 
008279 	274 	55 	90 	91 
008280 	269 	43 	108 	108 
008281 	274 	65 	90 	91 
008282 	274 	65 	90 	91 
008283 	274 	65 	90 	91 
008284 	269 	66 	108 	109 
008285 	269 	66 	108 	109 
008286 	269 	66 	108 	109 
008287 	269 	66 	108 	109 
008288 	269 	66 	108 	109 
008289 	269 	66 	108 	109 
008290 	269 	66 	108 	109 
008291 	269 	66 	108 	109 
008292 	269 	66 	108 	109 
008293 	269 	66 	108 	109 
008294 	269 	66 	108 	109 
008295 	274 	65 	90 	91 
008296 	274 	65 	90 	91 
008297 	274 	65 	90 	91 
008298 	274 	65 	90 	91 
008299 	274 	65 	90 	91 
008300 	274 	65 	90 	91 
008301 	257 	66 	109 	109 
008302 	257 	66 	109 	109 
008303 	257 	66 	109 	109 
008304 	257 	66 	109 	109 
008305 	257 	66 	109 	109 
008306 	264 	65 	90 	91 
008307 	264 	65 	90 	91 
008308 	264 	65 	90 	91 
008309 	264 	65 	90 	91 
008310 	264 	65 	90 	91 
008311 	264 	65 	90 	91 
008312 	264 	65 	90 	91 
008313 	264 	75 	90 	91 
008314 	264 	75 	90 	91 
008315 	264 	75 	90 	91 
008316 	264 	75 	90 	91 
008317 	264 	75 	90 	91 
008318 	264 	75 	90 	91 
008319 	264 	75 	90 	91 
008320 	264 	75 	90 	91 
008321 	264 	75 	90 	91 
008322 	264 	75 	90 	91 
008323 	264 	75 	90 	91 
008324 	264 	75 	90 	91 
008325 	264 	75 	90 	91 
008326 	264 	75 	90 	91 
008327 	264 	75 	90 	91 
008328 	264 	75 	90 	91 
008329 	274 	75 	90 	91 
008330 	274 	75 	90 	91 
008331 	274 	75 	90 	91 
008332 	274 	75 	90 	91 
008333 	274 	75 	90 	91 
008334 	274 	65 	90 	91 
008335 	274 	75 	90 	91 
008336 	274 	75 	90 	91 
008337 	274 	75 	90 	91 
008338 	274 	75 	90 	91 
008339 	274 	75 	90 	91 
008340 	274 	75 	90 	91 
008341 	274 	75 	90 	91 
008342 	274 	75 	90 	91 
008343 	269 	66 	108 	109 
008344 	269 	66 	108 	109 
008345 	284 	75 	90 	91 
008346 	284 	75 	90 	91 
008347 	284 	75 	90 	91 
008348 	284 	75 	90 	91 
008349 	284 	75 	90 	91 
008350 	284 	75 	90 	91 
008351 	284 	75 	90 	91 
008352 	284 	75 	90 	91 
008353 	284 	75 	90 	91 
008354 	284 	75 	90 	91 
008355 	284 	75 	90 	91 
008356 	284 	75 	90 	91 
008357 	284 	75 	90 	91 
008358 	284 	75 	90 	91 
008359 	284 	75 	90 	91 
008360 	284 	75 	90 	91 
008361 	284 	75 	90 	91 
008362 	284 	75 	90 	91 
008363 	284 	75 	90 	91 
008364 	284 	75 	90 	91 
008365 	284 	75 	90 	91 
008366 	284 	75 	90 	91 
008367 	284 	75 	90 	91 
008368 	284 	75 	90 	91 
008369 	284 	75 	90 	91 
008370 	281 	66 	108 	109 
008371 	281 	66 	108 	109 
008372 	281 	66 	108 	109 
008373 	294 	65 	90 	91 
008374 	294 	65 	90 	91 
