Identity  : 	id10533
Reference : 	Sc9QSAhZXgs
Offset    : 	-2
FV Conf   : 	14.092
ASD Conf  : 	8.428

FRAME 	X 	Y 	W 	H 
001591 	305 	90 	108 	109 
001592 	305 	90 	108 	109 
001593 	305 	90 	108 	109 
001594 	305 	78 	108 	109 
001595 	305 	78 	108 	109 
001596 	305 	90 	108 	109 
001597 	305 	90 	108 	109 
001598 	305 	90 	108 	109 
001599 	305 	90 	108 	109 
001600 	305 	90 	108 	109 
001601 	305 	90 	108 	109 
001602 	305 	90 	108 	109 
001603 	293 	90 	108 	109 
001604 	293 	90 	108 	109 
001605 	293 	90 	108 	109 
001606 	281 	90 	108 	109 
001607 	281 	78 	108 	109 
001608 	281 	78 	108 	109 
001609 	281 	78 	108 	109 
001610 	281 	78 	108 	109 
001611 	281 	78 	108 	109 
001612 	281 	78 	108 	109 
001613 	281 	78 	108 	109 
001614 	281 	78 	108 	109 
001615 	281 	78 	108 	109 
001616 	293 	78 	108 	109 
001617 	293 	78 	108 	109 
001618 	293 	78 	108 	109 
001619 	293 	78 	108 	109 
001620 	293 	78 	108 	109 
001621 	293 	78 	108 	109 
001622 	293 	78 	108 	109 
001623 	293 	78 	108 	109 
001624 	281 	78 	108 	109 
001625 	281 	66 	108 	109 
001626 	281 	66 	108 	109 
001627 	281 	66 	108 	109 
001628 	281 	66 	108 	109 
001629 	281 	66 	108 	109 
001630 	281 	66 	108 	109 
001631 	281 	66 	108 	109 
001632 	284 	75 	90 	91 
001633 	269 	66 	108 	109 
001634 	269 	66 	108 	109 
001635 	269 	66 	108 	109 
001636 	269 	66 	108 	109 
001637 	269 	66 	108 	109 
001638 	257 	66 	109 	109 
001639 	257 	66 	109 	109 
001640 	257 	66 	109 	109 
001641 	257 	66 	109 	109 
001642 	257 	66 	109 	109 
001643 	257 	66 	109 	109 
001644 	257 	66 	109 	109 
001645 	257 	66 	109 	109 
001646 	257 	66 	109 	109 
001647 	274 	75 	90 	91 
001648 	274 	75 	90 	91 
001649 	274 	75 	90 	91 
001650 	269 	66 	108 	109 
001651 	269 	66 	108 	109 
001652 	269 	66 	108 	109 
001653 	269 	66 	108 	109 
001654 	269 	66 	108 	109 
001655 	281 	66 	108 	109 
001656 	281 	66 	108 	109 
001657 	269 	66 	108 	109 
001658 	269 	66 	108 	109 
001659 	257 	66 	109 	109 
001660 	257 	66 	109 	109 
001661 	245 	66 	109 	109 
001662 	254 	75 	90 	91 
001663 	245 	78 	109 	109 
001664 	245 	78 	109 	109 
001665 	245 	66 	109 	109 
001666 	245 	66 	109 	109 
001667 	245 	66 	109 	109 
001668 	245 	66 	109 	109 
001669 	245 	66 	109 	109 
001670 	257 	66 	109 	109 
001671 	257 	66 	109 	109 
001672 	257 	66 	109 	109 
001673 	257 	66 	109 	109 
001674 	257 	66 	109 	109 
001675 	269 	66 	108 	109 
001676 	269 	66 	108 	109 
001677 	284 	75 	90 	91 
001678 	284 	75 	90 	91 
001679 	281 	66 	108 	109 
001680 	281 	66 	108 	109 
001681 	281 	78 	108 	109 
001682 	281 	78 	108 	109 
001683 	281 	78 	108 	109 
001684 	281 	78 	108 	109 
001685 	281 	78 	108 	109 
001686 	281 	78 	108 	109 
001687 	281 	66 	108 	109 
001688 	281 	78 	108 	109 
001689 	281 	78 	108 	109 
001690 	281 	78 	108 	109 
001691 	281 	78 	108 	109 
001692 	293 	78 	108 	109 
001693 	293 	78 	108 	109 
001694 	293 	78 	108 	109 
001695 	281 	78 	108 	109 
001696 	281 	78 	108 	109 
001697 	281 	78 	108 	109 
001698 	281 	78 	108 	109 
001699 	281 	78 	108 	109 
001700 	281 	78 	108 	109 
001701 	281 	78 	108 	109 
001702 	281 	78 	108 	109 
001703 	281 	78 	108 	109 
001704 	281 	78 	108 	109 
001705 	281 	78 	108 	109 
001706 	281 	78 	108 	109 
001707 	281 	78 	108 	109 
001708 	293 	78 	108 	109 
001709 	305 	66 	108 	109 
001710 	317 	66 	108 	109 
001711 	317 	66 	108 	109 
001712 	317 	66 	108 	109 
001713 	317 	66 	108 	109 
001714 	317 	66 	108 	109 
001715 	317 	66 	108 	109 
001716 	317 	66 	108 	109 
001717 	317 	66 	108 	109 
001718 	317 	78 	108 	109 
001719 	317 	78 	108 	109 
001720 	317 	78 	108 	109 
001721 	317 	78 	108 	109 
001722 	317 	78 	108 	109 
001723 	317 	78 	108 	109 
001724 	317 	78 	108 	109 
001725 	317 	78 	108 	109 
001726 	317 	78 	108 	109 
001727 	317 	78 	108 	109 
001728 	317 	78 	108 	109 
001729 	317 	78 	108 	109 
001730 	317 	78 	108 	109 
001731 	317 	90 	108 	109 
001732 	317 	90 	108 	109 
001733 	317 	90 	108 	109 
001734 	317 	90 	108 	109 
001735 	317 	90 	108 	109 
001736 	317 	90 	108 	109 
001737 	317 	90 	108 	109 
001738 	317 	90 	108 	109 
001739 	317 	90 	108 	109 
001740 	317 	90 	108 	109 
001741 	317 	78 	108 	109 
001742 	317 	78 	108 	109 
001743 	317 	78 	108 	109 
001744 	317 	78 	108 	109 
001745 	317 	78 	108 	109 
001746 	317 	78 	108 	109 
001747 	317 	78 	108 	109 
001748 	317 	78 	108 	109 
001749 	317 	78 	108 	109 
001750 	317 	78 	108 	109 
001751 	317 	78 	108 	109 
