Identity  : 	id10495
Reference : 	MWQ1ZrctL64
Offset    : 	-2
FV Conf   : 	20.949
ASD Conf  : 	7.387

FRAME 	X 	Y 	W 	H 
001452 	185 	78 	109 	109 
001453 	185 	78 	109 	109 
001454 	185 	78 	109 	109 
001455 	185 	78 	109 	109 
001456 	185 	78 	109 	109 
001457 	185 	78 	109 	109 
001458 	185 	78 	109 	109 
001459 	185 	78 	109 	109 
001460 	185 	78 	109 	109 
001461 	185 	78 	109 	109 
001462 	185 	78 	109 	109 
001463 	185 	78 	109 	109 
001464 	185 	78 	109 	109 
001465 	185 	78 	109 	109 
001466 	185 	78 	109 	109 
001467 	173 	78 	109 	109 
001468 	173 	78 	109 	109 
001469 	173 	78 	109 	109 
001470 	173 	78 	109 	109 
001471 	173 	78 	109 	109 
001472 	173 	78 	109 	109 
001473 	173 	78 	109 	109 
001474 	173 	78 	109 	109 
001475 	161 	78 	109 	109 
001476 	161 	78 	109 	109 
001477 	161 	78 	109 	109 
001478 	161 	78 	109 	109 
001479 	161 	78 	109 	109 
001480 	161 	78 	109 	109 
001481 	161 	78 	109 	109 
001482 	161 	78 	109 	109 
001483 	161 	78 	109 	109 
001484 	174 	85 	91 	91 
001485 	174 	85 	91 	91 
001486 	161 	90 	109 	109 
001487 	174 	95 	91 	91 
001488 	173 	90 	109 	109 
001489 	173 	90 	109 	109 
001490 	173 	90 	109 	109 
001491 	173 	90 	109 	109 
001492 	173 	78 	109 	109 
001493 	173 	78 	109 	109 
001494 	173 	90 	109 	109 
001495 	173 	90 	109 	109 
001496 	173 	90 	109 	109 
001497 	173 	90 	109 	109 
001498 	173 	78 	109 	109 
001499 	173 	90 	109 	109 
001500 	173 	78 	109 	109 
001501 	173 	78 	109 	109 
001502 	173 	78 	109 	109 
001503 	173 	78 	109 	109 
001504 	173 	78 	109 	109 
001505 	173 	78 	109 	109 
001506 	173 	78 	109 	109 
001507 	173 	78 	109 	109 
001508 	173 	78 	109 	109 
001509 	173 	78 	109 	109 
001510 	173 	78 	109 	109 
001511 	173 	78 	109 	109 
001512 	173 	78 	109 	109 
001513 	173 	78 	109 	109 
001514 	173 	78 	109 	109 
001515 	173 	78 	109 	109 
001516 	173 	78 	109 	109 
001517 	173 	78 	109 	109 
001518 	173 	78 	109 	109 
001519 	161 	78 	109 	109 
001520 	161 	78 	109 	109 
001521 	161 	78 	109 	109 
001522 	161 	78 	109 	109 
001523 	161 	78 	109 	109 
001524 	161 	78 	109 	109 
001525 	161 	78 	109 	109 
001526 	161 	78 	109 	109 
001527 	161 	78 	109 	109 
001528 	161 	78 	109 	109 
001529 	161 	78 	109 	109 
001530 	161 	78 	109 	109 
001531 	161 	78 	109 	109 
001532 	161 	78 	109 	109 
001533 	161 	90 	109 	109 
001534 	161 	90 	109 	109 
001535 	161 	90 	109 	109 
001536 	161 	90 	109 	109 
001537 	161 	90 	109 	109 
001538 	161 	90 	109 	109 
001539 	161 	90 	109 	109 
001540 	161 	90 	109 	109 
001541 	161 	90 	109 	109 
001542 	161 	90 	109 	109 
001543 	161 	90 	109 	109 
001544 	161 	90 	109 	109 
001545 	161 	90 	109 	109 
001546 	161 	90 	109 	109 
001547 	161 	90 	109 	109 
001548 	161 	90 	109 	109 
001549 	161 	90 	109 	109 
001550 	161 	90 	109 	109 
001551 	161 	90 	109 	109 
001552 	161 	90 	109 	109 
001553 	161 	90 	109 	109 
001554 	161 	78 	109 	109 
001555 	161 	78 	109 	109 
001556 	161 	78 	109 	109 
001557 	161 	78 	109 	109 
001558 	161 	78 	109 	109 
001559 	161 	78 	109 	109 
001560 	161 	78 	109 	109 
001561 	161 	78 	109 	109 
001562 	161 	78 	109 	109 
001563 	161 	90 	109 	109 
001564 	161 	90 	109 	109 
001565 	161 	90 	109 	109 
001566 	161 	90 	109 	109 
001567 	161 	90 	109 	109 
001568 	161 	90 	109 	109 
001569 	161 	90 	109 	109 
001570 	161 	90 	109 	109 
001571 	161 	90 	109 	109 
001572 	161 	90 	109 	109 
001573 	161 	90 	109 	109 
001574 	161 	90 	109 	109 
001575 	161 	90 	109 	109 
001576 	161 	90 	109 	109 
001577 	161 	90 	109 	109 
001578 	161 	90 	109 	109 
001579 	161 	90 	109 	109 
001580 	161 	90 	109 	109 
001581 	161 	90 	109 	109 
001582 	161 	90 	109 	109 
001583 	161 	90 	109 	109 
001584 	161 	90 	109 	109 
001585 	161 	90 	109 	109 
001586 	174 	85 	91 	91 
001587 	161 	90 	109 	109 
001588 	161 	78 	109 	109 
001589 	174 	85 	91 	91 
001590 	161 	78 	109 	109 
001591 	161 	78 	109 	109 
001592 	161 	78 	109 	109 
001593 	161 	78 	109 	109 
001594 	161 	78 	109 	109 
001595 	161 	78 	109 	109 
001596 	161 	78 	109 	109 
001597 	161 	78 	109 	109 
001598 	174 	85 	91 	91 
001599 	174 	95 	91 	91 
001600 	174 	95 	91 	91 
001601 	174 	95 	91 	91 
001602 	173 	90 	109 	109 
001603 	173 	90 	109 	109 
001604 	184 	95 	91 	91 
001605 	173 	90 	109 	109 
001606 	173 	78 	109 	109 
001607 	173 	78 	109 	109 
001608 	173 	78 	109 	109 
001609 	194 	95 	91 	91 
001610 	194 	95 	91 	91 
001611 	185 	78 	109 	109 
001612 	194 	95 	91 	91 
001613 	185 	78 	109 	109 
001614 	185 	78 	109 	109 
001615 	185 	78 	109 	109 
001616 	185 	78 	109 	109 
001617 	185 	78 	109 	109 
001618 	185 	78 	109 	109 
001619 	185 	78 	109 	109 
001620 	185 	78 	109 	109 
001621 	185 	78 	109 	109 
001622 	185 	78 	109 	109 
001623 	185 	78 	109 	109 
001624 	185 	78 	109 	109 
001625 	185 	78 	109 	109 
001626 	185 	78 	109 	109 
001627 	185 	78 	109 	109 
001628 	185 	78 	109 	109 
001629 	185 	78 	109 	109 
001630 	185 	78 	109 	109 
001631 	185 	78 	109 	109 
001632 	185 	78 	109 	109 
001633 	185 	78 	109 	109 
001634 	185 	78 	109 	109 
001635 	185 	78 	109 	109 
001636 	185 	78 	109 	109 
001637 	185 	78 	109 	109 
001638 	185 	78 	109 	109 
001639 	185 	78 	109 	109 
001640 	185 	78 	109 	109 
001641 	185 	78 	109 	109 
001642 	185 	78 	109 	109 
001643 	185 	78 	109 	109 
001644 	185 	78 	109 	109 
001645 	185 	78 	109 	109 
001646 	185 	78 	109 	109 
001647 	185 	78 	109 	109 
001648 	185 	78 	109 	109 
001649 	185 	78 	109 	109 
001650 	185 	90 	109 	109 
001651 	185 	90 	109 	109 
