Identity  : 	id10484
Reference : 	uZlbqPBFXd4
Offset    : 	-1
FV Conf   : 	18.506
ASD Conf  : 	10.105

FRAME 	X 	Y 	W 	H 
003600 	259 	95 	187 	186 
003601 	259 	95 	187 	186 
003602 	259 	95 	187 	186 
003603 	259 	95 	187 	186 
003604 	259 	95 	187 	186 
003605 	259 	95 	187 	186 
003606 	259 	95 	187 	186 
003607 	259 	95 	187 	186 
003608 	259 	95 	187 	186 
003609 	259 	95 	187 	186 
003610 	259 	95 	187 	186 
003611 	259 	95 	187 	186 
003612 	259 	95 	187 	186 
003613 	259 	95 	187 	186 
003614 	259 	95 	187 	186 
003615 	259 	95 	187 	186 
003616 	259 	115 	187 	187 
003617 	259 	115 	187 	187 
003618 	259 	115 	187 	187 
003619 	259 	115 	187 	187 
003620 	259 	115 	187 	187 
003621 	262 	89 	224 	224 
003622 	262 	89 	224 	224 
003623 	262 	89 	224 	224 
003624 	280 	115 	187 	187 
003625 	280 	115 	187 	187 
003626 	280 	115 	187 	187 
003627 	280 	115 	187 	187 
003628 	280 	115 	187 	187 
003629 	280 	115 	187 	187 
003630 	280 	115 	187 	187 
003631 	280 	115 	187 	187 
003632 	280 	115 	187 	187 
003633 	280 	115 	187 	187 
003634 	280 	115 	187 	187 
003635 	280 	115 	187 	187 
003636 	280 	115 	187 	187 
003637 	280 	115 	187 	187 
003638 	280 	115 	187 	187 
003639 	280 	115 	187 	187 
003640 	280 	115 	187 	187 
003641 	280 	115 	187 	187 
003642 	280 	115 	187 	187 
003643 	280 	115 	187 	187 
003644 	280 	115 	187 	187 
003645 	280 	115 	187 	187 
003646 	280 	115 	187 	187 
003647 	280 	115 	187 	187 
003648 	280 	115 	187 	187 
003649 	280 	115 	187 	187 
003650 	280 	115 	187 	187 
003651 	280 	115 	187 	187 
003652 	280 	115 	187 	187 
003653 	280 	115 	187 	187 
003654 	280 	115 	187 	187 
003655 	280 	115 	187 	187 
003656 	280 	115 	187 	187 
003657 	280 	115 	187 	187 
003658 	280 	115 	187 	187 
003659 	280 	115 	187 	187 
003660 	280 	115 	187 	187 
003661 	280 	115 	187 	187 
003662 	259 	115 	187 	187 
003663 	259 	115 	187 	187 
003664 	259 	115 	187 	187 
003665 	259 	115 	187 	187 
003666 	259 	95 	187 	186 
003667 	259 	95 	187 	186 
003668 	259 	95 	187 	186 
003669 	259 	95 	187 	186 
003670 	259 	95 	187 	186 
003671 	259 	95 	187 	186 
003672 	259 	95 	187 	186 
003673 	259 	95 	187 	186 
003674 	259 	95 	187 	186 
003675 	259 	95 	187 	186 
003676 	285 	113 	155 	156 
003677 	280 	95 	187 	186 
003678 	280 	95 	187 	186 
003679 	280 	95 	187 	186 
003680 	280 	95 	187 	186 
003681 	280 	95 	187 	186 
003682 	280 	95 	187 	186 
003683 	280 	95 	187 	186 
003684 	280 	95 	187 	186 
003685 	280 	95 	187 	186 
003686 	280 	95 	187 	186 
003687 	301 	95 	186 	186 
003688 	301 	95 	186 	186 
003689 	301 	95 	186 	186 
003690 	301 	95 	186 	186 
003691 	301 	95 	186 	186 
003692 	301 	95 	186 	186 
003693 	301 	95 	186 	186 
003694 	301 	95 	186 	186 
003695 	301 	95 	186 	186 
003696 	301 	95 	186 	186 
003697 	301 	95 	186 	186 
003698 	301 	95 	186 	186 
003699 	301 	95 	186 	186 
003700 	301 	95 	186 	186 
003701 	301 	95 	186 	186 
003702 	301 	95 	186 	186 
003703 	280 	95 	187 	186 
003704 	280 	95 	187 	186 
003705 	280 	95 	187 	186 
003706 	280 	95 	187 	186 
003707 	280 	95 	187 	186 
003708 	280 	95 	187 	186 
003709 	280 	95 	187 	186 
003710 	280 	95 	187 	186 
003711 	280 	95 	187 	186 
003712 	280 	95 	187 	186 
003713 	280 	95 	187 	186 
003714 	280 	95 	187 	186 
003715 	259 	95 	187 	186 
003716 	259 	95 	187 	186 
003717 	259 	95 	187 	186 
003718 	259 	95 	187 	186 
003719 	259 	95 	187 	186 
003720 	259 	95 	187 	186 
003721 	259 	95 	187 	186 
003722 	239 	95 	186 	186 
003723 	239 	95 	186 	186 
003724 	239 	95 	186 	186 
003725 	239 	95 	186 	186 
003726 	239 	95 	186 	186 
003727 	239 	95 	186 	186 
003728 	239 	95 	186 	186 
003729 	239 	95 	186 	186 
003730 	239 	95 	186 	186 
003731 	239 	95 	186 	186 
003732 	239 	95 	186 	186 
003733 	239 	95 	186 	186 
003734 	239 	95 	186 	186 
003735 	239 	95 	186 	186 
003736 	239 	95 	186 	186 
003737 	239 	95 	186 	186 
003738 	239 	95 	186 	186 
003739 	239 	95 	186 	186 
003740 	239 	95 	186 	186 
003741 	239 	95 	186 	186 
003742 	239 	95 	186 	186 
003743 	239 	95 	186 	186 
003744 	239 	95 	186 	186 
003745 	239 	95 	186 	186 
003746 	239 	95 	186 	186 
003747 	239 	95 	186 	186 
003748 	239 	95 	186 	186 
003749 	239 	95 	186 	186 
003750 	239 	95 	186 	186 
003751 	239 	95 	186 	186 
003752 	239 	95 	186 	186 
003753 	239 	95 	186 	186 
003754 	239 	95 	186 	186 
003755 	239 	95 	186 	186 
003756 	239 	95 	186 	186 
003757 	239 	95 	186 	186 
003758 	239 	95 	186 	186 
003759 	239 	95 	186 	186 
003760 	239 	95 	186 	186 
003761 	239 	95 	186 	186 
003762 	239 	95 	186 	186 
003763 	239 	95 	186 	186 
003764 	239 	95 	186 	186 
003765 	239 	95 	186 	186 
003766 	239 	95 	186 	186 
003767 	239 	95 	186 	186 
003768 	239 	95 	186 	186 
003769 	239 	95 	186 	186 
003770 	239 	95 	186 	186 
003771 	239 	95 	186 	186 
003772 	239 	95 	186 	186 
003773 	239 	95 	186 	186 
003774 	239 	95 	186 	186 
003775 	239 	95 	186 	186 
003776 	239 	74 	186 	187 
003777 	239 	74 	186 	187 
003778 	239 	95 	186 	186 
003779 	239 	95 	186 	186 
003780 	239 	95 	186 	186 
003781 	239 	95 	186 	186 
003782 	239 	95 	186 	186 
003783 	239 	95 	186 	186 
003784 	259 	95 	187 	186 
003785 	259 	95 	187 	186 
003786 	239 	95 	186 	186 
003787 	239 	95 	186 	186 
003788 	239 	74 	186 	187 
003789 	239 	74 	186 	187 
003790 	239 	95 	186 	186 
003791 	239 	95 	186 	186 
003792 	212 	64 	224 	224 
003793 	239 	74 	186 	187 
003794 	239 	74 	186 	187 
003795 	239 	74 	186 	187 
003796 	239 	74 	186 	187 
003797 	239 	95 	186 	186 
003798 	239 	74 	186 	187 
003799 	212 	64 	224 	224 
003800 	212 	64 	224 	224 
003801 	212 	64 	224 	224 
003802 	239 	74 	186 	187 
003803 	212 	64 	224 	224 
003804 	212 	64 	224 	224 
003805 	212 	64 	224 	224 
003806 	212 	64 	224 	224 
003807 	239 	74 	186 	187 
003808 	212 	64 	224 	224 
003809 	212 	64 	224 	224 
003810 	212 	64 	224 	224 
003811 	212 	64 	224 	224 
003812 	212 	64 	224 	224 
003813 	212 	64 	224 	224 
003814 	212 	64 	224 	224 
003815 	239 	74 	186 	187 
003816 	239 	74 	186 	187 
003817 	239 	74 	186 	187 
003818 	212 	64 	224 	224 
003819 	212 	64 	224 	224 
003820 	239 	74 	186 	187 
003821 	212 	64 	224 	224 
003822 	212 	64 	224 	224 
003823 	212 	64 	224 	224 
003824 	212 	64 	224 	224 
003825 	212 	64 	224 	224 
003826 	212 	64 	224 	224 
003827 	212 	64 	224 	224 
003828 	239 	74 	186 	187 
003829 	239 	74 	186 	187 
003830 	239 	74 	186 	187 
003831 	239 	74 	186 	187 
003832 	239 	95 	186 	186 
003833 	259 	95 	187 	186 
003834 	259 	95 	187 	186 
003835 	259 	95 	187 	186 
003836 	259 	95 	187 	186 
003837 	259 	95 	187 	186 
003838 	259 	95 	187 	186 
003839 	259 	95 	187 	186 
003840 	259 	95 	187 	186 
003841 	259 	95 	187 	186 
003842 	259 	95 	187 	186 
003843 	259 	95 	187 	186 
003844 	280 	95 	187 	186 
003845 	280 	95 	187 	186 
003846 	280 	95 	187 	186 
003847 	280 	95 	187 	186 
003848 	280 	95 	187 	186 
003849 	280 	95 	187 	186 
003850 	280 	95 	187 	186 
003851 	280 	95 	187 	186 
003852 	280 	95 	187 	186 
003853 	259 	95 	187 	186 
003854 	259 	95 	187 	186 
003855 	259 	95 	187 	186 
003856 	259 	95 	187 	186 
003857 	239 	74 	186 	187 
003858 	212 	64 	224 	224 
003859 	212 	64 	224 	224 
003860 	212 	64 	224 	224 
003861 	239 	74 	186 	187 
003862 	212 	64 	224 	224 
003863 	212 	64 	224 	224 
003864 	212 	64 	224 	224 
003865 	212 	64 	224 	224 
003866 	212 	64 	224 	224 
003867 	239 	95 	186 	186 
003868 	239 	95 	186 	186 
003869 	239 	95 	186 	186 
003870 	239 	95 	186 	186 
003871 	239 	95 	186 	186 
003872 	239 	95 	186 	186 
003873 	239 	74 	186 	187 
003874 	239 	74 	186 	187 
003875 	239 	74 	186 	187 
003876 	259 	95 	187 	186 
003877 	259 	95 	187 	186 
003878 	259 	95 	187 	186 
003879 	259 	95 	187 	186 
003880 	259 	95 	187 	186 
003881 	259 	95 	187 	186 
003882 	259 	95 	187 	186 
003883 	259 	95 	187 	186 
003884 	259 	95 	187 	186 
003885 	259 	95 	187 	186 
003886 	259 	95 	187 	186 
003887 	259 	95 	187 	186 
003888 	259 	95 	187 	186 
003889 	259 	95 	187 	186 
003890 	259 	95 	187 	186 
003891 	259 	95 	187 	186 
003892 	259 	95 	187 	186 
003893 	259 	95 	187 	186 
003894 	259 	95 	187 	186 
003895 	259 	95 	187 	186 
003896 	259 	95 	187 	186 
003897 	259 	95 	187 	186 
003898 	259 	95 	187 	186 
003899 	259 	95 	187 	186 
003900 	259 	95 	187 	186 
003901 	259 	95 	187 	186 
003902 	239 	95 	186 	186 
003903 	239 	95 	186 	186 
003904 	212 	89 	224 	224 
003905 	218 	95 	187 	186 
003906 	218 	95 	187 	186 
003907 	218 	115 	187 	187 
003908 	188 	89 	224 	224 
003909 	197 	115 	187 	187 
003910 	197 	115 	187 	187 
003911 	197 	115 	187 	187 
003912 	197 	115 	187 	187 
003913 	197 	115 	187 	187 
003914 	163 	89 	224 	224 
003915 	163 	89 	224 	224 
003916 	163 	89 	224 	224 
003917 	163 	89 	224 	224 
003918 	163 	89 	224 	224 
003919 	197 	115 	187 	187 
003920 	197 	115 	187 	187 
003921 	197 	115 	187 	187 
003922 	197 	95 	187 	186 
003923 	197 	95 	187 	186 
003924 	197 	95 	187 	186 
003925 	197 	95 	187 	186 
003926 	188 	89 	224 	224 
003927 	188 	89 	224 	224 
003928 	218 	95 	187 	186 
003929 	218 	95 	187 	186 
003930 	218 	95 	187 	186 
003931 	218 	95 	187 	186 
003932 	218 	95 	187 	186 
003933 	218 	95 	187 	186 
003934 	218 	95 	187 	186 
003935 	218 	95 	187 	186 
003936 	218 	95 	187 	186 
003937 	218 	95 	187 	186 
003938 	218 	95 	187 	186 
003939 	218 	95 	187 	186 
003940 	218 	95 	187 	186 
003941 	218 	95 	187 	186 
003942 	218 	95 	187 	186 
003943 	218 	95 	187 	186 
003944 	218 	95 	187 	186 
003945 	218 	95 	187 	186 
003946 	218 	95 	187 	186 
003947 	218 	95 	187 	186 
003948 	218 	95 	187 	186 
003949 	218 	95 	187 	186 
003950 	218 	95 	187 	186 
003951 	218 	95 	187 	186 
003952 	218 	95 	187 	186 
003953 	218 	95 	187 	186 
003954 	218 	95 	187 	186 
003955 	218 	95 	187 	186 
003956 	218 	95 	187 	186 
003957 	218 	95 	187 	186 
003958 	218 	95 	187 	186 
003959 	218 	95 	187 	186 
003960 	218 	95 	187 	186 
003961 	218 	95 	187 	186 
003962 	218 	95 	187 	186 
003963 	218 	95 	187 	186 
003964 	218 	95 	187 	186 
003965 	218 	95 	187 	186 
003966 	218 	74 	187 	187 
003967 	218 	74 	187 	187 
003968 	218 	74 	187 	187 
003969 	218 	74 	187 	187 
003970 	218 	74 	187 	187 
003971 	218 	74 	187 	187 
003972 	218 	74 	187 	187 
003973 	218 	74 	187 	187 
003974 	239 	74 	186 	187 
003975 	239 	74 	186 	187 
003976 	239 	74 	186 	187 
003977 	239 	74 	186 	187 
003978 	239 	74 	186 	187 
003979 	239 	95 	186 	186 
003980 	259 	74 	187 	187 
003981 	259 	74 	187 	187 
003982 	259 	74 	187 	187 
003983 	259 	74 	187 	187 
003984 	259 	74 	187 	187 
003985 	259 	74 	187 	187 
003986 	259 	74 	187 	187 
003987 	259 	74 	187 	187 
003988 	259 	74 	187 	187 
003989 	259 	74 	187 	187 
003990 	259 	74 	187 	187 
003991 	259 	74 	187 	187 
003992 	259 	74 	187 	187 
003993 	259 	74 	187 	187 
003994 	259 	74 	187 	187 
003995 	259 	74 	187 	187 
003996 	259 	74 	187 	187 
003997 	259 	74 	187 	187 
003998 	259 	74 	187 	187 
003999 	259 	74 	187 	187 
004000 	259 	74 	187 	187 
004001 	259 	74 	187 	187 
004002 	259 	74 	187 	187 
004003 	280 	74 	187 	187 
004004 	280 	74 	187 	187 
004005 	280 	74 	187 	187 
004006 	280 	74 	187 	187 
004007 	280 	74 	187 	187 
004008 	280 	74 	187 	187 
004009 	280 	74 	187 	187 
004010 	280 	74 	187 	187 
004011 	280 	74 	187 	187 
004012 	280 	74 	187 	187 
004013 	280 	74 	187 	187 
004014 	280 	74 	187 	187 
004015 	280 	74 	187 	187 
004016 	280 	74 	187 	187 
004017 	280 	74 	187 	187 
004018 	259 	74 	187 	187 
004019 	259 	74 	187 	187 
004020 	259 	74 	187 	187 
004021 	259 	74 	187 	187 
004022 	259 	74 	187 	187 
004023 	259 	74 	187 	187 
004024 	259 	74 	187 	187 
004025 	259 	74 	187 	187 
004026 	259 	74 	187 	187 
004027 	259 	74 	187 	187 
004028 	259 	74 	187 	187 
004029 	259 	74 	187 	187 
004030 	259 	74 	187 	187 
004031 	259 	74 	187 	187 
004032 	259 	74 	187 	187 
004033 	259 	74 	187 	187 
004034 	259 	74 	187 	187 
004035 	259 	95 	187 	186 
004036 	259 	95 	187 	186 
004037 	259 	95 	187 	186 
004038 	259 	95 	187 	186 
004039 	259 	95 	187 	186 
004040 	259 	95 	187 	186 
004041 	259 	95 	187 	186 
004042 	259 	95 	187 	186 
004043 	259 	95 	187 	186 
004044 	259 	95 	187 	186 
004045 	259 	95 	187 	186 
004046 	259 	95 	187 	186 
004047 	259 	95 	187 	186 
004048 	259 	95 	187 	186 
004049 	259 	95 	187 	186 
004050 	259 	95 	187 	186 
004051 	259 	95 	187 	186 
004052 	259 	95 	187 	186 
004053 	259 	95 	187 	186 
004054 	259 	95 	187 	186 
004055 	259 	95 	187 	186 
004056 	239 	95 	186 	186 
004057 	239 	74 	186 	187 
004058 	239 	95 	186 	186 
004059 	239 	95 	186 	186 
004060 	239 	95 	186 	186 
004061 	239 	95 	186 	186 
004062 	239 	95 	186 	186 
004063 	239 	95 	186 	186 
004064 	239 	95 	186 	186 
004065 	239 	95 	186 	186 
004066 	239 	95 	186 	186 
004067 	239 	95 	186 	186 
004068 	239 	95 	186 	186 
004069 	239 	95 	186 	186 
004070 	239 	95 	186 	186 
004071 	239 	95 	186 	186 
004072 	239 	95 	186 	186 
004073 	239 	95 	186 	186 
004074 	239 	95 	186 	186 
004075 	239 	95 	186 	186 
004076 	239 	95 	186 	186 
004077 	239 	95 	186 	186 
004078 	239 	95 	186 	186 
004079 	239 	95 	186 	186 
004080 	239 	95 	186 	186 
004081 	239 	95 	186 	186 
004082 	239 	95 	186 	186 
004083 	239 	95 	186 	186 
004084 	239 	95 	186 	186 
004085 	239 	95 	186 	186 
004086 	239 	95 	186 	186 
004087 	239 	95 	186 	186 
004088 	239 	95 	186 	186 
004089 	239 	95 	186 	186 
004090 	259 	115 	187 	187 
004091 	259 	115 	187 	187 
004092 	237 	89 	224 	224 
004093 	237 	89 	224 	224 
004094 	259 	95 	187 	186 
004095 	259 	95 	187 	186 
004096 	259 	95 	187 	186 
004097 	259 	95 	187 	186 
004098 	259 	95 	187 	186 
004099 	259 	95 	187 	186 
004100 	259 	95 	187 	186 
004101 	259 	95 	187 	186 
004102 	259 	95 	187 	186 
004103 	259 	95 	187 	186 
004104 	259 	95 	187 	186 
004105 	259 	95 	187 	186 
004106 	259 	95 	187 	186 
004107 	259 	95 	187 	186 
004108 	259 	95 	187 	186 
004109 	259 	95 	187 	186 
004110 	259 	95 	187 	186 
004111 	259 	95 	187 	186 
004112 	259 	95 	187 	186 
004113 	259 	95 	187 	186 
004114 	239 	95 	186 	186 
004115 	239 	95 	186 	186 
004116 	239 	95 	186 	186 
004117 	239 	95 	186 	186 
004118 	239 	74 	186 	187 
004119 	239 	74 	186 	187 
004120 	239 	74 	186 	187 
004121 	259 	74 	187 	187 
004122 	259 	74 	187 	187 
004123 	259 	74 	187 	187 
004124 	259 	74 	187 	187 
004125 	259 	74 	187 	187 
004126 	259 	74 	187 	187 
004127 	259 	74 	187 	187 
004128 	259 	74 	187 	187 
004129 	259 	74 	187 	187 
004130 	259 	74 	187 	187 
004131 	259 	95 	187 	186 
004132 	259 	95 	187 	186 
004133 	259 	95 	187 	186 
004134 	259 	95 	187 	186 
004135 	259 	95 	187 	186 
004136 	259 	95 	187 	186 
004137 	259 	95 	187 	186 
004138 	259 	95 	187 	186 
004139 	259 	95 	187 	186 
004140 	259 	95 	187 	186 
004141 	259 	95 	187 	186 
004142 	259 	95 	187 	186 
004143 	259 	95 	187 	186 
004144 	259 	95 	187 	186 
004145 	259 	95 	187 	186 
004146 	259 	95 	187 	186 
004147 	259 	95 	187 	186 
004148 	259 	95 	187 	186 
004149 	259 	95 	187 	186 
004150 	259 	95 	187 	186 
004151 	259 	95 	187 	186 
004152 	259 	95 	187 	186 
004153 	259 	95 	187 	186 
004154 	259 	95 	187 	186 
004155 	259 	95 	187 	186 
004156 	259 	95 	187 	186 
004157 	259 	95 	187 	186 
004158 	259 	95 	187 	186 
004159 	259 	95 	187 	186 
004160 	259 	95 	187 	186 
004161 	259 	95 	187 	186 
004162 	259 	95 	187 	186 
004163 	259 	95 	187 	186 
004164 	259 	95 	187 	186 
004165 	259 	95 	187 	186 
004166 	259 	95 	187 	186 
004167 	259 	95 	187 	186 
004168 	259 	95 	187 	186 
004169 	259 	95 	187 	186 
004170 	259 	95 	187 	186 
004171 	259 	95 	187 	186 
