Identity  : 	id10104
Reference : 	skt7RVs2Exo
Offset    : 	-3
FV Conf   : 	14.703
ASD Conf  : 	6.729

FRAME 	X 	Y 	W 	H 
000103 	237 	94 	130 	130 
000104 	237 	94 	130 	130 
000105 	237 	94 	130 	130 
000106 	237 	94 	130 	130 
000107 	237 	94 	130 	130 
000108 	237 	94 	130 	130 
000109 	237 	94 	130 	130 
000110 	237 	94 	130 	130 
000111 	237 	94 	130 	130 
000112 	237 	94 	130 	130 
000113 	237 	94 	130 	130 
000114 	237 	94 	130 	130 
000115 	237 	94 	130 	130 
000116 	237 	94 	130 	130 
000117 	237 	94 	130 	130 
000118 	237 	94 	130 	130 
000119 	237 	94 	130 	130 
000120 	237 	94 	130 	130 
000121 	237 	94 	130 	130 
000122 	237 	94 	130 	130 
000123 	237 	94 	130 	130 
000124 	216 	79 	156 	156 
000125 	216 	79 	156 	156 
000126 	216 	79 	156 	156 
000127 	216 	79 	156 	156 
000128 	216 	79 	156 	156 
000129 	216 	79 	156 	156 
000130 	216 	79 	156 	156 
000131 	216 	79 	156 	156 
000132 	216 	79 	156 	156 
000133 	216 	79 	156 	156 
000134 	216 	79 	156 	156 
000135 	216 	79 	156 	156 
000136 	216 	79 	156 	156 
000137 	216 	79 	156 	156 
000138 	216 	79 	156 	156 
000139 	216 	79 	156 	156 
000140 	216 	96 	156 	156 
000141 	216 	96 	156 	156 
000142 	216 	96 	156 	156 
000143 	216 	96 	156 	156 
000144 	216 	96 	156 	156 
000145 	216 	96 	156 	156 
000146 	216 	96 	156 	156 
000147 	216 	96 	156 	156 
000148 	216 	96 	156 	156 
000149 	216 	96 	156 	156 
000150 	216 	96 	156 	156 
000151 	216 	96 	156 	156 
000152 	216 	96 	156 	156 
000153 	199 	96 	155 	156 
000154 	199 	96 	155 	156 
000155 	199 	96 	155 	156 
000156 	199 	96 	155 	156 
000157 	199 	96 	155 	156 
000158 	181 	113 	156 	156 
000159 	181 	113 	156 	156 
000160 	181 	113 	156 	156 
000161 	181 	113 	156 	156 
000162 	164 	113 	156 	156 
000163 	164 	113 	156 	156 
000164 	164 	113 	156 	156 
000165 	164 	113 	156 	156 
000166 	164 	113 	156 	156 
000167 	164 	113 	156 	156 
000168 	164 	113 	156 	156 
000169 	164 	113 	156 	156 
000170 	147 	113 	156 	156 
000171 	147 	96 	156 	156 
000172 	147 	96 	156 	156 
000173 	147 	96 	156 	156 
000174 	147 	96 	156 	156 
000175 	147 	96 	156 	156 
000176 	147 	96 	156 	156 
000177 	147 	96 	156 	156 
000178 	147 	96 	156 	156 
000179 	147 	96 	156 	156 
000180 	147 	96 	156 	156 
000181 	147 	96 	156 	156 
000182 	147 	96 	156 	156 
000183 	130 	96 	156 	156 
000184 	130 	96 	156 	156 
000185 	130 	96 	156 	156 
000186 	130 	96 	156 	156 
000187 	130 	96 	156 	156 
000188 	130 	96 	156 	156 
000189 	113 	79 	155 	156 
000190 	113 	79 	155 	156 
000191 	113 	79 	155 	156 
000192 	113 	79 	155 	156 
000193 	113 	79 	155 	156 
000194 	113 	79 	155 	156 
000195 	113 	79 	155 	156 
000196 	113 	79 	155 	156 
000197 	113 	62 	155 	155 
000198 	113 	62 	155 	155 
000199 	113 	62 	155 	155 
000200 	113 	62 	155 	155 
000201 	130 	62 	156 	155 
000202 	130 	44 	156 	156 
000203 	147 	44 	156 	156 
000204 	147 	44 	156 	156 
000205 	164 	44 	156 	156 
000206 	181 	44 	156 	156 
000207 	181 	44 	156 	156 
000208 	199 	44 	155 	156 
000209 	199 	44 	155 	156 
000210 	216 	44 	156 	156 
000211 	216 	44 	156 	156 
000212 	216 	44 	156 	156 
000213 	216 	44 	156 	156 
000214 	233 	44 	156 	156 
000215 	233 	44 	156 	156 
000216 	233 	44 	156 	156 
000217 	233 	44 	156 	156 
000218 	233 	44 	156 	156 
000219 	233 	44 	156 	156 
000220 	197 	33 	187 	187 
000221 	216 	62 	156 	155 
000222 	216 	62 	156 	155 
000223 	216 	62 	156 	155 
000224 	216 	62 	156 	155 
000225 	216 	44 	156 	156 
000226 	216 	44 	156 	156 
000227 	216 	44 	156 	156 
000228 	216 	44 	156 	156 
000229 	216 	44 	156 	156 
000230 	223 	66 	130 	130 
000231 	223 	66 	130 	130 
000232 	199 	44 	155 	156 
000233 	208 	66 	130 	130 
000234 	181 	44 	156 	156 
000235 	194 	66 	130 	130 
000236 	194 	66 	130 	130 
000237 	180 	66 	130 	130 
000238 	180 	66 	130 	130 
000239 	180 	66 	130 	130 
000240 	165 	80 	130 	130 
000241 	165 	80 	130 	130 
000242 	165 	80 	130 	130 
000243 	165 	80 	130 	130 
000244 	147 	62 	156 	155 
000245 	165 	80 	130 	130 
000246 	165 	80 	130 	130 
000247 	180 	66 	130 	130 
000248 	180 	80 	130 	130 
000249 	194 	66 	130 	130 
000250 	194 	80 	130 	130 
000251 	194 	80 	130 	130 
000252 	194 	80 	130 	130 
000253 	181 	62 	156 	155 
000254 	181 	62 	156 	155 
000255 	208 	80 	130 	130 
000256 	181 	62 	156 	155 
000257 	181 	62 	156 	155 
000258 	181 	62 	156 	155 
000259 	181 	62 	156 	155 
000260 	181 	62 	156 	155 
000261 	181 	62 	156 	155 
000262 	181 	62 	156 	155 
000263 	181 	62 	156 	155 
000264 	208 	80 	130 	130 
000265 	208 	80 	130 	130 
