Identity  : 	id10104
Reference : 	skt7RVs2Exo
Offset    : 	-3
FV Conf   : 	13.785
ASD Conf  : 	5.338

FRAME 	X 	Y 	W 	H 
005767 	216 	62 	156 	155 
005768 	216 	62 	156 	155 
005769 	216 	62 	156 	155 
005770 	216 	62 	156 	155 
005771 	216 	62 	156 	155 
005772 	216 	62 	156 	155 
005773 	216 	62 	156 	155 
005774 	216 	62 	156 	155 
005775 	216 	62 	156 	155 
005776 	216 	62 	156 	155 
005777 	216 	62 	156 	155 
005778 	216 	62 	156 	155 
005779 	216 	62 	156 	155 
005780 	233 	62 	156 	155 
005781 	233 	62 	156 	155 
005782 	233 	62 	156 	155 
005783 	233 	62 	156 	155 
005784 	233 	62 	156 	155 
005785 	233 	62 	156 	155 
005786 	233 	62 	156 	155 
005787 	233 	62 	156 	155 
005788 	233 	62 	156 	155 
005789 	233 	62 	156 	155 
005790 	233 	62 	156 	155 
005791 	233 	62 	156 	155 
005792 	233 	62 	156 	155 
005793 	233 	62 	156 	155 
005794 	233 	62 	156 	155 
005795 	233 	62 	156 	155 
005796 	233 	62 	156 	155 
005797 	233 	62 	156 	155 
005798 	233 	62 	156 	155 
005799 	233 	62 	156 	155 
005800 	233 	62 	156 	155 
005801 	233 	62 	156 	155 
005802 	233 	62 	156 	155 
005803 	233 	62 	156 	155 
005804 	233 	62 	156 	155 
005805 	233 	62 	156 	155 
005806 	233 	62 	156 	155 
005807 	233 	62 	156 	155 
005808 	233 	62 	156 	155 
005809 	233 	62 	156 	155 
005810 	233 	62 	156 	155 
005811 	216 	62 	156 	155 
005812 	216 	62 	156 	155 
005813 	233 	62 	156 	155 
005814 	233 	62 	156 	155 
005815 	233 	62 	156 	155 
005816 	233 	62 	156 	155 
005817 	233 	62 	156 	155 
005818 	233 	62 	156 	155 
005819 	233 	62 	156 	155 
005820 	233 	62 	156 	155 
005821 	233 	62 	156 	155 
005822 	233 	62 	156 	155 
005823 	233 	62 	156 	155 
005824 	233 	62 	156 	155 
005825 	233 	62 	156 	155 
005826 	233 	62 	156 	155 
005827 	233 	62 	156 	155 
005828 	233 	62 	156 	155 
005829 	233 	62 	156 	155 
005830 	233 	62 	156 	155 
005831 	233 	62 	156 	155 
005832 	233 	62 	156 	155 
005833 	233 	62 	156 	155 
005834 	233 	62 	156 	155 
005835 	233 	62 	156 	155 
005836 	233 	62 	156 	155 
005837 	233 	62 	156 	155 
005838 	233 	62 	156 	155 
005839 	233 	62 	156 	155 
005840 	233 	62 	156 	155 
005841 	233 	62 	156 	155 
005842 	233 	62 	156 	155 
005843 	233 	62 	156 	155 
005844 	233 	62 	156 	155 
005845 	233 	62 	156 	155 
005846 	233 	62 	156 	155 
005847 	233 	62 	156 	155 
005848 	233 	62 	156 	155 
005849 	233 	62 	156 	155 
005850 	233 	62 	156 	155 
005851 	233 	62 	156 	155 
005852 	233 	62 	156 	155 
005853 	233 	62 	156 	155 
005854 	233 	62 	156 	155 
005855 	233 	62 	156 	155 
005856 	233 	62 	156 	155 
005857 	233 	62 	156 	155 
005858 	233 	62 	156 	155 
005859 	233 	62 	156 	155 
005860 	233 	62 	156 	155 
005861 	233 	62 	156 	155 
005862 	233 	62 	156 	155 
005863 	233 	62 	156 	155 
005864 	233 	62 	156 	155 
005865 	233 	62 	156 	155 
005866 	233 	62 	156 	155 
005867 	233 	62 	156 	155 
005868 	233 	62 	156 	155 
005869 	233 	62 	156 	155 
005870 	233 	62 	156 	155 
005871 	233 	62 	156 	155 
005872 	233 	62 	156 	155 
005873 	233 	62 	156 	155 
005874 	233 	62 	156 	155 
005875 	233 	62 	156 	155 
005876 	233 	62 	156 	155 
005877 	233 	62 	156 	155 
005878 	233 	62 	156 	155 
005879 	233 	62 	156 	155 
005880 	233 	62 	156 	155 
005881 	233 	62 	156 	155 
005882 	233 	62 	156 	155 
005883 	233 	62 	156 	155 
005884 	233 	62 	156 	155 
005885 	233 	62 	156 	155 
005886 	233 	62 	156 	155 
005887 	233 	62 	156 	155 
005888 	233 	62 	156 	155 
005889 	233 	62 	156 	155 
005890 	233 	62 	156 	155 
005891 	233 	62 	156 	155 
005892 	233 	62 	156 	155 
005893 	233 	62 	156 	155 
005894 	233 	62 	156 	155 
005895 	233 	62 	156 	155 
005896 	233 	62 	156 	155 
005897 	233 	62 	156 	155 
005898 	233 	62 	156 	155 
005899 	233 	62 	156 	155 
005900 	233 	62 	156 	155 
005901 	233 	62 	156 	155 
005902 	233 	62 	156 	155 
005903 	233 	62 	156 	155 
005904 	233 	62 	156 	155 
005905 	233 	62 	156 	155 
005906 	233 	62 	156 	155 
005907 	233 	62 	156 	155 
005908 	233 	62 	156 	155 
005909 	233 	62 	156 	155 
005910 	233 	62 	156 	155 
005911 	233 	62 	156 	155 
005912 	233 	62 	156 	155 
005913 	233 	62 	156 	155 
005914 	233 	62 	156 	155 
005915 	233 	62 	156 	155 
005916 	233 	62 	156 	155 
005917 	233 	62 	156 	155 
005918 	233 	62 	156 	155 
005919 	233 	62 	156 	155 
005920 	233 	62 	156 	155 
005921 	233 	62 	156 	155 
005922 	233 	62 	156 	155 
005923 	233 	62 	156 	155 
005924 	233 	62 	156 	155 
005925 	233 	62 	156 	155 
005926 	233 	62 	156 	155 
005927 	233 	62 	156 	155 
005928 	233 	62 	156 	155 
005929 	233 	62 	156 	155 
005930 	233 	62 	156 	155 
005931 	233 	62 	156 	155 
005932 	233 	62 	156 	155 
005933 	233 	62 	156 	155 
005934 	233 	62 	156 	155 
005935 	233 	62 	156 	155 
005936 	233 	62 	156 	155 
005937 	233 	62 	156 	155 
005938 	233 	62 	156 	155 
005939 	233 	62 	156 	155 
005940 	233 	62 	156 	155 
005941 	233 	62 	156 	155 
005942 	233 	79 	156 	156 
005943 	233 	79 	156 	156 
005944 	233 	79 	156 	156 
