Identity  : 	id10104
Reference : 	skt7RVs2Exo
Offset    : 	-3
FV Conf   : 	13.518
ASD Conf  : 	6.266

FRAME 	X 	Y 	W 	H 
010658 	199 	79 	155 	156 
010659 	199 	79 	155 	156 
010660 	199 	79 	155 	156 
010661 	199 	79 	155 	156 
010662 	199 	79 	155 	156 
010663 	199 	79 	155 	156 
010664 	199 	79 	155 	156 
010665 	199 	79 	155 	156 
010666 	199 	79 	155 	156 
010667 	199 	79 	155 	156 
010668 	199 	79 	155 	156 
010669 	199 	79 	155 	156 
010670 	199 	79 	155 	156 
010671 	199 	79 	155 	156 
010672 	199 	79 	155 	156 
010673 	199 	79 	155 	156 
010674 	199 	79 	155 	156 
010675 	199 	79 	155 	156 
010676 	199 	79 	155 	156 
010677 	199 	79 	155 	156 
010678 	199 	79 	155 	156 
010679 	199 	79 	155 	156 
010680 	199 	79 	155 	156 
010681 	199 	79 	155 	156 
010682 	199 	79 	155 	156 
010683 	199 	79 	155 	156 
010684 	199 	79 	155 	156 
010685 	199 	79 	155 	156 
010686 	199 	79 	155 	156 
010687 	199 	79 	155 	156 
010688 	199 	79 	155 	156 
010689 	199 	79 	155 	156 
010690 	199 	79 	155 	156 
010691 	199 	79 	155 	156 
010692 	199 	79 	155 	156 
010693 	199 	79 	155 	156 
010694 	199 	79 	155 	156 
010695 	199 	79 	155 	156 
010696 	199 	79 	155 	156 
010697 	199 	79 	155 	156 
010698 	199 	79 	155 	156 
010699 	199 	79 	155 	156 
010700 	199 	79 	155 	156 
010701 	199 	79 	155 	156 
010702 	199 	79 	155 	156 
010703 	199 	79 	155 	156 
010704 	199 	79 	155 	156 
010705 	199 	79 	155 	156 
010706 	199 	79 	155 	156 
010707 	199 	79 	155 	156 
010708 	199 	79 	155 	156 
010709 	199 	79 	155 	156 
010710 	199 	79 	155 	156 
010711 	199 	79 	155 	156 
010712 	199 	79 	155 	156 
010713 	199 	79 	155 	156 
010714 	199 	79 	155 	156 
010715 	199 	79 	155 	156 
010716 	199 	79 	155 	156 
010717 	199 	79 	155 	156 
010718 	199 	79 	155 	156 
010719 	199 	79 	155 	156 
010720 	199 	79 	155 	156 
010721 	199 	79 	155 	156 
010722 	199 	79 	155 	156 
010723 	199 	79 	155 	156 
010724 	199 	79 	155 	156 
010725 	199 	79 	155 	156 
010726 	199 	79 	155 	156 
010727 	199 	79 	155 	156 
010728 	199 	79 	155 	156 
010729 	199 	79 	155 	156 
010730 	199 	79 	155 	156 
010731 	199 	79 	155 	156 
010732 	199 	79 	155 	156 
010733 	199 	62 	155 	155 
010734 	199 	62 	155 	155 
010735 	199 	62 	155 	155 
010736 	199 	62 	155 	155 
010737 	199 	62 	155 	155 
010738 	199 	79 	155 	156 
010739 	199 	79 	155 	156 
010740 	199 	62 	155 	155 
010741 	199 	79 	155 	156 
010742 	199 	62 	155 	155 
010743 	199 	79 	155 	156 
010744 	199 	79 	155 	156 
010745 	199 	62 	155 	155 
010746 	199 	62 	155 	155 
010747 	199 	62 	155 	155 
010748 	199 	62 	155 	155 
010749 	199 	62 	155 	155 
010750 	199 	62 	155 	155 
010751 	199 	62 	155 	155 
010752 	199 	62 	155 	155 
010753 	199 	62 	155 	155 
010754 	199 	62 	155 	155 
010755 	199 	62 	155 	155 
010756 	199 	62 	155 	155 
010757 	199 	62 	155 	155 
010758 	199 	62 	155 	155 
010759 	199 	62 	155 	155 
010760 	216 	79 	156 	156 
010761 	216 	79 	156 	156 
010762 	216 	79 	156 	156 
010763 	216 	79 	156 	156 
010764 	216 	79 	156 	156 
010765 	216 	79 	156 	156 
010766 	216 	79 	156 	156 
010767 	216 	79 	156 	156 
010768 	216 	79 	156 	156 
010769 	216 	79 	156 	156 
010770 	216 	79 	156 	156 
010771 	216 	62 	156 	155 
010772 	216 	62 	156 	155 
010773 	216 	62 	156 	155 
010774 	216 	62 	156 	155 
010775 	216 	62 	156 	155 
010776 	216 	62 	156 	155 
010777 	216 	62 	156 	155 
010778 	216 	62 	156 	155 
010779 	216 	62 	156 	155 
010780 	216 	62 	156 	155 
010781 	199 	62 	155 	155 
010782 	199 	62 	155 	155 
010783 	199 	62 	155 	155 
010784 	199 	62 	155 	155 
010785 	199 	62 	155 	155 
010786 	199 	62 	155 	155 
010787 	199 	62 	155 	155 
010788 	199 	62 	155 	155 
010789 	199 	62 	155 	155 
010790 	199 	62 	155 	155 
010791 	199 	62 	155 	155 
010792 	199 	62 	155 	155 
010793 	199 	62 	155 	155 
010794 	199 	62 	155 	155 
010795 	199 	62 	155 	155 
010796 	199 	62 	155 	155 
010797 	199 	62 	155 	155 
010798 	199 	62 	155 	155 
010799 	199 	62 	155 	155 
010800 	199 	62 	155 	155 
010801 	216 	79 	156 	156 
010802 	216 	79 	156 	156 
010803 	216 	79 	156 	156 
010804 	216 	79 	156 	156 
010805 	216 	79 	156 	156 
010806 	216 	79 	156 	156 
010807 	216 	79 	156 	156 
010808 	199 	62 	155 	155 
010809 	199 	62 	155 	155 
010810 	216 	79 	156 	156 
010811 	216 	79 	156 	156 
010812 	216 	62 	156 	155 
010813 	216 	62 	156 	155 
010814 	216 	62 	156 	155 
010815 	216 	62 	156 	155 
010816 	216 	62 	156 	155 
010817 	199 	62 	155 	155 
010818 	216 	79 	156 	156 
010819 	216 	79 	156 	156 
010820 	216 	79 	156 	156 
010821 	216 	79 	156 	156 
010822 	216 	79 	156 	156 
010823 	216 	79 	156 	156 
010824 	216 	79 	156 	156 
010825 	216 	79 	156 	156 
010826 	237 	94 	130 	130 
010827 	237 	94 	130 	130 
010828 	216 	62 	156 	155 
010829 	216 	62 	156 	155 
010830 	216 	62 	156 	155 
010831 	216 	62 	156 	155 
010832 	216 	62 	156 	155 
010833 	216 	62 	156 	155 
010834 	216 	62 	156 	155 
010835 	216 	62 	156 	155 
010836 	216 	62 	156 	155 
010837 	216 	62 	156 	155 
010838 	199 	62 	155 	155 
010839 	199 	62 	155 	155 
010840 	199 	62 	155 	155 
010841 	199 	79 	155 	156 
010842 	199 	79 	155 	156 
010843 	199 	79 	155 	156 
010844 	199 	79 	155 	156 
010845 	199 	79 	155 	156 
010846 	199 	79 	155 	156 
010847 	216 	79 	156 	156 
010848 	216 	79 	156 	156 
010849 	216 	79 	156 	156 
010850 	199 	79 	155 	156 
010851 	216 	79 	156 	156 
010852 	216 	79 	156 	156 
010853 	216 	79 	156 	156 
010854 	216 	79 	156 	156 
010855 	216 	79 	156 	156 
010856 	216 	79 	156 	156 
010857 	216 	79 	156 	156 
010858 	216 	79 	156 	156 
010859 	216 	79 	156 	156 
010860 	216 	79 	156 	156 
010861 	216 	79 	156 	156 
010862 	216 	79 	156 	156 
