Identity  : 	id10984
Reference : 	uBgaKJJxd4M
Offset    : 	1
FV Conf   : 	15.074
ASD Conf  : 	6.998

FRAME 	X 	Y 	W 	H 
000410 	165 	23 	130 	130 
000411 	165 	23 	130 	130 
000412 	165 	23 	130 	130 
000413 	165 	23 	130 	130 
000414 	165 	23 	130 	130 
000415 	165 	23 	130 	130 
000416 	165 	23 	130 	130 
000417 	165 	23 	130 	130 
000418 	185 	31 	109 	108 
000419 	185 	31 	109 	108 
000420 	185 	31 	109 	108 
000421 	185 	31 	109 	108 
000422 	185 	31 	109 	108 
000423 	180 	23 	130 	130 
000424 	180 	23 	130 	130 
000425 	180 	23 	130 	130 
000426 	180 	23 	130 	130 
000427 	180 	23 	130 	130 
000428 	180 	23 	130 	130 
000429 	180 	23 	130 	130 
000430 	197 	43 	109 	108 
000431 	197 	43 	109 	108 
000432 	185 	43 	109 	108 
000433 	185 	43 	109 	108 
000434 	185 	43 	109 	108 
000435 	185 	43 	109 	108 
000436 	173 	43 	109 	108 
000437 	173 	43 	109 	108 
000438 	173 	43 	109 	108 
000439 	173 	43 	109 	108 
000440 	174 	65 	91 	91 
000441 	174 	65 	91 	91 
000442 	174 	65 	91 	91 
000443 	174 	65 	91 	91 
000444 	174 	65 	91 	91 
000445 	174 	65 	91 	91 
000446 	173 	54 	109 	109 
000447 	173 	54 	109 	109 
000448 	173 	54 	109 	109 
000449 	173 	54 	109 	109 
000450 	173 	54 	109 	109 
000451 	174 	75 	91 	91 
000452 	174 	75 	91 	91 
000453 	174 	75 	91 	91 
000454 	174 	75 	91 	91 
000455 	174 	75 	91 	91 
000456 	174 	75 	91 	91 
000457 	174 	75 	91 	91 
000458 	161 	66 	109 	109 
000459 	161 	66 	109 	109 
000460 	161 	66 	109 	109 
000461 	161 	66 	109 	109 
000462 	161 	66 	109 	109 
000463 	164 	75 	91 	91 
000464 	164 	75 	91 	91 
000465 	164 	75 	91 	91 
000466 	161 	66 	109 	109 
000467 	174 	75 	91 	91 
000468 	174 	75 	91 	91 
000469 	173 	54 	109 	109 
000470 	173 	54 	109 	109 
000471 	173 	54 	109 	109 
000472 	174 	65 	91 	91 
000473 	174 	65 	91 	91 
000474 	174 	65 	91 	91 
000475 	173 	54 	109 	109 
000476 	173 	54 	109 	109 
000477 	173 	54 	109 	109 
000478 	173 	54 	109 	109 
000479 	173 	54 	109 	109 
000480 	173 	54 	109 	109 
000481 	173 	54 	109 	109 
000482 	173 	54 	109 	109 
000483 	173 	54 	109 	109 
000484 	173 	54 	109 	109 
000485 	173 	54 	109 	109 
000486 	173 	54 	109 	109 
000487 	173 	54 	109 	109 
000488 	173 	54 	109 	109 
000489 	173 	54 	109 	109 
000490 	173 	54 	109 	109 
000491 	173 	54 	109 	109 
000492 	173 	54 	109 	109 
000493 	173 	54 	109 	109 
000494 	173 	54 	109 	109 
000495 	173 	54 	109 	109 
000496 	173 	54 	109 	109 
000497 	173 	54 	109 	109 
000498 	173 	54 	109 	109 
000499 	173 	54 	109 	109 
000500 	173 	54 	109 	109 
000501 	173 	54 	109 	109 
000502 	173 	54 	109 	109 
000503 	173 	54 	109 	109 
000504 	173 	54 	109 	109 
000505 	173 	54 	109 	109 
000506 	173 	54 	109 	109 
000507 	173 	54 	109 	109 
000508 	173 	54 	109 	109 
000509 	173 	54 	109 	109 
000510 	173 	54 	109 	109 
000511 	173 	54 	109 	109 
000512 	173 	54 	109 	109 
000513 	173 	54 	109 	109 
000514 	173 	54 	109 	109 
000515 	173 	54 	109 	109 
000516 	173 	54 	109 	109 
000517 	173 	54 	109 	109 
000518 	173 	54 	109 	109 
000519 	173 	54 	109 	109 
000520 	173 	54 	109 	109 
000521 	173 	54 	109 	109 
000522 	173 	54 	109 	109 
000523 	173 	54 	109 	109 
000524 	173 	54 	109 	109 
000525 	173 	54 	109 	109 
000526 	173 	54 	109 	109 
000527 	173 	54 	109 	109 
000528 	173 	54 	109 	109 
000529 	173 	54 	109 	109 
000530 	173 	54 	109 	109 
000531 	173 	54 	109 	109 
000532 	173 	54 	109 	109 
000533 	173 	54 	109 	109 
000534 	173 	54 	109 	109 
000535 	173 	54 	109 	109 
000536 	173 	54 	109 	109 
000537 	173 	54 	109 	109 
000538 	173 	54 	109 	109 
000539 	173 	54 	109 	109 
000540 	173 	54 	109 	109 
000541 	173 	54 	109 	109 
000542 	173 	54 	109 	109 
000543 	173 	54 	109 	109 
000544 	173 	54 	109 	109 
000545 	173 	54 	109 	109 
000546 	173 	54 	109 	109 
000547 	173 	54 	109 	109 
000548 	173 	54 	109 	109 
000549 	173 	54 	109 	109 
000550 	173 	54 	109 	109 
000551 	173 	54 	109 	109 
000552 	173 	54 	109 	109 
000553 	173 	54 	109 	109 
000554 	173 	54 	109 	109 
000555 	173 	54 	109 	109 
000556 	173 	54 	109 	109 
000557 	173 	54 	109 	109 
000558 	173 	54 	109 	109 
000559 	173 	54 	109 	109 
000560 	173 	54 	109 	109 
000561 	173 	54 	109 	109 
000562 	173 	54 	109 	109 
000563 	173 	54 	109 	109 
000564 	173 	54 	109 	109 
000565 	173 	54 	109 	109 
000566 	173 	54 	109 	109 
000567 	173 	54 	109 	109 
000568 	173 	54 	109 	109 
000569 	173 	54 	109 	109 
000570 	173 	54 	109 	109 
000571 	173 	54 	109 	109 
000572 	173 	54 	109 	109 
000573 	173 	54 	109 	109 
000574 	173 	54 	109 	109 
000575 	173 	54 	109 	109 
000576 	173 	54 	109 	109 
000577 	173 	54 	109 	109 
000578 	173 	54 	109 	109 
000579 	173 	43 	109 	108 
000580 	173 	43 	109 	108 
000581 	173 	43 	109 	108 
000582 	173 	43 	109 	108 
000583 	173 	54 	109 	109 
000584 	173 	54 	109 	109 
000585 	173 	54 	109 	109 
000586 	173 	54 	109 	109 
000587 	173 	54 	109 	109 
000588 	173 	54 	109 	109 
000589 	173 	54 	109 	109 
000590 	173 	54 	109 	109 
000591 	173 	54 	109 	109 
000592 	173 	54 	109 	109 
000593 	173 	54 	109 	109 
000594 	173 	54 	109 	109 
000595 	173 	54 	109 	109 
000596 	173 	54 	109 	109 
000597 	173 	54 	109 	109 
000598 	173 	54 	109 	109 
000599 	173 	54 	109 	109 
000600 	173 	54 	109 	109 
000601 	173 	54 	109 	109 
000602 	173 	54 	109 	109 
000603 	173 	54 	109 	109 
000604 	173 	54 	109 	109 
000605 	173 	54 	109 	109 
000606 	173 	54 	109 	109 
000607 	173 	54 	109 	109 
000608 	161 	54 	109 	109 
000609 	161 	54 	109 	109 
000610 	161 	54 	109 	109 
000611 	161 	54 	109 	109 
000612 	161 	54 	109 	109 
000613 	161 	54 	109 	109 
000614 	161 	54 	109 	109 
000615 	161 	54 	109 	109 
000616 	161 	54 	109 	109 
000617 	161 	54 	109 	109 
000618 	161 	54 	109 	109 
000619 	161 	54 	109 	109 
000620 	161 	54 	109 	109 
000621 	161 	54 	109 	109 
000622 	161 	54 	109 	109 
000623 	173 	54 	109 	109 
000624 	173 	54 	109 	109 
000625 	173 	54 	109 	109 
000626 	174 	75 	91 	91 
000627 	174 	75 	91 	91 
000628 	173 	66 	109 	109 
000629 	174 	75 	91 	91 
000630 	161 	66 	109 	109 
000631 	161 	66 	109 	109 
000632 	161 	66 	109 	109 
000633 	174 	75 	91 	91 
000634 	173 	66 	109 	109 
000635 	173 	66 	109 	109 
000636 	173 	66 	109 	109 
000637 	173 	54 	109 	109 
000638 	173 	54 	109 	109 
000639 	173 	54 	109 	109 
000640 	173 	54 	109 	109 
000641 	173 	54 	109 	109 
000642 	173 	54 	109 	109 
000643 	173 	54 	109 	109 
000644 	173 	54 	109 	109 
000645 	173 	54 	109 	109 
000646 	173 	54 	109 	109 
000647 	173 	54 	109 	109 
000648 	173 	54 	109 	109 
000649 	173 	54 	109 	109 
000650 	173 	54 	109 	109 
000651 	173 	54 	109 	109 
000652 	173 	54 	109 	109 
000653 	173 	54 	109 	109 
000654 	173 	54 	109 	109 
000655 	173 	54 	109 	109 
000656 	173 	54 	109 	109 
000657 	173 	54 	109 	109 
000658 	173 	54 	109 	109 
000659 	173 	54 	109 	109 
000660 	173 	54 	109 	109 
000661 	173 	54 	109 	109 
000662 	173 	54 	109 	109 
000663 	173 	54 	109 	109 
000664 	173 	54 	109 	109 
000665 	173 	54 	109 	109 
000666 	173 	54 	109 	109 
000667 	173 	54 	109 	109 
000668 	173 	54 	109 	109 
000669 	173 	54 	109 	109 
000670 	173 	54 	109 	109 
000671 	173 	54 	109 	109 
000672 	173 	54 	109 	109 
000673 	173 	54 	109 	109 
000674 	173 	54 	109 	109 
000675 	173 	54 	109 	109 
000676 	173 	54 	109 	109 
000677 	173 	54 	109 	109 
000678 	173 	54 	109 	109 
000679 	173 	54 	109 	109 
000680 	173 	54 	109 	109 
000681 	173 	54 	109 	109 
000682 	173 	54 	109 	109 
000683 	173 	54 	109 	109 
000684 	173 	54 	109 	109 
000685 	173 	54 	109 	109 
000686 	173 	54 	109 	109 
000687 	173 	54 	109 	109 
000688 	173 	54 	109 	109 
000689 	173 	54 	109 	109 
000690 	173 	54 	109 	109 
000691 	173 	54 	109 	109 
000692 	173 	54 	109 	109 
000693 	173 	54 	109 	109 
000694 	173 	54 	109 	109 
000695 	173 	54 	109 	109 
000696 	173 	54 	109 	109 
000697 	173 	54 	109 	109 
000698 	161 	54 	109 	109 
000699 	161 	54 	109 	109 
000700 	161 	54 	109 	109 
000701 	161 	54 	109 	109 
000702 	161 	54 	109 	109 
000703 	161 	54 	109 	109 
000704 	161 	54 	109 	109 
000705 	161 	54 	109 	109 
000706 	161 	54 	109 	109 
000707 	161 	54 	109 	109 
000708 	161 	54 	109 	109 
000709 	161 	54 	109 	109 
000710 	161 	54 	109 	109 
000711 	161 	54 	109 	109 
000712 	161 	54 	109 	109 
000713 	161 	54 	109 	109 
000714 	161 	54 	109 	109 
000715 	161 	54 	109 	109 
000716 	161 	54 	109 	109 
000717 	161 	54 	109 	109 
000718 	161 	54 	109 	109 
000719 	161 	54 	109 	109 
000720 	161 	54 	109 	109 
000721 	174 	65 	91 	91 
000722 	161 	54 	109 	109 
000723 	161 	54 	109 	109 
000724 	161 	54 	109 	109 
000725 	161 	54 	109 	109 
000726 	161 	54 	109 	109 
000727 	161 	54 	109 	109 
000728 	161 	54 	109 	109 
000729 	161 	54 	109 	109 
000730 	161 	54 	109 	109 
000731 	161 	54 	109 	109 
000732 	161 	54 	109 	109 
000733 	161 	54 	109 	109 
000734 	174 	65 	91 	91 
000735 	174 	65 	91 	91 
000736 	174 	65 	91 	91 
000737 	173 	54 	109 	109 
000738 	173 	54 	109 	109 
000739 	173 	54 	109 	109 
000740 	173 	54 	109 	109 
000741 	173 	54 	109 	109 
000742 	173 	54 	109 	109 
000743 	173 	54 	109 	109 
000744 	173 	54 	109 	109 
000745 	173 	54 	109 	109 
000746 	173 	54 	109 	109 
000747 	173 	54 	109 	109 
000748 	173 	54 	109 	109 
000749 	173 	54 	109 	109 
000750 	173 	54 	109 	109 
000751 	173 	54 	109 	109 
000752 	173 	54 	109 	109 
000753 	173 	54 	109 	109 
000754 	173 	54 	109 	109 
000755 	173 	54 	109 	109 
000756 	173 	54 	109 	109 
000757 	173 	54 	109 	109 
000758 	173 	54 	109 	109 
000759 	173 	54 	109 	109 
000760 	173 	54 	109 	109 
000761 	173 	54 	109 	109 
000762 	173 	54 	109 	109 
000763 	173 	54 	109 	109 
000764 	173 	54 	109 	109 
000765 	173 	54 	109 	109 
000766 	173 	54 	109 	109 
000767 	173 	54 	109 	109 
000768 	173 	54 	109 	109 
000769 	173 	54 	109 	109 
000770 	173 	54 	109 	109 
000771 	173 	54 	109 	109 
000772 	173 	54 	109 	109 
000773 	173 	54 	109 	109 
000774 	173 	54 	109 	109 
000775 	173 	54 	109 	109 
000776 	173 	54 	109 	109 
000777 	173 	54 	109 	109 
000778 	173 	54 	109 	109 
000779 	173 	54 	109 	109 
000780 	173 	54 	109 	109 
000781 	173 	54 	109 	109 
000782 	173 	54 	109 	109 
000783 	173 	54 	109 	109 
000784 	173 	54 	109 	109 
000785 	173 	54 	109 	109 
000786 	173 	54 	109 	109 
000787 	173 	54 	109 	109 
