Identity  : 	id10570
Reference : 	qaDesENtnSQ
Offset    : 	-1
FV Conf   : 	15.389
ASD Conf  : 	6.694

FRAME 	X 	Y 	W 	H 
001641 	341 	43 	108 	108 
001642 	353 	55 	91 	91 
001643 	353 	55 	91 	91 
001644 	363 	65 	91 	91 
001645 	368 	65 	91 	91 
001646 	373 	65 	91 	91 
001647 	373 	55 	91 	91 
001648 	373 	55 	91 	91 
001649 	373 	55 	91 	91 
001650 	363 	55 	91 	91 
001651 	363 	55 	91 	91 
001652 	363 	55 	91 	91 
001653 	363 	55 	91 	91 
001654 	363 	55 	91 	91 
001655 	363 	55 	91 	91 
001656 	363 	55 	91 	91 
001657 	353 	54 	108 	109 
001658 	353 	54 	108 	109 
001659 	353 	54 	108 	109 
001660 	363 	65 	91 	91 
001661 	363 	65 	91 	91 
001662 	363 	65 	91 	91 
001663 	363 	65 	91 	91 
001664 	363 	65 	91 	91 
001665 	363 	65 	91 	91 
001666 	363 	65 	91 	91 
001667 	363 	65 	91 	91 
001668 	363 	65 	91 	91 
001669 	363 	65 	91 	91 
001670 	341 	43 	108 	108 
001671 	341 	43 	108 	108 
001672 	343 	55 	91 	91 
001673 	329 	43 	108 	108 
001674 	329 	43 	108 	108 
001675 	329 	43 	108 	108 
001676 	329 	43 	108 	108 
001677 	329 	43 	108 	108 
001678 	341 	43 	108 	108 
001679 	341 	43 	108 	108 
001680 	363 	55 	91 	91 
001681 	363 	55 	91 	91 
001682 	373 	55 	91 	91 
001683 	373 	55 	91 	91 
001684 	373 	55 	91 	91 
001685 	372 	55 	91 	91 
001686 	372 	55 	92 	92 
001687 	371 	55 	92 	92 
001688 	370 	55 	92 	92 
001689 	370 	55 	92 	92 
001690 	369 	55 	93 	93 
001691 	368 	55 	93 	93 
001692 	368 	55 	93 	93 
001693 	367 	55 	93 	94 
001694 	366 	55 	94 	94 
001695 	365 	55 	94 	94 
001696 	365 	55 	94 	94 
001697 	364 	55 	94 	95 
001698 	363 	55 	95 	95 
001699 	363 	55 	95 	95 
001700 	362 	55 	95 	96 
001701 	361 	55 	96 	96 
001702 	361 	55 	96 	96 
001703 	360 	55 	96 	96 
001704 	359 	55 	96 	97 
001705 	359 	55 	97 	97 
001706 	358 	55 	97 	97 
001707 	357 	55 	97 	97 
001708 	356 	55 	97 	98 
001709 	356 	55 	98 	98 
001710 	355 	55 	98 	98 
001711 	354 	55 	98 	99 
001712 	354 	55 	98 	99 
001713 	353 	55 	99 	99 
001714 	352 	55 	99 	99 
001715 	352 	55 	99 	100 
001716 	351 	54 	100 	100 
001717 	350 	54 	100 	100 
001718 	350 	54 	100 	101 
001719 	349 	54 	100 	101 
001720 	348 	54 	101 	101 
001721 	348 	54 	101 	101 
001722 	347 	54 	101 	102 
001723 	346 	54 	101 	102 
001724 	346 	54 	102 	102 
001725 	345 	54 	102 	103 
001726 	344 	54 	102 	103 
001727 	343 	54 	102 	103 
001728 	343 	54 	103 	103 
001729 	342 	54 	103 	104 
001730 	341 	54 	103 	104 
001731 	341 	54 	103 	104 
001732 	340 	54 	104 	104 
001733 	339 	54 	104 	105 
001734 	339 	54 	104 	105 
001735 	338 	54 	105 	105 
001736 	337 	54 	105 	106 
001737 	337 	54 	105 	106 
001738 	336 	54 	105 	106 
001739 	335 	54 	106 	106 
001740 	334 	54 	106 	107 
001741 	334 	54 	106 	107 
001742 	333 	54 	106 	107 
001743 	332 	54 	107 	108 
001744 	332 	54 	107 	108 
001745 	331 	54 	107 	108 
001746 	330 	54 	107 	108 
001747 	330 	54 	108 	109 
001748 	329 	54 	108 	109 
001749 	329 	54 	108 	109 
001750 	329 	54 	108 	109 
001751 	329 	54 	108 	109 
001752 	329 	54 	108 	109 
001753 	329 	54 	108 	109 
001754 	330 	55 	108 	109 
001755 	330 	55 	108 	109 
001756 	330 	55 	108 	109 
001757 	330 	55 	108 	109 
001758 	330 	55 	108 	109 
001759 	331 	56 	108 	109 
001760 	331 	56 	108 	109 
