Identity  : 	id10165
Reference : 	YnVizEvV7jQ
Offset    : 	-1
FV Conf   : 	14.517
ASD Conf  : 	6.122

FRAME 	X 	Y 	W 	H 
007226 	281 	78 	108 	109 
007227 	281 	78 	108 	109 
007228 	281 	78 	108 	109 
007229 	281 	78 	108 	109 
007230 	281 	78 	108 	109 
007231 	281 	78 	108 	109 
007232 	281 	78 	108 	109 
007233 	281 	78 	108 	109 
007234 	281 	78 	108 	109 
007235 	266 	66 	130 	130 
007236 	266 	66 	130 	130 
007237 	266 	66 	130 	130 
007238 	281 	78 	108 	109 
007239 	281 	78 	108 	109 
007240 	281 	78 	108 	109 
007241 	269 	78 	108 	109 
007242 	269 	78 	108 	109 
007243 	269 	78 	108 	109 
007244 	269 	78 	108 	109 
007245 	269 	78 	108 	109 
007246 	251 	66 	130 	130 
007247 	251 	80 	130 	130 
007248 	251 	80 	130 	130 
007249 	257 	90 	109 	109 
007250 	237 	80 	130 	130 
007251 	237 	80 	130 	130 
007252 	245 	102 	109 	109 
007253 	245 	102 	109 	109 
007254 	245 	102 	109 	109 
007255 	245 	102 	109 	109 
007256 	245 	102 	109 	109 
007257 	245 	90 	109 	109 
007258 	245 	90 	109 	109 
007259 	245 	90 	109 	109 
007260 	245 	90 	109 	109 
007261 	245 	102 	109 	109 
007262 	245 	102 	109 	109 
007263 	245 	102 	109 	109 
007264 	245 	90 	109 	109 
007265 	245 	90 	109 	109 
007266 	245 	90 	109 	109 
007267 	245 	90 	109 	109 
007268 	245 	90 	109 	109 
007269 	245 	90 	109 	109 
007270 	245 	90 	109 	109 
007271 	245 	90 	109 	109 
007272 	245 	90 	109 	109 
007273 	245 	90 	109 	109 
007274 	245 	90 	109 	109 
007275 	237 	80 	130 	130 
007276 	237 	80 	130 	130 
007277 	257 	90 	109 	109 
007278 	257 	90 	109 	109 
007279 	257 	90 	109 	109 
007280 	257 	90 	109 	109 
007281 	269 	78 	108 	109 
007282 	269 	78 	108 	109 
007283 	269 	78 	108 	109 
007284 	269 	78 	108 	109 
007285 	269 	78 	108 	109 
007286 	269 	78 	108 	109 
007287 	269 	78 	108 	109 
007288 	269 	78 	108 	109 
007289 	269 	78 	108 	109 
007290 	269 	78 	108 	109 
007291 	251 	66 	130 	130 
007292 	257 	78 	109 	109 
007293 	257 	78 	109 	109 
007294 	257 	78 	109 	109 
007295 	257 	78 	109 	109 
007296 	257 	78 	109 	109 
007297 	257 	78 	109 	109 
007298 	257 	78 	109 	109 
007299 	257 	78 	109 	109 
007300 	257 	78 	109 	109 
007301 	257 	78 	109 	109 
007302 	257 	78 	109 	109 
007303 	257 	78 	109 	109 
007304 	257 	78 	109 	109 
007305 	257 	78 	109 	109 
007306 	257 	90 	109 	109 
007307 	257 	90 	109 	109 
007308 	257 	90 	109 	109 
007309 	257 	90 	109 	109 
007310 	257 	90 	109 	109 
007311 	257 	90 	109 	109 
007312 	257 	90 	109 	109 
007313 	257 	90 	109 	109 
007314 	257 	90 	109 	109 
007315 	257 	90 	109 	109 
007316 	257 	90 	109 	109 
007317 	257 	90 	109 	109 
007318 	257 	90 	109 	109 
007319 	257 	90 	109 	109 
007320 	257 	90 	109 	109 
007321 	257 	90 	109 	109 
007322 	251 	80 	130 	130 
007323 	269 	90 	108 	109 
007324 	269 	90 	108 	109 
007325 	281 	90 	108 	109 
007326 	281 	90 	108 	109 
007327 	281 	78 	108 	109 
007328 	266 	66 	130 	130 
007329 	281 	78 	108 	109 
007330 	269 	78 	108 	109 
007331 	251 	66 	130 	130 
007332 	251 	66 	130 	130 
007333 	269 	90 	108 	109 
007334 	269 	90 	108 	109 
007335 	269 	90 	108 	109 
007336 	269 	90 	108 	109 
007337 	269 	90 	108 	109 
007338 	269 	78 	108 	109 
007339 	269 	90 	108 	109 
007340 	269 	90 	108 	109 
007341 	269 	90 	108 	109 
007342 	269 	90 	108 	109 
007343 	269 	90 	108 	109 
007344 	269 	90 	108 	109 
007345 	269 	90 	108 	109 
007346 	269 	90 	108 	109 
007347 	269 	90 	108 	109 
007348 	281 	90 	108 	109 
007349 	281 	90 	108 	109 
007350 	281 	90 	108 	109 
007351 	281 	90 	108 	109 
007352 	281 	90 	108 	109 
007353 	281 	90 	108 	109 
007354 	281 	90 	108 	109 
007355 	281 	90 	108 	109 
007356 	281 	90 	108 	109 
007357 	281 	90 	108 	109 
007358 	281 	90 	108 	109 
007359 	281 	90 	108 	109 
007360 	269 	90 	108 	109 
007361 	269 	90 	108 	109 
007362 	269 	90 	108 	109 
007363 	257 	78 	109 	109 
007364 	257 	78 	109 	109 
007365 	257 	78 	109 	109 
007366 	257 	78 	109 	109 
007367 	257 	90 	109 	109 
007368 	257 	90 	109 	109 
007369 	257 	90 	109 	109 
007370 	237 	80 	130 	130 
007371 	237 	80 	130 	130 
007372 	257 	90 	109 	109 
007373 	257 	90 	109 	109 
007374 	257 	90 	109 	109 
007375 	257 	90 	109 	109 
007376 	257 	90 	109 	109 
007377 	257 	90 	109 	109 
007378 	257 	90 	109 	109 
007379 	257 	90 	109 	109 
007380 	257 	90 	109 	109 
007381 	257 	90 	109 	109 
007382 	257 	90 	109 	109 
007383 	257 	90 	109 	109 
007384 	257 	90 	109 	109 
007385 	257 	90 	109 	109 
007386 	257 	90 	109 	109 
007387 	237 	80 	130 	130 
007388 	237 	80 	130 	130 
007389 	237 	80 	130 	130 
007390 	237 	80 	130 	130 
007391 	237 	80 	130 	130 
007392 	237 	80 	130 	130 
007393 	237 	80 	130 	130 
007394 	237 	80 	130 	130 
007395 	237 	80 	130 	130 
007396 	237 	80 	130 	130 
007397 	237 	80 	130 	130 
007398 	257 	90 	109 	109 
007399 	257 	90 	109 	109 
007400 	257 	90 	109 	109 
007401 	251 	66 	130 	130 
007402 	251 	66 	130 	130 
007403 	269 	78 	108 	109 
007404 	266 	66 	130 	130 
007405 	266 	66 	130 	130 
007406 	266 	66 	130 	130 
007407 	266 	66 	130 	130 
007408 	281 	78 	108 	109 
007409 	281 	78 	108 	109 
007410 	281 	78 	108 	109 
007411 	281 	78 	108 	109 
007412 	281 	78 	108 	109 
007413 	281 	78 	108 	109 
007414 	281 	78 	108 	109 
007415 	281 	78 	108 	109 
007416 	281 	78 	108 	109 
007417 	266 	66 	130 	130 
007418 	266 	66 	130 	130 
007419 	269 	78 	108 	109 
007420 	269 	78 	108 	109 
007421 	251 	66 	130 	130 
007422 	251 	66 	130 	130 
007423 	257 	78 	109 	109 
007424 	257 	78 	109 	109 
007425 	257 	78 	109 	109 
007426 	257 	78 	109 	109 
007427 	257 	78 	109 	109 
007428 	257 	90 	109 	109 
007429 	257 	90 	109 	109 
007430 	257 	90 	109 	109 
007431 	257 	90 	109 	109 
007432 	257 	90 	109 	109 
007433 	257 	90 	109 	109 
007434 	257 	90 	109 	109 
007435 	257 	90 	109 	109 
007436 	257 	90 	109 	109 
