Identity  : 	id10510
Reference : 	nC31EBc78w0
Offset    : 	-2
FV Conf   : 	17.680
ASD Conf  : 	6.926

FRAME 	X 	Y 	W 	H 
017498 	199 	96 	155 	156 
017499 	199 	96 	155 	156 
017500 	199 	96 	155 	156 
017501 	199 	96 	155 	156 
017502 	199 	96 	155 	156 
017503 	199 	96 	155 	156 
017504 	199 	96 	155 	156 
017505 	199 	96 	155 	156 
017506 	199 	79 	155 	156 
017507 	199 	79 	155 	156 
017508 	223 	109 	130 	130 
017509 	216 	96 	156 	156 
017510 	216 	96 	156 	156 
017511 	216 	96 	156 	156 
017512 	216 	96 	156 	156 
017513 	216 	79 	156 	156 
017514 	216 	96 	156 	156 
017515 	216 	96 	156 	156 
017516 	216 	96 	156 	156 
017517 	216 	96 	156 	156 
017518 	216 	96 	156 	156 
017519 	216 	96 	156 	156 
017520 	216 	96 	156 	156 
017521 	216 	96 	156 	156 
017522 	216 	96 	156 	156 
017523 	237 	109 	130 	130 
017524 	216 	96 	156 	156 
017525 	216 	79 	156 	156 
017526 	216 	79 	156 	156 
017527 	216 	79 	156 	156 
017528 	223 	80 	130 	130 
017529 	223 	80 	130 	130 
017530 	216 	79 	156 	156 
017531 	216 	79 	156 	156 
017532 	216 	96 	156 	156 
017533 	216 	96 	156 	156 
017534 	216 	113 	156 	156 
017535 	216 	113 	156 	156 
017536 	223 	137 	130 	130 
017537 	221 	129 	139 	139 
017538 	218 	121 	147 	147 
017539 	216 	113 	156 	156 
017540 	216 	113 	156 	156 
017541 	213 	116 	156 	156 
017542 	209 	120 	156 	156 
017543 	206 	123 	155 	156 
017544 	202 	127 	155 	156 
017545 	199 	130 	155 	156 
017546 	223 	137 	130 	130 
017547 	199 	130 	155 	156 
017548 	211 	134 	142 	143 
017549 	223 	137 	130 	130 
017550 	223 	137 	130 	130 
017551 	223 	137 	130 	130 
017552 	223 	137 	130 	130 
017553 	223 	137 	130 	130 
017554 	223 	137 	130 	130 
017555 	223 	137 	130 	130 
017556 	223 	137 	130 	130 
017557 	223 	137 	130 	130 
017558 	223 	137 	130 	130 
017559 	223 	137 	130 	130 
017560 	223 	137 	130 	130 
017561 	223 	137 	130 	130 
017562 	223 	137 	130 	130 
017563 	223 	137 	130 	130 
017564 	223 	137 	130 	130 
017565 	223 	137 	130 	130 
017566 	223 	137 	130 	130 
017567 	223 	137 	130 	130 
017568 	223 	137 	130 	130 
017569 	223 	137 	130 	130 
017570 	223 	137 	130 	130 
017571 	223 	137 	130 	130 
017572 	223 	137 	130 	130 
017573 	223 	123 	130 	130 
017574 	223 	123 	130 	130 
017575 	223 	123 	130 	130 
017576 	223 	123 	130 	130 
017577 	223 	123 	130 	130 
017578 	223 	123 	130 	130 
017579 	216 	113 	156 	156 
017580 	223 	123 	130 	130 
017581 	223 	109 	130 	130 
017582 	223 	109 	130 	130 
017583 	223 	109 	130 	130 
017584 	223 	94 	130 	130 
017585 	223 	94 	130 	130 
017586 	223 	94 	130 	130 
017587 	223 	94 	130 	130 
017588 	223 	94 	130 	130 
017589 	223 	94 	130 	130 
017590 	223 	94 	130 	130 
017591 	223 	94 	130 	130 
017592 	223 	94 	130 	130 
017593 	223 	94 	130 	130 
017594 	223 	94 	130 	130 
017595 	223 	94 	130 	130 
017596 	223 	94 	130 	130 
017597 	223 	94 	130 	130 
017598 	223 	94 	130 	130 
017599 	223 	94 	130 	130 
017600 	216 	96 	156 	156 
017601 	223 	94 	130 	130 
017602 	223 	94 	130 	130 
017603 	223 	94 	130 	130 
017604 	223 	94 	130 	130 
017605 	223 	94 	130 	130 
017606 	223 	94 	130 	130 
017607 	223 	94 	130 	130 
017608 	223 	94 	130 	130 
017609 	223 	94 	130 	130 
017610 	223 	94 	130 	130 
017611 	223 	109 	130 	130 
017612 	223 	109 	130 	130 
017613 	223 	109 	130 	130 
017614 	223 	109 	130 	130 
017615 	223 	109 	130 	130 
017616 	223 	109 	130 	130 
017617 	223 	109 	130 	130 
017618 	223 	109 	130 	130 
017619 	223 	109 	130 	130 
017620 	223 	109 	130 	130 
017621 	223 	109 	130 	130 
017622 	223 	109 	130 	130 
017623 	223 	109 	130 	130 
017624 	223 	109 	130 	130 
017625 	216 	96 	156 	156 
017626 	216 	96 	156 	156 
017627 	216 	96 	156 	156 
017628 	216 	96 	156 	156 
017629 	216 	96 	156 	156 
017630 	216 	96 	156 	156 
017631 	216 	96 	156 	156 
