Identity  : 	id10570
Reference : 	EBRN94RlDAk
Offset    : 	-1
FV Conf   : 	17.266
ASD Conf  : 	6.193

FRAME 	X 	Y 	W 	H 
000510 	353 	45 	91 	91 
000511 	353 	45 	91 	91 
000512 	353 	45 	91 	91 
000513 	353 	45 	91 	91 
000514 	353 	45 	91 	91 
000515 	353 	45 	91 	91 
000516 	353 	45 	91 	91 
000517 	353 	45 	91 	91 
000518 	353 	45 	91 	91 
000519 	353 	45 	91 	91 
000520 	353 	45 	91 	91 
000521 	353 	45 	91 	91 
000522 	353 	45 	91 	91 
000523 	353 	45 	91 	91 
000524 	353 	45 	91 	91 
000525 	353 	45 	91 	91 
000526 	353 	45 	91 	91 
000527 	353 	45 	91 	91 
000528 	353 	45 	91 	91 
000529 	353 	45 	91 	91 
000530 	353 	45 	91 	91 
000531 	353 	45 	91 	91 
000532 	353 	45 	91 	91 
000533 	369 	54 	76 	76 
000534 	369 	54 	76 	76 
000535 	369 	54 	76 	76 
000536 	369 	54 	76 	76 
000537 	369 	54 	76 	76 
000538 	369 	54 	76 	76 
000539 	369 	54 	76 	76 
000540 	363 	55 	91 	91 
000541 	363 	55 	91 	91 
000542 	369 	54 	76 	76 
000543 	363 	55 	91 	91 
000544 	363 	55 	91 	91 
000545 	363 	55 	91 	91 
000546 	363 	55 	91 	91 
000547 	363 	55 	91 	91 
000548 	363 	55 	91 	91 
000549 	363 	55 	91 	91 
000550 	363 	55 	91 	91 
000551 	363 	55 	91 	91 
000552 	363 	55 	91 	91 
000553 	363 	55 	91 	91 
000554 	363 	55 	91 	91 
000555 	363 	55 	91 	91 
000556 	363 	55 	91 	91 
000557 	363 	55 	91 	91 
000558 	363 	55 	91 	91 
000559 	363 	55 	91 	91 
000560 	363 	55 	91 	91 
000561 	363 	55 	91 	91 
000562 	363 	55 	91 	91 
000563 	363 	55 	91 	91 
000564 	363 	55 	91 	91 
000565 	363 	55 	91 	91 
000566 	363 	55 	91 	91 
000567 	363 	55 	91 	91 
000568 	363 	55 	91 	91 
000569 	363 	55 	91 	91 
000570 	363 	55 	91 	91 
000571 	363 	55 	91 	91 
000572 	363 	55 	91 	91 
000573 	363 	55 	91 	91 
000574 	363 	55 	91 	91 
000575 	363 	55 	91 	91 
000576 	363 	55 	91 	91 
000577 	363 	55 	91 	91 
000578 	363 	55 	91 	91 
000579 	363 	55 	91 	91 
000580 	363 	65 	91 	91 
000581 	363 	65 	91 	91 
000582 	363 	65 	91 	91 
000583 	363 	65 	91 	91 
000584 	363 	65 	91 	91 
000585 	363 	65 	91 	91 
000586 	363 	65 	91 	91 
000587 	363 	65 	91 	91 
000588 	363 	65 	91 	91 
000589 	363 	65 	91 	91 
000590 	363 	65 	91 	91 
000591 	363 	65 	91 	91 
000592 	363 	65 	91 	91 
000593 	363 	65 	91 	91 
000594 	363 	65 	91 	91 
000595 	363 	65 	91 	91 
000596 	363 	65 	91 	91 
000597 	363 	65 	91 	91 
000598 	363 	65 	91 	91 
000599 	363 	65 	91 	91 
000600 	363 	65 	91 	91 
000601 	363 	65 	91 	91 
000602 	363 	65 	91 	91 
000603 	363 	65 	91 	91 
000604 	363 	65 	91 	91 
000605 	363 	65 	91 	91 
000606 	363 	55 	91 	91 
000607 	363 	55 	91 	91 
000608 	363 	55 	91 	91 
000609 	363 	55 	91 	91 
000610 	363 	55 	91 	91 
000611 	363 	55 	91 	91 
000612 	363 	55 	91 	91 
000613 	363 	55 	91 	91 
000614 	363 	55 	91 	91 
000615 	363 	55 	91 	91 
000616 	363 	55 	91 	91 
000617 	363 	55 	91 	91 
000618 	363 	45 	91 	91 
000619 	363 	45 	91 	91 
000620 	363 	45 	91 	91 
000621 	363 	45 	91 	91 
000622 	363 	45 	91 	91 
000623 	363 	45 	91 	91 
000624 	363 	45 	91 	91 
000625 	363 	45 	91 	91 
000626 	363 	45 	91 	91 
000627 	369 	54 	76 	76 
000628 	363 	45 	91 	91 
000629 	363 	55 	91 	91 
000630 	363 	55 	91 	91 
000631 	363 	55 	91 	91 
000632 	363 	55 	91 	91 
000633 	363 	55 	91 	91 
000634 	363 	55 	91 	91 
000635 	363 	55 	91 	91 
000636 	363 	55 	91 	91 
000637 	363 	55 	91 	91 
000638 	363 	55 	91 	91 
000639 	363 	55 	91 	91 
000640 	363 	55 	91 	91 
000641 	363 	55 	91 	91 
000642 	363 	55 	91 	91 
000643 	363 	55 	91 	91 
000644 	363 	55 	91 	91 
000645 	363 	55 	91 	91 
000646 	363 	55 	91 	91 
000647 	363 	55 	91 	91 
000648 	363 	55 	91 	91 
000649 	363 	55 	91 	91 
000650 	363 	55 	91 	91 
000651 	363 	55 	91 	91 
000652 	363 	55 	91 	91 
000653 	363 	55 	91 	91 
000654 	363 	55 	91 	91 
000655 	363 	55 	91 	91 
000656 	363 	55 	91 	91 
000657 	363 	55 	91 	91 
000658 	363 	55 	91 	91 
000659 	363 	55 	91 	91 
000660 	363 	55 	91 	91 
000661 	363 	55 	91 	91 
000662 	363 	55 	91 	91 
000663 	363 	55 	91 	91 
000664 	363 	55 	91 	91 
000665 	363 	55 	91 	91 
000666 	363 	55 	91 	91 
000667 	363 	55 	91 	91 
000668 	363 	55 	91 	91 
000669 	363 	55 	91 	91 
000670 	363 	55 	91 	91 
000671 	363 	55 	91 	91 
000672 	363 	55 	91 	91 
000673 	363 	55 	91 	91 
000674 	353 	45 	91 	91 
000675 	353 	45 	91 	91 
000676 	353 	45 	91 	91 
