Identity  : 	id10570
Reference : 	EBRN94RlDAk
Offset    : 	-1
FV Conf   : 	18.546
ASD Conf  : 	5.519

FRAME 	X 	Y 	W 	H 
010614 	323 	65 	91 	91 
010615 	323 	65 	91 	91 
010616 	323 	65 	91 	91 
010617 	323 	65 	91 	91 
010618 	323 	65 	91 	91 
010619 	323 	65 	91 	91 
010620 	323 	65 	91 	91 
010621 	323 	65 	91 	91 
010622 	323 	65 	91 	91 
010623 	323 	65 	91 	91 
010624 	323 	65 	91 	91 
010625 	323 	65 	91 	91 
010626 	323 	65 	91 	91 
010627 	323 	65 	91 	91 
010628 	323 	65 	91 	91 
010629 	323 	65 	91 	91 
010630 	323 	65 	91 	91 
010631 	323 	65 	91 	91 
010632 	323 	65 	91 	91 
010633 	323 	65 	91 	91 
010634 	323 	65 	91 	91 
010635 	323 	65 	91 	91 
010636 	323 	65 	91 	91 
010637 	323 	65 	91 	91 
010638 	323 	65 	91 	91 
010639 	323 	65 	91 	91 
010640 	323 	65 	91 	91 
010641 	323 	65 	91 	91 
010642 	323 	65 	91 	91 
010643 	323 	65 	91 	91 
010644 	323 	65 	91 	91 
010645 	323 	65 	91 	91 
010646 	323 	65 	91 	91 
010647 	323 	65 	91 	91 
010648 	323 	65 	91 	91 
010649 	323 	65 	91 	91 
010650 	323 	65 	91 	91 
010651 	323 	65 	91 	91 
010652 	323 	65 	91 	91 
010653 	323 	65 	91 	91 
010654 	323 	65 	91 	91 
010655 	323 	65 	91 	91 
010656 	323 	65 	91 	91 
010657 	323 	65 	91 	91 
010658 	323 	65 	91 	91 
010659 	305 	54 	108 	109 
010660 	305 	54 	108 	109 
010661 	305 	54 	108 	109 
010662 	305 	54 	108 	109 
010663 	305 	54 	108 	109 
010664 	305 	54 	108 	109 
010665 	314 	65 	90 	91 
010666 	314 	65 	90 	91 
010667 	314 	65 	90 	91 
010668 	314 	65 	90 	91 
010669 	314 	65 	90 	91 
010670 	314 	65 	90 	91 
010671 	314 	65 	90 	91 
010672 	314 	65 	90 	91 
010673 	314 	65 	90 	91 
010674 	314 	65 	90 	91 
010675 	314 	65 	90 	91 
010676 	314 	65 	90 	91 
010677 	314 	65 	90 	91 
010678 	314 	65 	90 	91 
010679 	327 	71 	76 	75 
010680 	327 	71 	76 	75 
010681 	327 	71 	76 	75 
010682 	327 	71 	76 	75 
010683 	327 	71 	76 	75 
010684 	327 	71 	76 	75 
010685 	327 	71 	76 	75 
010686 	323 	65 	91 	91 
010687 	327 	71 	76 	75 
010688 	327 	71 	76 	75 
010689 	327 	71 	76 	75 
010690 	327 	71 	76 	75 
010691 	327 	71 	76 	75 
010692 	327 	71 	76 	75 
010693 	327 	71 	76 	75 
010694 	327 	71 	76 	75 
010695 	327 	71 	76 	75 
010696 	327 	71 	76 	75 
010697 	323 	65 	91 	91 
010698 	323 	65 	91 	91 
010699 	323 	65 	91 	91 
010700 	323 	65 	91 	91 
010701 	336 	71 	75 	75 
010702 	336 	71 	75 	75 
010703 	333 	65 	91 	91 
010704 	333 	65 	91 	91 
010705 	333 	65 	91 	91 
010706 	333 	65 	91 	91 
010707 	333 	65 	91 	91 
010708 	333 	65 	91 	91 
010709 	333 	65 	91 	91 
010710 	333 	65 	91 	91 
010711 	333 	65 	91 	91 
010712 	333 	65 	91 	91 
010713 	333 	65 	91 	91 
010714 	323 	65 	91 	91 
010715 	323 	65 	91 	91 
010716 	323 	65 	91 	91 
