Identity  : 	id10820
Reference : 	BxcAEIROumI
Offset    : 	-2
FV Conf   : 	17.189
ASD Conf  : 	7.521

FRAME 	X 	Y 	W 	H 
005539 	114 	75 	91 	91 
005540 	114 	75 	91 	91 
005541 	105 	75 	90 	91 
005542 	105 	75 	90 	91 
005543 	105 	75 	90 	91 
005544 	105 	75 	90 	91 
005545 	105 	75 	90 	91 
005546 	105 	75 	90 	91 
005547 	105 	75 	90 	91 
005548 	105 	75 	90 	91 
005549 	105 	75 	90 	91 
005550 	105 	75 	90 	91 
005551 	105 	75 	90 	91 
005552 	105 	75 	90 	91 
005553 	105 	75 	90 	91 
005554 	105 	75 	90 	91 
005555 	105 	75 	90 	91 
005556 	105 	75 	90 	91 
005557 	105 	75 	90 	91 
005558 	105 	75 	90 	91 
005559 	105 	75 	90 	91 
005560 	105 	75 	90 	91 
005561 	105 	75 	90 	91 
005562 	105 	75 	90 	91 
005563 	105 	75 	90 	91 
005564 	105 	75 	90 	91 
005565 	105 	75 	90 	91 
005566 	105 	75 	90 	91 
005567 	105 	75 	90 	91 
005568 	105 	75 	90 	91 
005569 	105 	75 	90 	91 
005570 	105 	75 	90 	91 
005571 	105 	75 	90 	91 
005572 	105 	75 	90 	91 
005573 	105 	75 	90 	91 
005574 	105 	75 	90 	91 
005575 	105 	85 	90 	91 
005576 	105 	85 	90 	91 
005577 	105 	85 	90 	91 
005578 	105 	85 	90 	91 
005579 	105 	85 	90 	91 
005580 	95 	85 	90 	91 
005581 	95 	85 	90 	91 
005582 	95 	85 	90 	91 
005583 	95 	85 	90 	91 
005584 	95 	85 	90 	91 
005585 	95 	85 	90 	91 
005586 	95 	85 	90 	91 
005587 	95 	85 	90 	91 
005588 	95 	95 	90 	91 
005589 	95 	95 	90 	91 
005590 	95 	95 	90 	91 
005591 	95 	95 	90 	91 
005592 	95 	95 	90 	91 
005593 	95 	95 	90 	91 
005594 	105 	95 	90 	91 
005595 	105 	95 	90 	91 
005596 	90 	78 	108 	109 
005597 	90 	78 	108 	109 
005598 	90 	78 	108 	109 
005599 	105 	95 	90 	91 
005600 	105 	95 	90 	91 
005601 	105 	95 	90 	91 
005602 	105 	95 	90 	91 
005603 	105 	95 	90 	91 
005604 	90 	90 	108 	109 
005605 	90 	90 	108 	109 
005606 	90 	90 	108 	109 
005607 	90 	90 	108 	109 
005608 	90 	90 	108 	109 
005609 	90 	90 	108 	109 
005610 	90 	90 	108 	109 
005611 	90 	90 	108 	109 
005612 	90 	90 	108 	109 
005613 	95 	95 	90 	91 
005614 	95 	105 	90 	91 
005615 	95 	105 	90 	91 
005616 	78 	90 	108 	109 
005617 	78 	90 	108 	109 
005618 	78 	90 	108 	109 
005619 	78 	90 	108 	109 
005620 	78 	90 	108 	109 
005621 	78 	90 	108 	109 
005622 	78 	90 	108 	109 
005623 	78 	90 	108 	109 
005624 	95 	105 	90 	91 
005625 	95 	105 	90 	91 
005626 	95 	105 	90 	91 
005627 	95 	105 	90 	91 
005628 	90 	90 	108 	109 
005629 	105 	105 	90 	91 
005630 	105 	95 	90 	91 
005631 	105 	95 	90 	91 
005632 	105 	95 	90 	91 
005633 	105 	95 	90 	91 
005634 	114 	95 	91 	91 
005635 	114 	95 	91 	91 
005636 	114 	95 	91 	91 
005637 	114 	95 	91 	91 
005638 	114 	95 	91 	91 
005639 	114 	95 	91 	91 
005640 	114 	95 	91 	91 
005641 	114 	95 	91 	91 
005642 	128 	96 	76 	75 
005643 	128 	96 	76 	75 
005644 	114 	85 	91 	91 
005645 	114 	85 	91 	91 
005646 	114 	85 	91 	91 
005647 	114 	85 	91 	91 
005648 	114 	85 	91 	91 
005649 	124 	85 	91 	91 
005650 	124 	85 	91 	91 
005651 	114 	85 	91 	91 
005652 	128 	96 	76 	75 
005653 	128 	96 	76 	75 
005654 	124 	95 	91 	91 
005655 	124 	95 	91 	91 
005656 	124 	95 	91 	91 
005657 	124 	95 	91 	91 
005658 	124 	95 	91 	91 
005659 	124 	95 	91 	91 
005660 	124 	95 	91 	91 
