Identity  : 	id10513
Reference : 	cNKDSeXivmQ
Offset    : 	-2
FV Conf   : 	18.079
ASD Conf  : 	6.951

FRAME 	X 	Y 	W 	H 
004591 	269 	78 	108 	109 
004592 	269 	78 	108 	109 
004593 	269 	78 	108 	109 
004594 	269 	78 	108 	109 
004595 	269 	78 	108 	109 
004596 	269 	78 	108 	109 
004597 	269 	78 	108 	109 
004598 	269 	78 	108 	109 
004599 	269 	78 	108 	109 
004600 	266 	80 	130 	130 
004601 	269 	90 	108 	109 
004602 	266 	80 	130 	130 
004603 	266 	80 	130 	130 
004604 	266 	80 	130 	130 
004605 	266 	80 	130 	130 
004606 	281 	90 	108 	109 
004607 	281 	90 	108 	109 
004608 	281 	90 	108 	109 
004609 	281 	90 	108 	109 
004610 	266 	80 	130 	130 
004611 	266 	80 	130 	130 
004612 	281 	102 	108 	109 
004613 	281 	102 	108 	109 
004614 	281 	102 	108 	109 
004615 	281 	102 	108 	109 
004616 	281 	102 	108 	109 
004617 	281 	102 	108 	109 
004618 	281 	102 	108 	109 
004619 	280 	94 	130 	130 
004620 	280 	94 	130 	130 
004621 	280 	94 	130 	130 
004622 	280 	94 	130 	130 
004623 	280 	94 	130 	130 
004624 	280 	94 	130 	130 
004625 	280 	94 	130 	130 
004626 	280 	94 	130 	130 
004627 	280 	94 	130 	130 
004628 	280 	94 	130 	130 
004629 	280 	94 	130 	130 
004630 	280 	94 	130 	130 
004631 	280 	94 	130 	130 
004632 	280 	94 	130 	130 
004633 	280 	94 	130 	130 
004634 	280 	94 	130 	130 
004635 	280 	94 	130 	130 
004636 	280 	94 	130 	130 
004637 	280 	94 	130 	130 
004638 	280 	94 	130 	130 
004639 	280 	94 	130 	130 
004640 	280 	94 	130 	130 
004641 	280 	94 	130 	130 
004642 	280 	94 	130 	130 
004643 	293 	114 	108 	109 
004644 	293 	114 	108 	109 
004645 	293 	114 	108 	109 
004646 	280 	94 	130 	130 
004647 	280 	94 	130 	130 
004648 	305 	114 	108 	109 
004649 	305 	114 	108 	109 
004650 	305 	114 	108 	109 
004651 	305 	114 	108 	109 
004652 	294 	109 	130 	130 
004653 	294 	109 	130 	130 
004654 	294 	94 	130 	130 
004655 	294 	94 	130 	130 
004656 	294 	94 	130 	130 
004657 	294 	94 	130 	130 
004658 	294 	94 	130 	130 
004659 	294 	94 	130 	130 
004660 	294 	94 	130 	130 
004661 	294 	94 	130 	130 
004662 	294 	94 	130 	130 
004663 	294 	94 	130 	130 
004664 	294 	94 	130 	130 
004665 	294 	94 	130 	130 
004666 	294 	94 	130 	130 
004667 	294 	94 	130 	130 
004668 	294 	94 	130 	130 
004669 	294 	94 	130 	130 
004670 	294 	94 	130 	130 
004671 	294 	94 	130 	130 
004672 	294 	94 	130 	130 
004673 	294 	94 	130 	130 
004674 	294 	94 	130 	130 
004675 	294 	94 	130 	130 
004676 	294 	94 	130 	130 
004677 	294 	94 	130 	130 
004678 	294 	94 	130 	130 
004679 	294 	94 	130 	130 
004680 	294 	94 	130 	130 
004681 	294 	94 	130 	130 
004682 	294 	94 	130 	130 
004683 	294 	94 	130 	130 
004684 	294 	94 	130 	130 
004685 	294 	94 	130 	130 
004686 	294 	94 	130 	130 
004687 	305 	102 	108 	109 
004688 	305 	102 	108 	109 
004689 	305 	102 	108 	109 
004690 	305 	102 	108 	109 
004691 	294 	94 	130 	130 
004692 	294 	94 	130 	130 
004693 	294 	94 	130 	130 
004694 	305 	102 	108 	109 
004695 	305 	102 	108 	109 
004696 	305 	102 	108 	109 
004697 	293 	102 	108 	109 
004698 	280 	80 	130 	130 
004699 	280 	80 	130 	130 
004700 	280 	80 	130 	130 
004701 	280 	80 	130 	130 
004702 	280 	80 	130 	130 
004703 	280 	80 	130 	130 
004704 	280 	80 	130 	130 
004705 	293 	90 	108 	109 
004706 	280 	80 	130 	130 
004707 	280 	80 	130 	130 
004708 	280 	80 	130 	130 
004709 	280 	80 	130 	130 
004710 	280 	80 	130 	130 
004711 	280 	80 	130 	130 
004712 	280 	80 	130 	130 
004713 	280 	80 	130 	130 
004714 	280 	80 	130 	130 
004715 	280 	80 	130 	130 
004716 	280 	80 	130 	130 
004717 	280 	80 	130 	130 
004718 	280 	80 	130 	130 
004719 	280 	80 	130 	130 
004720 	280 	80 	130 	130 
004721 	280 	94 	130 	130 
004722 	280 	94 	130 	130 
004723 	280 	94 	130 	130 
004724 	280 	94 	130 	130 
004725 	280 	94 	130 	130 
004726 	280 	94 	130 	130 
004727 	280 	94 	130 	130 
004728 	280 	94 	130 	130 
004729 	280 	94 	130 	130 
004730 	280 	94 	130 	130 
004731 	266 	94 	130 	130 
004732 	266 	94 	130 	130 
004733 	266 	94 	130 	130 
004734 	266 	94 	130 	130 
004735 	266 	94 	130 	130 
004736 	266 	94 	130 	130 
004737 	266 	94 	130 	130 
004738 	266 	94 	130 	130 
004739 	266 	94 	130 	130 
004740 	266 	94 	130 	130 
004741 	266 	94 	130 	130 
004742 	281 	102 	108 	109 
004743 	266 	94 	130 	130 
004744 	266 	94 	130 	130 
004745 	281 	102 	108 	109 
004746 	266 	94 	130 	130 
004747 	280 	94 	130 	130 
004748 	266 	94 	130 	130 
004749 	266 	94 	130 	130 
004750 	266 	94 	130 	130 
004751 	280 	94 	130 	130 
004752 	280 	94 	130 	130 
004753 	280 	94 	130 	130 
004754 	280 	94 	130 	130 
004755 	280 	94 	130 	130 
004756 	280 	94 	130 	130 
004757 	280 	80 	130 	130 
004758 	280 	80 	130 	130 
004759 	280 	80 	130 	130 
004760 	280 	80 	130 	130 
004761 	280 	80 	130 	130 
004762 	281 	102 	108 	109 
004763 	281 	102 	108 	109 
004764 	281 	102 	108 	109 
004765 	266 	80 	130 	130 
004766 	281 	102 	108 	109 
004767 	281 	102 	108 	109 
004768 	281 	102 	108 	109 
004769 	281 	102 	108 	109 
004770 	266 	80 	130 	130 
004771 	266 	80 	130 	130 
004772 	266 	80 	130 	130 
004773 	281 	102 	108 	109 
004774 	281 	102 	108 	109 
004775 	281 	102 	108 	109 
004776 	281 	102 	108 	109 
004777 	266 	80 	130 	130 
004778 	266 	80 	130 	130 
004779 	281 	102 	108 	109 
004780 	281 	102 	108 	109 
004781 	281 	102 	108 	109 
004782 	266 	80 	130 	130 
004783 	266 	80 	130 	130 
004784 	266 	80 	130 	130 
004785 	266 	80 	130 	130 
004786 	266 	94 	130 	130 
004787 	281 	102 	108 	109 
004788 	281 	102 	108 	109 
004789 	281 	102 	108 	109 
004790 	293 	102 	108 	109 
004791 	293 	102 	108 	109 
004792 	293 	102 	108 	109 
004793 	293 	102 	108 	109 
004794 	293 	102 	108 	109 
004795 	293 	102 	108 	109 
004796 	293 	102 	108 	109 
004797 	293 	102 	108 	109 
004798 	293 	102 	108 	109 
004799 	281 	102 	108 	109 
004800 	281 	102 	108 	109 
004801 	281 	102 	108 	109 
004802 	281 	102 	108 	109 
004803 	266 	80 	130 	130 
004804 	266 	80 	130 	130 
004805 	266 	80 	130 	130 
004806 	266 	80 	130 	130 
004807 	266 	80 	130 	130 
004808 	266 	80 	130 	130 
004809 	266 	80 	130 	130 
004810 	266 	80 	130 	130 
004811 	266 	80 	130 	130 
004812 	266 	80 	130 	130 
004813 	266 	80 	130 	130 
004814 	266 	80 	130 	130 
004815 	266 	80 	130 	130 
004816 	266 	80 	130 	130 
004817 	281 	102 	108 	109 
004818 	266 	80 	130 	130 
004819 	266 	80 	130 	130 
004820 	281 	102 	108 	109 
004821 	266 	80 	130 	130 
004822 	281 	102 	108 	109 
004823 	266 	80 	130 	130 
004824 	281 	102 	108 	109 
004825 	266 	80 	130 	130 
004826 	266 	80 	130 	130 
004827 	266 	80 	130 	130 
004828 	266 	80 	130 	130 
004829 	266 	80 	130 	130 
004830 	266 	80 	130 	130 
004831 	266 	80 	130 	130 
004832 	266 	80 	130 	130 
004833 	266 	80 	130 	130 
004834 	266 	80 	130 	130 
004835 	281 	102 	108 	109 
004836 	281 	102 	108 	109 
004837 	281 	102 	108 	109 
004838 	281 	102 	108 	109 
004839 	281 	102 	108 	109 
004840 	281 	102 	108 	109 
004841 	281 	102 	108 	109 
004842 	281 	102 	108 	109 
004843 	281 	102 	108 	109 
004844 	281 	102 	108 	109 
004845 	281 	102 	108 	109 
004846 	281 	102 	108 	109 
004847 	281 	102 	108 	109 
004848 	281 	102 	108 	109 
004849 	280 	94 	130 	130 
004850 	280 	94 	130 	130 
004851 	280 	94 	130 	130 
004852 	280 	94 	130 	130 
004853 	280 	94 	130 	130 
004854 	280 	94 	130 	130 
004855 	280 	94 	130 	130 
004856 	280 	94 	130 	130 
004857 	280 	94 	130 	130 
004858 	280 	94 	130 	130 
004859 	280 	94 	130 	130 
004860 	280 	94 	130 	130 
004861 	281 	102 	108 	109 
004862 	280 	94 	130 	130 
004863 	281 	102 	108 	109 
004864 	280 	94 	130 	130 
004865 	281 	102 	108 	109 
004866 	280 	94 	130 	130 
004867 	281 	102 	108 	109 
004868 	280 	94 	130 	130 
004869 	280 	94 	130 	130 
004870 	280 	94 	130 	130 
004871 	280 	94 	130 	130 
004872 	280 	94 	130 	130 
004873 	280 	94 	130 	130 
004874 	280 	94 	130 	130 
004875 	280 	94 	130 	130 
004876 	280 	94 	130 	130 
004877 	293 	102 	108 	109 
004878 	280 	94 	130 	130 
004879 	280 	94 	130 	130 
004880 	293 	102 	108 	109 
004881 	280 	94 	130 	130 
004882 	280 	94 	130 	130 
004883 	293 	102 	108 	109 
004884 	280 	94 	130 	130 
004885 	280 	80 	130 	130 
004886 	280 	80 	130 	130 
004887 	280 	80 	130 	130 
004888 	280 	80 	130 	130 
004889 	280 	80 	130 	130 
004890 	280 	80 	130 	130 
004891 	280 	80 	130 	130 
004892 	280 	80 	130 	130 
004893 	280 	80 	130 	130 
004894 	280 	80 	130 	130 
004895 	280 	80 	130 	130 
004896 	280 	80 	130 	130 
004897 	293 	102 	108 	109 
004898 	293 	102 	108 	109 
004899 	293 	102 	108 	109 
004900 	280 	80 	130 	130 
004901 	280 	80 	130 	130 
004902 	280 	80 	130 	130 
004903 	280 	80 	130 	130 
004904 	280 	80 	130 	130 
004905 	280 	80 	130 	130 
004906 	280 	80 	130 	130 
004907 	280 	80 	130 	130 
004908 	280 	80 	130 	130 
004909 	280 	80 	130 	130 
004910 	280 	80 	130 	130 
004911 	281 	102 	108 	109 
004912 	281 	102 	108 	109 
004913 	281 	102 	108 	109 
004914 	281 	102 	108 	109 
004915 	281 	102 	108 	109 
004916 	281 	102 	108 	109 
004917 	280 	94 	130 	130 
004918 	280 	94 	130 	130 
004919 	293 	102 	108 	109 
004920 	293 	102 	108 	109 
004921 	293 	102 	108 	109 
004922 	293 	102 	108 	109 
004923 	293 	102 	108 	109 
004924 	280 	94 	130 	130 
004925 	280 	94 	130 	130 
004926 	280 	94 	130 	130 
004927 	280 	94 	130 	130 
004928 	293 	102 	108 	109 
004929 	293 	102 	108 	109 
004930 	293 	102 	108 	109 
004931 	293 	90 	108 	109 
004932 	293 	90 	108 	109 
004933 	293 	90 	108 	109 
004934 	293 	90 	108 	109 
004935 	293 	90 	108 	109 
004936 	293 	90 	108 	109 
004937 	293 	90 	108 	109 
004938 	293 	90 	108 	109 
004939 	293 	90 	108 	109 
004940 	305 	90 	108 	109 
004941 	305 	90 	108 	109 
004942 	305 	90 	108 	109 
004943 	305 	90 	108 	109 
004944 	305 	90 	108 	109 
004945 	294 	94 	130 	130 
004946 	305 	90 	108 	109 
004947 	305 	90 	108 	109 
004948 	294 	94 	130 	130 
004949 	294 	94 	130 	130 
004950 	294 	94 	130 	130 
004951 	294 	94 	130 	130 
004952 	280 	80 	130 	130 
004953 	280 	80 	130 	130 
004954 	280 	80 	130 	130 
004955 	280 	80 	130 	130 
004956 	280 	80 	130 	130 
004957 	280 	80 	130 	130 
004958 	280 	80 	130 	130 
004959 	293 	102 	108 	109 
004960 	293 	102 	108 	109 
004961 	293 	102 	108 	109 
004962 	280 	94 	130 	130 
004963 	280 	94 	130 	130 
004964 	280 	94 	130 	130 
004965 	280 	94 	130 	130 
004966 	280 	94 	130 	130 
004967 	280 	94 	130 	130 
004968 	280 	94 	130 	130 
004969 	280 	94 	130 	130 
004970 	280 	94 	130 	130 
004971 	280 	94 	130 	130 
004972 	293 	102 	108 	109 
004973 	293 	90 	108 	109 
004974 	293 	90 	108 	109 
004975 	293 	90 	108 	109 
004976 	293 	90 	108 	109 
004977 	293 	90 	108 	109 
004978 	280 	80 	130 	130 
004979 	280 	80 	130 	130 
004980 	280 	80 	130 	130 
004981 	280 	80 	130 	130 
004982 	280 	80 	130 	130 
004983 	280 	94 	130 	130 
004984 	281 	90 	108 	109 
004985 	281 	90 	108 	109 
004986 	281 	90 	108 	109 
004987 	281 	90 	108 	109 
004988 	281 	90 	108 	109 
004989 	281 	90 	108 	109 
004990 	281 	90 	108 	109 
004991 	281 	90 	108 	109 
004992 	266 	80 	130 	130 
004993 	266 	80 	130 	130 
004994 	266 	80 	130 	130 
004995 	266 	80 	130 	130 
004996 	266 	80 	130 	130 
004997 	266 	80 	130 	130 
004998 	266 	80 	130 	130 
004999 	266 	80 	130 	130 
005000 	266 	80 	130 	130 
005001 	266 	80 	130 	130 
005002 	266 	80 	130 	130 
005003 	266 	80 	130 	130 
005004 	266 	80 	130 	130 
005005 	266 	80 	130 	130 
005006 	266 	80 	130 	130 
005007 	269 	90 	108 	109 
005008 	269 	90 	108 	109 
005009 	269 	90 	108 	109 
005010 	251 	80 	130 	130 
005011 	269 	90 	108 	109 
005012 	269 	90 	108 	109 
005013 	269 	90 	108 	109 
005014 	269 	90 	108 	109 
