Identity  : 	id10513
Reference : 	cNKDSeXivmQ
Offset    : 	-2
FV Conf   : 	21.784
ASD Conf  : 	6.963

FRAME 	X 	Y 	W 	H 
012832 	269 	102 	108 	109 
012833 	269 	102 	108 	109 
012834 	269 	102 	108 	109 
012835 	269 	102 	108 	109 
012836 	266 	94 	130 	130 
012837 	266 	94 	130 	130 
012838 	266 	94 	130 	130 
012839 	266 	94 	130 	130 
012840 	266 	94 	130 	130 
012841 	266 	94 	130 	130 
012842 	266 	94 	130 	130 
012843 	266 	94 	130 	130 
012844 	266 	94 	130 	130 
012845 	266 	94 	130 	130 
012846 	266 	94 	130 	130 
012847 	266 	80 	130 	130 
012848 	266 	80 	130 	130 
012849 	281 	90 	108 	109 
012850 	266 	80 	130 	130 
012851 	266 	80 	130 	130 
012852 	266 	80 	130 	130 
012853 	266 	80 	130 	130 
012854 	266 	80 	130 	130 
012855 	266 	80 	130 	130 
012856 	266 	80 	130 	130 
012857 	266 	80 	130 	130 
012858 	269 	90 	108 	109 
012859 	269 	90 	108 	109 
012860 	269 	90 	108 	109 
012861 	269 	90 	108 	109 
012862 	269 	90 	108 	109 
012863 	269 	90 	108 	109 
012864 	269 	90 	108 	109 
012865 	269 	90 	108 	109 
012866 	269 	90 	108 	109 
012867 	269 	90 	108 	109 
012868 	269 	90 	108 	109 
012869 	269 	90 	108 	109 
012870 	269 	90 	108 	109 
012871 	269 	90 	108 	109 
012872 	269 	90 	108 	109 
012873 	269 	90 	108 	109 
012874 	269 	90 	108 	109 
012875 	269 	90 	108 	109 
012876 	269 	90 	108 	109 
012877 	269 	90 	108 	109 
012878 	269 	90 	108 	109 
012879 	269 	90 	108 	109 
012880 	269 	90 	108 	109 
012881 	269 	90 	108 	109 
012882 	269 	90 	108 	109 
012883 	269 	90 	108 	109 
012884 	269 	90 	108 	109 
012885 	269 	90 	108 	109 
012886 	269 	90 	108 	109 
012887 	269 	90 	108 	109 
012888 	269 	90 	108 	109 
012889 	269 	90 	108 	109 
012890 	269 	90 	108 	109 
012891 	269 	90 	108 	109 
012892 	269 	90 	108 	109 
012893 	251 	80 	130 	130 
012894 	251 	80 	130 	130 
012895 	251 	80 	130 	130 
012896 	251 	80 	130 	130 
012897 	251 	80 	130 	130 
012898 	251 	80 	130 	130 
012899 	251 	80 	130 	130 
012900 	257 	90 	109 	109 
012901 	251 	80 	130 	130 
012902 	257 	90 	109 	109 
012903 	257 	90 	109 	109 
012904 	257 	90 	109 	109 
012905 	257 	90 	109 	109 
012906 	257 	90 	109 	109 
012907 	257 	90 	109 	109 
012908 	257 	90 	109 	109 
012909 	237 	80 	130 	130 
012910 	237 	80 	130 	130 
012911 	237 	80 	130 	130 
012912 	237 	80 	130 	130 
012913 	237 	80 	130 	130 
012914 	237 	80 	130 	130 
012915 	245 	90 	109 	109 
012916 	245 	90 	109 	109 
012917 	245 	90 	109 	109 
012918 	245 	90 	109 	109 
012919 	245 	90 	109 	109 
012920 	245 	90 	109 	109 
012921 	245 	90 	109 	109 
012922 	245 	90 	109 	109 
012923 	245 	90 	109 	109 
012924 	245 	90 	109 	109 
012925 	245 	90 	109 	109 
012926 	245 	90 	109 	109 
012927 	245 	90 	109 	109 
012928 	245 	90 	109 	109 
012929 	245 	90 	109 	109 
012930 	245 	90 	109 	109 
012931 	245 	90 	109 	109 
012932 	245 	90 	109 	109 
012933 	245 	90 	109 	109 
012934 	245 	90 	109 	109 
012935 	245 	90 	109 	109 
012936 	245 	90 	109 	109 
012937 	245 	78 	109 	109 
012938 	245 	78 	109 	109 
012939 	245 	78 	109 	109 
012940 	245 	78 	109 	109 
012941 	245 	78 	109 	109 
012942 	245 	78 	109 	109 
012943 	245 	78 	109 	109 
012944 	245 	78 	109 	109 
012945 	245 	78 	109 	109 
012946 	245 	78 	109 	109 
012947 	245 	78 	109 	109 
012948 	245 	78 	109 	109 
012949 	245 	78 	109 	109 
012950 	245 	78 	109 	109 
012951 	245 	78 	109 	109 
012952 	237 	66 	130 	130 
012953 	237 	66 	130 	130 
012954 	237 	66 	130 	130 
012955 	237 	66 	130 	130 
012956 	237 	66 	130 	130 
012957 	237 	66 	130 	130 
012958 	257 	78 	109 	109 
012959 	257 	78 	109 	109 
012960 	257 	78 	109 	109 
012961 	251 	66 	130 	130 
012962 	251 	66 	130 	130 
012963 	251 	66 	130 	130 
012964 	251 	66 	130 	130 
012965 	251 	66 	130 	130 
012966 	251 	66 	130 	130 
012967 	269 	78 	108 	109 
012968 	266 	66 	130 	130 
012969 	266 	66 	130 	130 
012970 	266 	66 	130 	130 
012971 	266 	66 	130 	130 
012972 	266 	66 	130 	130 
012973 	266 	66 	130 	130 
012974 	266 	66 	130 	130 
012975 	266 	66 	130 	130 
012976 	269 	66 	108 	109 
012977 	269 	66 	108 	109 
012978 	251 	66 	130 	130 
012979 	257 	66 	109 	109 
012980 	237 	51 	130 	130 
012981 	237 	51 	130 	130 
012982 	237 	51 	130 	130 
012983 	237 	51 	130 	130 
012984 	257 	54 	109 	109 
012985 	251 	51 	130 	130 
012986 	251 	51 	130 	130 
012987 	251 	51 	130 	130 
012988 	257 	66 	109 	109 
012989 	257 	66 	109 	109 
012990 	257 	66 	109 	109 
012991 	257 	66 	109 	109 
012992 	251 	51 	130 	130 
012993 	251 	51 	130 	130 
012994 	251 	51 	130 	130 
012995 	251 	51 	130 	130 
012996 	251 	51 	130 	130 
012997 	251 	51 	130 	130 
012998 	251 	51 	130 	130 
012999 	251 	51 	130 	130 
013000 	251 	51 	130 	130 
013001 	251 	51 	130 	130 
013002 	251 	51 	130 	130 
013003 	251 	51 	130 	130 
013004 	251 	51 	130 	130 
013005 	237 	51 	130 	130 
013006 	237 	51 	130 	130 
013007 	245 	54 	109 	109 
013008 	245 	54 	109 	109 
013009 	245 	54 	109 	109 
013010 	245 	54 	109 	109 
013011 	245 	54 	109 	109 
013012 	237 	51 	130 	130 
013013 	237 	51 	130 	130 
013014 	237 	51 	130 	130 
013015 	237 	51 	130 	130 
013016 	237 	51 	130 	130 
013017 	237 	51 	130 	130 
013018 	257 	66 	109 	109 
013019 	257 	66 	109 	109 
013020 	257 	66 	109 	109 
013021 	257 	66 	109 	109 
013022 	257 	66 	109 	109 
013023 	257 	66 	109 	109 
013024 	257 	78 	109 	109 
013025 	257 	78 	109 	109 
013026 	257 	78 	109 	109 
013027 	257 	78 	109 	109 
013028 	257 	78 	109 	109 
013029 	257 	78 	109 	109 
013030 	257 	78 	109 	109 
013031 	257 	90 	109 	109 
013032 	237 	80 	130 	130 
013033 	245 	90 	109 	109 
013034 	245 	90 	109 	109 
013035 	237 	94 	130 	130 
013036 	245 	102 	109 	109 
013037 	245 	102 	109 	109 
013038 	245 	102 	109 	109 
013039 	245 	102 	109 	109 
013040 	245 	102 	109 	109 
013041 	245 	90 	109 	109 
013042 	245 	90 	109 	109 
013043 	245 	90 	109 	109 
013044 	237 	80 	130 	130 
013045 	245 	78 	109 	109 
013046 	245 	78 	109 	109 
013047 	223 	66 	130 	130 
013048 	223 	51 	130 	130 
013049 	223 	51 	130 	130 
013050 	223 	51 	130 	130 
013051 	233 	66 	109 	109 
013052 	233 	66 	109 	109 
013053 	233 	66 	109 	109 
013054 	233 	66 	109 	109 
013055 	233 	66 	109 	109 
013056 	233 	66 	109 	109 
013057 	233 	66 	109 	109 
013058 	233 	66 	109 	109 
013059 	233 	66 	109 	109 
013060 	233 	66 	109 	109 
013061 	233 	66 	109 	109 
013062 	233 	66 	109 	109 
013063 	245 	66 	109 	109 
013064 	245 	66 	109 	109 
013065 	245 	66 	109 	109 
013066 	245 	66 	109 	109 
013067 	245 	66 	109 	109 
013068 	245 	66 	109 	109 
013069 	237 	66 	130 	130 
013070 	245 	66 	109 	109 
013071 	245 	66 	109 	109 
013072 	245 	66 	109 	109 
013073 	245 	66 	109 	109 
013074 	245 	66 	109 	109 
013075 	245 	66 	109 	109 
013076 	245 	66 	109 	109 
013077 	245 	66 	109 	109 
013078 	245 	66 	109 	109 
013079 	245 	66 	109 	109 
013080 	245 	66 	109 	109 
013081 	245 	66 	109 	109 
013082 	245 	66 	109 	109 
013083 	237 	66 	130 	130 
013084 	237 	66 	130 	130 
013085 	245 	66 	109 	109 
013086 	245 	66 	109 	109 
013087 	245 	66 	109 	109 
013088 	245 	66 	109 	109 
013089 	245 	66 	109 	109 
013090 	245 	66 	109 	109 
013091 	245 	66 	109 	109 
013092 	245 	66 	109 	109 
013093 	245 	66 	109 	109 
013094 	237 	66 	130 	130 
013095 	237 	66 	130 	130 
013096 	245 	66 	109 	109 
013097 	237 	66 	130 	130 
013098 	237 	66 	130 	130 
013099 	237 	66 	130 	130 
013100 	237 	66 	130 	130 
013101 	237 	66 	130 	130 
013102 	237 	66 	130 	130 
013103 	237 	66 	130 	130 
013104 	237 	66 	130 	130 
013105 	237 	66 	130 	130 
013106 	237 	66 	130 	130 
013107 	237 	66 	130 	130 
013108 	237 	66 	130 	130 
013109 	237 	66 	130 	130 
013110 	237 	66 	130 	130 
013111 	237 	66 	130 	130 
013112 	237 	66 	130 	130 
013113 	237 	66 	130 	130 
013114 	237 	66 	130 	130 
013115 	237 	66 	130 	130 
013116 	237 	66 	130 	130 
013117 	237 	66 	130 	130 
013118 	237 	66 	130 	130 
013119 	237 	66 	130 	130 
013120 	237 	66 	130 	130 
013121 	237 	66 	130 	130 
013122 	237 	66 	130 	130 
013123 	237 	66 	130 	130 
013124 	237 	66 	130 	130 
013125 	237 	66 	130 	130 
013126 	237 	66 	130 	130 
013127 	237 	66 	130 	130 
013128 	237 	66 	130 	130 
013129 	237 	66 	130 	130 
013130 	237 	66 	130 	130 
013131 	237 	66 	130 	130 
013132 	237 	66 	130 	130 
013133 	237 	66 	130 	130 
013134 	237 	66 	130 	130 
013135 	237 	66 	130 	130 
013136 	237 	66 	130 	130 
013137 	237 	66 	130 	130 
013138 	237 	66 	130 	130 
013139 	237 	66 	130 	130 
013140 	237 	66 	130 	130 
013141 	237 	66 	130 	130 
013142 	237 	66 	130 	130 
013143 	237 	66 	130 	130 
013144 	237 	66 	130 	130 
013145 	237 	66 	130 	130 
013146 	237 	66 	130 	130 
013147 	223 	66 	130 	130 
013148 	223 	66 	130 	130 
013149 	223 	66 	130 	130 
013150 	223 	66 	130 	130 
013151 	223 	66 	130 	130 
013152 	223 	66 	130 	130 
013153 	223 	66 	130 	130 
013154 	223 	66 	130 	130 
013155 	223 	66 	130 	130 
013156 	223 	66 	130 	130 
013157 	223 	66 	130 	130 
013158 	223 	66 	130 	130 
013159 	223 	66 	130 	130 
013160 	245 	78 	109 	109 
013161 	245 	78 	109 	109 
013162 	245 	78 	109 	109 
013163 	223 	66 	130 	130 
013164 	223 	66 	130 	130 
013165 	223 	66 	130 	130 
013166 	223 	66 	130 	130 
