Identity  : 	id10699
Reference : 	W7CV5ali2Vw
Offset    : 	-2
FV Conf   : 	12.689
ASD Conf  : 	7.001

FRAME 	X 	Y 	W 	H 
000113 	155 	66 	63 	63 
000114 	155 	66 	63 	63 
000115 	155 	66 	63 	63 
000116 	145 	62 	76 	76 
000117 	145 	62 	76 	76 
000118 	145 	62 	76 	76 
000119 	145 	62 	76 	76 
000120 	145 	62 	76 	76 
000121 	145 	62 	76 	76 
000122 	145 	62 	76 	76 
000123 	145 	62 	76 	76 
000124 	148 	66 	63 	63 
000125 	148 	66 	63 	63 
000126 	148 	66 	63 	63 
000127 	145 	62 	76 	76 
000128 	145 	62 	76 	76 
000129 	145 	62 	76 	76 
000130 	145 	62 	76 	76 
000131 	145 	62 	76 	76 
000132 	145 	62 	76 	76 
000133 	145 	62 	76 	76 
000134 	145 	62 	76 	76 
000135 	145 	62 	76 	76 
000136 	145 	62 	76 	76 
000137 	145 	62 	76 	76 
000138 	145 	62 	76 	76 
000139 	145 	62 	76 	76 
000140 	145 	62 	76 	76 
000141 	145 	62 	76 	76 
000142 	145 	62 	76 	76 
000143 	145 	62 	76 	76 
000144 	145 	62 	76 	76 
000145 	145 	62 	76 	76 
000146 	145 	62 	76 	76 
000147 	145 	62 	76 	76 
000148 	145 	62 	76 	76 
000149 	145 	62 	76 	76 
000150 	145 	62 	76 	76 
000151 	145 	62 	76 	76 
000152 	145 	62 	76 	76 
000153 	145 	62 	76 	76 
000154 	145 	62 	76 	76 
000155 	145 	62 	76 	76 
000156 	145 	62 	76 	76 
000157 	145 	62 	76 	76 
000158 	145 	62 	76 	76 
000159 	145 	62 	76 	76 
000160 	145 	62 	76 	76 
000161 	145 	62 	76 	76 
000162 	145 	62 	76 	76 
000163 	145 	62 	76 	76 
000164 	145 	62 	76 	76 
000165 	145 	62 	76 	76 
000166 	145 	62 	76 	76 
000167 	145 	62 	76 	76 
000168 	145 	62 	76 	76 
000169 	145 	62 	76 	76 
000170 	145 	62 	76 	76 
000171 	145 	62 	76 	76 
000172 	155 	66 	63 	63 
000173 	153 	62 	76 	76 
000174 	153 	62 	76 	76 
000175 	153 	62 	76 	76 
000176 	153 	62 	76 	76 
000177 	153 	62 	76 	76 
000178 	153 	62 	76 	76 
000179 	153 	62 	76 	76 
000180 	153 	54 	76 	76 
000181 	162 	66 	63 	63 
000182 	153 	62 	76 	76 
000183 	153 	54 	76 	76 
000184 	153 	54 	76 	76 
000185 	153 	54 	76 	76 
000186 	153 	54 	76 	76 
000187 	153 	54 	76 	76 
000188 	153 	54 	76 	76 
000189 	153 	54 	76 	76 
000190 	153 	54 	76 	76 
000191 	153 	54 	76 	76 
000192 	153 	54 	76 	76 
000193 	145 	54 	76 	76 
000194 	145 	54 	76 	76 
000195 	145 	54 	76 	76 
000196 	145 	54 	76 	76 
000197 	145 	54 	76 	76 
000198 	155 	66 	63 	63 
000199 	153 	54 	76 	76 
000200 	153 	54 	76 	76 
000201 	153 	62 	76 	76 
000202 	153 	62 	76 	76 
000203 	153 	62 	76 	76 
000204 	155 	66 	63 	63 
000205 	145 	62 	76 	76 
000206 	145 	62 	76 	76 
000207 	148 	66 	63 	63 
000208 	148 	66 	63 	63 
000209 	148 	66 	63 	63 
000210 	148 	66 	63 	63 
000211 	145 	62 	76 	76 
000212 	145 	62 	76 	76 
000213 	145 	62 	76 	76 
000214 	145 	62 	76 	76 
000215 	148 	66 	63 	63 
000216 	148 	66 	63 	63 
000217 	145 	62 	76 	76 
000218 	145 	62 	76 	76 
000219 	145 	62 	76 	76 
000220 	155 	66 	63 	63 
000221 	145 	62 	76 	76 
000222 	145 	62 	76 	76 
000223 	145 	62 	76 	76 
000224 	148 	66 	63 	63 
000225 	137 	62 	75 	76 
000226 	137 	62 	75 	76 
000227 	137 	62 	75 	76 
000228 	137 	62 	75 	76 
000229 	137 	62 	75 	76 
000230 	137 	62 	75 	76 
000231 	137 	62 	75 	76 
000232 	137 	62 	75 	76 
000233 	137 	62 	75 	76 
000234 	137 	62 	75 	76 
000235 	137 	62 	75 	76 
000236 	137 	62 	75 	76 
000237 	137 	62 	75 	76 
000238 	137 	62 	75 	76 
000239 	137 	62 	75 	76 
000240 	137 	62 	75 	76 
000241 	137 	62 	75 	76 
000242 	137 	62 	75 	76 
000243 	145 	62 	76 	76 
000244 	145 	62 	76 	76 
000245 	145 	62 	76 	76 
000246 	145 	62 	76 	76 
000247 	137 	62 	75 	76 
000248 	137 	62 	75 	76 
000249 	137 	62 	75 	76 
000250 	148 	66 	63 	63 
000251 	148 	66 	63 	63 
000252 	148 	66 	63 	63 
000253 	148 	66 	63 	63 
000254 	137 	62 	75 	76 
000255 	137 	54 	75 	76 
000256 	137 	54 	75 	76 
000257 	137 	54 	75 	76 
000258 	137 	62 	75 	76 
000259 	137 	62 	75 	76 
000260 	137 	62 	75 	76 
000261 	137 	62 	75 	76 
000262 	137 	62 	75 	76 
000263 	137 	62 	75 	76 
000264 	137 	62 	75 	76 
000265 	137 	62 	75 	76 
000266 	137 	62 	75 	76 
000267 	137 	62 	75 	76 
000268 	137 	62 	75 	76 
000269 	137 	62 	75 	76 
000270 	137 	62 	75 	76 
000271 	137 	62 	75 	76 
000272 	137 	62 	75 	76 
000273 	137 	62 	75 	76 
000274 	137 	62 	75 	76 
000275 	137 	62 	75 	76 
000276 	137 	62 	75 	76 
000277 	137 	62 	75 	76 
000278 	137 	62 	75 	76 
000279 	137 	62 	75 	76 
000280 	137 	62 	75 	76 
000281 	148 	66 	63 	63 
000282 	145 	62 	76 	76 
000283 	145 	62 	76 	76 
000284 	145 	62 	76 	76 
000285 	145 	62 	76 	76 
000286 	145 	54 	76 	76 
000287 	153 	54 	76 	76 
000288 	153 	54 	76 	76 
000289 	153 	54 	76 	76 
000290 	153 	54 	76 	76 
000291 	153 	54 	76 	76 
000292 	162 	54 	75 	76 
000293 	162 	54 	75 	76 
000294 	162 	54 	75 	76 
000295 	162 	54 	75 	76 
000296 	162 	54 	75 	76 
000297 	162 	54 	75 	76 
000298 	162 	54 	75 	76 
000299 	162 	54 	75 	76 
000300 	162 	54 	75 	76 
000301 	162 	54 	75 	76 
000302 	162 	54 	75 	76 
000303 	162 	54 	75 	76 
000304 	162 	54 	75 	76 
000305 	162 	54 	75 	76 
000306 	162 	54 	75 	76 
000307 	162 	54 	75 	76 
000308 	162 	54 	75 	76 
000309 	162 	54 	75 	76 
000310 	162 	54 	75 	76 
000311 	162 	54 	75 	76 
000312 	162 	62 	75 	76 
000313 	162 	62 	75 	76 
000314 	162 	62 	75 	76 
000315 	162 	62 	75 	76 
000316 	162 	62 	75 	76 
000317 	162 	62 	75 	76 
000318 	162 	62 	75 	76 
000319 	162 	62 	75 	76 
000320 	162 	62 	75 	76 
000321 	162 	62 	75 	76 
000322 	162 	62 	75 	76 
000323 	162 	62 	75 	76 
000324 	162 	62 	75 	76 
000325 	153 	62 	76 	76 
000326 	153 	62 	76 	76 
000327 	153 	62 	76 	76 
000328 	153 	71 	76 	75 
000329 	153 	71 	76 	75 
000330 	153 	62 	76 	76 
000331 	153 	62 	76 	76 
000332 	153 	62 	76 	76 
000333 	153 	62 	76 	76 
000334 	153 	62 	76 	76 
000335 	153 	62 	76 	76 
000336 	155 	66 	63 	63 
000337 	145 	62 	76 	76 
000338 	145 	62 	76 	76 
000339 	153 	62 	76 	76 
