Identity  : 	id10699
Reference : 	W7CV5ali2Vw
Offset    : 	-2
FV Conf   : 	12.162
ASD Conf  : 	9.285

FRAME 	X 	Y 	W 	H 
002891 	170 	62 	75 	76 
002892 	170 	62 	75 	76 
002893 	170 	62 	75 	76 
002894 	170 	62 	75 	76 
002895 	170 	62 	75 	76 
002896 	170 	62 	75 	76 
002897 	170 	62 	75 	76 
002898 	170 	62 	75 	76 
002899 	170 	62 	75 	76 
002900 	170 	54 	75 	76 
002901 	170 	54 	75 	76 
002902 	178 	62 	76 	76 
002903 	178 	62 	76 	76 
002904 	170 	54 	75 	76 
002905 	178 	54 	76 	76 
002906 	170 	54 	75 	76 
002907 	170 	54 	75 	76 
002908 	170 	54 	75 	76 
002909 	170 	54 	75 	76 
002910 	178 	54 	76 	76 
002911 	178 	54 	76 	76 
002912 	178 	54 	76 	76 
002913 	178 	54 	76 	76 
002914 	170 	54 	75 	76 
002915 	170 	54 	75 	76 
002916 	170 	54 	75 	76 
002917 	170 	54 	75 	76 
002918 	162 	54 	75 	76 
002919 	162 	59 	63 	63 
002920 	153 	62 	76 	76 
002921 	153 	62 	76 	76 
002922 	153 	62 	76 	76 
002923 	153 	62 	76 	76 
002924 	153 	62 	76 	76 
002925 	153 	62 	76 	76 
002926 	153 	62 	76 	76 
002927 	153 	62 	76 	76 
002928 	153 	62 	76 	76 
002929 	145 	62 	76 	76 
002930 	145 	62 	76 	76 
002931 	145 	62 	76 	76 
002932 	148 	66 	63 	63 
002933 	145 	62 	76 	76 
002934 	145 	62 	76 	76 
002935 	145 	62 	76 	76 
002936 	145 	62 	76 	76 
002937 	145 	62 	76 	76 
002938 	137 	62 	75 	76 
002939 	137 	62 	75 	76 
002940 	137 	62 	75 	76 
002941 	137 	62 	75 	76 
002942 	148 	66 	63 	63 
002943 	145 	62 	76 	76 
002944 	145 	62 	76 	76 
002945 	145 	62 	76 	76 
002946 	145 	62 	76 	76 
002947 	145 	62 	76 	76 
002948 	145 	62 	76 	76 
002949 	145 	62 	76 	76 
002950 	145 	62 	76 	76 
002951 	145 	62 	76 	76 
002952 	145 	62 	76 	76 
002953 	145 	62 	76 	76 
002954 	145 	62 	76 	76 
002955 	145 	62 	76 	76 
002956 	145 	62 	76 	76 
002957 	145 	62 	76 	76 
002958 	153 	62 	76 	76 
002959 	153 	62 	76 	76 
002960 	153 	62 	76 	76 
002961 	153 	62 	76 	76 
002962 	153 	62 	76 	76 
002963 	153 	62 	76 	76 
002964 	153 	62 	76 	76 
002965 	153 	62 	76 	76 
002966 	153 	62 	76 	76 
002967 	153 	62 	76 	76 
002968 	153 	62 	76 	76 
002969 	153 	54 	76 	76 
002970 	153 	54 	76 	76 
002971 	153 	54 	76 	76 
002972 	153 	62 	76 	76 
002973 	153 	54 	76 	76 
002974 	153 	54 	76 	76 
002975 	153 	62 	76 	76 
002976 	153 	62 	76 	76 
002977 	153 	62 	76 	76 
002978 	153 	62 	76 	76 
002979 	153 	62 	76 	76 
002980 	153 	62 	76 	76 
002981 	153 	62 	76 	76 
002982 	153 	62 	76 	76 
002983 	153 	62 	76 	76 
002984 	153 	62 	76 	76 
002985 	153 	62 	76 	76 
002986 	153 	62 	76 	76 
002987 	153 	62 	76 	76 
002988 	153 	62 	76 	76 
002989 	153 	62 	76 	76 
002990 	153 	62 	76 	76 
002991 	153 	62 	76 	76 
002992 	153 	62 	76 	76 
002993 	153 	62 	76 	76 
002994 	153 	62 	76 	76 
002995 	153 	62 	76 	76 
002996 	153 	62 	76 	76 
002997 	153 	62 	76 	76 
002998 	153 	62 	76 	76 
002999 	153 	62 	76 	76 
003000 	153 	62 	76 	76 
003001 	153 	62 	76 	76 
003002 	153 	62 	76 	76 
003003 	153 	62 	76 	76 
003004 	153 	62 	76 	76 
003005 	153 	62 	76 	76 
003006 	153 	62 	76 	76 
003007 	153 	62 	76 	76 
003008 	153 	62 	76 	76 
003009 	153 	62 	76 	76 
003010 	153 	62 	76 	76 
003011 	153 	62 	76 	76 
003012 	162 	62 	75 	76 
003013 	162 	62 	75 	76 
003014 	162 	54 	75 	76 
003015 	170 	62 	75 	76 
003016 	170 	54 	75 	76 
003017 	170 	62 	75 	76 
003018 	170 	54 	75 	76 
003019 	170 	54 	75 	76 
003020 	170 	54 	75 	76 
003021 	170 	54 	75 	76 
003022 	170 	54 	75 	76 
003023 	170 	54 	75 	76 
003024 	170 	54 	75 	76 
003025 	170 	54 	75 	76 
003026 	170 	54 	75 	76 
003027 	170 	54 	75 	76 
003028 	178 	54 	76 	76 
003029 	178 	54 	76 	76 
003030 	178 	54 	76 	76 
003031 	178 	54 	76 	76 
003032 	178 	54 	76 	76 
003033 	178 	54 	76 	76 
003034 	178 	54 	76 	76 
003035 	178 	54 	76 	76 
003036 	178 	54 	76 	76 
003037 	178 	54 	76 	76 
003038 	178 	54 	76 	76 
003039 	178 	54 	76 	76 
003040 	178 	54 	76 	76 
003041 	178 	54 	76 	76 
003042 	178 	54 	76 	76 
003043 	178 	54 	76 	76 
003044 	178 	54 	76 	76 
003045 	178 	54 	76 	76 
003046 	178 	54 	76 	76 
003047 	178 	54 	76 	76 
003048 	178 	54 	76 	76 
003049 	178 	54 	76 	76 
003050 	178 	54 	76 	76 
003051 	170 	54 	75 	76 
003052 	170 	54 	75 	76 
003053 	170 	54 	75 	76 
003054 	162 	54 	75 	76 
003055 	162 	54 	75 	76 
003056 	162 	54 	75 	76 
003057 	162 	54 	75 	76 
003058 	162 	54 	75 	76 
003059 	162 	54 	75 	76 
003060 	162 	54 	75 	76 
003061 	162 	54 	75 	76 
003062 	162 	62 	75 	76 
003063 	162 	62 	75 	76 
003064 	162 	54 	75 	76 
003065 	153 	54 	76 	76 
003066 	153 	54 	76 	76 
003067 	153 	54 	76 	76 
003068 	153 	54 	76 	76 
003069 	153 	54 	76 	76 
003070 	153 	62 	76 	76 
003071 	153 	54 	76 	76 
003072 	153 	54 	76 	76 
003073 	153 	54 	76 	76 
003074 	153 	62 	76 	76 
003075 	153 	62 	76 	76 
003076 	153 	62 	76 	76 
003077 	153 	62 	76 	76 
003078 	153 	62 	76 	76 
003079 	153 	62 	76 	76 
003080 	153 	62 	76 	76 
003081 	153 	62 	76 	76 
003082 	153 	62 	76 	76 
003083 	153 	62 	76 	76 
003084 	153 	62 	76 	76 
003085 	153 	62 	76 	76 
003086 	162 	62 	75 	76 
003087 	162 	62 	75 	76 
003088 	162 	62 	75 	76 
003089 	153 	62 	76 	76 
003090 	153 	62 	76 	76 
003091 	153 	62 	76 	76 
003092 	153 	62 	76 	76 
003093 	155 	59 	63 	63 
003094 	155 	59 	63 	63 
003095 	155 	59 	63 	63 
003096 	155 	59 	63 	63 
003097 	153 	62 	76 	76 
003098 	153 	62 	76 	76 
003099 	150 	62 	76 	76 
003100 	148 	62 	76 	76 
003101 	145 	62 	76 	76 
003102 	145 	62 	76 	76 
003103 	145 	54 	76 	76 
003104 	145 	54 	76 	76 
003105 	145 	54 	76 	76 
003106 	145 	54 	76 	76 
003107 	145 	54 	76 	76 
003108 	145 	54 	76 	76 
003109 	145 	54 	76 	76 
003110 	145 	54 	76 	76 
003111 	155 	66 	63 	63 
003112 	155 	66 	63 	63 
003113 	145 	62 	76 	76 
003114 	145 	62 	76 	76 
003115 	145 	62 	76 	76 
