Identity  : 	id10466
Reference : 	gZ8c2Vwwu9A
Offset    : 	-1
FV Conf   : 	16.838
ASD Conf  : 	6.869

FRAME 	X 	Y 	W 	H 
005479 	134 	45 	91 	91 
005480 	134 	45 	91 	91 
005481 	134 	45 	91 	91 
005482 	134 	45 	91 	91 
005483 	134 	45 	91 	91 
005484 	134 	45 	91 	91 
005485 	134 	45 	91 	91 
005486 	134 	45 	91 	91 
005487 	134 	45 	91 	91 
005488 	134 	45 	91 	91 
005489 	134 	45 	91 	91 
005490 	134 	45 	91 	91 
005491 	134 	45 	91 	91 
005492 	134 	45 	91 	91 
005493 	134 	45 	91 	91 
005494 	134 	45 	91 	91 
005495 	134 	45 	91 	91 
005496 	134 	45 	91 	91 
005497 	134 	45 	91 	91 
005498 	134 	45 	91 	91 
005499 	134 	45 	91 	91 
005500 	134 	45 	91 	91 
005501 	134 	45 	91 	91 
005502 	134 	45 	91 	91 
005503 	134 	45 	91 	91 
005504 	134 	45 	91 	91 
005505 	134 	45 	91 	91 
005506 	134 	45 	91 	91 
005507 	134 	45 	91 	91 
005508 	134 	45 	91 	91 
005509 	134 	45 	91 	91 
005510 	134 	45 	91 	91 
005511 	134 	45 	91 	91 
005512 	134 	45 	91 	91 
005513 	134 	45 	91 	91 
005514 	134 	45 	91 	91 
005515 	134 	45 	91 	91 
005516 	134 	45 	91 	91 
005517 	134 	45 	91 	91 
005518 	134 	45 	91 	91 
005519 	134 	45 	91 	91 
005520 	134 	45 	91 	91 
005521 	134 	45 	91 	91 
005522 	145 	54 	76 	76 
005523 	145 	54 	76 	76 
005524 	145 	54 	76 	76 
005525 	134 	45 	91 	91 
005526 	134 	45 	91 	91 
005527 	134 	45 	91 	91 
005528 	134 	45 	91 	91 
005529 	134 	45 	91 	91 
005530 	145 	54 	76 	76 
005531 	145 	54 	76 	76 
005532 	145 	54 	76 	76 
005533 	145 	54 	76 	76 
005534 	145 	54 	76 	76 
005535 	145 	54 	76 	76 
005536 	145 	54 	76 	76 
005537 	145 	54 	76 	76 
005538 	145 	54 	76 	76 
005539 	145 	54 	76 	76 
005540 	145 	54 	76 	76 
005541 	145 	54 	76 	76 
005542 	145 	54 	76 	76 
005543 	145 	46 	76 	76 
005544 	145 	46 	76 	76 
005545 	145 	46 	76 	76 
005546 	145 	46 	76 	76 
005547 	145 	46 	76 	76 
005548 	145 	46 	76 	76 
005549 	145 	46 	76 	76 
005550 	145 	46 	76 	76 
005551 	145 	46 	76 	76 
005552 	145 	46 	76 	76 
005553 	145 	46 	76 	76 
005554 	145 	46 	76 	76 
005555 	145 	46 	76 	76 
005556 	134 	35 	91 	91 
005557 	134 	35 	91 	91 
005558 	134 	35 	91 	91 
005559 	134 	35 	91 	91 
005560 	134 	35 	91 	91 
005561 	134 	35 	91 	91 
005562 	134 	35 	91 	91 
005563 	134 	35 	91 	91 
005564 	134 	35 	91 	91 
005565 	134 	35 	91 	91 
005566 	134 	35 	91 	91 
005567 	134 	35 	91 	91 
005568 	134 	35 	91 	91 
005569 	134 	35 	91 	91 
005570 	134 	35 	91 	91 
005571 	134 	35 	91 	91 
005572 	134 	35 	91 	91 
005573 	134 	35 	91 	91 
005574 	145 	46 	76 	76 
005575 	145 	46 	76 	76 
005576 	134 	35 	91 	91 
005577 	134 	35 	91 	91 
005578 	134 	35 	91 	91 
005579 	134 	35 	91 	91 
005580 	134 	35 	91 	91 
005581 	134 	35 	91 	91 
005582 	134 	35 	91 	91 
005583 	134 	35 	91 	91 
005584 	145 	46 	76 	76 
005585 	145 	46 	76 	76 
005586 	144 	45 	91 	91 
005587 	144 	45 	91 	91 
005588 	153 	54 	76 	76 
005589 	153 	62 	76 	76 
005590 	153 	62 	76 	76 
005591 	153 	62 	76 	76 
005592 	153 	54 	76 	76 
005593 	144 	45 	91 	91 
005594 	144 	45 	91 	91 
005595 	144 	45 	91 	91 
005596 	144 	45 	91 	91 
005597 	144 	45 	91 	91 
005598 	145 	54 	76 	76 
005599 	145 	54 	76 	76 
005600 	145 	54 	76 	76 
005601 	134 	45 	91 	91 
005602 	134 	45 	91 	91 
005603 	134 	45 	91 	91 
005604 	134 	45 	91 	91 
005605 	137 	46 	75 	76 
005606 	137 	46 	75 	76 
005607 	137 	46 	75 	76 
005608 	137 	46 	75 	76 
005609 	134 	45 	91 	91 
005610 	134 	45 	91 	91 
005611 	134 	45 	91 	91 
005612 	134 	45 	91 	91 
005613 	134 	45 	91 	91 
005614 	134 	45 	91 	91 
005615 	134 	45 	91 	91 
005616 	134 	45 	91 	91 
005617 	134 	45 	91 	91 
005618 	134 	45 	91 	91 
005619 	145 	46 	76 	76 
005620 	145 	54 	76 	76 
005621 	145 	46 	76 	76 
005622 	145 	46 	76 	76 
005623 	145 	46 	76 	76 
005624 	145 	46 	76 	76 
005625 	145 	46 	76 	76 
005626 	145 	46 	76 	76 
005627 	144 	35 	91 	91 
005628 	144 	35 	91 	91 
005629 	144 	35 	91 	91 
005630 	144 	35 	91 	91 
005631 	144 	35 	91 	91 
005632 	144 	35 	91 	91 
005633 	144 	35 	91 	91 
005634 	144 	45 	91 	91 
005635 	144 	45 	91 	91 
005636 	144 	45 	91 	91 
005637 	144 	45 	91 	91 
005638 	145 	54 	76 	76 
005639 	145 	54 	76 	76 
005640 	144 	45 	91 	91 
005641 	145 	46 	76 	76 
005642 	144 	45 	91 	91 
005643 	144 	45 	91 	91 
005644 	145 	54 	76 	76 
005645 	145 	54 	76 	76 
005646 	145 	54 	76 	76 
005647 	145 	54 	76 	76 
005648 	145 	54 	76 	76 
005649 	145 	54 	76 	76 
005650 	134 	45 	91 	91 
005651 	134 	45 	91 	91 
005652 	134 	45 	91 	91 
005653 	134 	45 	91 	91 
005654 	134 	45 	91 	91 
005655 	134 	45 	91 	91 
005656 	134 	45 	91 	91 
005657 	145 	54 	76 	76 
005658 	145 	54 	76 	76 
005659 	145 	46 	76 	76 
005660 	145 	46 	76 	76 
005661 	145 	46 	76 	76 
005662 	134 	45 	91 	91 
005663 	134 	35 	91 	91 
005664 	134 	35 	91 	91 
005665 	134 	35 	91 	91 
005666 	145 	38 	76 	75 
005667 	144 	35 	91 	91 
005668 	144 	35 	91 	91 
005669 	144 	35 	91 	91 
005670 	144 	35 	91 	91 
005671 	153 	46 	76 	76 
005672 	153 	46 	76 	76 
005673 	153 	46 	76 	76 
005674 	153 	46 	76 	76 
005675 	153 	46 	76 	76 
005676 	153 	54 	76 	76 
005677 	144 	45 	91 	91 
005678 	144 	45 	91 	91 
005679 	144 	45 	91 	91 
005680 	144 	45 	91 	91 
005681 	144 	45 	91 	91 
005682 	144 	45 	91 	91 
005683 	144 	45 	91 	91 
005684 	145 	46 	76 	76 
005685 	145 	46 	76 	76 
005686 	145 	46 	76 	76 
005687 	145 	46 	76 	76 
005688 	145 	46 	76 	76 
005689 	145 	46 	76 	76 
005690 	145 	46 	76 	76 
005691 	145 	46 	76 	76 
005692 	145 	46 	76 	76 
005693 	145 	46 	76 	76 
005694 	145 	46 	76 	76 
005695 	145 	46 	76 	76 
005696 	145 	54 	76 	76 
005697 	145 	54 	76 	76 
005698 	145 	54 	76 	76 
005699 	145 	54 	76 	76 
005700 	145 	54 	76 	76 
005701 	145 	54 	76 	76 
005702 	145 	54 	76 	76 
005703 	145 	54 	76 	76 
005704 	134 	45 	91 	91 
005705 	134 	45 	91 	91 
005706 	134 	45 	91 	91 
005707 	137 	54 	75 	76 
005708 	137 	54 	75 	76 
005709 	137 	54 	75 	76 
005710 	137 	54 	75 	76 
005711 	137 	54 	75 	76 
005712 	137 	54 	75 	76 
005713 	137 	54 	75 	76 
005714 	137 	54 	75 	76 
005715 	137 	54 	75 	76 
005716 	137 	54 	75 	76 
005717 	134 	45 	91 	91 
005718 	134 	45 	91 	91 
005719 	137 	54 	75 	76 
005720 	137 	54 	75 	76 
005721 	137 	54 	75 	76 
005722 	137 	54 	75 	76 
005723 	137 	54 	75 	76 
005724 	137 	54 	75 	76 
005725 	137 	54 	75 	76 
005726 	134 	45 	91 	91 
005727 	134 	45 	91 	91 
005728 	134 	45 	91 	91 
005729 	134 	45 	91 	91 
005730 	134 	45 	91 	91 
005731 	134 	45 	91 	91 
005732 	134 	45 	91 	91 
005733 	134 	45 	91 	91 
005734 	134 	55 	91 	91 
005735 	134 	55 	91 	91 
005736 	134 	55 	91 	91 
005737 	134 	55 	91 	91 
005738 	134 	55 	91 	91 
005739 	134 	55 	91 	91 
005740 	134 	55 	91 	91 
005741 	134 	55 	91 	91 
005742 	134 	45 	91 	91 
005743 	137 	54 	75 	76 
005744 	137 	54 	75 	76 
005745 	137 	54 	75 	76 
005746 	134 	45 	91 	91 
005747 	137 	54 	75 	76 
005748 	137 	54 	75 	76 
005749 	137 	54 	75 	76 
005750 	134 	55 	91 	91 
005751 	134 	55 	91 	91 
005752 	134 	55 	91 	91 
005753 	134 	55 	91 	91 
005754 	145 	54 	76 	76 
005755 	145 	62 	76 	76 
005756 	145 	62 	76 	76 
005757 	144 	55 	91 	91 
005758 	144 	55 	91 	91 
005759 	144 	55 	91 	91 
005760 	144 	55 	91 	91 
005761 	145 	62 	76 	76 
005762 	145 	62 	76 	76 
005763 	145 	62 	76 	76 
005764 	145 	62 	76 	76 
005765 	145 	62 	76 	76 
005766 	145 	71 	76 	75 
005767 	145 	71 	76 	75 
005768 	145 	71 	76 	75 
005769 	145 	71 	76 	75 
005770 	145 	71 	76 	75 
005771 	145 	71 	76 	75 
005772 	145 	71 	76 	75 
005773 	145 	71 	76 	75 
005774 	145 	71 	76 	75 
005775 	144 	65 	91 	91 
005776 	144 	65 	91 	91 
005777 	144 	65 	91 	91 
005778 	144 	65 	91 	91 
005779 	144 	65 	91 	91 
005780 	144 	65 	91 	91 
005781 	144 	65 	91 	91 
005782 	144 	65 	91 	91 
005783 	144 	65 	91 	91 
005784 	144 	65 	91 	91 
005785 	144 	65 	91 	91 
005786 	144 	65 	91 	91 
005787 	145 	71 	76 	75 
005788 	145 	71 	76 	75 
005789 	145 	71 	76 	75 
005790 	145 	71 	76 	75 
005791 	145 	71 	76 	75 
005792 	145 	71 	76 	75 
005793 	145 	71 	76 	75 
005794 	145 	71 	76 	75 
005795 	145 	71 	76 	75 
005796 	145 	71 	76 	75 
005797 	145 	71 	76 	75 
005798 	144 	65 	91 	91 
005799 	144 	65 	91 	91 
005800 	144 	65 	91 	91 
005801 	144 	65 	91 	91 
005802 	144 	65 	91 	91 
005803 	144 	65 	91 	91 
005804 	145 	62 	76 	76 
005805 	145 	62 	76 	76 
005806 	145 	62 	76 	76 
005807 	145 	62 	76 	76 
005808 	145 	62 	76 	76 
005809 	145 	62 	76 	76 
005810 	145 	62 	76 	76 
005811 	145 	62 	76 	76 
005812 	145 	62 	76 	76 
005813 	145 	62 	76 	76 
005814 	145 	62 	76 	76 
005815 	145 	62 	76 	76 
005816 	145 	62 	76 	76 
005817 	145 	62 	76 	76 
005818 	145 	62 	76 	76 
005819 	145 	62 	76 	76 
005820 	134 	55 	91 	91 
005821 	137 	54 	75 	76 
005822 	137 	62 	75 	76 
005823 	137 	54 	75 	76 
005824 	137 	54 	75 	76 
005825 	137 	54 	75 	76 
005826 	134 	45 	91 	91 
005827 	134 	45 	91 	91 
005828 	134 	45 	91 	91 
005829 	134 	45 	91 	91 
005830 	134 	45 	91 	91 
005831 	134 	45 	91 	91 
005832 	134 	45 	91 	91 
005833 	134 	35 	91 	91 
005834 	134 	35 	91 	91 
005835 	134 	35 	91 	91 
005836 	134 	45 	91 	91 
005837 	134 	45 	91 	91 
005838 	134 	45 	91 	91 
005839 	134 	45 	91 	91 
005840 	134 	45 	91 	91 
005841 	134 	45 	91 	91 
005842 	134 	45 	91 	91 
005843 	134 	45 	91 	91 
005844 	134 	45 	91 	91 
005845 	137 	54 	75 	76 
005846 	134 	45 	91 	91 
005847 	137 	54 	75 	76 
005848 	134 	45 	91 	91 
005849 	134 	45 	91 	91 
005850 	134 	45 	91 	91 
005851 	134 	45 	91 	91 
005852 	134 	45 	91 	91 
005853 	134 	45 	91 	91 
005854 	134 	45 	91 	91 
005855 	134 	45 	91 	91 
005856 	134 	45 	91 	91 
