Identity  : 	id10440
Reference : 	Sc3ms1c-0iw
Offset    : 	-2
FV Conf   : 	14.980
ASD Conf  : 	6.896

FRAME 	X 	Y 	W 	H 
004236 	394 	62 	75 	76 
004237 	383 	55 	91 	91 
004238 	383 	55 	91 	91 
004239 	383 	55 	91 	91 
004240 	383 	55 	91 	91 
004241 	383 	55 	91 	91 
004242 	383 	55 	91 	91 
004243 	383 	55 	91 	91 
004244 	383 	45 	91 	91 
004245 	394 	54 	75 	76 
004246 	393 	55 	91 	91 
004247 	393 	55 	91 	91 
004248 	393 	55 	91 	91 
004249 	393 	55 	91 	91 
004250 	393 	55 	91 	91 
004251 	393 	55 	91 	91 
004252 	393 	55 	91 	91 
004253 	393 	55 	91 	91 
004254 	383 	55 	91 	91 
004255 	383 	55 	91 	91 
004256 	383 	55 	91 	91 
004257 	383 	55 	91 	91 
004258 	383 	55 	91 	91 
004259 	383 	55 	91 	91 
004260 	383 	55 	91 	91 
004261 	383 	55 	91 	91 
004262 	383 	55 	91 	91 
004263 	393 	55 	91 	91 
004264 	393 	55 	91 	91 
004265 	393 	55 	91 	91 
004266 	393 	55 	91 	91 
004267 	393 	55 	91 	91 
004268 	393 	55 	91 	91 
004269 	402 	62 	76 	76 
004270 	402 	62 	76 	76 
004271 	393 	65 	91 	91 
004272 	393 	65 	91 	91 
004273 	393 	65 	91 	91 
004274 	393 	65 	91 	91 
004275 	393 	65 	91 	91 
004276 	403 	65 	91 	91 
004277 	403 	65 	91 	91 
004278 	403 	65 	91 	91 
004279 	403 	65 	91 	91 
004280 	403 	65 	91 	91 
004281 	403 	65 	91 	91 
004282 	410 	62 	76 	76 
004283 	410 	62 	76 	76 
004284 	402 	62 	76 	76 
004285 	402 	62 	76 	76 
004286 	393 	55 	91 	91 
004287 	393 	55 	91 	91 
004288 	393 	55 	91 	91 
004289 	394 	62 	75 	76 
004290 	394 	62 	75 	76 
004291 	383 	55 	91 	91 
004292 	385 	62 	76 	76 
004293 	385 	62 	76 	76 
004294 	385 	62 	76 	76 
004295 	385 	62 	76 	76 
004296 	385 	62 	76 	76 
004297 	385 	62 	76 	76 
004298 	385 	62 	76 	76 
004299 	373 	55 	91 	91 
004300 	373 	55 	91 	91 
004301 	373 	55 	91 	91 
004302 	373 	55 	91 	91 
004303 	373 	55 	91 	91 
004304 	373 	55 	91 	91 
004305 	377 	62 	76 	76 
004306 	377 	62 	76 	76 
004307 	377 	62 	76 	76 
004308 	377 	62 	76 	76 
004309 	377 	62 	76 	76 
004310 	363 	55 	91 	91 
004311 	363 	55 	91 	91 
004312 	363 	55 	91 	91 
004313 	369 	62 	76 	76 
004314 	363 	55 	91 	91 
004315 	369 	62 	76 	76 
004316 	363 	55 	91 	91 
004317 	363 	55 	91 	91 
004318 	363 	55 	91 	91 
004319 	363 	55 	91 	91 
004320 	369 	62 	76 	76 
004321 	369 	62 	76 	76 
004322 	369 	62 	76 	76 
004323 	369 	62 	76 	76 
004324 	369 	62 	76 	76 
004325 	369 	62 	76 	76 
004326 	369 	62 	76 	76 
004327 	377 	62 	76 	76 
004328 	377 	62 	76 	76 
004329 	377 	62 	76 	76 
004330 	377 	62 	76 	76 
004331 	377 	62 	76 	76 
004332 	377 	62 	76 	76 
004333 	377 	62 	76 	76 
004334 	377 	62 	76 	76 
004335 	377 	62 	76 	76 
004336 	373 	65 	91 	91 
004337 	373 	65 	91 	91 
004338 	373 	65 	91 	91 
004339 	373 	65 	91 	91 
004340 	373 	55 	91 	91 
004341 	373 	55 	91 	91 
004342 	373 	55 	91 	91 
004343 	373 	55 	91 	91 
004344 	377 	62 	76 	76 
004345 	377 	62 	76 	76 
004346 	373 	65 	91 	91 
004347 	373 	65 	91 	91 
004348 	373 	65 	91 	91 
004349 	373 	65 	91 	91 
004350 	385 	71 	76 	75 
004351 	385 	71 	76 	75 
004352 	385 	71 	76 	75 
004353 	385 	71 	76 	75 
004354 	385 	71 	76 	75 
004355 	385 	71 	76 	75 
004356 	385 	71 	76 	75 
004357 	385 	71 	76 	75 
004358 	373 	65 	91 	91 
004359 	385 	79 	76 	76 
004360 	373 	65 	91 	91 
004361 	377 	71 	76 	75 
004362 	377 	71 	76 	75 
004363 	377 	71 	76 	75 
004364 	377 	71 	76 	75 
004365 	377 	71 	76 	75 
004366 	377 	71 	76 	75 
004367 	377 	71 	76 	75 
004368 	373 	65 	91 	91 
004369 	373 	65 	91 	91 
004370 	373 	65 	91 	91 
004371 	373 	65 	91 	91 
004372 	373 	65 	91 	91 
004373 	373 	65 	91 	91 
004374 	373 	65 	91 	91 
004375 	385 	71 	76 	75 
004376 	373 	65 	91 	91 
004377 	373 	65 	91 	91 
004378 	385 	71 	76 	75 
004379 	385 	71 	76 	75 
004380 	385 	71 	76 	75 
004381 	385 	71 	76 	75 
004382 	385 	71 	76 	75 
004383 	385 	71 	76 	75 
004384 	385 	71 	76 	75 
004385 	385 	71 	76 	75 
004386 	385 	71 	76 	75 
004387 	385 	71 	76 	75 
004388 	385 	71 	76 	75 
004389 	385 	71 	76 	75 
004390 	385 	71 	76 	75 
004391 	385 	71 	76 	75 
004392 	385 	71 	76 	75 
004393 	385 	71 	76 	75 
004394 	385 	71 	76 	75 
004395 	385 	71 	76 	75 
004396 	385 	71 	76 	75 
004397 	385 	71 	76 	75 
004398 	385 	71 	76 	75 
004399 	385 	71 	76 	75 
004400 	385 	62 	76 	76 
004401 	383 	55 	91 	91 
004402 	383 	55 	91 	91 
004403 	383 	55 	91 	91 
004404 	394 	54 	75 	76 
004405 	394 	54 	75 	76 
004406 	394 	54 	75 	76 
004407 	394 	54 	75 	76 
004408 	394 	54 	75 	76 
004409 	394 	54 	75 	76 
004410 	383 	55 	91 	91 
004411 	383 	55 	91 	91 
004412 	383 	55 	91 	91 
004413 	383 	55 	91 	91 
004414 	385 	62 	76 	76 
004415 	385 	62 	76 	76 
004416 	385 	62 	76 	76 
004417 	385 	71 	76 	75 
004418 	373 	65 	91 	91 
004419 	373 	65 	91 	91 
004420 	373 	65 	91 	91 
004421 	373 	65 	91 	91 
004422 	373 	65 	91 	91 
004423 	373 	65 	91 	91 
004424 	373 	65 	91 	91 
004425 	373 	65 	91 	91 
004426 	373 	65 	91 	91 
004427 	373 	65 	91 	91 
