Identity  : 	id10839
Reference : 	9Rg_q0gWSJE
Offset    : 	0
FV Conf   : 	19.016
ASD Conf  : 	6.844

FRAME 	X 	Y 	W 	H 
009090 	205 	116 	107 	107 
009091 	205 	116 	107 	107 
009092 	205 	116 	107 	107 
009093 	205 	116 	107 	107 
009094 	205 	116 	107 	107 
009095 	205 	116 	107 	107 
009096 	205 	116 	107 	107 
009097 	205 	116 	107 	107 
009098 	205 	116 	107 	107 
009099 	205 	116 	107 	107 
009100 	205 	116 	107 	107 
009101 	205 	116 	107 	107 
009102 	205 	116 	107 	107 
009103 	205 	116 	107 	107 
009104 	205 	116 	107 	107 
009105 	205 	116 	107 	107 
009106 	205 	116 	107 	107 
009107 	205 	116 	107 	107 
009108 	205 	116 	107 	107 
009109 	205 	116 	107 	107 
009110 	205 	116 	107 	107 
009111 	205 	116 	107 	107 
009112 	205 	116 	107 	107 
009113 	204 	116 	107 	107 
009114 	204 	116 	107 	107 
009115 	204 	116 	107 	107 
009116 	204 	116 	107 	107 
009117 	204 	116 	107 	107 
009118 	204 	116 	107 	107 
009119 	204 	116 	107 	107 
009120 	204 	116 	107 	107 
009121 	204 	116 	107 	107 
009122 	204 	116 	107 	107 
009123 	204 	116 	107 	107 
009124 	204 	116 	107 	107 
009125 	204 	116 	107 	107 
009126 	204 	116 	107 	107 
009127 	204 	116 	107 	107 
009128 	204 	116 	107 	107 
009129 	204 	116 	107 	107 
009130 	204 	116 	107 	107 
009131 	204 	116 	107 	107 
009132 	204 	116 	107 	107 
009133 	204 	116 	107 	107 
009134 	204 	116 	107 	107 
009135 	204 	116 	107 	107 
009136 	204 	116 	107 	107 
009137 	204 	116 	107 	107 
009138 	204 	116 	107 	107 
009139 	204 	116 	107 	107 
009140 	204 	116 	107 	107 
009141 	204 	116 	107 	107 
009142 	204 	116 	107 	107 
009143 	204 	116 	107 	107 
009144 	204 	116 	107 	107 
009145 	204 	117 	107 	107 
009146 	204 	117 	107 	107 
009147 	204 	117 	107 	107 
009148 	204 	117 	107 	107 
009149 	204 	117 	107 	107 
009150 	204 	117 	107 	107 
009151 	203 	117 	107 	107 
009152 	203 	117 	107 	107 
009153 	203 	117 	107 	107 
009154 	203 	117 	107 	107 
009155 	203 	117 	107 	107 
009156 	203 	117 	107 	107 
009157 	203 	117 	107 	107 
009158 	203 	117 	107 	107 
009159 	203 	117 	107 	107 
009160 	203 	117 	107 	107 
009161 	203 	117 	107 	107 
009162 	203 	117 	107 	107 
009163 	203 	117 	107 	107 
009164 	203 	117 	107 	107 
009165 	203 	117 	107 	107 
009166 	203 	117 	107 	106 
009167 	203 	117 	107 	106 
009168 	203 	117 	107 	106 
009169 	203 	117 	107 	106 
009170 	203 	117 	107 	106 
009171 	203 	117 	107 	106 
009172 	203 	117 	107 	106 
009173 	203 	117 	107 	106 
009174 	203 	117 	107 	106 
009175 	203 	117 	107 	106 
009176 	203 	117 	107 	106 
009177 	203 	117 	107 	106 
009178 	203 	117 	107 	106 
009179 	203 	117 	106 	106 
009180 	203 	117 	106 	106 
009181 	203 	117 	106 	106 
009182 	203 	117 	106 	106 
009183 	203 	117 	106 	106 
009184 	203 	117 	106 	106 
009185 	203 	117 	106 	106 
009186 	203 	117 	106 	106 
009187 	203 	117 	106 	106 
009188 	202 	117 	106 	106 
009189 	202 	117 	106 	106 
009190 	202 	117 	106 	106 
009191 	202 	117 	106 	106 
009192 	202 	117 	106 	106 
009193 	202 	117 	106 	106 
009194 	202 	117 	106 	106 
009195 	202 	117 	106 	106 
009196 	202 	117 	106 	106 
009197 	202 	117 	106 	106 
009198 	202 	117 	106 	106 
009199 	202 	117 	106 	106 
009200 	202 	117 	106 	106 
009201 	202 	117 	106 	106 
009202 	202 	117 	106 	106 
009203 	202 	117 	106 	106 
009204 	202 	117 	106 	106 
009205 	202 	117 	106 	106 
009206 	202 	117 	106 	106 
009207 	202 	117 	106 	106 
009208 	202 	117 	106 	106 
009209 	202 	117 	106 	106 
009210 	202 	117 	106 	106 
009211 	202 	117 	106 	106 
009212 	202 	117 	106 	106 
009213 	202 	117 	106 	106 
009214 	202 	117 	106 	106 
009215 	202 	117 	106 	106 
009216 	202 	117 	106 	106 
009217 	202 	117 	106 	106 
009218 	202 	117 	106 	106 
009219 	202 	117 	106 	106 
009220 	202 	117 	106 	106 
009221 	202 	117 	106 	106 
009222 	202 	117 	106 	106 
009223 	202 	117 	106 	106 
009224 	202 	117 	106 	106 
009225 	201 	118 	106 	106 
009226 	201 	118 	106 	106 
009227 	201 	118 	106 	106 
009228 	201 	118 	106 	106 
009229 	201 	118 	106 	106 
009230 	201 	118 	106 	106 
009231 	201 	118 	106 	106 
009232 	201 	118 	106 	106 
009233 	201 	118 	106 	106 
009234 	201 	118 	106 	106 
009235 	201 	118 	106 	106 
009236 	201 	118 	106 	106 
009237 	201 	118 	106 	106 
009238 	201 	118 	106 	106 
009239 	201 	118 	106 	106 
009240 	201 	118 	106 	106 
009241 	201 	118 	106 	106 
009242 	201 	118 	106 	106 
009243 	201 	118 	106 	106 
009244 	201 	118 	106 	106 
009245 	201 	118 	106 	106 
009246 	201 	118 	106 	106 
009247 	201 	118 	106 	106 
009248 	201 	118 	106 	106 
009249 	201 	118 	106 	106 
009250 	201 	118 	106 	106 
009251 	201 	118 	106 	106 
009252 	201 	118 	106 	106 
009253 	201 	118 	106 	106 
009254 	201 	118 	106 	106 
009255 	201 	118 	106 	105 
009256 	201 	118 	106 	105 
009257 	201 	118 	106 	105 
009258 	201 	118 	106 	105 
009259 	201 	118 	106 	105 
009260 	201 	118 	106 	105 
009261 	201 	118 	106 	105 
009262 	201 	118 	106 	105 
009263 	200 	118 	106 	105 
009264 	200 	118 	106 	105 
009265 	200 	118 	106 	105 
009266 	200 	118 	106 	105 
009267 	200 	118 	106 	105 
009268 	200 	118 	106 	105 
009269 	200 	118 	106 	105 
009270 	200 	118 	106 	105 
009271 	200 	118 	106 	105 
009272 	200 	118 	105 	105 
009273 	200 	118 	105 	105 
009274 	200 	118 	105 	105 
009275 	200 	118 	105 	105 
009276 	200 	118 	105 	105 
009277 	200 	118 	105 	105 
009278 	200 	118 	105 	105 
009279 	200 	118 	105 	105 
009280 	200 	118 	105 	105 
009281 	200 	118 	105 	105 
009282 	200 	118 	105 	105 
009283 	200 	118 	105 	105 
009284 	200 	118 	105 	105 
009285 	200 	118 	105 	105 
009286 	200 	118 	105 	105 
009287 	200 	118 	105 	105 
009288 	200 	118 	105 	105 
009289 	200 	118 	105 	105 
009290 	200 	118 	105 	105 
009291 	200 	118 	105 	105 
009292 	200 	118 	105 	105 
009293 	200 	118 	105 	105 
009294 	200 	118 	105 	105 
009295 	200 	118 	105 	105 
009296 	200 	118 	105 	105 
009297 	200 	118 	105 	105 
009298 	200 	118 	105 	105 
009299 	200 	118 	105 	105 
009300 	199 	118 	105 	105 
009301 	199 	118 	105 	105 
009302 	199 	118 	105 	105 
009303 	199 	118 	105 	105 
009304 	199 	118 	105 	105 
009305 	199 	119 	105 	105 
009306 	199 	119 	105 	105 
009307 	199 	119 	105 	105 
009308 	199 	119 	105 	105 
009309 	199 	119 	105 	105 
009310 	199 	119 	105 	105 
009311 	199 	119 	105 	105 
009312 	199 	119 	105 	105 
009313 	199 	119 	105 	105 
009314 	199 	119 	105 	105 
009315 	199 	119 	105 	105 
009316 	199 	119 	105 	105 
009317 	199 	119 	105 	105 
009318 	199 	119 	105 	105 
009319 	199 	119 	105 	105 
009320 	199 	119 	105 	105 
009321 	199 	119 	105 	105 
009322 	199 	119 	105 	105 
009323 	199 	119 	105 	105 
009324 	199 	119 	105 	105 
009325 	199 	119 	105 	105 
009326 	199 	119 	105 	105 
009327 	199 	119 	105 	105 
009328 	199 	119 	105 	105 
009329 	199 	119 	105 	105 
009330 	199 	119 	105 	105 
009331 	199 	119 	105 	105 
009332 	199 	119 	105 	105 
009333 	199 	119 	105 	105 
009334 	199 	119 	105 	105 
009335 	199 	119 	105 	105 
009336 	199 	119 	105 	105 
009337 	198 	119 	105 	105 
009338 	198 	119 	105 	105 
