Identity  : 	id10839
Reference : 	9Rg_q0gWSJE
Offset    : 	0
FV Conf   : 	19.941
ASD Conf  : 	8.028

FRAME 	X 	Y 	W 	H 
016542 	185 	102 	109 	109 
016543 	185 	102 	109 	109 
016544 	185 	102 	109 	109 
016545 	185 	102 	109 	109 
016546 	185 	102 	109 	109 
016547 	185 	102 	109 	109 
016548 	197 	102 	109 	109 
016549 	209 	102 	109 	109 
016550 	209 	102 	109 	109 
016551 	209 	102 	109 	109 
016552 	209 	102 	109 	109 
016553 	209 	102 	109 	109 
016554 	209 	102 	109 	109 
016555 	209 	102 	109 	109 
016556 	209 	102 	109 	109 
016557 	209 	102 	109 	109 
016558 	209 	102 	109 	109 
016559 	194 	80 	130 	130 
016560 	197 	90 	109 	109 
016561 	197 	90 	109 	109 
016562 	197 	90 	109 	109 
016563 	197 	90 	109 	109 
016564 	197 	90 	109 	109 
016565 	185 	90 	109 	109 
016566 	185 	90 	109 	109 
016567 	185 	90 	109 	109 
016568 	185 	90 	109 	109 
016569 	185 	90 	109 	109 
016570 	185 	90 	109 	109 
016571 	185 	90 	109 	109 
016572 	185 	90 	109 	109 
016573 	185 	90 	109 	109 
016574 	185 	90 	109 	109 
016575 	185 	90 	109 	109 
016576 	185 	102 	109 	109 
016577 	185 	102 	109 	109 
016578 	185 	102 	109 	109 
016579 	185 	102 	109 	109 
016580 	185 	102 	109 	109 
016581 	185 	102 	109 	109 
016582 	185 	102 	109 	109 
016583 	185 	102 	109 	109 
016584 	185 	102 	109 	109 
016585 	185 	102 	109 	109 
016586 	185 	102 	109 	109 
016587 	185 	102 	109 	109 
016588 	185 	90 	109 	109 
016589 	185 	102 	109 	109 
016590 	185 	102 	109 	109 
016591 	185 	102 	109 	109 
016592 	185 	102 	109 	109 
016593 	185 	102 	109 	109 
016594 	185 	102 	109 	109 
016595 	185 	102 	109 	109 
016596 	185 	102 	109 	109 
016597 	185 	102 	109 	109 
016598 	185 	102 	109 	109 
016599 	185 	102 	109 	109 
016600 	185 	102 	109 	109 
016601 	185 	102 	109 	109 
016602 	185 	102 	109 	109 
016603 	185 	102 	109 	109 
016604 	185 	102 	109 	109 
016605 	185 	102 	109 	109 
016606 	185 	102 	109 	109 
016607 	185 	102 	109 	109 
016608 	185 	102 	109 	109 
016609 	185 	102 	109 	109 
016610 	185 	102 	109 	109 
016611 	185 	102 	109 	109 
016612 	185 	102 	109 	109 
016613 	185 	102 	109 	109 
016614 	185 	102 	109 	109 
016615 	185 	102 	109 	109 
016616 	185 	102 	109 	109 
016617 	185 	102 	109 	109 
016618 	185 	102 	109 	109 
016619 	185 	102 	109 	109 
016620 	185 	102 	109 	109 
016621 	185 	102 	109 	109 
016622 	185 	102 	109 	109 
016623 	185 	102 	109 	109 
016624 	185 	102 	109 	109 
016625 	185 	102 	109 	109 
016626 	185 	102 	109 	109 
016627 	185 	102 	109 	109 
016628 	185 	102 	109 	109 
016629 	185 	102 	109 	109 
016630 	185 	102 	109 	109 
016631 	185 	102 	109 	109 
016632 	185 	102 	109 	109 
016633 	185 	102 	109 	109 
016634 	185 	102 	109 	109 
016635 	185 	102 	109 	109 
016636 	185 	102 	109 	109 
016637 	185 	102 	109 	109 
016638 	185 	102 	109 	109 
016639 	185 	102 	109 	109 
016640 	185 	102 	109 	109 
016641 	185 	102 	109 	109 
016642 	185 	102 	109 	109 
016643 	185 	102 	109 	109 
016644 	185 	102 	109 	109 
016645 	185 	102 	109 	109 
016646 	185 	102 	109 	109 
016647 	185 	102 	109 	109 
016648 	185 	102 	109 	109 
016649 	185 	102 	109 	109 
016650 	185 	102 	109 	109 
016651 	185 	102 	109 	109 
016652 	185 	102 	109 	109 
016653 	185 	102 	109 	109 
016654 	185 	102 	109 	109 
016655 	185 	102 	109 	109 
016656 	185 	102 	109 	109 
016657 	185 	102 	109 	109 
016658 	185 	102 	109 	109 
016659 	185 	102 	109 	109 
016660 	185 	102 	109 	109 
016661 	185 	102 	109 	109 
016662 	185 	102 	109 	109 
016663 	185 	102 	109 	109 
016664 	185 	102 	109 	109 
016665 	185 	102 	109 	109 
016666 	185 	102 	109 	109 
016667 	185 	102 	109 	109 
016668 	185 	102 	109 	109 
016669 	185 	102 	109 	109 
016670 	185 	102 	109 	109 
016671 	185 	102 	109 	109 
016672 	185 	102 	109 	109 
016673 	185 	102 	109 	109 
016674 	185 	102 	109 	109 
016675 	185 	102 	109 	109 
016676 	185 	102 	109 	109 
016677 	185 	102 	109 	109 
016678 	185 	102 	109 	109 
016679 	185 	102 	109 	109 
016680 	185 	102 	109 	109 
016681 	185 	102 	109 	109 
016682 	185 	102 	109 	109 
016683 	185 	102 	109 	109 
016684 	185 	102 	109 	109 
016685 	185 	102 	109 	109 
016686 	185 	102 	109 	109 
016687 	185 	102 	109 	109 
016688 	185 	102 	109 	109 
016689 	185 	102 	109 	109 
016690 	185 	102 	109 	109 
016691 	185 	102 	109 	109 
016692 	185 	102 	109 	109 
016693 	185 	102 	109 	109 
016694 	185 	102 	109 	109 
016695 	185 	102 	109 	109 
016696 	185 	102 	109 	109 
016697 	185 	102 	109 	109 
016698 	185 	102 	109 	109 
016699 	185 	102 	109 	109 
016700 	185 	102 	109 	109 
016701 	185 	102 	109 	109 
016702 	185 	102 	109 	109 
016703 	185 	102 	109 	109 
016704 	185 	102 	109 	109 
016705 	185 	102 	109 	109 
016706 	185 	102 	109 	109 
016707 	185 	102 	109 	109 
016708 	185 	102 	109 	109 
016709 	185 	102 	109 	109 
016710 	185 	102 	109 	109 
016711 	185 	102 	109 	109 
016712 	185 	102 	109 	109 
016713 	185 	102 	109 	109 
016714 	185 	102 	109 	109 
016715 	185 	102 	109 	109 
016716 	185 	102 	109 	109 
016717 	185 	102 	109 	109 
016718 	185 	102 	109 	109 
016719 	180 	94 	130 	130 
016720 	180 	94 	130 	130 
016721 	180 	94 	130 	130 
016722 	180 	94 	130 	130 
016723 	197 	102 	109 	109 
016724 	197 	102 	109 	109 
016725 	197 	102 	109 	109 
016726 	197 	102 	109 	109 
016727 	197 	102 	109 	109 
016728 	197 	102 	109 	109 
016729 	197 	102 	109 	109 
016730 	197 	102 	109 	109 
016731 	197 	102 	109 	109 
016732 	197 	102 	109 	109 
016733 	197 	102 	109 	109 
016734 	185 	102 	109 	109 
016735 	185 	102 	109 	109 
016736 	185 	102 	109 	109 
016737 	185 	102 	109 	109 
016738 	185 	102 	109 	109 
016739 	185 	102 	109 	109 
016740 	185 	102 	109 	109 
016741 	185 	102 	109 	109 
016742 	185 	102 	109 	109 
016743 	185 	102 	109 	109 
016744 	185 	102 	109 	109 
016745 	185 	102 	109 	109 
016746 	185 	102 	109 	109 
016747 	185 	102 	109 	109 
016748 	185 	102 	109 	109 
016749 	185 	102 	109 	109 
016750 	185 	102 	109 	109 
016751 	185 	102 	109 	109 
016752 	185 	102 	109 	109 
016753 	185 	102 	109 	109 
016754 	185 	102 	109 	109 
016755 	185 	102 	109 	109 
016756 	173 	102 	109 	109 
016757 	173 	102 	109 	109 
016758 	173 	102 	109 	109 
016759 	173 	102 	109 	109 
016760 	173 	102 	109 	109 
016761 	173 	90 	109 	109 
016762 	173 	90 	109 	109 
016763 	173 	90 	109 	109 
016764 	173 	90 	109 	109 
016765 	173 	90 	109 	109 
016766 	173 	90 	109 	109 
016767 	173 	90 	109 	109 
016768 	173 	90 	109 	109 
016769 	173 	90 	109 	109 
016770 	173 	90 	109 	109 
016771 	173 	90 	109 	109 
016772 	173 	90 	109 	109 
016773 	173 	90 	109 	109 
016774 	173 	90 	109 	109 
016775 	173 	90 	109 	109 
016776 	173 	90 	109 	109 
016777 	173 	90 	109 	109 
016778 	173 	90 	109 	109 
016779 	173 	90 	109 	109 
016780 	173 	90 	109 	109 
016781 	185 	90 	109 	109 
016782 	185 	90 	109 	109 
016783 	185 	90 	109 	109 
016784 	185 	90 	109 	109 
016785 	185 	90 	109 	109 
016786 	185 	90 	109 	109 
016787 	185 	90 	109 	109 
016788 	185 	90 	109 	109 
016789 	185 	90 	109 	109 
016790 	185 	90 	109 	109 
