Identity  : 	id10658
Reference : 	1ne9RX6tN5A
Offset    : 	-3
FV Conf   : 	17.836
ASD Conf  : 	5.895

FRAME 	X 	Y 	W 	H 
005500 	126 	90 	108 	109 
005501 	126 	90 	108 	109 
005502 	126 	78 	108 	109 
005503 	126 	78 	108 	109 
005504 	126 	78 	108 	109 
005505 	126 	78 	108 	109 
005506 	108 	66 	130 	130 
005507 	108 	66 	130 	130 
005508 	108 	66 	130 	130 
005509 	114 	78 	108 	109 
005510 	114 	78 	108 	109 
005511 	114 	66 	108 	109 
005512 	114 	66 	108 	109 
005513 	114 	66 	108 	109 
005514 	114 	66 	108 	109 
005515 	108 	66 	130 	130 
005516 	126 	78 	108 	109 
005517 	126 	78 	108 	109 
005518 	138 	78 	108 	109 
005519 	138 	78 	108 	109 
005520 	138 	78 	108 	109 
005521 	138 	78 	108 	109 
005522 	138 	90 	108 	109 
005523 	138 	90 	108 	109 
005524 	138 	90 	108 	109 
005525 	138 	90 	108 	109 
005526 	138 	90 	108 	109 
005527 	138 	90 	108 	109 
005528 	138 	90 	108 	109 
005529 	150 	90 	108 	109 
005530 	137 	80 	130 	130 
005531 	150 	90 	108 	109 
005532 	150 	78 	108 	109 
005533 	150 	78 	108 	109 
005534 	150 	78 	108 	109 
005535 	150 	78 	108 	109 
005536 	150 	78 	108 	109 
005537 	150 	78 	108 	109 
005538 	150 	78 	108 	109 
005539 	150 	78 	108 	109 
005540 	150 	78 	108 	109 
005541 	150 	78 	108 	109 
005542 	150 	78 	108 	109 
005543 	161 	66 	109 	109 
005544 	161 	78 	109 	109 
005545 	161 	78 	109 	109 
005546 	173 	78 	109 	109 
005547 	173 	78 	109 	109 
005548 	173 	78 	109 	109 
005549 	173 	78 	109 	109 
005550 	173 	78 	109 	109 
005551 	173 	78 	109 	109 
005552 	173 	78 	109 	109 
005553 	173 	78 	109 	109 
005554 	161 	78 	109 	109 
005555 	161 	78 	109 	109 
005556 	161 	78 	109 	109 
005557 	161 	78 	109 	109 
005558 	150 	78 	108 	109 
005559 	150 	78 	108 	109 
005560 	150 	78 	108 	109 
005561 	150 	78 	108 	109 
005562 	150 	78 	108 	109 
005563 	150 	78 	108 	109 
005564 	150 	78 	108 	109 
005565 	150 	78 	108 	109 
005566 	150 	66 	108 	109 
005567 	150 	66 	108 	109 
005568 	150 	66 	108 	109 
005569 	150 	78 	108 	109 
005570 	161 	78 	109 	109 
005571 	161 	78 	109 	109 
005572 	161 	78 	109 	109 
005573 	161 	78 	109 	109 
005574 	173 	78 	109 	109 
005575 	173 	78 	109 	109 
005576 	165 	66 	130 	130 
005577 	185 	78 	109 	109 
005578 	185 	90 	109 	109 
005579 	185 	90 	109 	109 
005580 	185 	90 	109 	109 
005581 	185 	90 	109 	109 
005582 	185 	90 	109 	109 
005583 	185 	90 	109 	109 
005584 	185 	90 	109 	109 
005585 	185 	102 	109 	109 
005586 	180 	80 	130 	130 
005587 	185 	102 	109 	109 
005588 	197 	102 	109 	109 
005589 	197 	114 	109 	109 
005590 	197 	111 	109 	109 
005591 	197 	108 	109 	109 
005592 	197 	105 	109 	109 
005593 	197 	102 	109 	109 
005594 	197 	102 	109 	109 
005595 	197 	114 	109 	109 
005596 	197 	114 	109 	109 
005597 	197 	114 	109 	109 
005598 	197 	114 	109 	109 
005599 	197 	114 	109 	109 
005600 	197 	114 	109 	109 
005601 	197 	102 	109 	109 
005602 	197 	114 	109 	109 
005603 	197 	108 	109 	109 
005604 	197 	102 	109 	109 
005605 	197 	102 	109 	109 
005606 	197 	102 	109 	109 
005607 	197 	102 	109 	109 
005608 	197 	102 	109 	109 
005609 	197 	102 	109 	109 
005610 	197 	102 	109 	109 
005611 	197 	102 	109 	109 
005612 	197 	102 	109 	109 
005613 	197 	102 	109 	109 
005614 	197 	102 	109 	109 
005615 	197 	102 	109 	109 
005616 	197 	102 	109 	109 
005617 	197 	102 	109 	109 
