Identity  : 	id10016
Reference : 	dOnuu_9-nyI
Offset    : 	-3
FV Conf   : 	13.915
ASD Conf  : 	8.429

FRAME 	X 	Y 	W 	H 
003427 	245 	78 	109 	109 
003428 	245 	78 	109 	109 
003429 	245 	78 	109 	109 
003430 	237 	66 	130 	130 
003431 	237 	66 	130 	130 
003432 	257 	78 	109 	109 
003433 	257 	66 	109 	109 
003434 	257 	66 	109 	109 
003435 	257 	66 	109 	109 
003436 	257 	78 	109 	109 
003437 	257 	78 	109 	109 
003438 	257 	78 	109 	109 
003439 	257 	78 	109 	109 
003440 	257 	78 	109 	109 
003441 	257 	78 	109 	109 
003442 	257 	78 	109 	109 
003443 	257 	78 	109 	109 
003444 	257 	78 	109 	109 
003445 	257 	78 	109 	109 
003446 	257 	78 	109 	109 
003447 	257 	78 	109 	109 
003448 	257 	78 	109 	109 
003449 	257 	78 	109 	109 
003450 	257 	90 	109 	109 
003451 	257 	90 	109 	109 
003452 	257 	78 	109 	109 
003453 	257 	90 	109 	109 
003454 	257 	90 	109 	109 
003455 	257 	78 	109 	109 
003456 	257 	78 	109 	109 
003457 	257 	90 	109 	109 
003458 	257 	90 	109 	109 
003459 	257 	90 	109 	109 
003460 	269 	90 	108 	109 
003461 	269 	90 	108 	109 
003462 	269 	90 	108 	109 
003463 	269 	90 	108 	109 
003464 	269 	90 	108 	109 
003465 	269 	90 	108 	109 
003466 	257 	90 	109 	109 
003467 	269 	90 	108 	109 
003468 	269 	90 	108 	109 
003469 	269 	90 	108 	109 
003470 	269 	90 	108 	109 
003471 	269 	90 	108 	109 
003472 	269 	90 	108 	109 
003473 	257 	90 	109 	109 
003474 	257 	90 	109 	109 
003475 	257 	90 	109 	109 
003476 	269 	90 	108 	109 
003477 	269 	90 	108 	109 
003478 	269 	90 	108 	109 
003479 	269 	90 	108 	109 
003480 	269 	90 	108 	109 
003481 	269 	90 	108 	109 
003482 	269 	90 	108 	109 
003483 	269 	90 	108 	109 
003484 	269 	90 	108 	109 
003485 	269 	90 	108 	109 
003486 	269 	90 	108 	109 
003487 	269 	90 	108 	109 
003488 	269 	90 	108 	109 
003489 	269 	90 	108 	109 
003490 	269 	90 	108 	109 
003491 	269 	90 	108 	109 
003492 	269 	90 	108 	109 
003493 	269 	90 	108 	109 
003494 	269 	90 	108 	109 
003495 	269 	90 	108 	109 
003496 	269 	90 	108 	109 
003497 	269 	90 	108 	109 
003498 	269 	90 	108 	109 
003499 	269 	90 	108 	109 
003500 	269 	90 	108 	109 
003501 	269 	90 	108 	109 
003502 	269 	90 	108 	109 
003503 	269 	90 	108 	109 
003504 	269 	90 	108 	109 
003505 	269 	90 	108 	109 
003506 	269 	78 	108 	109 
003507 	269 	78 	108 	109 
003508 	266 	66 	130 	130 
003509 	281 	78 	108 	109 
003510 	281 	78 	108 	109 
003511 	281 	78 	108 	109 
003512 	281 	78 	108 	109 
003513 	281 	78 	108 	109 
003514 	281 	78 	108 	109 
003515 	281 	78 	108 	109 
003516 	281 	78 	108 	109 
003517 	281 	78 	108 	109 
003518 	281 	78 	108 	109 
003519 	281 	78 	108 	109 
003520 	281 	78 	108 	109 
003521 	281 	78 	108 	109 
003522 	281 	78 	108 	109 
003523 	281 	78 	108 	109 
003524 	281 	78 	108 	109 
003525 	266 	66 	130 	130 
003526 	266 	66 	130 	130 
003527 	266 	66 	130 	130 
003528 	269 	78 	108 	109 
003529 	269 	78 	108 	109 
003530 	269 	78 	108 	109 
003531 	269 	78 	108 	109 
003532 	269 	78 	108 	109 
003533 	269 	78 	108 	109 
003534 	269 	78 	108 	109 
003535 	257 	78 	109 	109 
003536 	245 	78 	109 	109 
003537 	233 	78 	109 	109 
003538 	233 	78 	109 	109 
003539 	233 	78 	109 	109 
003540 	233 	78 	109 	109 
003541 	233 	78 	109 	109 
003542 	233 	78 	109 	109 
003543 	233 	78 	109 	109 
003544 	233 	78 	109 	109 
003545 	233 	78 	109 	109 
003546 	221 	78 	109 	109 
003547 	209 	78 	109 	109 
003548 	209 	78 	109 	109 
003549 	209 	78 	109 	109 
003550 	209 	78 	109 	109 
003551 	209 	78 	109 	109 
003552 	221 	78 	109 	109 
003553 	221 	78 	109 	109 
003554 	221 	78 	109 	109 
003555 	208 	80 	130 	130 
003556 	221 	90 	109 	109 
003557 	233 	90 	109 	109 
003558 	233 	90 	109 	109 
003559 	233 	90 	109 	109 
003560 	233 	90 	109 	109 
003561 	233 	90 	109 	109 
003562 	233 	90 	109 	109 
003563 	233 	90 	109 	109 
003564 	233 	90 	109 	109 
003565 	233 	90 	109 	109 
003566 	233 	90 	109 	109 
003567 	233 	90 	109 	109 
003568 	233 	90 	109 	109 
003569 	233 	90 	109 	109 
003570 	233 	90 	109 	109 
003571 	223 	80 	130 	130 
003572 	223 	80 	130 	130 
003573 	223 	80 	130 	130 
003574 	223 	80 	130 	130 
003575 	223 	80 	130 	130 
003576 	223 	80 	130 	130 
003577 	223 	80 	130 	130 
003578 	223 	80 	130 	130 
003579 	233 	90 	109 	109 
003580 	233 	90 	109 	109 
003581 	233 	90 	109 	109 
003582 	233 	90 	109 	109 
003583 	233 	90 	109 	109 
003584 	233 	90 	109 	109 
003585 	233 	78 	109 	109 
003586 	233 	78 	109 	109 
003587 	233 	78 	109 	109 
003588 	233 	78 	109 	109 
003589 	233 	78 	109 	109 
003590 	223 	66 	130 	130 
003591 	223 	66 	130 	130 
003592 	233 	78 	109 	109 
003593 	233 	78 	109 	109 
003594 	245 	90 	109 	109 
003595 	245 	90 	109 	109 
003596 	245 	90 	109 	109 
003597 	257 	102 	109 	109 
003598 	257 	102 	109 	109 
003599 	257 	102 	109 	109 
003600 	257 	102 	109 	109 
003601 	257 	102 	109 	109 
003602 	257 	102 	109 	109 
003603 	257 	102 	109 	109 
003604 	251 	94 	130 	130 
003605 	257 	102 	109 	109 
003606 	257 	102 	109 	109 
003607 	257 	102 	109 	109 
003608 	257 	102 	109 	109 
003609 	257 	102 	109 	109 
003610 	257 	102 	109 	109 
003611 	257 	90 	109 	109 
003612 	257 	90 	109 	109 
003613 	257 	90 	109 	109 
003614 	257 	90 	109 	109 
003615 	257 	90 	109 	109 
003616 	257 	90 	109 	109 
003617 	245 	90 	109 	109 
003618 	245 	90 	109 	109 
003619 	233 	90 	109 	109 
003620 	233 	90 	109 	109 
003621 	233 	90 	109 	109 
003622 	221 	78 	109 	109 
003623 	221 	78 	109 	109 
003624 	221 	78 	109 	109 
003625 	221 	78 	109 	109 
003626 	221 	78 	109 	109 
003627 	221 	78 	109 	109 
003628 	221 	78 	109 	109 
003629 	209 	78 	109 	109 
003630 	209 	78 	109 	109 
003631 	209 	78 	109 	109 
003632 	209 	78 	109 	109 
003633 	209 	78 	109 	109 
003634 	221 	78 	109 	109 
003635 	221 	78 	109 	109 
003636 	221 	78 	109 	109 
003637 	221 	78 	109 	109 
003638 	221 	78 	109 	109 
003639 	233 	78 	109 	109 
003640 	233 	78 	109 	109 
003641 	233 	78 	109 	109 
003642 	245 	78 	109 	109 
003643 	245 	78 	109 	109 
003644 	245 	90 	109 	109 
003645 	245 	90 	109 	109 
003646 	237 	80 	130 	130 
003647 	237 	80 	130 	130 
003648 	257 	102 	109 	109 
003649 	257 	102 	109 	109 
003650 	257 	102 	109 	109 
003651 	257 	102 	109 	109 
003652 	257 	102 	109 	109 
003653 	257 	102 	109 	109 
003654 	257 	102 	109 	109 
003655 	257 	102 	109 	109 
003656 	257 	102 	109 	109 
003657 	257 	102 	109 	109 
003658 	257 	102 	109 	109 
003659 	257 	102 	109 	109 
003660 	257 	102 	109 	109 
003661 	257 	102 	109 	109 
003662 	257 	102 	109 	109 
003663 	257 	102 	109 	109 
003664 	257 	102 	109 	109 
003665 	257 	102 	109 	109 
003666 	257 	102 	109 	109 
003667 	257 	102 	109 	109 
003668 	257 	102 	109 	109 
003669 	257 	102 	109 	109 
003670 	257 	102 	109 	109 
003671 	257 	102 	109 	109 
003672 	257 	102 	109 	109 
003673 	257 	102 	109 	109 
003674 	257 	102 	109 	109 
003675 	257 	102 	109 	109 
003676 	257 	90 	109 	109 
003677 	257 	102 	109 	109 
003678 	257 	102 	109 	109 
003679 	257 	102 	109 	109 
003680 	257 	102 	109 	109 
003681 	237 	94 	130 	130 
003682 	245 	102 	109 	109 
003683 	245 	102 	109 	109 
003684 	245 	90 	109 	109 
003685 	245 	90 	109 	109 
003686 	245 	90 	109 	109 
003687 	237 	80 	130 	130 
003688 	237 	80 	130 	130 
003689 	237 	80 	130 	130 
003690 	237 	94 	130 	130 
003691 	257 	102 	109 	109 
003692 	257 	102 	109 	109 
003693 	257 	102 	109 	109 
003694 	257 	102 	109 	109 
003695 	257 	102 	109 	109 
003696 	257 	102 	109 	109 
003697 	257 	102 	109 	109 
003698 	257 	102 	109 	109 
003699 	257 	102 	109 	109 
003700 	257 	102 	109 	109 
003701 	257 	102 	109 	109 
003702 	257 	102 	109 	109 
003703 	257 	102 	109 	109 
003704 	257 	102 	109 	109 
003705 	257 	102 	109 	109 
003706 	257 	102 	109 	109 
003707 	257 	102 	109 	109 
003708 	257 	102 	109 	109 
003709 	257 	102 	109 	109 
003710 	257 	102 	109 	109 
003711 	257 	102 	109 	109 
003712 	237 	80 	130 	130 
003713 	245 	102 	109 	109 
003714 	245 	102 	109 	109 
003715 	245 	102 	109 	109 
003716 	245 	102 	109 	109 
003717 	257 	102 	109 	109 
003718 	257 	102 	109 	109 
003719 	257 	102 	109 	109 
003720 	257 	102 	109 	109 
003721 	257 	102 	109 	109 
003722 	257 	102 	109 	109 
003723 	257 	102 	109 	109 
003724 	257 	102 	109 	109 
003725 	257 	102 	109 	109 
003726 	257 	102 	109 	109 
