Identity  : 	id10016
Reference : 	dOnuu_9-nyI
Offset    : 	-3
FV Conf   : 	15.700
ASD Conf  : 	8.354

FRAME 	X 	Y 	W 	H 
003058 	269 	66 	108 	109 
003059 	269 	66 	108 	109 
003060 	269 	66 	108 	109 
003061 	269 	66 	108 	109 
003062 	269 	66 	108 	109 
003063 	269 	66 	108 	109 
003064 	269 	66 	108 	109 
003065 	269 	66 	108 	109 
003066 	269 	66 	108 	109 
003067 	269 	66 	108 	109 
003068 	269 	66 	108 	109 
003069 	269 	66 	108 	109 
003070 	269 	66 	108 	109 
003071 	269 	66 	108 	109 
003072 	269 	66 	108 	109 
003073 	269 	66 	108 	109 
003074 	269 	66 	108 	109 
003075 	269 	66 	108 	109 
003076 	269 	66 	108 	109 
003077 	269 	66 	108 	109 
003078 	269 	66 	108 	109 
003079 	257 	66 	109 	109 
003080 	257 	66 	109 	109 
003081 	245 	66 	109 	109 
003082 	223 	66 	130 	130 
003083 	223 	66 	130 	130 
003084 	233 	66 	109 	109 
003085 	233 	66 	109 	109 
003086 	233 	66 	109 	109 
003087 	233 	66 	109 	109 
003088 	221 	66 	109 	109 
003089 	221 	66 	109 	109 
003090 	209 	66 	109 	109 
003091 	209 	66 	109 	109 
003092 	197 	66 	109 	109 
003093 	197 	66 	109 	109 
003094 	185 	66 	109 	109 
003095 	185 	66 	109 	109 
003096 	185 	66 	109 	109 
003097 	185 	66 	109 	109 
003098 	185 	66 	109 	109 
003099 	197 	66 	109 	109 
003100 	197 	66 	109 	109 
003101 	209 	66 	109 	109 
003102 	209 	66 	109 	109 
003103 	224 	75 	91 	91 
003104 	233 	66 	109 	109 
003105 	233 	66 	109 	109 
003106 	245 	66 	109 	109 
003107 	257 	66 	109 	109 
003108 	257 	66 	109 	109 
003109 	281 	66 	108 	109 
003110 	281 	66 	108 	109 
003111 	293 	66 	108 	109 
003112 	293 	66 	108 	109 
003113 	305 	66 	108 	109 
003114 	317 	78 	108 	109 
003115 	317 	78 	108 	109 
003116 	317 	78 	108 	109 
003117 	317 	78 	108 	109 
003118 	317 	78 	108 	109 
003119 	305 	66 	108 	109 
003120 	305 	66 	108 	109 
003121 	305 	66 	108 	109 
003122 	305 	78 	108 	109 
003123 	293 	66 	108 	109 
003124 	293 	78 	108 	109 
003125 	281 	66 	108 	109 
003126 	281 	66 	108 	109 
003127 	281 	66 	108 	109 
003128 	281 	78 	108 	109 
003129 	269 	66 	108 	109 
003130 	269 	66 	108 	109 
003131 	269 	66 	108 	109 
003132 	269 	66 	108 	109 
003133 	269 	66 	108 	109 
003134 	269 	66 	108 	109 
003135 	269 	66 	108 	109 
003136 	269 	66 	108 	109 
003137 	269 	66 	108 	109 
003138 	269 	66 	108 	109 
003139 	269 	66 	108 	109 
003140 	269 	66 	108 	109 
003141 	269 	66 	108 	109 
003142 	269 	54 	108 	109 
003143 	257 	54 	109 	109 
003144 	257 	54 	109 	109 
003145 	257 	54 	109 	109 
003146 	257 	54 	109 	109 
003147 	257 	54 	109 	109 
003148 	257 	54 	109 	109 
003149 	245 	54 	109 	109 
003150 	245 	54 	109 	109 
003151 	245 	54 	109 	109 
003152 	245 	54 	109 	109 
003153 	245 	54 	109 	109 
003154 	245 	54 	109 	109 
003155 	245 	54 	109 	109 
003156 	257 	66 	109 	109 
003157 	257 	66 	109 	109 
003158 	257 	66 	109 	109 
003159 	257 	66 	109 	109 
003160 	257 	66 	109 	109 
003161 	257 	66 	109 	109 
003162 	257 	66 	109 	109 
003163 	257 	66 	109 	109 
003164 	269 	66 	108 	109 
003165 	269 	66 	108 	109 
003166 	269 	66 	108 	109 
003167 	269 	66 	108 	109 
003168 	257 	66 	109 	109 
003169 	257 	78 	109 	109 
003170 	245 	78 	109 	109 
003171 	245 	78 	109 	109 
003172 	223 	66 	130 	130 
003173 	223 	66 	130 	130 
003174 	245 	78 	109 	109 
003175 	245 	78 	109 	109 
003176 	245 	78 	109 	109 
003177 	237 	80 	130 	130 
003178 	237 	80 	130 	130 
003179 	237 	80 	130 	130 
003180 	237 	80 	130 	130 
003181 	237 	80 	130 	130 
003182 	237 	80 	130 	130 
003183 	237 	80 	130 	130 
003184 	237 	80 	130 	130 
003185 	237 	80 	130 	130 
003186 	237 	80 	130 	130 
003187 	237 	80 	130 	130 
003188 	237 	80 	130 	130 
003189 	237 	80 	130 	130 
003190 	237 	80 	130 	130 
003191 	245 	78 	109 	109 
003192 	245 	78 	109 	109 
003193 	245 	78 	109 	109 
003194 	245 	78 	109 	109 
003195 	245 	90 	109 	109 
003196 	245 	90 	109 	109 
003197 	237 	80 	130 	130 
003198 	245 	90 	109 	109 
003199 	245 	90 	109 	109 
003200 	245 	90 	109 	109 
003201 	245 	90 	109 	109 
003202 	223 	80 	130 	130 
003203 	223 	80 	130 	130 
003204 	233 	90 	109 	109 
003205 	233 	90 	109 	109 
003206 	233 	90 	109 	109 
003207 	233 	90 	109 	109 
003208 	208 	80 	130 	130 
003209 	221 	78 	109 	109 
003210 	221 	78 	109 	109 
003211 	194 	80 	130 	130 
003212 	194 	80 	130 	130 
003213 	209 	90 	109 	109 
003214 	209 	90 	109 	109 
003215 	197 	90 	109 	109 
003216 	197 	90 	109 	109 
003217 	180 	80 	130 	130 
003218 	180 	80 	130 	130 
003219 	165 	80 	130 	130 
003220 	165 	80 	130 	130 
003221 	173 	90 	109 	109 
003222 	151 	80 	130 	130 
003223 	137 	80 	130 	130 
003224 	122 	80 	130 	130 
003225 	122 	94 	130 	130 
003226 	122 	94 	130 	130 
003227 	122 	94 	130 	130 
003228 	122 	94 	130 	130 
003229 	138 	114 	108 	109 
003230 	150 	114 	108 	109 
003231 	150 	114 	108 	109 
003232 	150 	114 	108 	109 
003233 	151 	109 	130 	130 
003234 	165 	109 	130 	130 
003235 	165 	109 	130 	130 
003236 	180 	109 	130 	130 
003237 	180 	109 	130 	130 
003238 	180 	109 	130 	130 
003239 	194 	109 	130 	130 
003240 	194 	109 	130 	130 
003241 	197 	114 	109 	109 
003242 	180 	94 	130 	130 
003243 	180 	94 	130 	130 
003244 	180 	94 	130 	130 
003245 	185 	90 	109 	109 
003246 	185 	78 	109 	109 
003247 	173 	78 	109 	109 
003248 	173 	78 	109 	109 
003249 	173 	78 	109 	109 
003250 	151 	66 	130 	130 
003251 	161 	66 	109 	109 
003252 	161 	66 	109 	109 
003253 	161 	66 	109 	109 
003254 	161 	66 	109 	109 
003255 	173 	66 	109 	109 
003256 	173 	66 	109 	109 
003257 	185 	78 	109 	109 
003258 	209 	78 	109 	109 
003259 	221 	78 	109 	109 
003260 	233 	78 	109 	109 
003261 	245 	78 	109 	109 
003262 	257 	78 	109 	109 
003263 	257 	78 	109 	109 
003264 	257 	78 	109 	109 
003265 	257 	78 	109 	109 
003266 	257 	78 	109 	109 
003267 	257 	90 	109 	109 
003268 	257 	90 	109 	109 
003269 	257 	90 	109 	109 
003270 	257 	90 	109 	109 
003271 	257 	90 	109 	109 
003272 	257 	90 	109 	109 
003273 	257 	90 	109 	109 
003274 	257 	90 	109 	109 
003275 	257 	102 	109 	109 
003276 	257 	102 	109 	109 
003277 	257 	102 	109 	109 
003278 	257 	102 	109 	109 
003279 	245 	102 	109 	109 
003280 	233 	102 	109 	109 
003281 	221 	102 	109 	109 
003282 	209 	90 	109 	109 
003283 	209 	90 	109 	109 
003284 	209 	90 	109 	109 
003285 	209 	90 	109 	109 
003286 	209 	90 	109 	109 
003287 	209 	90 	109 	109 
003288 	221 	90 	109 	109 
003289 	221 	78 	109 	109 
003290 	221 	78 	109 	109 
003291 	221 	78 	109 	109 
003292 	208 	80 	130 	130 
003293 	233 	90 	109 	109 
003294 	245 	90 	109 	109 
003295 	245 	90 	109 	109 
003296 	245 	90 	109 	109 
003297 	245 	90 	109 	109 
003298 	245 	90 	109 	109 
003299 	257 	90 	109 	109 
003300 	257 	90 	109 	109 
003301 	257 	90 	109 	109 
003302 	257 	90 	109 	109 
003303 	257 	90 	109 	109 
003304 	257 	90 	109 	109 
003305 	257 	78 	109 	109 
003306 	257 	78 	109 	109 
003307 	257 	78 	109 	109 
003308 	257 	90 	109 	109 
003309 	257 	90 	109 	109 
003310 	257 	102 	109 	109 
003311 	257 	114 	109 	109 
003312 	257 	114 	109 	109 
003313 	257 	102 	109 	109 
003314 	257 	102 	109 	109 
003315 	269 	114 	108 	109 
003316 	269 	114 	108 	109 
003317 	269 	114 	108 	109 
003318 	269 	114 	108 	109 
003319 	269 	102 	108 	109 
003320 	257 	102 	109 	109 
003321 	257 	102 	109 	109 
003322 	257 	102 	109 	109 
003323 	245 	90 	109 	109 
003324 	245 	90 	109 	109 
003325 	245 	90 	109 	109 
003326 	245 	90 	109 	109 
003327 	245 	90 	109 	109 
003328 	245 	90 	109 	109 
003329 	245 	90 	109 	109 
003330 	245 	90 	109 	109 
003331 	245 	90 	109 	109 
003332 	245 	90 	109 	109 
003333 	245 	90 	109 	109 
003334 	245 	90 	109 	109 
003335 	245 	90 	109 	109 
003336 	245 	90 	109 	109 
003337 	245 	90 	109 	109 
003338 	245 	90 	109 	109 
003339 	245 	90 	109 	109 
003340 	245 	90 	109 	109 
003341 	245 	90 	109 	109 
003342 	245 	90 	109 	109 
003343 	245 	90 	109 	109 
003344 	245 	90 	109 	109 
003345 	245 	90 	109 	109 
003346 	245 	90 	109 	109 
003347 	257 	102 	109 	109 
003348 	257 	102 	109 	109 
003349 	257 	102 	109 	109 
003350 	269 	126 	108 	109 
003351 	269 	126 	108 	109 
003352 	281 	126 	108 	109 
003353 	281 	126 	108 	109 
003354 	293 	126 	108 	109 
003355 	305 	138 	108 	109 
003356 	305 	138 	108 	109 
003357 	305 	138 	108 	109 
003358 	305 	138 	108 	109 
003359 	293 	138 	108 	109 
003360 	280 	123 	130 	130 
003361 	280 	123 	130 	130 
003362 	280 	123 	130 	130 
003363 	293 	126 	108 	109 
003364 	293 	126 	108 	109 
003365 	281 	126 	108 	109 
003366 	281 	126 	108 	109 
003367 	280 	123 	130 	130 
003368 	293 	126 	108 	109 
003369 	293 	126 	108 	109 
003370 	293 	126 	108 	109 
003371 	293 	126 	108 	109 
003372 	280 	109 	130 	130 
003373 	281 	126 	108 	109 
003374 	281 	126 	108 	109 
003375 	281 	126 	108 	109 
003376 	281 	114 	108 	109 
003377 	281 	114 	108 	109 
003378 	281 	114 	108 	109 
003379 	281 	114 	108 	109 
003380 	266 	109 	130 	130 
003381 	269 	114 	108 	109 
