Identity  : 	id10016
Reference : 	dOnuu_9-nyI
Offset    : 	-3
FV Conf   : 	15.403
ASD Conf  : 	8.861

FRAME 	X 	Y 	W 	H 
006700 	245 	66 	109 	109 
006701 	257 	66 	109 	109 
006702 	257 	66 	109 	109 
006703 	257 	66 	109 	109 
006704 	257 	66 	109 	109 
006705 	257 	66 	109 	109 
006706 	257 	66 	109 	109 
006707 	257 	66 	109 	109 
006708 	269 	66 	108 	109 
006709 	269 	66 	108 	109 
006710 	269 	66 	108 	109 
006711 	269 	66 	108 	109 
006712 	269 	66 	108 	109 
006713 	269 	66 	108 	109 
006714 	269 	66 	108 	109 
006715 	284 	75 	90 	91 
006716 	284 	75 	90 	91 
006717 	281 	78 	108 	109 
006718 	281 	78 	108 	109 
006719 	281 	78 	108 	109 
006720 	284 	85 	90 	91 
006721 	269 	78 	108 	109 
006722 	269 	78 	108 	109 
006723 	269 	78 	108 	109 
006724 	269 	78 	108 	109 
006725 	269 	78 	108 	109 
006726 	269 	90 	108 	109 
006727 	269 	90 	108 	109 
006728 	269 	90 	108 	109 
006729 	269 	90 	108 	109 
006730 	257 	90 	109 	109 
006731 	257 	90 	109 	109 
006732 	257 	90 	109 	109 
006733 	257 	90 	109 	109 
006734 	257 	90 	109 	109 
006735 	257 	90 	109 	109 
006736 	245 	90 	109 	109 
006737 	245 	90 	109 	109 
006738 	245 	90 	109 	109 
006739 	245 	90 	109 	109 
006740 	245 	90 	109 	109 
006741 	245 	90 	109 	109 
006742 	245 	90 	109 	109 
006743 	245 	90 	109 	109 
006744 	257 	90 	109 	109 
006745 	257 	90 	109 	109 
006746 	257 	90 	109 	109 
006747 	257 	90 	109 	109 
006748 	257 	90 	109 	109 
006749 	257 	90 	109 	109 
006750 	257 	90 	109 	109 
006751 	257 	90 	109 	109 
006752 	257 	90 	109 	109 
006753 	257 	90 	109 	109 
006754 	257 	90 	109 	109 
006755 	257 	90 	109 	109 
006756 	257 	90 	109 	109 
006757 	257 	90 	109 	109 
006758 	257 	90 	109 	109 
006759 	257 	90 	109 	109 
006760 	257 	90 	109 	109 
006761 	257 	78 	109 	109 
006762 	257 	78 	109 	109 
006763 	257 	78 	109 	109 
006764 	257 	78 	109 	109 
006765 	257 	78 	109 	109 
006766 	257 	78 	109 	109 
006767 	257 	78 	109 	109 
006768 	257 	78 	109 	109 
006769 	257 	90 	109 	109 
006770 	257 	78 	109 	109 
006771 	257 	78 	109 	109 
006772 	257 	78 	109 	109 
006773 	257 	78 	109 	109 
006774 	257 	78 	109 	109 
006775 	257 	90 	109 	109 
006776 	257 	90 	109 	109 
006777 	257 	90 	109 	109 
006778 	257 	78 	109 	109 
006779 	257 	78 	109 	109 
006780 	257 	78 	109 	109 
006781 	257 	90 	109 	109 
006782 	257 	90 	109 	109 
006783 	257 	90 	109 	109 
006784 	257 	90 	109 	109 
006785 	257 	90 	109 	109 
006786 	257 	90 	109 	109 
006787 	257 	90 	109 	109 
006788 	257 	90 	109 	109 
006789 	257 	90 	109 	109 
006790 	257 	90 	109 	109 
006791 	257 	90 	109 	109 
006792 	257 	90 	109 	109 
006793 	257 	90 	109 	109 
006794 	257 	90 	109 	109 
006795 	257 	90 	109 	109 
006796 	257 	90 	109 	109 
006797 	257 	90 	109 	109 
006798 	257 	90 	109 	109 
006799 	257 	90 	109 	109 
006800 	257 	90 	109 	109 
006801 	274 	105 	90 	91 
006802 	269 	90 	108 	109 
006803 	269 	90 	108 	109 
006804 	269 	90 	108 	109 
006805 	269 	90 	108 	109 
006806 	269 	90 	108 	109 
006807 	269 	90 	108 	109 
006808 	269 	90 	108 	109 
006809 	269 	90 	108 	109 
006810 	269 	90 	108 	109 
006811 	257 	90 	109 	109 
006812 	257 	90 	109 	109 
006813 	257 	90 	109 	109 
006814 	257 	90 	109 	109 
006815 	257 	90 	109 	109 
006816 	257 	90 	109 	109 
006817 	257 	90 	109 	109 
006818 	257 	90 	109 	109 
006819 	257 	90 	109 	109 
006820 	257 	90 	109 	109 
006821 	257 	90 	109 	109 
006822 	257 	90 	109 	109 
006823 	257 	90 	109 	109 
006824 	257 	90 	109 	109 
006825 	257 	90 	109 	109 
006826 	257 	78 	109 	109 
006827 	257 	90 	109 	109 
006828 	257 	90 	109 	109 
006829 	257 	90 	109 	109 
006830 	257 	90 	109 	109 
006831 	257 	90 	109 	109 
006832 	257 	102 	109 	109 
006833 	257 	102 	109 	109 
006834 	257 	102 	109 	109 
006835 	257 	90 	109 	109 
006836 	257 	90 	109 	109 
006837 	257 	90 	109 	109 
006838 	257 	90 	109 	109 
006839 	245 	90 	109 	109 
006840 	245 	90 	109 	109 
006841 	245 	90 	109 	109 
006842 	245 	90 	109 	109 
006843 	245 	90 	109 	109 
006844 	245 	90 	109 	109 
006845 	245 	90 	109 	109 
006846 	245 	90 	109 	109 
006847 	245 	90 	109 	109 
006848 	245 	90 	109 	109 
006849 	245 	90 	109 	109 
006850 	245 	90 	109 	109 
006851 	245 	90 	109 	109 
006852 	245 	90 	109 	109 
