Identity  : 	id10810
Reference : 	Df5SU_3RPtE
Offset    : 	-2
FV Conf   : 	17.206
ASD Conf  : 	7.833

FRAME 	X 	Y 	W 	H 
003169 	204 	175 	91 	90 
003170 	204 	175 	91 	90 
003171 	204 	175 	91 	90 
003172 	204 	175 	91 	90 
003173 	204 	175 	91 	90 
003174 	204 	175 	91 	90 
003175 	185 	174 	109 	108 
003176 	185 	162 	109 	108 
003177 	185 	162 	109 	108 
003178 	185 	162 	109 	108 
003179 	204 	175 	91 	90 
003180 	204 	175 	91 	90 
003181 	204 	175 	91 	90 
003182 	204 	175 	91 	90 
003183 	204 	175 	91 	90 
003184 	204 	175 	91 	90 
003185 	204 	175 	91 	90 
003186 	204 	175 	91 	90 
003187 	204 	175 	91 	90 
003188 	204 	175 	91 	90 
003189 	204 	175 	91 	90 
003190 	204 	175 	91 	90 
003191 	204 	175 	91 	90 
003192 	204 	175 	91 	90 
003193 	204 	175 	91 	90 
003194 	204 	175 	91 	90 
003195 	204 	175 	91 	90 
003196 	204 	175 	91 	90 
003197 	204 	175 	91 	90 
003198 	204 	175 	91 	90 
003199 	204 	175 	91 	90 
003200 	197 	162 	109 	108 
003201 	197 	162 	109 	108 
003202 	204 	165 	91 	90 
003203 	204 	165 	91 	90 
003204 	204 	165 	91 	90 
003205 	204 	165 	91 	90 
003206 	204 	165 	91 	90 
003207 	204 	165 	91 	90 
003208 	204 	165 	91 	90 
003209 	204 	165 	91 	90 
003210 	204 	165 	91 	90 
003211 	197 	150 	109 	109 
003212 	197 	150 	109 	109 
003213 	197 	150 	109 	109 
003214 	197 	150 	109 	109 
003215 	197 	150 	109 	109 
003216 	214 	155 	91 	90 
003217 	214 	155 	91 	90 
003218 	214 	155 	91 	90 
003219 	214 	155 	91 	90 
003220 	214 	155 	91 	90 
003221 	214 	155 	91 	90 
003222 	214 	155 	91 	90 
003223 	214 	155 	91 	90 
003224 	214 	165 	91 	90 
003225 	214 	165 	91 	90 
003226 	214 	165 	91 	90 
003227 	214 	175 	91 	90 
003228 	214 	175 	91 	90 
003229 	214 	185 	91 	90 
003230 	214 	185 	91 	90 
003231 	214 	175 	91 	90 
003232 	214 	175 	91 	90 
003233 	214 	175 	91 	90 
003234 	197 	162 	109 	108 
003235 	214 	175 	91 	90 
003236 	214 	175 	91 	90 
003237 	214 	165 	91 	90 
003238 	214 	165 	91 	90 
003239 	197 	150 	109 	109 
003240 	204 	155 	91 	90 
003241 	204 	155 	91 	90 
003242 	204 	145 	91 	90 
003243 	204 	145 	91 	90 
003244 	214 	155 	91 	90 
003245 	214 	155 	91 	90 
003246 	214 	155 	91 	90 
003247 	214 	155 	91 	90 
003248 	214 	155 	91 	90 
003249 	214 	155 	91 	90 
003250 	214 	155 	91 	90 
003251 	214 	155 	91 	90 
003252 	214 	155 	91 	90 
003253 	214 	155 	91 	90 
003254 	214 	155 	91 	90 
003255 	214 	155 	91 	90 
003256 	214 	155 	91 	90 
003257 	214 	155 	91 	90 
003258 	214 	155 	91 	90 
003259 	214 	155 	91 	90 
003260 	214 	155 	91 	90 
003261 	214 	155 	91 	90 
003262 	214 	155 	91 	90 
003263 	214 	155 	91 	90 
003264 	214 	155 	91 	90 
003265 	214 	155 	91 	90 
003266 	214 	155 	91 	90 
003267 	214 	155 	91 	90 
003268 	214 	155 	91 	90 
003269 	209 	150 	109 	109 
003270 	214 	155 	91 	90 
003271 	214 	155 	91 	90 
003272 	214 	155 	91 	90 
003273 	214 	155 	91 	90 
003274 	214 	155 	91 	90 
003275 	214 	155 	91 	90 
003276 	214 	155 	91 	90 
003277 	214 	155 	91 	90 
003278 	209 	150 	109 	109 
003279 	209 	150 	109 	109 
003280 	214 	155 	91 	90 
003281 	214 	155 	91 	90 
003282 	214 	155 	91 	90 
003283 	214 	155 	91 	90 
003284 	214 	155 	91 	90 
003285 	224 	155 	91 	90 
003286 	224 	155 	91 	90 
003287 	224 	155 	91 	90 
003288 	209 	150 	109 	109 
003289 	209 	150 	109 	109 
003290 	224 	155 	91 	90 
003291 	224 	155 	91 	90 
003292 	224 	155 	91 	90 
003293 	224 	155 	91 	90 
003294 	224 	155 	91 	90 
003295 	224 	155 	91 	90 
003296 	224 	155 	91 	90 
003297 	224 	155 	91 	90 
003298 	224 	155 	91 	90 
003299 	224 	165 	91 	90 
003300 	224 	165 	91 	90 
003301 	224 	165 	91 	90 
003302 	224 	155 	91 	90 
003303 	224 	155 	91 	90 
003304 	224 	155 	91 	90 
003305 	224 	155 	91 	90 
003306 	236 	162 	76 	76 
003307 	236 	162 	76 	76 
003308 	221 	138 	109 	109 
003309 	236 	162 	76 	76 
003310 	236 	162 	76 	76 
003311 	221 	150 	109 	109 
003312 	221 	138 	109 	109 
003313 	221 	138 	109 	109 
003314 	221 	138 	109 	109 
003315 	221 	138 	109 	109 
003316 	221 	138 	109 	109 
003317 	221 	138 	109 	109 
003318 	221 	138 	109 	109 
003319 	221 	138 	109 	109 
003320 	221 	138 	109 	109 
003321 	221 	138 	109 	109 
003322 	221 	138 	109 	109 
003323 	221 	138 	109 	109 
003324 	221 	138 	109 	109 
003325 	221 	138 	109 	109 
003326 	234 	145 	90 	90 
003327 	234 	145 	90 	90 
003328 	234 	145 	90 	90 
003329 	234 	145 	90 	90 
003330 	234 	145 	90 	90 
003331 	234 	145 	90 	90 
003332 	234 	145 	90 	90 
003333 	234 	145 	90 	90 
003334 	234 	145 	90 	90 
003335 	234 	145 	90 	90 
003336 	234 	145 	90 	90 
003337 	234 	145 	90 	90 
003338 	234 	145 	90 	90 
003339 	221 	138 	109 	109 
003340 	234 	145 	90 	90 
003341 	221 	138 	109 	109 
003342 	234 	145 	90 	90 
003343 	234 	145 	90 	90 
003344 	221 	138 	109 	109 
003345 	234 	145 	90 	90 
003346 	234 	145 	90 	90 
003347 	234 	145 	90 	90 
003348 	234 	145 	90 	90 
003349 	234 	145 	90 	90 
003350 	221 	138 	109 	109 
003351 	234 	145 	90 	90 
003352 	234 	145 	90 	90 
003353 	234 	145 	90 	90 
003354 	221 	138 	109 	109 
003355 	221 	138 	109 	109 
003356 	221 	138 	109 	109 
003357 	234 	145 	90 	90 
003358 	234 	145 	90 	90 
003359 	224 	145 	91 	90 
003360 	224 	135 	91 	90 
003361 	224 	145 	91 	90 
003362 	224 	145 	91 	90 
003363 	224 	145 	91 	90 
003364 	224 	145 	91 	90 
003365 	224 	145 	91 	90 
003366 	224 	145 	91 	90 
003367 	224 	145 	91 	90 
003368 	224 	145 	91 	90 
003369 	224 	145 	91 	90 
003370 	224 	145 	91 	90 
003371 	224 	145 	91 	90 
003372 	224 	145 	91 	90 
003373 	224 	145 	91 	90 
003374 	224 	145 	91 	90 
003375 	209 	138 	109 	109 
003376 	209 	138 	109 	109 
003377 	209 	138 	109 	109 
003378 	214 	155 	91 	90 
003379 	214 	155 	91 	90 
003380 	214 	155 	91 	90 
003381 	214 	155 	91 	90 
003382 	214 	155 	91 	90 
003383 	214 	155 	91 	90 
003384 	214 	155 	91 	90 
003385 	214 	155 	91 	90 
003386 	209 	150 	109 	109 
003387 	209 	150 	109 	109 
003388 	209 	150 	109 	109 
003389 	224 	155 	91 	90 
003390 	224 	155 	91 	90 
003391 	224 	155 	91 	90 
003392 	224 	155 	91 	90 
003393 	224 	155 	91 	90 
003394 	224 	155 	91 	90 
003395 	224 	155 	91 	90 
003396 	224 	155 	91 	90 
003397 	224 	155 	91 	90 
003398 	224 	155 	91 	90 
003399 	224 	155 	91 	90 
003400 	224 	155 	91 	90 
003401 	224 	155 	91 	90 
003402 	224 	155 	91 	90 
003403 	224 	155 	91 	90 
003404 	224 	155 	91 	90 
003405 	224 	155 	91 	90 
003406 	224 	155 	91 	90 
003407 	224 	155 	91 	90 
003408 	224 	155 	91 	90 
003409 	224 	155 	91 	90 
003410 	224 	155 	91 	90 
003411 	224 	155 	91 	90 
003412 	224 	155 	91 	90 
003413 	224 	155 	91 	90 
003414 	224 	155 	91 	90 
003415 	224 	155 	91 	90 
003416 	224 	155 	91 	90 
003417 	224 	155 	91 	90 
003418 	224 	155 	91 	90 
003419 	224 	155 	91 	90 
003420 	224 	155 	91 	90 
003421 	224 	155 	91 	90 
003422 	224 	155 	91 	90 
003423 	224 	155 	91 	90 
003424 	224 	155 	91 	90 
003425 	224 	155 	91 	90 
003426 	224 	155 	91 	90 
003427 	209 	150 	109 	109 
003428 	209 	150 	109 	109 
003429 	209 	150 	109 	109 
003430 	209 	150 	109 	109 
003431 	209 	150 	109 	109 
003432 	214 	155 	91 	90 
003433 	214 	155 	91 	90 
003434 	209 	138 	109 	109 
003435 	209 	138 	109 	109 
003436 	224 	145 	91 	90 
003437 	224 	145 	91 	90 
003438 	209 	138 	109 	109 
003439 	209 	138 	109 	109 
003440 	209 	138 	109 	109 
003441 	209 	138 	109 	109 
003442 	209 	138 	109 	109 
003443 	209 	138 	109 	109 
003444 	209 	138 	109 	109 
003445 	209 	138 	109 	109 
003446 	209 	138 	109 	109 
003447 	209 	138 	109 	109 
003448 	209 	138 	109 	109 
003449 	209 	138 	109 	109 
003450 	209 	138 	109 	109 
003451 	209 	138 	109 	109 
003452 	209 	138 	109 	109 
003453 	209 	138 	109 	109 
003454 	209 	138 	109 	109 
003455 	214 	145 	91 	90 
003456 	209 	138 	109 	109 
003457 	209 	138 	109 	109 
003458 	209 	138 	109 	109 
003459 	209 	138 	109 	109 
003460 	214 	155 	91 	90 
003461 	214 	155 	91 	90 
003462 	209 	150 	109 	109 
003463 	214 	155 	91 	90 
003464 	214 	155 	91 	90 
003465 	214 	155 	91 	90 
003466 	214 	155 	91 	90 
003467 	214 	155 	91 	90 
003468 	197 	138 	109 	109 
003469 	197 	150 	109 	109 
003470 	197 	150 	109 	109 
003471 	194 	137 	130 	130 
003472 	197 	150 	109 	109 
003473 	214 	155 	91 	90 
003474 	214 	155 	91 	90 
003475 	214 	155 	91 	90 
003476 	214 	155 	91 	90 
003477 	197 	150 	109 	109 
003478 	209 	150 	109 	109 
003479 	197 	150 	109 	109 
003480 	209 	150 	109 	109 
003481 	197 	150 	109 	109 
003482 	197 	150 	109 	109 
003483 	197 	150 	109 	109 
003484 	197 	150 	109 	109 
003485 	197 	150 	109 	109 
003486 	197 	150 	109 	109 
003487 	197 	150 	109 	109 
003488 	197 	150 	109 	109 
003489 	197 	150 	109 	109 
003490 	197 	150 	109 	109 
003491 	204 	165 	91 	90 
003492 	204 	165 	91 	90 
003493 	204 	165 	91 	90 
003494 	197 	162 	109 	108 
003495 	204 	165 	91 	90 
003496 	204 	165 	91 	90 
003497 	204 	165 	91 	90 
003498 	197 	150 	109 	109 
003499 	204 	165 	91 	90 
003500 	204 	165 	91 	90 
003501 	204 	165 	91 	90 
003502 	204 	165 	91 	90 
003503 	204 	165 	91 	90 
003504 	204 	165 	91 	90 
003505 	204 	165 	91 	90 
003506 	204 	165 	91 	90 
003507 	204 	165 	91 	90 
003508 	204 	165 	91 	90 
003509 	204 	165 	91 	90 
003510 	204 	165 	91 	90 
003511 	204 	165 	91 	90 
003512 	204 	165 	91 	90 
003513 	204 	165 	91 	90 
003514 	185 	150 	109 	109 
003515 	197 	150 	109 	109 
003516 	185 	150 	109 	109 
003517 	185 	150 	109 	109 
003518 	185 	150 	109 	109 
003519 	185 	150 	109 	109 
003520 	185 	150 	109 	109 
003521 	185 	150 	109 	109 
003522 	194 	155 	91 	90 
003523 	185 	150 	109 	109 
003524 	194 	155 	91 	90 
003525 	194 	155 	91 	90 
003526 	194 	155 	91 	90 
003527 	185 	150 	109 	109 
003528 	185 	150 	109 	109 
003529 	185 	150 	109 	109 
003530 	185 	150 	109 	109 
003531 	194 	155 	91 	90 
003532 	194 	155 	91 	90 
003533 	194 	155 	91 	90 
003534 	194 	155 	91 	90 
003535 	194 	155 	91 	90 
003536 	185 	138 	109 	109 
003537 	185 	138 	109 	109 
003538 	185 	138 	109 	109 
003539 	185 	138 	109 	109 
003540 	185 	138 	109 	109 
003541 	185 	150 	109 	109 
003542 	185 	150 	109 	109 
003543 	185 	150 	109 	109 
003544 	194 	155 	91 	90 
003545 	185 	150 	109 	109 
003546 	185 	150 	109 	109 
003547 	185 	150 	109 	109 
003548 	185 	150 	109 	109 
003549 	185 	150 	109 	109 
003550 	185 	150 	109 	109 
003551 	185 	150 	109 	109 
003552 	185 	150 	109 	109 
003553 	185 	150 	109 	109 
003554 	185 	150 	109 	109 
003555 	185 	150 	109 	109 
003556 	185 	150 	109 	109 
003557 	185 	150 	109 	109 
003558 	185 	150 	109 	109 
003559 	194 	155 	91 	90 
003560 	194 	155 	91 	90 
003561 	194 	155 	91 	90 
003562 	185 	150 	109 	109 
003563 	185 	150 	109 	109 
003564 	185 	150 	109 	109 
003565 	185 	150 	109 	109 
003566 	185 	150 	109 	109 
003567 	185 	150 	109 	109 
003568 	185 	150 	109 	109 
003569 	185 	150 	109 	109 
003570 	185 	150 	109 	109 
003571 	194 	165 	91 	90 
003572 	194 	165 	91 	90 
003573 	185 	150 	109 	109 
003574 	194 	165 	91 	90 
003575 	185 	162 	109 	108 
003576 	185 	150 	109 	109 
003577 	185 	150 	109 	109 
003578 	185 	150 	109 	109 
003579 	185 	150 	109 	109 
003580 	204 	165 	91 	90 
003581 	204 	165 	91 	90 
003582 	204 	165 	91 	90 
003583 	197 	150 	109 	109 
003584 	204 	165 	91 	90 
003585 	204 	165 	91 	90 
003586 	197 	150 	109 	109 
003587 	197 	150 	109 	109 
003588 	197 	150 	109 	109 
003589 	197 	150 	109 	109 
003590 	214 	165 	91 	90 
003591 	214 	165 	91 	90 
003592 	214 	175 	91 	90 
003593 	214 	175 	91 	90 
003594 	214 	175 	91 	90 
003595 	214 	175 	91 	90 
003596 	214 	175 	91 	90 
003597 	214 	175 	91 	90 
003598 	214 	175 	91 	90 
003599 	214 	175 	91 	90 
003600 	214 	175 	91 	90 
003601 	214 	175 	91 	90 
003602 	209 	162 	109 	108 
003603 	214 	175 	91 	90 
003604 	197 	162 	109 	108 
003605 	197 	162 	109 	108 
003606 	197 	162 	109 	108 
003607 	197 	162 	109 	108 
003608 	197 	162 	109 	108 
003609 	197 	162 	109 	108 
003610 	197 	150 	109 	109 
003611 	197 	150 	109 	109 
003612 	197 	150 	109 	109 
003613 	185 	162 	109 	108 
003614 	197 	150 	109 	109 
003615 	185 	162 	109 	108 
003616 	185 	162 	109 	108 
003617 	185 	162 	109 	108 
003618 	185 	162 	109 	108 
003619 	185 	162 	109 	108 
003620 	185 	162 	109 	108 
003621 	185 	162 	109 	108 
003622 	194 	165 	91 	90 
003623 	194 	165 	91 	90 
003624 	194 	165 	91 	90 
003625 	194 	165 	91 	90 
003626 	185 	162 	109 	108 
003627 	194 	165 	91 	90 
003628 	194 	165 	91 	90 
003629 	194 	165 	91 	90 
003630 	194 	165 	91 	90 
003631 	194 	165 	91 	90 
003632 	185 	162 	109 	108 
003633 	185 	162 	109 	108 
003634 	185 	162 	109 	108 
003635 	194 	165 	91 	90 
003636 	194 	165 	91 	90 
003637 	194 	165 	91 	90 
003638 	185 	162 	109 	108 
003639 	185 	162 	109 	108 
003640 	185 	162 	109 	108 
003641 	185 	162 	109 	108 
003642 	185 	162 	109 	108 
003643 	185 	162 	109 	108 
003644 	185 	162 	109 	108 
003645 	185 	162 	109 	108 
003646 	197 	162 	109 	108 
003647 	197 	162 	109 	108 
003648 	197 	162 	109 	108 
003649 	197 	162 	109 	108 
003650 	185 	162 	109 	108 
003651 	197 	162 	109 	108 
003652 	185 	162 	109 	108 
003653 	185 	162 	109 	108 
003654 	197 	162 	109 	108 
003655 	197 	162 	109 	108 
003656 	185 	162 	109 	108 
003657 	185 	162 	109 	108 
003658 	185 	162 	109 	108 
003659 	185 	162 	109 	108 
003660 	185 	162 	109 	108 
003661 	194 	165 	91 	90 
003662 	194 	165 	91 	90 
003663 	194 	165 	91 	90 
003664 	194 	165 	91 	90 
003665 	185 	162 	109 	108 
003666 	194 	165 	91 	90 
003667 	204 	165 	91 	90 
003668 	204 	155 	91 	90 
003669 	204 	155 	91 	90 
003670 	204 	155 	91 	90 
003671 	204 	155 	91 	90 
003672 	204 	155 	91 	90 
003673 	204 	155 	91 	90 
003674 	204 	155 	91 	90 
003675 	204 	155 	91 	90 
003676 	204 	155 	91 	90 
003677 	197 	150 	109 	109 
003678 	204 	165 	91 	90 
003679 	204 	165 	91 	90 
003680 	204 	165 	91 	90 
003681 	197 	150 	109 	109 
003682 	214 	165 	91 	90 
003683 	214 	165 	91 	90 
003684 	214 	165 	91 	90 
003685 	214 	165 	91 	90 
003686 	214 	165 	91 	90 
003687 	214 	155 	91 	90 
003688 	214 	155 	91 	90 
003689 	214 	155 	91 	90 
003690 	197 	138 	109 	109 
003691 	197 	138 	109 	109 
003692 	214 	145 	91 	90 
003693 	197 	138 	109 	109 
003694 	197 	138 	109 	109 
003695 	197 	138 	109 	109 
003696 	197 	138 	109 	109 
003697 	197 	138 	109 	109 
003698 	197 	138 	109 	109 
003699 	197 	138 	109 	109 
003700 	197 	138 	109 	109 
003701 	197 	138 	109 	109 
