Identity  : 	id10810
Reference : 	Df5SU_3RPtE
Offset    : 	-2
FV Conf   : 	20.729
ASD Conf  : 	6.354

FRAME 	X 	Y 	W 	H 
005395 	173 	150 	109 	109 
005396 	173 	150 	109 	109 
005397 	174 	155 	91 	90 
005398 	174 	155 	91 	90 
005399 	174 	155 	91 	90 
005400 	174 	155 	91 	90 
005401 	174 	155 	91 	90 
005402 	174 	155 	91 	90 
005403 	174 	155 	91 	90 
005404 	174 	155 	91 	90 
005405 	174 	155 	91 	90 
005406 	174 	155 	91 	90 
005407 	174 	155 	91 	90 
005408 	161 	150 	109 	109 
005409 	161 	150 	109 	109 
005410 	161 	150 	109 	109 
005411 	161 	150 	109 	109 
005412 	174 	165 	91 	90 
005413 	161 	162 	109 	108 
005414 	150 	162 	108 	108 
005415 	150 	162 	108 	108 
005416 	150 	162 	108 	108 
005417 	161 	174 	109 	108 
005418 	164 	185 	91 	90 
005419 	161 	174 	109 	108 
005420 	161 	174 	109 	108 
005421 	150 	162 	108 	108 
005422 	164 	175 	91 	90 
005423 	150 	162 	108 	108 
005424 	164 	175 	91 	90 
005425 	164 	175 	91 	90 
005426 	164 	175 	91 	90 
005427 	161 	162 	109 	108 
005428 	161 	162 	109 	108 
005429 	161 	162 	109 	108 
005430 	161 	162 	109 	108 
005431 	161 	162 	109 	108 
005432 	161 	162 	109 	108 
005433 	164 	165 	91 	90 
005434 	164 	165 	91 	90 
005435 	174 	165 	91 	90 
005436 	174 	165 	91 	90 
005437 	174 	165 	91 	90 
005438 	174 	165 	91 	90 
005439 	173 	150 	109 	109 
005440 	173 	150 	109 	109 
005441 	184 	155 	91 	90 
005442 	184 	155 	91 	90 
005443 	185 	150 	109 	109 
005444 	185 	150 	109 	109 
005445 	185 	150 	109 	109 
005446 	194 	165 	91 	90 
005447 	194 	165 	91 	90 
005448 	194 	165 	91 	90 
005449 	194 	165 	91 	90 
005450 	194 	165 	91 	90 
005451 	194 	165 	91 	90 
005452 	194 	165 	91 	90 
005453 	194 	165 	91 	90 
005454 	194 	155 	91 	90 
005455 	185 	150 	109 	109 
005456 	185 	150 	109 	109 
005457 	194 	155 	91 	90 
005458 	185 	150 	109 	109 
005459 	185 	150 	109 	109 
005460 	194 	155 	91 	90 
005461 	194 	155 	91 	90 
005462 	194 	165 	91 	90 
005463 	194 	155 	91 	90 
005464 	185 	150 	109 	109 
005465 	185 	150 	109 	109 
005466 	185 	150 	109 	109 
005467 	185 	150 	109 	109 
005468 	185 	150 	109 	109 
005469 	185 	150 	109 	109 
005470 	185 	150 	109 	109 
005471 	185 	150 	109 	109 
005472 	185 	150 	109 	109 
005473 	185 	162 	109 	108 
005474 	194 	165 	91 	90 
005475 	194 	165 	91 	90 
005476 	194 	165 	91 	90 
005477 	194 	165 	91 	90 
005478 	194 	165 	91 	90 
005479 	194 	165 	91 	90 
005480 	194 	165 	91 	90 
005481 	194 	165 	91 	90 
005482 	194 	165 	91 	90 
005483 	194 	165 	91 	90 
005484 	194 	165 	91 	90 
005485 	194 	165 	91 	90 
005486 	194 	165 	91 	90 
005487 	185 	150 	109 	109 
005488 	194 	165 	91 	90 
005489 	194 	165 	91 	90 
005490 	185 	150 	109 	109 
005491 	185 	150 	109 	109 
005492 	185 	150 	109 	109 
005493 	185 	150 	109 	109 
005494 	185 	150 	109 	109 
005495 	185 	150 	109 	109 
005496 	185 	150 	109 	109 
005497 	185 	150 	109 	109 
005498 	185 	150 	109 	109 
005499 	185 	150 	109 	109 
005500 	185 	150 	109 	109 
005501 	184 	165 	91 	90 
005502 	184 	165 	91 	90 
005503 	184 	165 	91 	90 
005504 	184 	165 	91 	90 
005505 	184 	165 	91 	90 
005506 	173 	162 	109 	108 
005507 	173 	162 	109 	108 
005508 	173 	162 	109 	108 
005509 	174 	165 	91 	90 
005510 	174 	165 	91 	90 
005511 	174 	165 	91 	90 
005512 	174 	165 	91 	90 
005513 	174 	165 	91 	90 
005514 	174 	165 	91 	90 
005515 	174 	165 	91 	90 
005516 	174 	165 	91 	90 
005517 	174 	165 	91 	90 
005518 	174 	165 	91 	90 
005519 	174 	165 	91 	90 
005520 	174 	165 	91 	90 
005521 	174 	165 	91 	90 
005522 	174 	165 	91 	90 
005523 	174 	165 	91 	90 
005524 	174 	165 	91 	90 
005525 	174 	165 	91 	90 
005526 	174 	165 	91 	90 
005527 	174 	165 	91 	90 
005528 	174 	165 	91 	90 
005529 	174 	165 	91 	90 
005530 	174 	165 	91 	90 
005531 	174 	165 	91 	90 
005532 	174 	165 	91 	90 
005533 	174 	165 	91 	90 
005534 	174 	165 	91 	90 
005535 	174 	165 	91 	90 
005536 	174 	165 	91 	90 
005537 	174 	165 	91 	90 
005538 	174 	165 	91 	90 
005539 	174 	165 	91 	90 
005540 	174 	165 	91 	90 
005541 	174 	165 	91 	90 
005542 	174 	165 	91 	90 
005543 	184 	165 	91 	90 
005544 	184 	165 	91 	90 
005545 	184 	165 	91 	90 
005546 	184 	165 	91 	90 
005547 	184 	165 	91 	90 
005548 	185 	150 	109 	109 
005549 	185 	150 	109 	109 
005550 	185 	150 	109 	109 
005551 	194 	155 	91 	90 
005552 	194 	155 	91 	90 
005553 	194 	155 	91 	90 
005554 	194 	155 	91 	90 
005555 	194 	155 	91 	90 
005556 	194 	155 	91 	90 
005557 	194 	155 	91 	90 
005558 	204 	155 	91 	90 
005559 	204 	155 	91 	90 
005560 	204 	155 	91 	90 
005561 	197 	138 	109 	109 
005562 	197 	138 	109 	109 
005563 	197 	138 	109 	109 
005564 	204 	155 	91 	90 
005565 	197 	138 	109 	109 
005566 	204 	155 	91 	90 
005567 	204 	155 	91 	90 
005568 	197 	150 	109 	109 
005569 	197 	150 	109 	109 
005570 	197 	150 	109 	109 
005571 	197 	150 	109 	109 
005572 	197 	150 	109 	109 
005573 	197 	150 	109 	109 
005574 	197 	150 	109 	109 
005575 	214 	155 	91 	90 
005576 	214 	155 	91 	90 
005577 	214 	155 	91 	90 
005578 	214 	155 	91 	90 
005579 	209 	150 	109 	109 
005580 	224 	155 	91 	90 
005581 	224 	155 	91 	90 
005582 	224 	155 	91 	90 
005583 	221 	138 	109 	109 
005584 	234 	155 	90 	90 
005585 	234 	155 	90 	90 
005586 	233 	138 	109 	109 
005587 	233 	138 	109 	109 
005588 	233 	138 	109 	109 
005589 	245 	138 	109 	109 
005590 	245 	138 	109 	109 
005591 	245 	138 	109 	109 
005592 	245 	138 	109 	109 
005593 	254 	155 	90 	90 
005594 	245 	150 	109 	109 
005595 	245 	150 	109 	109 
005596 	254 	155 	90 	90 
005597 	245 	150 	109 	109 
005598 	245 	150 	109 	109 
005599 	245 	150 	109 	109 
005600 	233 	150 	109 	109 
005601 	233 	150 	109 	109 
005602 	233 	150 	109 	109 
005603 	234 	155 	90 	90 
005604 	221 	150 	109 	109 
005605 	221 	150 	109 	109 
005606 	209 	150 	109 	109 
005607 	209 	150 	109 	109 
005608 	209 	150 	109 	109 
005609 	197 	150 	109 	109 
005610 	197 	150 	109 	109 
005611 	197 	150 	109 	109 
005612 	197 	150 	109 	109 
005613 	197 	150 	109 	109 
005614 	185 	150 	109 	109 
005615 	194 	155 	91 	90 
005616 	194 	155 	91 	90 
005617 	185 	150 	109 	109 
005618 	185 	150 	109 	109 
005619 	185 	150 	109 	109 
005620 	185 	150 	109 	109 
005621 	185 	150 	109 	109 
005622 	185 	150 	109 	109 
005623 	185 	150 	109 	109 
005624 	185 	150 	109 	109 
005625 	184 	155 	91 	90 
005626 	194 	155 	91 	90 
005627 	194 	155 	91 	90 
005628 	185 	150 	109 	109 
005629 	185 	150 	109 	109 
005630 	194 	155 	91 	90 
005631 	194 	155 	91 	90 
005632 	194 	155 	91 	90 
005633 	194 	155 	91 	90 
005634 	194 	155 	91 	90 
005635 	194 	155 	91 	90 
005636 	194 	155 	91 	90 
005637 	194 	155 	91 	90 
005638 	194 	155 	91 	90 
005639 	194 	155 	91 	90 
005640 	194 	155 	91 	90 
005641 	194 	155 	91 	90 
005642 	194 	155 	91 	90 
005643 	194 	155 	91 	90 
005644 	194 	155 	91 	90 
005645 	194 	155 	91 	90 
005646 	194 	155 	91 	90 
005647 	194 	155 	91 	90 
005648 	194 	155 	91 	90 
005649 	194 	155 	91 	90 
005650 	194 	155 	91 	90 
005651 	194 	155 	91 	90 
005652 	194 	155 	91 	90 
005653 	194 	155 	91 	90 
005654 	194 	155 	91 	90 
005655 	194 	155 	91 	90 
005656 	194 	155 	91 	90 
005657 	194 	155 	91 	90 
005658 	194 	155 	91 	90 
005659 	185 	138 	109 	109 
005660 	194 	145 	91 	90 
005661 	194 	145 	91 	90 
005662 	185 	138 	109 	109 
005663 	197 	138 	109 	109 
005664 	197 	138 	109 	109 
005665 	204 	155 	91 	90 
005666 	204 	155 	91 	90 
005667 	194 	155 	91 	90 
005668 	185 	150 	109 	109 
005669 	194 	155 	91 	90 
005670 	194 	155 	91 	90 
005671 	194 	155 	91 	90 
005672 	194 	155 	91 	90 
005673 	194 	155 	91 	90 
005674 	194 	155 	91 	90 
005675 	194 	155 	91 	90 
005676 	185 	150 	109 	109 
005677 	185 	150 	109 	109 
005678 	185 	150 	109 	109 
005679 	194 	155 	91 	90 
005680 	194 	155 	91 	90 
005681 	194 	155 	91 	90 
005682 	184 	155 	91 	90 
005683 	184 	155 	91 	90 
005684 	184 	155 	91 	90 
005685 	184 	155 	91 	90 
005686 	184 	155 	91 	90 
005687 	173 	150 	109 	109 
005688 	173 	150 	109 	109 
005689 	173 	150 	109 	109 
005690 	173 	150 	109 	109 
005691 	173 	150 	109 	109 
005692 	173 	150 	109 	109 
005693 	173 	150 	109 	109 
005694 	173 	150 	109 	109 
005695 	173 	150 	109 	109 
005696 	173 	150 	109 	109 
005697 	173 	150 	109 	109 
005698 	173 	150 	109 	109 
005699 	173 	150 	109 	109 
005700 	173 	150 	109 	109 
005701 	173 	150 	109 	109 
