Identity  : 	id10113
Reference : 	qg0s52gex0g
Offset    : 	-2
FV Conf   : 	14.863
ASD Conf  : 	6.737

FRAME 	X 	Y 	W 	H 
001791 	309 	94 	130 	130 
001792 	309 	94 	130 	130 
001793 	309 	94 	130 	130 
001794 	309 	94 	130 	130 
001795 	309 	94 	130 	130 
001796 	309 	94 	130 	130 
001797 	285 	79 	155 	156 
001798 	285 	79 	155 	156 
001799 	285 	79 	155 	156 
001800 	285 	79 	155 	156 
001801 	285 	79 	155 	156 
001802 	285 	79 	155 	156 
001803 	294 	94 	130 	130 
001804 	294 	94 	130 	130 
001805 	285 	79 	155 	156 
001806 	294 	94 	130 	130 
001807 	294 	94 	130 	130 
001808 	294 	94 	130 	130 
001809 	294 	94 	130 	130 
001810 	294 	94 	130 	130 
001811 	294 	94 	130 	130 
001812 	280 	94 	130 	130 
001813 	280 	94 	130 	130 
001814 	280 	94 	130 	130 
001815 	280 	94 	130 	130 
001816 	280 	94 	130 	130 
001817 	280 	94 	130 	130 
001818 	280 	94 	130 	130 
001819 	280 	94 	130 	130 
001820 	280 	109 	130 	130 
001821 	280 	109 	130 	130 
001822 	280 	109 	130 	130 
001823 	280 	109 	130 	130 
001824 	280 	123 	130 	130 
001825 	267 	113 	156 	156 
001826 	280 	123 	130 	130 
001827 	267 	96 	156 	156 
001828 	280 	109 	130 	130 
001829 	280 	109 	130 	130 
001830 	280 	109 	130 	130 
001831 	294 	109 	130 	130 
001832 	285 	96 	155 	156 
001833 	285 	96 	155 	156 
001834 	285 	96 	155 	156 
001835 	285 	96 	155 	156 
001836 	285 	96 	155 	156 
001837 	309 	109 	130 	130 
001838 	309 	109 	130 	130 
001839 	309 	109 	130 	130 
001840 	309 	109 	130 	130 
001841 	285 	96 	155 	156 
001842 	285 	96 	155 	156 
001843 	285 	96 	155 	156 
001844 	285 	96 	155 	156 
001845 	267 	79 	156 	156 
001846 	267 	79 	156 	156 
001847 	267 	79 	156 	156 
001848 	267 	79 	156 	156 
001849 	250 	79 	156 	156 
001850 	250 	79 	156 	156 
001851 	250 	96 	156 	156 
001852 	250 	96 	156 	156 
001853 	250 	96 	156 	156 
001854 	250 	96 	156 	156 
001855 	250 	96 	156 	156 
001856 	266 	94 	130 	130 
001857 	250 	79 	156 	156 
001858 	250 	79 	156 	156 
001859 	250 	79 	156 	156 
001860 	266 	109 	130 	130 
001861 	280 	109 	130 	130 
001862 	280 	109 	130 	130 
001863 	280 	109 	130 	130 
001864 	280 	109 	130 	130 
001865 	280 	109 	130 	130 
001866 	280 	109 	130 	130 
001867 	280 	109 	130 	130 
001868 	280 	109 	130 	130 
001869 	280 	109 	130 	130 
001870 	280 	109 	130 	130 
001871 	280 	109 	130 	130 
001872 	280 	109 	130 	130 
001873 	280 	109 	130 	130 
001874 	280 	109 	130 	130 
001875 	280 	109 	130 	130 
001876 	280 	109 	130 	130 
001877 	267 	96 	156 	156 
001878 	267 	113 	156 	156 
001879 	267 	113 	156 	156 
001880 	267 	113 	156 	156 
001881 	267 	113 	156 	156 
001882 	267 	113 	156 	156 
001883 	267 	113 	156 	156 
001884 	280 	123 	130 	130 
001885 	267 	113 	156 	156 
001886 	294 	123 	130 	130 
001887 	294 	123 	130 	130 
001888 	294 	123 	130 	130 
001889 	294 	123 	130 	130 
001890 	294 	123 	130 	130 
001891 	294 	123 	130 	130 
001892 	294 	123 	130 	130 
001893 	294 	123 	130 	130 
001894 	294 	123 	130 	130 
001895 	294 	123 	130 	130 
001896 	294 	123 	130 	130 
001897 	294 	123 	130 	130 
001898 	294 	123 	130 	130 
001899 	294 	123 	130 	130 
001900 	294 	123 	130 	130 
001901 	294 	123 	130 	130 
001902 	294 	123 	130 	130 
001903 	267 	113 	156 	156 
001904 	267 	113 	156 	156 
001905 	267 	113 	156 	156 
001906 	267 	113 	156 	156 
001907 	294 	137 	130 	130 
001908 	267 	113 	156 	156 
001909 	267 	113 	156 	156 
001910 	267 	113 	156 	156 
001911 	267 	113 	156 	156 
001912 	267 	113 	156 	156 
001913 	267 	113 	156 	156 
001914 	267 	113 	156 	156 
001915 	267 	113 	156 	156 
001916 	267 	113 	156 	156 
001917 	267 	113 	156 	156 
001918 	267 	113 	156 	156 
001919 	267 	113 	156 	156 
001920 	267 	113 	156 	156 
001921 	267 	113 	156 	156 
001922 	267 	113 	156 	156 
001923 	267 	113 	156 	156 
001924 	267 	113 	156 	156 
001925 	267 	113 	156 	156 
001926 	267 	113 	156 	156 
001927 	267 	113 	156 	156 
001928 	267 	113 	156 	156 
001929 	267 	113 	156 	156 
001930 	267 	113 	156 	156 
001931 	267 	113 	156 	156 
001932 	267 	113 	156 	156 
001933 	267 	113 	156 	156 
001934 	267 	113 	156 	156 
001935 	294 	123 	130 	130 
001936 	294 	123 	130 	130 
001937 	294 	123 	130 	130 
001938 	294 	123 	130 	130 
001939 	294 	123 	130 	130 
001940 	294 	123 	130 	130 
001941 	294 	123 	130 	130 
001942 	294 	123 	130 	130 
001943 	294 	123 	130 	130 
001944 	294 	123 	130 	130 
001945 	294 	123 	130 	130 
001946 	294 	123 	130 	130 
001947 	294 	123 	130 	130 
001948 	294 	123 	130 	130 
001949 	294 	123 	130 	130 
001950 	294 	123 	130 	130 
001951 	294 	123 	130 	130 
001952 	294 	123 	130 	130 
001953 	294 	123 	130 	130 
001954 	294 	123 	130 	130 
001955 	294 	123 	130 	130 
001956 	294 	123 	130 	130 
001957 	294 	123 	130 	130 
001958 	294 	123 	130 	130 
001959 	294 	123 	130 	130 
001960 	294 	123 	130 	130 
001961 	294 	123 	130 	130 
001962 	294 	123 	130 	130 
001963 	294 	123 	130 	130 
001964 	294 	123 	130 	130 
001965 	294 	123 	130 	130 
001966 	294 	123 	130 	130 
001967 	294 	123 	130 	130 
001968 	294 	123 	130 	130 
001969 	294 	123 	130 	130 
001970 	294 	123 	130 	130 
001971 	294 	123 	130 	130 
001972 	294 	123 	130 	130 
001973 	294 	123 	130 	130 
001974 	294 	123 	130 	130 
001975 	294 	123 	130 	130 
001976 	294 	123 	130 	130 
001977 	294 	123 	130 	130 
001978 	294 	123 	130 	130 
001979 	294 	123 	130 	130 
001980 	294 	123 	130 	130 
001981 	294 	109 	130 	130 
001982 	294 	123 	130 	130 
001983 	294 	123 	130 	130 
001984 	294 	109 	130 	130 
001985 	294 	109 	130 	130 
001986 	294 	123 	130 	130 
001987 	294 	123 	130 	130 
001988 	294 	123 	130 	130 
001989 	294 	109 	130 	130 
001990 	294 	109 	130 	130 
001991 	267 	96 	156 	156 
001992 	267 	96 	156 	156 
001993 	267 	96 	156 	156 
001994 	267 	96 	156 	156 
001995 	267 	96 	156 	156 
001996 	267 	96 	156 	156 
001997 	280 	109 	130 	130 
001998 	280 	109 	130 	130 
001999 	280 	109 	130 	130 
002000 	280 	109 	130 	130 
002001 	280 	109 	130 	130 
002002 	280 	109 	130 	130 
002003 	280 	109 	130 	130 
002004 	280 	109 	130 	130 
002005 	280 	109 	130 	130 
002006 	280 	109 	130 	130 
002007 	280 	109 	130 	130 
002008 	280 	109 	130 	130 
002009 	280 	109 	130 	130 
002010 	280 	109 	130 	130 
002011 	280 	109 	130 	130 
002012 	267 	96 	156 	156 
002013 	280 	109 	130 	130 
002014 	280 	94 	130 	130 
002015 	280 	94 	130 	130 
002016 	280 	94 	130 	130 
002017 	280 	94 	130 	130 
002018 	267 	79 	156 	156 
002019 	267 	79 	156 	156 
002020 	294 	94 	130 	130 
002021 	294 	94 	130 	130 
002022 	294 	94 	130 	130 
002023 	294 	94 	130 	130 
002024 	294 	94 	130 	130 
002025 	294 	94 	130 	130 
002026 	294 	94 	130 	130 
002027 	294 	94 	130 	130 
002028 	294 	94 	130 	130 
002029 	294 	94 	130 	130 
002030 	294 	94 	130 	130 
002031 	309 	94 	130 	130 
002032 	309 	94 	130 	130 
002033 	309 	94 	130 	130 
002034 	309 	94 	130 	130 
002035 	309 	94 	130 	130 
002036 	309 	94 	130 	130 
002037 	309 	94 	130 	130 
002038 	309 	94 	130 	130 
002039 	309 	94 	130 	130 
