Identity  : 	id10104
Reference : 	MI0UO-B1yQA
Offset    : 	-1
FV Conf   : 	11.703
ASD Conf  : 	5.823

FRAME 	X 	Y 	W 	H 
005132 	323 	94 	130 	130 
005133 	323 	94 	130 	130 
005134 	323 	94 	130 	130 
005135 	323 	94 	130 	130 
005136 	323 	94 	130 	130 
005137 	323 	94 	130 	130 
005138 	323 	94 	130 	130 
005139 	319 	79 	156 	156 
005140 	319 	79 	156 	156 
005141 	319 	79 	156 	156 
005142 	319 	79 	156 	156 
005143 	319 	79 	156 	156 
005144 	319 	79 	156 	156 
005145 	319 	79 	156 	156 
005146 	319 	79 	156 	156 
005147 	336 	62 	156 	155 
005148 	336 	62 	156 	155 
005149 	336 	62 	156 	155 
005150 	336 	62 	156 	155 
005151 	336 	62 	156 	155 
005152 	336 	79 	156 	156 
005153 	336 	79 	156 	156 
005154 	336 	79 	156 	156 
005155 	336 	79 	156 	156 
005156 	336 	79 	156 	156 
005157 	336 	79 	156 	156 
005158 	336 	79 	156 	156 
005159 	321 	74 	187 	187 
005160 	321 	74 	187 	187 
005161 	353 	79 	156 	156 
005162 	353 	79 	156 	156 
005163 	353 	79 	156 	156 
005164 	321 	74 	187 	187 
005165 	321 	74 	187 	187 
005166 	336 	79 	156 	156 
005167 	336 	79 	156 	156 
005168 	336 	79 	156 	156 
005169 	336 	79 	156 	156 
005170 	336 	62 	156 	155 
005171 	336 	62 	156 	155 
005172 	336 	62 	156 	155 
005173 	319 	62 	156 	155 
005174 	319 	62 	156 	155 
005175 	319 	62 	156 	155 
005176 	319 	62 	156 	155 
005177 	319 	62 	156 	155 
005178 	319 	62 	156 	155 
005179 	319 	62 	156 	155 
005180 	319 	79 	156 	156 
005181 	302 	62 	156 	155 
005182 	302 	62 	156 	155 
005183 	302 	79 	156 	156 
005184 	302 	79 	156 	156 
005185 	302 	79 	156 	156 
005186 	302 	79 	156 	156 
005187 	302 	62 	156 	155 
005188 	302 	62 	156 	155 
005189 	302 	62 	156 	155 
005190 	302 	62 	156 	155 
005191 	302 	62 	156 	155 
005192 	302 	62 	156 	155 
005193 	302 	62 	156 	155 
005194 	302 	79 	156 	156 
005195 	302 	62 	156 	155 
005196 	302 	79 	156 	156 
005197 	302 	62 	156 	155 
005198 	302 	62 	156 	155 
005199 	302 	62 	156 	155 
005200 	319 	62 	156 	155 
005201 	319 	62 	156 	155 
005202 	302 	62 	156 	155 
005203 	302 	79 	156 	156 
005204 	302 	79 	156 	156 
005205 	302 	79 	156 	156 
005206 	302 	79 	156 	156 
005207 	302 	79 	156 	156 
005208 	302 	79 	156 	156 
005209 	302 	79 	156 	156 
005210 	302 	79 	156 	156 
005211 	302 	79 	156 	156 
005212 	302 	79 	156 	156 
005213 	302 	79 	156 	156 
005214 	302 	79 	156 	156 
005215 	302 	79 	156 	156 
005216 	302 	96 	156 	156 
005217 	302 	96 	156 	156 
005218 	302 	96 	156 	156 
005219 	302 	96 	156 	156 
005220 	302 	96 	156 	156 
005221 	302 	96 	156 	156 
005222 	302 	96 	156 	156 
005223 	302 	96 	156 	156 
005224 	302 	96 	156 	156 
005225 	302 	96 	156 	156 
005226 	302 	96 	156 	156 
005227 	302 	96 	156 	156 
005228 	302 	96 	156 	156 
005229 	302 	96 	156 	156 
005230 	302 	113 	156 	156 
005231 	302 	113 	156 	156 
005232 	302 	113 	156 	156 
005233 	302 	96 	156 	156 
005234 	302 	96 	156 	156 
005235 	302 	96 	156 	156 
005236 	285 	96 	155 	156 
005237 	285 	79 	155 	156 
005238 	285 	79 	155 	156 
005239 	285 	79 	155 	156 
005240 	285 	79 	155 	156 
005241 	285 	62 	155 	155 
005242 	285 	62 	155 	155 
005243 	285 	62 	155 	155 
005244 	285 	62 	155 	155 
005245 	285 	62 	155 	155 
005246 	285 	62 	155 	155 
005247 	285 	62 	155 	155 
005248 	285 	62 	155 	155 
005249 	285 	62 	155 	155 
005250 	294 	66 	130 	130 
005251 	294 	66 	130 	130 
005252 	285 	44 	155 	156 
005253 	294 	66 	130 	130 
005254 	285 	44 	155 	156 
005255 	285 	44 	155 	156 
005256 	285 	44 	155 	156 
005257 	285 	62 	155 	155 
005258 	285 	62 	155 	155 
005259 	285 	62 	155 	155 
005260 	285 	62 	155 	155 
005261 	285 	62 	155 	155 
005262 	285 	62 	155 	155 
005263 	285 	62 	155 	155 
005264 	285 	62 	155 	155 
005265 	285 	62 	155 	155 
005266 	285 	62 	155 	155 
005267 	285 	62 	155 	155 
005268 	285 	62 	155 	155 
005269 	285 	62 	155 	155 
005270 	285 	62 	155 	155 
005271 	285 	62 	155 	155 
005272 	285 	62 	155 	155 
005273 	285 	62 	155 	155 
005274 	285 	62 	155 	155 
005275 	285 	62 	155 	155 
005276 	285 	62 	155 	155 
005277 	285 	62 	155 	155 
005278 	285 	62 	155 	155 
005279 	285 	62 	155 	155 
005280 	285 	62 	155 	155 
005281 	285 	62 	155 	155 
005282 	285 	62 	155 	155 
005283 	302 	62 	156 	155 
005284 	302 	62 	156 	155 
005285 	302 	62 	156 	155 
005286 	280 	53 	187 	187 
005287 	302 	62 	156 	155 
005288 	302 	62 	156 	155 
005289 	302 	62 	156 	155 
005290 	302 	62 	156 	155 
005291 	309 	80 	130 	130 
005292 	285 	62 	155 	155 
005293 	285 	62 	155 	155 
005294 	285 	62 	155 	155 
005295 	285 	62 	155 	155 
005296 	285 	62 	155 	155 
005297 	280 	53 	187 	187 
005298 	280 	53 	187 	187 
005299 	285 	79 	155 	156 
005300 	280 	53 	187 	187 
005301 	280 	53 	187 	187 
005302 	280 	53 	187 	187 
005303 	280 	53 	187 	187 
005304 	280 	53 	187 	187 
005305 	302 	79 	156 	156 
005306 	309 	80 	130 	130 
005307 	302 	79 	156 	156 
005308 	302 	79 	156 	156 
005309 	280 	53 	187 	187 
005310 	280 	53 	187 	187 
005311 	302 	79 	156 	156 
005312 	302 	79 	156 	156 
005313 	302 	79 	156 	156 
005314 	302 	79 	156 	156 
005315 	302 	79 	156 	156 
005316 	302 	79 	156 	156 
005317 	302 	79 	156 	156 
005318 	285 	79 	155 	156 
005319 	285 	79 	155 	156 
005320 	285 	79 	155 	156 
005321 	285 	79 	155 	156 
005322 	285 	79 	155 	156 
005323 	285 	79 	155 	156 
005324 	285 	79 	155 	156 
005325 	285 	79 	155 	156 
005326 	285 	79 	155 	156 
005327 	285 	79 	155 	156 
005328 	285 	79 	155 	156 
005329 	285 	79 	155 	156 
005330 	285 	79 	155 	156 
005331 	285 	79 	155 	156 
005332 	285 	79 	155 	156 
005333 	285 	79 	155 	156 
005334 	285 	79 	155 	156 
005335 	285 	79 	155 	156 
005336 	285 	79 	155 	156 
005337 	285 	79 	155 	156 
005338 	285 	79 	155 	156 
005339 	285 	79 	155 	156 
005340 	285 	79 	155 	156 
005341 	285 	79 	155 	156 
005342 	285 	79 	155 	156 
005343 	294 	80 	130 	130 
005344 	285 	79 	155 	156 
005345 	285 	79 	155 	156 
005346 	285 	79 	155 	156 
005347 	285 	79 	155 	156 
005348 	285 	79 	155 	156 
005349 	285 	79 	155 	156 
005350 	285 	79 	155 	156 
005351 	285 	79 	155 	156 
005352 	285 	79 	155 	156 
005353 	285 	79 	155 	156 
005354 	285 	79 	155 	156 
005355 	285 	79 	155 	156 
005356 	285 	79 	155 	156 
005357 	285 	79 	155 	156 
005358 	309 	80 	130 	130 
005359 	309 	80 	130 	130 
005360 	309 	80 	130 	130 
005361 	309 	80 	130 	130 
005362 	309 	80 	130 	130 
005363 	309 	80 	130 	130 
005364 	309 	80 	130 	130 
005365 	309 	80 	130 	130 
005366 	309 	80 	130 	130 
