Identity  : 	id10156
Reference : 	9QVihNm7FRs
Offset    : 	-2
FV Conf   : 	14.466
ASD Conf  : 	5.818

FRAME 	X 	Y 	W 	H 
000881 	218 	115 	187 	187 
000882 	218 	115 	187 	187 
000883 	218 	95 	187 	186 
000884 	218 	95 	187 	186 
000885 	218 	95 	187 	186 
000886 	218 	95 	187 	186 
000887 	233 	113 	156 	156 
000888 	218 	115 	187 	187 
000889 	218 	115 	187 	187 
000890 	218 	115 	187 	187 
000891 	218 	115 	187 	187 
000892 	218 	115 	187 	187 
000893 	233 	113 	156 	156 
000894 	233 	113 	156 	156 
000895 	218 	95 	187 	186 
000896 	218 	95 	187 	186 
000897 	218 	95 	187 	186 
000898 	218 	95 	187 	186 
000899 	218 	115 	187 	187 
000900 	218 	115 	187 	187 
000901 	218 	115 	187 	187 
000902 	218 	115 	187 	187 
000903 	233 	113 	156 	156 
000904 	216 	113 	156 	156 
000905 	216 	113 	156 	156 
000906 	216 	113 	156 	156 
000907 	197 	95 	187 	186 
000908 	197 	95 	187 	186 
000909 	197 	95 	187 	186 
000910 	197 	95 	187 	186 
000911 	197 	95 	187 	186 
000912 	197 	95 	187 	186 
000913 	197 	95 	187 	186 
000914 	197 	95 	187 	186 
000915 	197 	95 	187 	186 
000916 	218 	95 	187 	186 
000917 	218 	95 	187 	186 
000918 	218 	95 	187 	186 
000919 	218 	95 	187 	186 
000920 	218 	95 	187 	186 
000921 	218 	95 	187 	186 
000922 	218 	95 	187 	186 
000923 	218 	95 	187 	186 
000924 	218 	95 	187 	186 
000925 	218 	95 	187 	186 
000926 	250 	113 	156 	156 
000927 	239 	95 	186 	186 
000928 	239 	95 	186 	186 
000929 	250 	113 	156 	156 
000930 	239 	95 	186 	186 
000931 	250 	113 	156 	156 
000932 	239 	95 	186 	186 
000933 	239 	95 	186 	186 
000934 	239 	95 	186 	186 
000935 	239 	95 	186 	186 
000936 	250 	113 	156 	156 
000937 	250 	113 	156 	156 
000938 	250 	113 	156 	156 
000939 	239 	95 	186 	186 
000940 	250 	113 	156 	156 
000941 	250 	113 	156 	156 
000942 	250 	113 	156 	156 
000943 	250 	113 	156 	156 
000944 	250 	113 	156 	156 
000945 	250 	113 	156 	156 
000946 	250 	113 	156 	156 
000947 	250 	113 	156 	156 
000948 	218 	115 	187 	187 
000949 	218 	115 	187 	187 
000950 	218 	115 	187 	187 
000951 	218 	115 	187 	187 
000952 	218 	115 	187 	187 
000953 	218 	115 	187 	187 
000954 	218 	115 	187 	187 
000955 	218 	115 	187 	187 
000956 	218 	115 	187 	187 
000957 	218 	115 	187 	187 
000958 	218 	115 	187 	187 
000959 	218 	115 	187 	187 
000960 	250 	130 	156 	156 
000961 	250 	130 	156 	156 
000962 	250 	130 	156 	156 
000963 	250 	130 	156 	156 
000964 	250 	130 	156 	156 
000965 	250 	130 	156 	156 
000966 	250 	130 	156 	156 
000967 	250 	130 	156 	156 
000968 	250 	130 	156 	156 
000969 	250 	130 	156 	156 
000970 	250 	130 	156 	156 
000971 	218 	115 	187 	187 
000972 	218 	115 	187 	187 
000973 	218 	115 	187 	187 
000974 	218 	115 	187 	187 
000975 	218 	115 	187 	187 
000976 	218 	115 	187 	187 
000977 	218 	115 	187 	187 
000978 	218 	115 	187 	187 
000979 	218 	115 	187 	187 
000980 	218 	115 	187 	187 
000981 	218 	115 	187 	187 
