Identity  : 	id10151
Reference : 	RYWcWSRnh2A
Offset    : 	-1
FV Conf   : 	14.073
ASD Conf  : 	5.595

FRAME 	X 	Y 	W 	H 
001872 	444 	71 	75 	75 
001873 	444 	71 	75 	75 
001874 	444 	71 	75 	75 
001875 	452 	80 	64 	63 
001876 	444 	71 	75 	75 
001877 	444 	71 	75 	75 
001878 	444 	71 	75 	75 
001879 	444 	71 	75 	75 
001880 	444 	71 	75 	75 
001881 	444 	71 	75 	75 
001882 	444 	71 	75 	75 
001883 	444 	71 	75 	75 
001884 	444 	71 	75 	75 
001885 	444 	71 	75 	75 
001886 	444 	71 	75 	75 
001887 	452 	73 	64 	63 
001888 	444 	62 	75 	76 
001889 	452 	71 	75 	75 
001890 	452 	71 	75 	75 
001891 	452 	71 	75 	75 
001892 	452 	73 	64 	63 
001893 	452 	73 	64 	63 
001894 	452 	73 	64 	63 
001895 	452 	73 	64 	63 
001896 	459 	66 	63 	63 
001897 	459 	66 	63 	63 
001898 	459 	73 	63 	63 
001899 	459 	73 	63 	63 
001900 	459 	73 	63 	63 
001901 	459 	73 	63 	63 
001902 	459 	73 	63 	63 
001903 	466 	73 	63 	63 
001904 	466 	73 	63 	63 
001905 	473 	73 	63 	63 
001906 	473 	73 	63 	63 
001907 	468 	54 	76 	76 
001908 	480 	66 	63 	63 
001909 	477 	54 	75 	76 
001910 	477 	54 	75 	76 
001911 	477 	54 	75 	76 
001912 	487 	66 	63 	63 
001913 	485 	62 	76 	76 
001914 	485 	62 	76 	76 
001915 	485 	62 	76 	76 
001916 	485 	62 	76 	76 
001917 	494 	66 	63 	63 
001918 	493 	54 	76 	76 
001919 	493 	54 	76 	76 
001920 	493 	62 	76 	76 
001921 	493 	62 	76 	76 
001922 	493 	62 	76 	76 
001923 	501 	73 	63 	63 
001924 	502 	62 	75 	76 
001925 	502 	71 	75 	75 
001926 	502 	71 	75 	75 
001927 	493 	71 	76 	75 
001928 	493 	71 	76 	75 
001929 	493 	71 	76 	75 
001930 	493 	62 	76 	76 
001931 	494 	73 	63 	63 
001932 	485 	62 	76 	76 
001933 	485 	62 	76 	76 
001934 	485 	62 	76 	76 
001935 	477 	62 	75 	76 
001936 	477 	62 	75 	76 
001937 	477 	62 	75 	76 
001938 	477 	62 	75 	76 
001939 	468 	62 	76 	76 
001940 	468 	62 	76 	76 
001941 	468 	62 	76 	76 
001942 	466 	73 	63 	63 
001943 	466 	73 	63 	63 
001944 	466 	73 	63 	63 
001945 	466 	73 	63 	63 
001946 	459 	73 	63 	63 
001947 	459 	73 	63 	63 
001948 	459 	73 	63 	63 
001949 	459 	73 	63 	63 
001950 	459 	73 	63 	63 
001951 	459 	73 	63 	63 
001952 	452 	73 	64 	63 
001953 	452 	73 	64 	63 
001954 	452 	73 	64 	63 
001955 	452 	73 	64 	63 
001956 	452 	73 	64 	63 
001957 	444 	71 	75 	75 
001958 	445 	73 	64 	63 
001959 	445 	73 	64 	63 
001960 	445 	73 	64 	63 
001961 	445 	73 	64 	63 
001962 	445 	73 	64 	63 
001963 	452 	73 	64 	63 
001964 	444 	71 	75 	75 
001965 	452 	73 	64 	63 
001966 	444 	71 	75 	75 
001967 	444 	71 	75 	75 
001968 	444 	71 	75 	75 
001969 	444 	71 	75 	75 
001970 	444 	71 	75 	75 
001971 	444 	71 	75 	75 
001972 	444 	71 	75 	75 
001973 	444 	71 	75 	75 
001974 	444 	71 	75 	75 
001975 	444 	71 	75 	75 
001976 	444 	71 	75 	75 
001977 	444 	71 	75 	75 
001978 	444 	71 	75 	75 
001979 	444 	71 	75 	75 
001980 	452 	73 	64 	63 
001981 	452 	73 	64 	63 
001982 	452 	73 	64 	63 
001983 	452 	73 	64 	63 
001984 	444 	71 	75 	75 
001985 	452 	73 	64 	63 
001986 	452 	73 	64 	63 
001987 	452 	73 	64 	63 
001988 	452 	73 	64 	63 
001989 	452 	73 	64 	63 
001990 	452 	73 	64 	63 
001991 	452 	73 	64 	63 
001992 	452 	73 	64 	63 
001993 	452 	73 	64 	63 
001994 	452 	73 	64 	63 
001995 	452 	73 	64 	63 
001996 	452 	73 	64 	63 
001997 	452 	73 	64 	63 
001998 	452 	73 	64 	63 
001999 	452 	73 	64 	63 
002000 	452 	73 	64 	63 
002001 	452 	73 	64 	63 
002002 	452 	73 	64 	63 
002003 	452 	73 	64 	63 
002004 	452 	73 	64 	63 
002005 	452 	73 	64 	63 
002006 	452 	73 	64 	63 
002007 	452 	73 	64 	63 
002008 	452 	73 	64 	63 
002009 	452 	73 	64 	63 
002010 	452 	73 	64 	63 
002011 	452 	73 	64 	63 
002012 	452 	73 	64 	63 
002013 	452 	73 	64 	63 
002014 	444 	71 	75 	75 
002015 	452 	73 	64 	63 
002016 	452 	73 	64 	63 
002017 	452 	73 	64 	63 
002018 	444 	71 	75 	75 
002019 	444 	71 	75 	75 
002020 	444 	71 	75 	75 
002021 	444 	71 	75 	75 
002022 	452 	80 	64 	63 
002023 	444 	71 	75 	75 
002024 	444 	71 	75 	75 
002025 	444 	71 	75 	75 
002026 	444 	71 	75 	75 
002027 	452 	80 	64 	63 
002028 	452 	80 	64 	63 
002029 	444 	71 	75 	75 
002030 	433 	65 	91 	91 
002031 	445 	80 	64 	63 
002032 	435 	71 	76 	75 
002033 	445 	80 	64 	63 
002034 	445 	80 	64 	63 
002035 	435 	71 	76 	75 
002036 	435 	71 	76 	75 
002037 	435 	71 	76 	75 
002038 	444 	79 	75 	76 
002039 	435 	71 	76 	75 
002040 	435 	71 	76 	75 
002041 	435 	71 	76 	75 
002042 	435 	71 	76 	75 
002043 	435 	71 	76 	75 
002044 	435 	71 	76 	75 
002045 	435 	71 	76 	75 
002046 	435 	71 	76 	75 
002047 	435 	71 	76 	75 
002048 	435 	71 	76 	75 
002049 	435 	71 	76 	75 
002050 	435 	71 	76 	75 
002051 	435 	71 	76 	75 
002052 	435 	71 	76 	75 
002053 	435 	71 	76 	75 
002054 	435 	71 	76 	75 
002055 	435 	71 	76 	75 
002056 	435 	71 	76 	75 
002057 	435 	71 	76 	75 
002058 	435 	71 	76 	75 
002059 	435 	71 	76 	75 
002060 	435 	71 	76 	75 
002061 	435 	71 	76 	75 
002062 	435 	71 	76 	75 
002063 	435 	71 	76 	75 
002064 	435 	71 	76 	75 
002065 	435 	71 	76 	75 
002066 	452 	80 	64 	63 
002067 	459 	66 	63 	63 
002068 	459 	66 	63 	63 
002069 	459 	66 	63 	63 
002070 	459 	73 	63 	63 
002071 	452 	73 	64 	63 
002072 	452 	73 	64 	63 
002073 	452 	73 	64 	63 
002074 	452 	73 	64 	63 
002075 	452 	62 	75 	76 
002076 	452 	62 	75 	76 
002077 	452 	62 	75 	76 
002078 	459 	73 	63 	63 
002079 	459 	73 	63 	63 
002080 	459 	73 	63 	63 
002081 	459 	73 	63 	63 
002082 	459 	73 	63 	63 
002083 	466 	73 	63 	63 
002084 	466 	73 	63 	63 
002085 	466 	73 	63 	63 
002086 	460 	62 	76 	76 
002087 	460 	71 	76 	75 
002088 	466 	80 	63 	63 
002089 	466 	80 	63 	63 
002090 	460 	71 	76 	75 
002091 	466 	80 	63 	63 
002092 	460 	71 	76 	75 
002093 	466 	80 	63 	63 
002094 	466 	80 	63 	63 
002095 	466 	80 	63 	63 
002096 	459 	80 	63 	63 
