Identity  : 	id11048
Reference : 	P8-Fq-2Atiw
Offset    : 	-2
FV Conf   : 	16.054
ASD Conf  : 	7.137

FRAME 	X 	Y 	W 	H 
004819 	173 	78 	109 	109 
004820 	173 	78 	109 	109 
004821 	173 	78 	109 	109 
004822 	173 	78 	109 	109 
004823 	173 	78 	109 	109 
004824 	173 	78 	109 	109 
004825 	173 	78 	109 	109 
004826 	173 	78 	109 	109 
004827 	173 	78 	109 	109 
004828 	173 	78 	109 	109 
004829 	173 	78 	109 	109 
004830 	173 	78 	109 	109 
004831 	173 	78 	109 	109 
004832 	173 	78 	109 	109 
004833 	173 	78 	109 	109 
004834 	173 	78 	109 	109 
004835 	173 	78 	109 	109 
004836 	173 	78 	109 	109 
004837 	173 	78 	109 	109 
004838 	173 	78 	109 	109 
004839 	173 	78 	109 	109 
004840 	173 	78 	109 	109 
004841 	173 	78 	109 	109 
004842 	173 	78 	109 	109 
004843 	173 	78 	109 	109 
004844 	173 	78 	109 	109 
004845 	173 	78 	109 	109 
004846 	173 	78 	109 	109 
004847 	173 	78 	109 	109 
004848 	173 	78 	109 	109 
004849 	173 	78 	109 	109 
004850 	173 	78 	109 	109 
004851 	173 	78 	109 	109 
004852 	173 	78 	109 	109 
004853 	185 	78 	109 	109 
004854 	185 	78 	109 	109 
004855 	185 	78 	109 	109 
004856 	185 	78 	109 	109 
004857 	185 	78 	109 	109 
004858 	185 	78 	109 	109 
004859 	185 	78 	109 	109 
004860 	173 	78 	109 	109 
004861 	173 	78 	109 	109 
004862 	173 	78 	109 	109 
004863 	173 	78 	109 	109 
004864 	173 	78 	109 	109 
004865 	173 	78 	109 	109 
004866 	173 	78 	109 	109 
004867 	173 	78 	109 	109 
004868 	173 	78 	109 	109 
004869 	173 	78 	109 	109 
004870 	173 	78 	109 	109 
004871 	173 	78 	109 	109 
004872 	173 	78 	109 	109 
004873 	173 	78 	109 	109 
004874 	173 	78 	109 	109 
004875 	173 	78 	109 	109 
004876 	173 	78 	109 	109 
004877 	173 	78 	109 	109 
004878 	173 	78 	109 	109 
004879 	173 	78 	109 	109 
004880 	173 	78 	109 	109 
004881 	173 	78 	109 	109 
004882 	173 	78 	109 	109 
004883 	173 	78 	109 	109 
004884 	173 	78 	109 	109 
004885 	173 	78 	109 	109 
004886 	173 	78 	109 	109 
004887 	173 	78 	109 	109 
004888 	173 	78 	109 	109 
004889 	173 	78 	109 	109 
004890 	173 	78 	109 	109 
004891 	173 	78 	109 	109 
004892 	173 	78 	109 	109 
004893 	173 	78 	109 	109 
004894 	173 	78 	109 	109 
004895 	173 	78 	109 	109 
004896 	173 	78 	109 	109 
004897 	173 	78 	109 	109 
004898 	173 	78 	109 	109 
004899 	173 	78 	109 	109 
004900 	173 	78 	109 	109 
004901 	173 	78 	109 	109 
004902 	173 	78 	109 	109 
004903 	173 	78 	109 	109 
004904 	173 	78 	109 	109 
004905 	173 	78 	109 	109 
004906 	173 	78 	109 	109 
004907 	173 	78 	109 	109 
004908 	173 	78 	109 	109 
004909 	173 	78 	109 	109 
004910 	173 	78 	109 	109 
004911 	173 	78 	109 	109 
004912 	173 	78 	109 	109 
004913 	173 	78 	109 	109 
004914 	173 	78 	109 	109 
004915 	173 	78 	109 	109 
004916 	173 	78 	109 	109 
004917 	173 	78 	109 	109 
004918 	173 	78 	109 	109 
004919 	173 	78 	109 	109 
004920 	173 	78 	109 	109 
004921 	173 	78 	109 	109 
004922 	173 	78 	109 	109 
004923 	173 	78 	109 	109 
004924 	173 	78 	109 	109 
004925 	173 	78 	109 	109 
004926 	173 	78 	109 	109 
004927 	173 	78 	109 	109 
004928 	173 	78 	109 	109 
004929 	173 	78 	109 	109 
004930 	173 	78 	109 	109 
004931 	173 	78 	109 	109 
004932 	173 	78 	109 	109 
004933 	173 	78 	109 	109 
004934 	173 	78 	109 	109 
004935 	173 	78 	109 	109 
004936 	173 	78 	109 	109 
004937 	173 	78 	109 	109 
004938 	173 	78 	109 	109 
004939 	173 	78 	109 	109 
004940 	173 	78 	109 	109 
004941 	173 	78 	109 	109 
004942 	173 	78 	109 	109 
004943 	173 	78 	109 	109 
004944 	173 	78 	109 	109 
004945 	173 	78 	109 	109 
004946 	173 	90 	109 	109 
004947 	173 	90 	109 	109 
004948 	173 	78 	109 	109 
004949 	173 	78 	109 	109 
004950 	173 	90 	109 	109 
004951 	173 	90 	109 	109 
004952 	173 	90 	109 	109 
004953 	173 	90 	109 	109 
004954 	173 	90 	109 	109 
004955 	173 	90 	109 	109 
004956 	173 	90 	109 	109 
004957 	173 	90 	109 	109 
004958 	173 	90 	109 	109 
004959 	173 	90 	109 	109 
004960 	173 	90 	109 	109 
004961 	173 	90 	109 	109 
004962 	173 	90 	109 	109 
004963 	173 	90 	109 	109 
004964 	173 	90 	109 	109 
004965 	173 	90 	109 	109 
004966 	173 	90 	109 	109 
004967 	173 	90 	109 	109 
004968 	173 	90 	109 	109 
004969 	173 	78 	109 	109 
004970 	173 	78 	109 	109 
004971 	173 	78 	109 	109 
004972 	173 	78 	109 	109 
004973 	173 	78 	109 	109 
004974 	173 	78 	109 	109 
004975 	173 	78 	109 	109 
004976 	173 	78 	109 	109 
004977 	173 	78 	109 	109 
004978 	173 	78 	109 	109 
004979 	173 	78 	109 	109 
004980 	173 	78 	109 	109 
004981 	173 	78 	109 	109 
004982 	173 	78 	109 	109 
004983 	173 	78 	109 	109 
004984 	173 	78 	109 	109 
004985 	173 	78 	109 	109 
004986 	173 	78 	109 	109 
004987 	173 	78 	109 	109 
004988 	173 	78 	109 	109 
004989 	173 	78 	109 	109 
004990 	173 	78 	109 	109 
004991 	173 	78 	109 	109 
004992 	173 	78 	109 	109 
004993 	173 	78 	109 	109 
004994 	173 	78 	109 	109 
004995 	173 	78 	109 	109 
004996 	173 	78 	109 	109 
004997 	173 	78 	109 	109 
004998 	173 	78 	109 	109 
004999 	173 	78 	109 	109 
005000 	173 	78 	109 	109 
005001 	173 	78 	109 	109 
005002 	173 	78 	109 	109 
