Identity  : 	id10466
Reference : 	DA6xmL2Z4RU
Offset    : 	1
FV Conf   : 	20.336
ASD Conf  : 	7.351

FRAME 	X 	Y 	W 	H 
002188 	262 	66 	113 	113 
002189 	262 	67 	113 	113 
002190 	262 	67 	113 	113 
002191 	261 	68 	113 	113 
002192 	261 	68 	113 	113 
002193 	261 	69 	113 	113 
002194 	261 	69 	112 	112 
002195 	261 	69 	112 	112 
002196 	260 	70 	112 	112 
002197 	260 	70 	112 	112 
002198 	260 	71 	112 	112 
002199 	260 	71 	112 	112 
002200 	260 	72 	111 	111 
002201 	259 	72 	111 	111 
002202 	259 	73 	111 	111 
002203 	259 	73 	111 	111 
002204 	259 	73 	111 	111 
002205 	259 	74 	111 	111 
002206 	259 	74 	110 	110 
002207 	258 	75 	110 	110 
002208 	258 	75 	110 	110 
002209 	258 	76 	110 	110 
002210 	258 	76 	110 	110 
002211 	258 	77 	110 	110 
002212 	257 	77 	109 	109 
002213 	257 	78 	109 	109 
002214 	257 	78 	109 	109 
002215 	274 	85 	90 	91 
002216 	273 	85 	91 	92 
002217 	273 	84 	92 	93 
002218 	272 	84 	92 	93 
002219 	271 	84 	93 	94 
002220 	270 	83 	94 	95 
002221 	270 	83 	95 	96 
002222 	269 	83 	96 	96 
002223 	268 	83 	97 	97 
002224 	267 	82 	97 	98 
002225 	267 	82 	98 	99 
002226 	266 	82 	99 	100 
002227 	265 	81 	100 	100 
002228 	264 	81 	101 	101 
002229 	264 	81 	102 	102 
002230 	263 	80 	102 	103 
002231 	262 	80 	103 	104 
002232 	261 	80 	104 	104 
002233 	261 	80 	105 	105 
002234 	260 	79 	106 	106 
002235 	259 	79 	107 	107 
002236 	258 	79 	107 	107 
002237 	258 	78 	108 	108 
002238 	257 	78 	109 	109 
002239 	257 	79 	109 	109 
002240 	257 	79 	108 	108 
002241 	258 	80 	108 	108 
002242 	258 	81 	107 	107 
002243 	258 	81 	107 	107 
002244 	258 	82 	106 	106 
002245 	258 	83 	106 	106 
002246 	258 	83 	105 	105 
002247 	259 	84 	105 	105 
002248 	259 	85 	104 	105 
002249 	259 	85 	104 	104 
002250 	259 	86 	103 	104 
002251 	259 	87 	103 	103 
002252 	259 	87 	103 	103 
002253 	260 	88 	102 	102 
002254 	260 	89 	102 	102 
002255 	260 	89 	101 	102 
002256 	260 	90 	101 	101 
002257 	260 	91 	100 	101 
002258 	260 	91 	100 	100 
002259 	261 	92 	99 	100 
002260 	261 	92 	99 	99 
002261 	261 	93 	98 	99 
002262 	261 	94 	98 	98 
002263 	261 	94 	97 	98 
002264 	261 	95 	97 	98 
002265 	262 	96 	96 	97 
002266 	262 	96 	96 	97 
002267 	262 	97 	96 	96 
002268 	262 	98 	95 	96 
002269 	262 	98 	95 	95 
002270 	262 	99 	94 	95 
002271 	263 	100 	94 	95 
002272 	263 	100 	93 	94 
002273 	263 	101 	93 	94 
002274 	263 	102 	92 	93 
002275 	263 	102 	92 	93 
002276 	263 	103 	91 	92 
002277 	264 	104 	91 	92 
002278 	264 	104 	90 	91 
002279 	264 	105 	90 	91 
002280 	264 	105 	90 	91 
002281 	263 	105 	91 	92 
002282 	262 	105 	92 	93 
002283 	261 	105 	93 	94 
002284 	260 	104 	94 	95 
002285 	259 	104 	95 	96 
002286 	258 	104 	96 	96 
002287 	257 	104 	97 	97 
002288 	256 	104 	98 	98 
002289 	255 	104 	99 	99 
002290 	254 	104 	100 	100 
002291 	254 	103 	100 	101 
002292 	253 	103 	101 	102 
002293 	252 	103 	102 	103 
002294 	251 	103 	103 	104 
002295 	250 	103 	104 	104 
002296 	249 	103 	105 	105 
002297 	248 	102 	106 	106 
002298 	247 	102 	107 	107 
002299 	246 	102 	108 	108 
002300 	245 	102 	109 	109 
002301 	245 	102 	109 	109 
002302 	245 	102 	109 	109 
002303 	245 	102 	109 	109 
002304 	245 	102 	109 	109 
002305 	245 	102 	109 	109 
002306 	245 	102 	109 	109 
002307 	245 	102 	109 	109 
002308 	245 	102 	109 	109 
002309 	245 	102 	109 	109 
002310 	257 	102 	109 	109 
002311 	257 	102 	109 	109 
002312 	257 	102 	109 	109 
002313 	257 	90 	109 	109 
002314 	257 	90 	109 	109 
002315 	269 	90 	108 	109 
002316 	269 	90 	108 	109 
002317 	269 	90 	108 	109 
002318 	281 	90 	108 	109 
002319 	281 	78 	108 	109 
002320 	281 	78 	108 	109 
002321 	269 	78 	108 	109 
002322 	269 	78 	108 	109 
002323 	269 	78 	108 	109 
002324 	269 	78 	108 	109 
002325 	269 	78 	108 	109 
002326 	269 	78 	108 	109 
002327 	269 	78 	108 	109 
002328 	269 	78 	108 	109 
002329 	269 	78 	108 	109 
002330 	257 	78 	109 	109 
002331 	257 	78 	109 	109 
002332 	257 	78 	109 	109 
002333 	257 	66 	109 	109 
002334 	257 	66 	109 	109 
002335 	257 	66 	109 	109 
002336 	237 	66 	130 	130 
002337 	245 	78 	109 	109 
002338 	245 	78 	109 	109 
002339 	233 	66 	109 	109 
002340 	233 	66 	109 	109 
002341 	233 	66 	109 	109 
002342 	233 	78 	109 	109 
002343 	233 	78 	109 	109 
002344 	233 	78 	109 	109 
002345 	233 	78 	109 	109 
002346 	233 	78 	109 	109 
002347 	233 	78 	109 	109 
002348 	233 	78 	109 	109 
