Identity  : 	id10016
Reference : 	bIi7FnNx6m0
Offset    : 	-4
FV Conf   : 	20.581
ASD Conf  : 	7.881

FRAME 	X 	Y 	W 	H 
000833 	151 	66 	130 	130 
000834 	151 	66 	130 	130 
000835 	130 	62 	156 	155 
000836 	151 	66 	130 	130 
000837 	151 	66 	130 	130 
000838 	147 	44 	156 	156 
000839 	147 	62 	156 	155 
000840 	147 	62 	156 	155 
000841 	147 	62 	156 	155 
000842 	147 	62 	156 	155 
000843 	147 	62 	156 	155 
000844 	147 	62 	156 	155 
000845 	147 	62 	156 	155 
000846 	147 	62 	156 	155 
000847 	147 	62 	156 	155 
000848 	147 	62 	156 	155 
000849 	147 	62 	156 	155 
000850 	147 	62 	156 	155 
000851 	147 	62 	156 	155 
000852 	147 	79 	156 	156 
000853 	147 	79 	156 	156 
000854 	147 	79 	156 	156 
000855 	164 	79 	156 	156 
000856 	164 	79 	156 	156 
000857 	164 	96 	156 	156 
000858 	164 	96 	156 	156 
000859 	164 	96 	156 	156 
000860 	181 	79 	156 	156 
000861 	181 	79 	156 	156 
000862 	181 	79 	156 	156 
000863 	199 	62 	155 	155 
000864 	199 	62 	155 	155 
000865 	199 	79 	155 	156 
000866 	181 	79 	156 	156 
000867 	181 	79 	156 	156 
000868 	164 	79 	156 	156 
000869 	164 	79 	156 	156 
000870 	164 	79 	156 	156 
000871 	164 	79 	156 	156 
000872 	147 	79 	156 	156 
000873 	147 	79 	156 	156 
000874 	147 	96 	156 	156 
000875 	164 	96 	156 	156 
000876 	164 	96 	156 	156 
000877 	164 	96 	156 	156 
000878 	164 	96 	156 	156 
000879 	181 	96 	156 	156 
000880 	181 	96 	156 	156 
000881 	181 	96 	156 	156 
000882 	181 	96 	156 	156 
000883 	181 	96 	156 	156 
000884 	181 	96 	156 	156 
000885 	181 	79 	156 	156 
000886 	181 	79 	156 	156 
000887 	181 	79 	156 	156 
000888 	181 	79 	156 	156 
000889 	181 	79 	156 	156 
000890 	181 	79 	156 	156 
000891 	181 	79 	156 	156 
000892 	199 	79 	155 	156 
000893 	199 	79 	155 	156 
000894 	199 	79 	155 	156 
000895 	199 	79 	155 	156 
000896 	199 	79 	155 	156 
000897 	199 	79 	155 	156 
000898 	199 	79 	155 	156 
000899 	181 	96 	156 	156 
000900 	181 	96 	156 	156 
000901 	181 	79 	156 	156 
000902 	181 	79 	156 	156 
000903 	181 	79 	156 	156 
000904 	180 	109 	130 	130 
000905 	180 	109 	130 	130 
000906 	164 	96 	156 	156 
000907 	164 	96 	156 	156 
000908 	164 	96 	156 	156 
000909 	164 	96 	156 	156 
000910 	164 	96 	156 	156 
000911 	164 	79 	156 	156 
000912 	164 	79 	156 	156 
000913 	164 	79 	156 	156 
000914 	164 	79 	156 	156 
000915 	164 	79 	156 	156 
000916 	147 	96 	156 	156 
000917 	147 	96 	156 	156 
000918 	147 	96 	156 	156 
000919 	147 	96 	156 	156 
000920 	147 	96 	156 	156 
000921 	147 	96 	156 	156 
000922 	147 	96 	156 	156 
000923 	147 	96 	156 	156 
000924 	147 	96 	156 	156 
000925 	147 	96 	156 	156 
000926 	147 	79 	156 	156 
000927 	147 	96 	156 	156 
000928 	147 	79 	156 	156 
000929 	147 	96 	156 	156 
000930 	147 	96 	156 	156 
000931 	147 	96 	156 	156 
000932 	164 	79 	156 	156 
000933 	164 	79 	156 	156 
000934 	164 	79 	156 	156 
000935 	164 	79 	156 	156 
000936 	164 	79 	156 	156 
000937 	164 	79 	156 	156 
000938 	164 	79 	156 	156 
000939 	164 	79 	156 	156 
000940 	164 	79 	156 	156 
000941 	164 	79 	156 	156 
000942 	164 	79 	156 	156 
000943 	164 	79 	156 	156 
000944 	164 	79 	156 	156 
000945 	164 	79 	156 	156 
000946 	181 	62 	156 	155 
000947 	181 	62 	156 	155 
000948 	181 	62 	156 	155 
000949 	164 	62 	156 	155 
000950 	164 	62 	156 	155 
000951 	164 	62 	156 	155 
000952 	164 	62 	156 	155 
000953 	164 	62 	156 	155 
000954 	181 	62 	156 	155 
000955 	181 	62 	156 	155 
000956 	181 	62 	156 	155 
000957 	181 	62 	156 	155 
000958 	181 	62 	156 	155 
000959 	164 	62 	156 	155 
000960 	164 	62 	156 	155 
000961 	164 	62 	156 	155 
000962 	164 	62 	156 	155 
000963 	181 	62 	156 	155 
000964 	181 	62 	156 	155 
000965 	181 	62 	156 	155 
000966 	164 	62 	156 	155 
000967 	164 	62 	156 	155 
000968 	164 	62 	156 	155 
000969 	164 	62 	156 	155 
000970 	164 	62 	156 	155 
000971 	165 	80 	130 	130 
000972 	147 	62 	156 	155 
000973 	165 	80 	130 	130 
000974 	147 	62 	156 	155 
000975 	147 	62 	156 	155 
000976 	147 	62 	156 	155 
000977 	147 	62 	156 	155 
000978 	147 	62 	156 	155 
000979 	147 	62 	156 	155 
000980 	147 	79 	156 	156 
000981 	147 	79 	156 	156 
000982 	147 	79 	156 	156 
000983 	147 	62 	156 	155 
000984 	147 	79 	156 	156 
000985 	147 	62 	156 	155 
000986 	147 	79 	156 	156 
000987 	147 	79 	156 	156 
000988 	147 	79 	156 	156 
000989 	147 	62 	156 	155 
000990 	147 	62 	156 	155 
000991 	147 	62 	156 	155 
000992 	147 	62 	156 	155 
000993 	147 	62 	156 	155 
000994 	147 	62 	156 	155 
000995 	147 	62 	156 	155 
000996 	147 	79 	156 	156 
000997 	147 	79 	156 	156 
000998 	147 	79 	156 	156 
000999 	147 	62 	156 	155 
001000 	147 	79 	156 	156 
001001 	147 	62 	156 	155 
001002 	147 	62 	156 	155 
001003 	147 	62 	156 	155 
001004 	147 	62 	156 	155 
001005 	147 	62 	156 	155 
001006 	147 	62 	156 	155 
001007 	147 	62 	156 	155 
001008 	147 	62 	156 	155 
001009 	147 	62 	156 	155 
001010 	147 	62 	156 	155 
001011 	147 	62 	156 	155 
001012 	147 	62 	156 	155 
001013 	147 	62 	156 	155 
001014 	147 	62 	156 	155 
001015 	147 	62 	156 	155 
001016 	147 	79 	156 	156 
001017 	147 	79 	156 	156 
001018 	147 	79 	156 	156 
001019 	164 	62 	156 	155 
001020 	164 	62 	156 	155 
001021 	164 	62 	156 	155 
001022 	164 	62 	156 	155 
001023 	164 	62 	156 	155 
001024 	164 	62 	156 	155 
001025 	164 	62 	156 	155 
001026 	164 	62 	156 	155 
001027 	164 	62 	156 	155 
001028 	164 	62 	156 	155 
001029 	147 	62 	156 	155 
001030 	147 	62 	156 	155 
001031 	147 	62 	156 	155 
001032 	147 	62 	156 	155 
001033 	147 	79 	156 	156 
001034 	147 	79 	156 	156 
001035 	147 	79 	156 	156 
001036 	147 	79 	156 	156 
001037 	147 	79 	156 	156 
001038 	147 	79 	156 	156 
001039 	165 	80 	130 	130 
001040 	147 	62 	156 	155 
001041 	164 	62 	156 	155 
001042 	164 	62 	156 	155 
001043 	164 	62 	156 	155 
001044 	164 	62 	156 	155 
001045 	147 	62 	156 	155 
001046 	147 	62 	156 	155 
001047 	147 	62 	156 	155 
001048 	147 	62 	156 	155 
001049 	147 	62 	156 	155 
001050 	147 	62 	156 	155 
001051 	147 	62 	156 	155 
001052 	147 	62 	156 	155 
001053 	147 	62 	156 	155 
001054 	147 	62 	156 	155 
001055 	147 	62 	156 	155 
001056 	147 	62 	156 	155 
001057 	147 	62 	156 	155 
001058 	147 	62 	156 	155 
001059 	147 	62 	156 	155 
001060 	147 	62 	156 	155 
001061 	130 	62 	156 	155 
001062 	130 	79 	156 	156 
001063 	130 	79 	156 	156 
001064 	130 	79 	156 	156 
001065 	130 	79 	156 	156 
001066 	130 	79 	156 	156 
001067 	130 	79 	156 	156 
001068 	130 	79 	156 	156 
001069 	130 	79 	156 	156 
001070 	130 	79 	156 	156 
001071 	130 	79 	156 	156 
001072 	130 	79 	156 	156 
001073 	130 	79 	156 	156 
001074 	130 	79 	156 	156 
001075 	130 	79 	156 	156 
001076 	130 	79 	156 	156 
001077 	113 	79 	155 	156 
001078 	113 	79 	155 	156 
001079 	113 	79 	155 	156 
001080 	113 	79 	155 	156 
001081 	113 	62 	155 	155 
001082 	113 	62 	155 	155 
001083 	113 	62 	155 	155 
001084 	113 	62 	155 	155 
001085 	113 	44 	155 	156 
001086 	130 	44 	156 	156 
001087 	130 	44 	156 	156 
001088 	130 	44 	156 	156 
001089 	130 	44 	156 	156 
001090 	130 	27 	156 	156 
001091 	130 	27 	156 	156 
001092 	147 	27 	156 	156 
001093 	147 	27 	156 	156 
001094 	147 	27 	156 	156 
001095 	147 	27 	156 	156 
001096 	165 	37 	130 	130 
001097 	165 	37 	130 	130 
001098 	165 	37 	130 	130 
001099 	165 	37 	130 	130 
001100 	165 	37 	130 	130 
001101 	165 	37 	130 	130 
001102 	147 	27 	156 	156 
001103 	147 	44 	156 	156 
001104 	147 	44 	156 	156 
001105 	147 	44 	156 	156 
001106 	147 	44 	156 	156 
001107 	147 	44 	156 	156 
001108 	147 	44 	156 	156 
001109 	147 	44 	156 	156 
001110 	147 	44 	156 	156 
001111 	147 	44 	156 	156 
001112 	147 	44 	156 	156 
001113 	147 	44 	156 	156 
001114 	147 	44 	156 	156 
001115 	147 	44 	156 	156 
001116 	147 	44 	156 	156 
001117 	147 	44 	156 	156 
001118 	147 	44 	156 	156 
001119 	147 	44 	156 	156 
001120 	147 	44 	156 	156 
001121 	165 	66 	130 	130 
001122 	164 	62 	156 	155 
001123 	164 	62 	156 	155 
001124 	164 	44 	156 	156 
001125 	164 	44 	156 	156 
001126 	164 	44 	156 	156 
001127 	181 	44 	156 	156 
001128 	181 	44 	156 	156 
001129 	181 	44 	156 	156 
001130 	181 	44 	156 	156 
001131 	164 	44 	156 	156 
001132 	164 	44 	156 	156 
001133 	164 	44 	156 	156 
001134 	164 	44 	156 	156 
001135 	164 	44 	156 	156 
001136 	164 	44 	156 	156 
001137 	164 	44 	156 	156 
001138 	181 	44 	156 	156 
001139 	181 	44 	156 	156 
001140 	181 	44 	156 	156 
001141 	181 	44 	156 	156 
001142 	181 	44 	156 	156 
001143 	181 	44 	156 	156 
001144 	181 	44 	156 	156 
001145 	181 	44 	156 	156 
001146 	164 	62 	156 	155 
001147 	164 	62 	156 	155 
001148 	164 	44 	156 	156 
001149 	164 	44 	156 	156 
001150 	164 	62 	156 	155 
001151 	164 	62 	156 	155 
001152 	164 	62 	156 	155 
001153 	164 	62 	156 	155 
001154 	164 	62 	156 	155 
001155 	164 	62 	156 	155 
001156 	164 	62 	156 	155 
001157 	164 	62 	156 	155 
001158 	164 	62 	156 	155 
001159 	164 	62 	156 	155 
001160 	164 	62 	156 	155 
001161 	164 	62 	156 	155 
001162 	164 	79 	156 	156 
001163 	164 	79 	156 	156 
001164 	164 	79 	156 	156 
001165 	164 	62 	156 	155 
001166 	164 	62 	156 	155 
001167 	164 	62 	156 	155 
001168 	164 	62 	156 	155 
001169 	147 	79 	156 	156 
001170 	147 	79 	156 	156 
001171 	147 	79 	156 	156 
001172 	147 	79 	156 	156 
001173 	147 	79 	156 	156 
001174 	164 	79 	156 	156 
001175 	164 	79 	156 	156 
001176 	164 	79 	156 	156 
001177 	164 	96 	156 	156 
001178 	164 	96 	156 	156 
001179 	147 	96 	156 	156 
001180 	147 	96 	156 	156 
001181 	147 	96 	156 	156 
001182 	147 	96 	156 	156 
001183 	147 	96 	156 	156 
001184 	147 	96 	156 	156 
001185 	151 	109 	130 	130 
001186 	130 	96 	156 	156 
001187 	130 	96 	156 	156 
001188 	130 	96 	156 	156 
001189 	130 	96 	156 	156 
001190 	130 	96 	156 	156 
001191 	113 	96 	155 	156 
001192 	95 	96 	156 	156 
001193 	95 	96 	156 	156 
001194 	95 	96 	156 	156 
001195 	95 	79 	156 	156 
001196 	113 	79 	155 	156 
001197 	113 	79 	155 	156 
001198 	113 	79 	155 	156 
001199 	95 	79 	156 	156 
001200 	95 	79 	156 	156 
001201 	95 	79 	156 	156 
001202 	95 	79 	156 	156 
001203 	113 	79 	155 	156 
001204 	113 	79 	155 	156 
001205 	113 	79 	155 	156 
001206 	113 	79 	155 	156 
001207 	122 	80 	130 	130 
001208 	122 	80 	130 	130 
001209 	95 	79 	156 	156 
001210 	95 	79 	156 	156 
001211 	78 	79 	156 	156 
001212 	78 	79 	156 	156 
001213 	61 	62 	156 	155 
001214 	61 	62 	156 	155 
001215 	61 	62 	156 	155 
001216 	78 	62 	156 	155 
001217 	78 	62 	156 	155 
001218 	95 	62 	156 	155 
001219 	95 	62 	156 	155 
001220 	113 	62 	155 	155 
001221 	113 	62 	155 	155 
001222 	113 	62 	155 	155 
001223 	113 	62 	155 	155 
001224 	113 	62 	155 	155 
001225 	113 	62 	155 	155 
001226 	113 	62 	155 	155 
001227 	113 	62 	155 	155 
001228 	113 	62 	155 	155 
001229 	113 	62 	155 	155 
001230 	113 	62 	155 	155 
001231 	113 	62 	155 	155 
001232 	95 	62 	156 	155 
001233 	95 	62 	156 	155 
001234 	95 	62 	156 	155 
001235 	95 	62 	156 	155 
001236 	95 	62 	156 	155 
001237 	95 	62 	156 	155 
001238 	95 	62 	156 	155 
001239 	95 	62 	156 	155 
001240 	95 	62 	156 	155 
001241 	95 	62 	156 	155 
001242 	122 	80 	130 	130 
001243 	122 	80 	130 	130 
001244 	122 	80 	130 	130 
001245 	122 	80 	130 	130 
001246 	122 	80 	130 	130 
001247 	122 	80 	130 	130 
001248 	122 	80 	130 	130 
001249 	122 	80 	130 	130 
001250 	122 	80 	130 	130 
001251 	122 	80 	130 	130 
001252 	122 	80 	130 	130 
001253 	113 	62 	155 	155 
001254 	113 	62 	155 	155 
001255 	113 	62 	155 	155 
001256 	113 	62 	155 	155 
001257 	113 	62 	155 	155 
001258 	113 	62 	155 	155 
001259 	122 	80 	130 	130 
001260 	113 	62 	155 	155 
001261 	113 	62 	155 	155 
001262 	113 	62 	155 	155 
001263 	113 	79 	155 	156 
001264 	113 	79 	155 	156 
001265 	113 	79 	155 	156 
001266 	137 	80 	130 	130 
001267 	137 	80 	130 	130 
001268 	137 	80 	130 	130 
001269 	137 	80 	130 	130 
001270 	137 	80 	130 	130 
001271 	137 	80 	130 	130 
001272 	137 	80 	130 	130 
001273 	137 	80 	130 	130 
001274 	137 	80 	130 	130 
001275 	137 	80 	130 	130 
001276 	137 	80 	130 	130 
001277 	137 	80 	130 	130 
001278 	137 	80 	130 	130 
001279 	113 	62 	155 	155 
001280 	113 	62 	155 	155 
001281 	113 	62 	155 	155 
001282 	113 	62 	155 	155 
001283 	113 	62 	155 	155 
001284 	113 	62 	155 	155 
001285 	113 	62 	155 	155 
001286 	113 	62 	155 	155 
001287 	113 	62 	155 	155 
001288 	113 	62 	155 	155 
001289 	113 	62 	155 	155 
001290 	113 	62 	155 	155 
001291 	113 	62 	155 	155 
001292 	113 	62 	155 	155 
001293 	113 	62 	155 	155 
001294 	113 	62 	155 	155 
001295 	113 	62 	155 	155 
001296 	113 	62 	155 	155 
001297 	113 	62 	155 	155 
001298 	113 	62 	155 	155 
001299 	113 	62 	155 	155 
001300 	137 	80 	130 	130 
001301 	137 	80 	130 	130 
001302 	137 	80 	130 	130 
001303 	130 	62 	156 	155 
001304 	130 	62 	156 	155 
001305 	130 	62 	156 	155 
001306 	130 	62 	156 	155 
001307 	130 	79 	156 	156 
001308 	130 	79 	156 	156 
001309 	130 	79 	156 	156 
001310 	130 	62 	156 	155 
001311 	130 	79 	156 	156 
001312 	130 	79 	156 	156 
001313 	147 	62 	156 	155 
001314 	147 	79 	156 	156 
001315 	147 	62 	156 	155 
001316 	147 	62 	156 	155 
001317 	147 	62 	156 	155 
001318 	147 	62 	156 	155 
001319 	147 	62 	156 	155 
001320 	147 	79 	156 	156 
001321 	147 	62 	156 	155 
001322 	147 	62 	156 	155 
001323 	147 	62 	156 	155 
001324 	147 	62 	156 	155 
001325 	147 	62 	156 	155 
001326 	147 	62 	156 	155 
001327 	147 	62 	156 	155 
001328 	147 	62 	156 	155 
001329 	147 	62 	156 	155 
001330 	147 	62 	156 	155 
001331 	147 	62 	156 	155 
001332 	147 	62 	156 	155 
001333 	147 	62 	156 	155 
001334 	147 	62 	156 	155 
001335 	147 	62 	156 	155 
001336 	147 	62 	156 	155 
001337 	147 	62 	156 	155 
001338 	147 	62 	156 	155 
001339 	147 	62 	156 	155 
001340 	147 	62 	156 	155 
001341 	147 	62 	156 	155 
001342 	147 	62 	156 	155 
001343 	147 	62 	156 	155 
001344 	147 	62 	156 	155 
001345 	147 	62 	156 	155 
001346 	147 	62 	156 	155 
001347 	147 	79 	156 	156 
001348 	147 	79 	156 	156 
001349 	147 	79 	156 	156 
001350 	147 	79 	156 	156 
001351 	147 	79 	156 	156 
001352 	165 	109 	130 	130 
001353 	164 	96 	156 	156 
001354 	164 	96 	156 	156 
001355 	164 	96 	156 	156 
001356 	164 	96 	156 	156 
001357 	164 	96 	156 	156 
001358 	164 	96 	156 	156 
001359 	164 	96 	156 	156 
001360 	164 	96 	156 	156 
001361 	164 	96 	156 	156 
001362 	164 	96 	156 	156 
001363 	164 	96 	156 	156 
001364 	164 	79 	156 	156 
001365 	164 	79 	156 	156 
001366 	164 	79 	156 	156 
001367 	164 	79 	156 	156 
001368 	181 	79 	156 	156 
001369 	181 	79 	156 	156 
001370 	181 	79 	156 	156 
001371 	181 	79 	156 	156 
001372 	181 	79 	156 	156 
001373 	181 	79 	156 	156 
001374 	164 	79 	156 	156 
001375 	164 	79 	156 	156 
001376 	164 	79 	156 	156 
001377 	164 	79 	156 	156 
