Identity  : 	id10190
Reference : 	Nsy2DEpkZ3s
Offset    : 	-1
FV Conf   : 	23.080
ASD Conf  : 	7.591

FRAME 	X 	Y 	W 	H 
000660 	254 	55 	90 	91 
000661 	254 	55 	90 	91 
000662 	254 	55 	90 	91 
000663 	254 	55 	90 	91 
000664 	254 	55 	90 	91 
000665 	254 	55 	90 	91 
000666 	254 	55 	90 	91 
000667 	254 	55 	90 	91 
000668 	254 	55 	90 	91 
000669 	254 	55 	90 	91 
000670 	254 	55 	90 	91 
000671 	254 	65 	90 	91 
000672 	254 	65 	90 	91 
000673 	254 	65 	90 	91 
000674 	254 	75 	90 	91 
000675 	254 	75 	90 	91 
000676 	254 	75 	90 	91 
000677 	254 	75 	90 	91 
000678 	254 	75 	90 	91 
000679 	261 	87 	76 	76 
000680 	254 	75 	90 	91 
000681 	261 	87 	76 	76 
000682 	254 	75 	90 	91 
000683 	254 	85 	90 	91 
000684 	254 	75 	90 	91 
000685 	254 	75 	90 	91 
000686 	254 	65 	90 	91 
000687 	264 	65 	90 	91 
000688 	264 	65 	90 	91 
000689 	264 	65 	90 	91 
000690 	269 	71 	76 	75 
000691 	264 	55 	90 	91 
000692 	264 	55 	90 	91 
000693 	264 	55 	90 	91 
000694 	278 	62 	75 	76 
000695 	278 	62 	75 	76 
000696 	278 	62 	75 	76 
000697 	278 	62 	75 	76 
000698 	278 	62 	75 	76 
000699 	274 	55 	90 	91 
000700 	278 	62 	75 	76 
000701 	264 	55 	90 	91 
000702 	264 	55 	90 	91 
000703 	269 	71 	76 	75 
000704 	269 	71 	76 	75 
000705 	254 	65 	90 	91 
000706 	254 	65 	90 	91 
000707 	254 	65 	90 	91 
000708 	254 	65 	90 	91 
000709 	254 	65 	90 	91 
000710 	254 	65 	90 	91 
000711 	254 	65 	90 	91 
000712 	254 	65 	90 	91 
000713 	269 	71 	76 	75 
000714 	269 	71 	76 	75 
000715 	269 	71 	76 	75 
000716 	264 	65 	90 	91 
000717 	269 	71 	76 	75 
000718 	269 	71 	76 	75 
000719 	278 	71 	75 	75 
000720 	278 	71 	75 	75 
000721 	278 	62 	75 	76 
000722 	274 	55 	90 	91 
000723 	274 	55 	90 	91 
000724 	274 	55 	90 	91 
000725 	286 	62 	76 	76 
000726 	286 	62 	76 	76 
000727 	274 	55 	90 	91 
000728 	286 	62 	76 	76 
000729 	286 	62 	76 	76 
000730 	274 	55 	90 	91 
000731 	274 	55 	90 	91 
000732 	274 	65 	90 	91 
000733 	274 	65 	90 	91 
000734 	274 	65 	90 	91 
000735 	284 	65 	90 	91 
000736 	284 	65 	90 	91 
000737 	284 	65 	90 	91 
000738 	284 	65 	90 	91 
000739 	284 	65 	90 	91 
000740 	284 	65 	90 	91 
000741 	284 	65 	90 	91 
000742 	274 	65 	90 	91 
000743 	274 	65 	90 	91 
000744 	278 	79 	75 	76 
000745 	264 	75 	90 	91 
000746 	264 	75 	90 	91 
000747 	264 	65 	90 	91 
000748 	264 	65 	90 	91 
000749 	264 	65 	90 	91 
000750 	274 	65 	90 	91 
000751 	274 	65 	90 	91 
000752 	286 	71 	76 	75 
000753 	284 	65 	90 	91 
000754 	284 	65 	90 	91 
000755 	286 	79 	76 	76 
000756 	286 	79 	76 	76 
000757 	274 	65 	90 	91 
000758 	278 	79 	75 	76 
000759 	278 	79 	75 	76 
000760 	278 	71 	75 	75 
000761 	278 	79 	75 	76 
000762 	274 	65 	90 	91 
000763 	274 	65 	90 	91 
000764 	278 	71 	75 	75 
000765 	278 	71 	75 	75 
000766 	278 	71 	75 	75 
000767 	264 	55 	90 	91 
000768 	264 	55 	90 	91 
000769 	264 	55 	90 	91 
000770 	264 	55 	90 	91 
000771 	264 	55 	90 	91 
000772 	264 	55 	90 	91 
000773 	278 	71 	75 	75 
000774 	278 	71 	75 	75 
000775 	278 	71 	75 	75 
000776 	264 	65 	90 	91 
000777 	264 	65 	90 	91 
000778 	264 	65 	90 	91 
000779 	264 	65 	90 	91 
000780 	264 	65 	90 	91 
000781 	264 	65 	90 	91 
000782 	264 	65 	90 	91 
000783 	264 	65 	90 	91 
000784 	274 	65 	90 	91 
000785 	274 	65 	90 	91 
000786 	278 	71 	75 	75 
000787 	278 	71 	75 	75 
000788 	274 	65 	90 	91 
000789 	274 	65 	90 	91 
000790 	274 	65 	90 	91 
000791 	274 	65 	90 	91 
000792 	274 	65 	90 	91 
000793 	274 	65 	90 	91 
000794 	274 	65 	90 	91 
000795 	286 	71 	76 	75 
000796 	286 	71 	76 	75 
000797 	286 	71 	76 	75 
000798 	286 	71 	76 	75 
000799 	286 	62 	76 	76 
000800 	286 	71 	76 	75 
000801 	286 	71 	76 	75 
000802 	274 	65 	90 	91 
000803 	274 	65 	90 	91 
000804 	274 	65 	90 	91 
000805 	286 	71 	76 	75 
000806 	274 	65 	90 	91 
000807 	274 	65 	90 	91 
000808 	286 	71 	76 	75 
000809 	274 	65 	90 	91 
000810 	274 	65 	90 	91 
000811 	274 	65 	90 	91 
000812 	274 	65 	90 	91 
000813 	278 	71 	75 	75 
000814 	278 	71 	75 	75 
000815 	278 	62 	75 	76 
000816 	278 	62 	75 	76 
000817 	278 	62 	75 	76 
000818 	264 	55 	90 	91 
000819 	264 	55 	90 	91 
000820 	264 	55 	90 	91 
000821 	264 	55 	90 	91 
000822 	264 	55 	90 	91 
000823 	264 	55 	90 	91 
000824 	264 	55 	90 	91 
000825 	264 	55 	90 	91 
000826 	264 	55 	90 	91 
000827 	264 	55 	90 	91 
000828 	278 	71 	75 	75 
000829 	278 	71 	75 	75 
000830 	278 	71 	75 	75 
000831 	278 	71 	75 	75 
000832 	278 	71 	75 	75 
000833 	278 	71 	75 	75 
000834 	278 	71 	75 	75 
000835 	278 	71 	75 	75 
000836 	278 	71 	75 	75 
000837 	278 	71 	75 	75 
000838 	278 	71 	75 	75 
000839 	278 	71 	75 	75 
000840 	286 	71 	76 	75 
000841 	274 	65 	90 	91 
000842 	286 	71 	76 	75 
000843 	286 	71 	76 	75 
000844 	286 	71 	76 	75 
000845 	286 	62 	76 	76 
000846 	286 	62 	76 	76 
000847 	286 	62 	76 	76 
000848 	286 	62 	76 	76 
000849 	286 	62 	76 	76 
000850 	286 	71 	76 	75 
000851 	286 	71 	76 	75 
000852 	294 	71 	76 	75 
000853 	294 	62 	76 	76 
000854 	294 	62 	76 	76 
000855 	294 	71 	76 	75 
000856 	294 	71 	76 	75 
000857 	294 	71 	76 	75 
000858 	294 	71 	76 	75 
000859 	294 	71 	76 	75 
000860 	286 	71 	76 	75 
000861 	284 	65 	90 	91 
000862 	284 	65 	90 	91 
000863 	284 	65 	90 	91 
000864 	284 	65 	90 	91 
000865 	284 	65 	90 	91 
000866 	284 	65 	90 	91 
000867 	284 	65 	90 	91 
000868 	284 	65 	90 	91 
000869 	284 	65 	90 	91 
000870 	284 	65 	90 	91 
000871 	294 	71 	76 	75 
000872 	294 	71 	76 	75 
000873 	294 	71 	76 	75 
000874 	294 	71 	76 	75 
000875 	284 	65 	90 	91 
000876 	286 	79 	76 	76 
000877 	286 	79 	76 	76 
000878 	286 	79 	76 	76 
000879 	286 	79 	76 	76 
000880 	286 	79 	76 	76 
000881 	286 	79 	76 	76 
000882 	274 	75 	90 	91 
000883 	274 	75 	90 	91 
000884 	278 	79 	75 	76 
000885 	278 	79 	75 	76 
000886 	278 	79 	75 	76 
000887 	278 	79 	75 	76 
000888 	269 	79 	76 	76 
000889 	269 	79 	76 	76 
000890 	269 	79 	76 	76 
000891 	269 	79 	76 	76 
000892 	269 	79 	76 	76 
000893 	261 	87 	76 	76 
000894 	254 	75 	90 	91 
000895 	261 	79 	76 	76 
000896 	261 	79 	76 	76 
000897 	261 	79 	76 	76 
000898 	254 	75 	90 	91 
000899 	254 	65 	90 	91 
000900 	254 	65 	90 	91 
000901 	254 	65 	90 	91 
000902 	254 	65 	90 	91 
000903 	254 	65 	90 	91 
000904 	269 	71 	76 	75 
000905 	269 	71 	76 	75 
000906 	264 	55 	90 	91 
000907 	264 	55 	90 	91 
