Identity  : 	id10846
Reference : 	HZhXN50uD4A
Offset    : 	-3
FV Conf   : 	20.412
ASD Conf  : 	8.009

FRAME 	X 	Y 	W 	H 
003679 	212 	89 	224 	224 
003680 	212 	89 	224 	224 
003681 	212 	89 	224 	224 
003682 	212 	89 	224 	224 
003683 	212 	89 	224 	224 
003684 	212 	89 	224 	224 
003685 	212 	89 	224 	224 
003686 	212 	89 	224 	224 
003687 	212 	89 	224 	224 
003688 	212 	89 	224 	224 
003689 	212 	89 	224 	224 
003690 	212 	89 	224 	224 
003691 	212 	89 	224 	224 
003692 	212 	89 	224 	224 
003693 	212 	89 	224 	224 
003694 	212 	89 	224 	224 
003695 	218 	95 	187 	186 
003696 	218 	95 	187 	186 
003697 	218 	95 	187 	186 
003698 	218 	95 	187 	186 
003699 	218 	95 	187 	186 
003700 	218 	95 	187 	186 
003701 	218 	95 	187 	186 
003702 	218 	95 	187 	186 
003703 	188 	89 	224 	224 
003704 	188 	89 	224 	224 
003705 	188 	89 	224 	224 
003706 	188 	89 	224 	224 
003707 	188 	89 	224 	224 
003708 	188 	89 	224 	224 
003709 	188 	89 	224 	224 
003710 	188 	89 	224 	224 
003711 	188 	89 	224 	224 
003712 	188 	89 	224 	224 
003713 	188 	89 	224 	224 
003714 	188 	89 	224 	224 
003715 	188 	89 	224 	224 
003716 	188 	89 	224 	224 
003717 	188 	89 	224 	224 
003718 	188 	89 	224 	224 
003719 	188 	89 	224 	224 
003720 	188 	89 	224 	224 
003721 	188 	89 	224 	224 
003722 	188 	89 	224 	224 
003723 	188 	89 	224 	224 
003724 	188 	89 	224 	224 
003725 	188 	89 	224 	224 
003726 	188 	89 	224 	224 
003727 	188 	89 	224 	224 
003728 	188 	89 	224 	224 
003729 	188 	89 	224 	224 
003730 	188 	89 	224 	224 
003731 	188 	89 	224 	224 
003732 	188 	89 	224 	224 
003733 	188 	89 	224 	224 
003734 	188 	89 	224 	224 
003735 	188 	89 	224 	224 
003736 	188 	89 	224 	224 
003737 	188 	89 	224 	224 
003738 	188 	89 	224 	224 
003739 	188 	89 	224 	224 
003740 	218 	95 	187 	186 
003741 	218 	95 	187 	186 
003742 	218 	95 	187 	186 
003743 	218 	95 	187 	186 
003744 	218 	95 	187 	186 
003745 	218 	95 	187 	186 
003746 	218 	95 	187 	186 
003747 	218 	95 	187 	186 
003748 	218 	95 	187 	186 
003749 	218 	95 	187 	186 
003750 	218 	95 	187 	186 
003751 	218 	95 	187 	186 
003752 	218 	95 	187 	186 
003753 	218 	95 	187 	186 
003754 	218 	95 	187 	186 
003755 	218 	95 	187 	186 
003756 	218 	95 	187 	186 
003757 	218 	95 	187 	186 
003758 	218 	95 	187 	186 
003759 	218 	95 	187 	186 
003760 	218 	95 	187 	186 
003761 	218 	95 	187 	186 
003762 	218 	95 	187 	186 
003763 	218 	95 	187 	186 
003764 	218 	95 	187 	186 
003765 	218 	95 	187 	186 
003766 	218 	95 	187 	186 
003767 	218 	95 	187 	186 
003768 	218 	95 	187 	186 
003769 	218 	95 	187 	186 
003770 	218 	95 	187 	186 
003771 	218 	95 	187 	186 
003772 	218 	95 	187 	186 
003773 	218 	95 	187 	186 
003774 	218 	95 	187 	186 
003775 	218 	95 	187 	186 
003776 	218 	95 	187 	186 
003777 	218 	95 	187 	186 
003778 	218 	95 	187 	186 
003779 	218 	95 	187 	186 
003780 	218 	95 	187 	186 
003781 	218 	95 	187 	186 
003782 	218 	95 	187 	186 
003783 	218 	95 	187 	186 
003784 	218 	95 	187 	186 
003785 	218 	95 	187 	186 
003786 	218 	95 	187 	186 
003787 	218 	95 	187 	186 
003788 	218 	115 	187 	187 
003789 	218 	115 	187 	187 
003790 	218 	115 	187 	187 
003791 	218 	115 	187 	187 
003792 	218 	115 	187 	187 
003793 	218 	95 	187 	186 
003794 	218 	95 	187 	186 
003795 	218 	95 	187 	186 
003796 	218 	95 	187 	186 
003797 	218 	95 	187 	186 
003798 	218 	95 	187 	186 
003799 	218 	95 	187 	186 
003800 	218 	95 	187 	186 
003801 	218 	95 	187 	186 
003802 	212 	89 	224 	224 
003803 	218 	95 	187 	186 
003804 	212 	89 	224 	224 
003805 	212 	89 	224 	224 
003806 	212 	89 	224 	224 
003807 	212 	89 	224 	224 
003808 	212 	89 	224 	224 
003809 	218 	115 	187 	187 
003810 	218 	115 	187 	187 
003811 	218 	115 	187 	187 
003812 	218 	115 	187 	187 
003813 	218 	115 	187 	187 
003814 	218 	115 	187 	187 
003815 	218 	115 	187 	187 
003816 	218 	115 	187 	187 
003817 	218 	115 	187 	187 
003818 	218 	115 	187 	187 
003819 	218 	115 	187 	187 
003820 	218 	115 	187 	187 
003821 	218 	115 	187 	187 
003822 	218 	136 	187 	187 
003823 	218 	136 	187 	187 
003824 	218 	136 	187 	187 
003825 	218 	115 	187 	187 
003826 	218 	115 	187 	187 
003827 	218 	115 	187 	187 
003828 	218 	115 	187 	187 
003829 	218 	115 	187 	187 
003830 	218 	115 	187 	187 
003831 	218 	115 	187 	187 
003832 	218 	115 	187 	187 
003833 	218 	115 	187 	187 
003834 	212 	89 	224 	224 
003835 	212 	89 	224 	224 
003836 	212 	89 	224 	224 
003837 	212 	89 	224 	224 
003838 	212 	89 	224 	224 
003839 	218 	95 	187 	186 
003840 	218 	95 	187 	186 
003841 	218 	95 	187 	186 
003842 	218 	95 	187 	186 
003843 	218 	95 	187 	186 
003844 	218 	95 	187 	186 
003845 	218 	115 	187 	187 
003846 	218 	115 	187 	187 
003847 	218 	115 	187 	187 
003848 	218 	115 	187 	187 
003849 	218 	115 	187 	187 
003850 	218 	115 	187 	187 
003851 	218 	115 	187 	187 
003852 	218 	115 	187 	187 
003853 	188 	114 	224 	224 
003854 	188 	114 	224 	224 
003855 	188 	114 	224 	224 
003856 	188 	114 	224 	224 
003857 	197 	115 	187 	187 
003858 	197 	115 	187 	187 
003859 	197 	115 	187 	187 
003860 	188 	89 	224 	224 
003861 	188 	89 	224 	224 
003862 	188 	89 	224 	224 
003863 	188 	89 	224 	224 
003864 	188 	89 	224 	224 
003865 	188 	89 	224 	224 
003866 	188 	89 	224 	224 
003867 	188 	89 	224 	224 
003868 	188 	89 	224 	224 
003869 	188 	89 	224 	224 
003870 	188 	89 	224 	224 
003871 	188 	89 	224 	224 
003872 	188 	89 	224 	224 
003873 	218 	115 	187 	187 
003874 	218 	115 	187 	187 
003875 	218 	115 	187 	187 
003876 	218 	115 	187 	187 
003877 	218 	115 	187 	187 
003878 	218 	115 	187 	187 
003879 	218 	115 	187 	187 
003880 	218 	115 	187 	187 
003881 	188 	114 	224 	224 
003882 	188 	114 	224 	224 
003883 	188 	114 	224 	224 
003884 	218 	115 	187 	187 
003885 	218 	115 	187 	187 
003886 	188 	89 	224 	224 
003887 	188 	89 	224 	224 
003888 	188 	89 	224 	224 
003889 	188 	89 	224 	224 
003890 	188 	89 	224 	224 
003891 	188 	89 	224 	224 
003892 	188 	89 	224 	224 
003893 	197 	115 	187 	187 
003894 	188 	89 	224 	224 
003895 	188 	89 	224 	224 
003896 	197 	115 	187 	187 
003897 	197 	115 	187 	187 
003898 	197 	115 	187 	187 
003899 	188 	89 	224 	224 
003900 	188 	89 	224 	224 
003901 	218 	115 	187 	187 
003902 	218 	115 	187 	187 
003903 	218 	115 	187 	187 
003904 	218 	115 	187 	187 
003905 	188 	89 	224 	224 
003906 	188 	89 	224 	224 
003907 	188 	89 	224 	224 
003908 	218 	115 	187 	187 
003909 	218 	115 	187 	187 
003910 	218 	115 	187 	187 
003911 	218 	115 	187 	187 
003912 	218 	115 	187 	187 
003913 	218 	115 	187 	187 
003914 	218 	115 	187 	187 
003915 	218 	115 	187 	187 
003916 	218 	115 	187 	187 
003917 	218 	115 	187 	187 
003918 	218 	115 	187 	187 
003919 	218 	115 	187 	187 
003920 	218 	115 	187 	187 
003921 	218 	115 	187 	187 
003922 	218 	115 	187 	187 
003923 	218 	115 	187 	187 
003924 	218 	115 	187 	187 
003925 	218 	115 	187 	187 
003926 	218 	115 	187 	187 
003927 	218 	115 	187 	187 
003928 	218 	115 	187 	187 
003929 	218 	115 	187 	187 
003930 	218 	115 	187 	187 
003931 	218 	115 	187 	187 
003932 	218 	115 	187 	187 
003933 	218 	115 	187 	187 
003934 	218 	115 	187 	187 
003935 	218 	115 	187 	187 
003936 	218 	115 	187 	187 
003937 	218 	115 	187 	187 
003938 	218 	115 	187 	187 
003939 	218 	115 	187 	187 
003940 	218 	115 	187 	187 
003941 	218 	115 	187 	187 
003942 	218 	115 	187 	187 
003943 	218 	115 	187 	187 
003944 	218 	115 	187 	187 
003945 	218 	115 	187 	187 
003946 	218 	115 	187 	187 
003947 	218 	115 	187 	187 
003948 	218 	115 	187 	187 
003949 	218 	115 	187 	187 
003950 	218 	115 	187 	187 
003951 	218 	115 	187 	187 
003952 	218 	115 	187 	187 
003953 	218 	115 	187 	187 
003954 	218 	115 	187 	187 
003955 	218 	115 	187 	187 
003956 	218 	115 	187 	187 
003957 	218 	115 	187 	187 
003958 	188 	114 	224 	224 
003959 	197 	115 	187 	187 
003960 	197 	115 	187 	187 
003961 	197 	136 	187 	187 
003962 	197 	136 	187 	187 
003963 	197 	136 	187 	187 
003964 	197 	136 	187 	187 
003965 	218 	136 	187 	187 
003966 	218 	136 	187 	187 
003967 	218 	136 	187 	187 
003968 	239 	136 	186 	187 
003969 	239 	136 	186 	187 
003970 	212 	114 	224 	224 
003971 	212 	114 	224 	224 
003972 	212 	114 	224 	224 
003973 	212 	114 	224 	224 
003974 	212 	114 	224 	224 
003975 	218 	115 	187 	187 
003976 	218 	115 	187 	187 
003977 	218 	115 	187 	187 
003978 	218 	115 	187 	187 
003979 	218 	115 	187 	187 
003980 	218 	115 	187 	187 
003981 	218 	115 	187 	187 
003982 	218 	115 	187 	187 
003983 	218 	115 	187 	187 
003984 	218 	115 	187 	187 
003985 	218 	115 	187 	187 
003986 	218 	115 	187 	187 
003987 	218 	115 	187 	187 
003988 	188 	89 	224 	224 
003989 	188 	89 	224 	224 
003990 	188 	89 	224 	224 
003991 	188 	89 	224 	224 
003992 	188 	89 	224 	224 
003993 	188 	89 	224 	224 
003994 	188 	89 	224 	224 
003995 	188 	89 	224 	224 
003996 	188 	89 	224 	224 
003997 	218 	115 	187 	187 
003998 	218 	115 	187 	187 
003999 	218 	115 	187 	187 
004000 	218 	115 	187 	187 
004001 	218 	115 	187 	187 
004002 	218 	115 	187 	187 
004003 	218 	115 	187 	187 
004004 	218 	115 	187 	187 
004005 	218 	115 	187 	187 
004006 	218 	115 	187 	187 
004007 	218 	115 	187 	187 
004008 	218 	115 	187 	187 
004009 	218 	115 	187 	187 
004010 	218 	115 	187 	187 
004011 	218 	115 	187 	187 
004012 	218 	115 	187 	187 
004013 	218 	115 	187 	187 
004014 	218 	115 	187 	187 
004015 	218 	115 	187 	187 
004016 	218 	115 	187 	187 
004017 	218 	115 	187 	187 
004018 	218 	115 	187 	187 
004019 	218 	115 	187 	187 
004020 	188 	114 	224 	224 
004021 	218 	136 	187 	187 
004022 	218 	136 	187 	187 
004023 	218 	136 	187 	187 
004024 	218 	136 	187 	187 
004025 	218 	136 	187 	187 
004026 	218 	136 	187 	187 
004027 	218 	136 	187 	187 
004028 	218 	136 	187 	187 
004029 	188 	114 	224 	224 
004030 	188 	114 	224 	224 
004031 	188 	114 	224 	224 
004032 	188 	114 	224 	224 
004033 	188 	114 	224 	224 
004034 	188 	114 	224 	224 
004035 	218 	115 	187 	187 
004036 	218 	115 	187 	187 
004037 	218 	115 	187 	187 
004038 	218 	115 	187 	187 
004039 	218 	115 	187 	187 
004040 	218 	115 	187 	187 
004041 	218 	115 	187 	187 
004042 	218 	115 	187 	187 
004043 	218 	115 	187 	187 
004044 	218 	115 	187 	187 
004045 	218 	115 	187 	187 
004046 	218 	115 	187 	187 
004047 	218 	115 	187 	187 
004048 	218 	115 	187 	187 
004049 	218 	115 	187 	187 
004050 	218 	115 	187 	187 
004051 	218 	115 	187 	187 
004052 	188 	89 	224 	224 
004053 	188 	89 	224 	224 
004054 	218 	95 	187 	186 
004055 	218 	95 	187 	186 
004056 	218 	95 	187 	186 
004057 	218 	95 	187 	186 
004058 	218 	115 	187 	187 
004059 	218 	115 	187 	187 
004060 	218 	115 	187 	187 
004061 	218 	115 	187 	187 
004062 	218 	115 	187 	187 
004063 	218 	115 	187 	187 
004064 	218 	115 	187 	187 
004065 	218 	115 	187 	187 
004066 	218 	115 	187 	187 
004067 	218 	115 	187 	187 
004068 	218 	115 	187 	187 
004069 	212 	89 	224 	224 
004070 	212 	89 	224 	224 
004071 	218 	115 	187 	187 
004072 	218 	115 	187 	187 
004073 	218 	115 	187 	187 
004074 	218 	115 	187 	187 
004075 	218 	115 	187 	187 
004076 	218 	115 	187 	187 
004077 	218 	115 	187 	187 
004078 	218 	115 	187 	187 
004079 	212 	89 	224 	224 
004080 	212 	89 	224 	224 
004081 	212 	89 	224 	224 
004082 	212 	89 	224 	224 
004083 	212 	89 	224 	224 
004084 	218 	115 	187 	187 
004085 	218 	115 	187 	187 
004086 	218 	115 	187 	187 
004087 	218 	115 	187 	187 
004088 	218 	115 	187 	187 
004089 	218 	115 	187 	187 
004090 	218 	115 	187 	187 
004091 	218 	115 	187 	187 
004092 	218 	115 	187 	187 
004093 	218 	115 	187 	187 
004094 	218 	115 	187 	187 
004095 	218 	115 	187 	187 
004096 	218 	115 	187 	187 
004097 	218 	115 	187 	187 
004098 	218 	115 	187 	187 
004099 	218 	115 	187 	187 
004100 	218 	115 	187 	187 
004101 	218 	115 	187 	187 
004102 	218 	115 	187 	187 
004103 	218 	115 	187 	187 
004104 	218 	115 	187 	187 
004105 	218 	115 	187 	187 
004106 	218 	115 	187 	187 
004107 	212 	89 	224 	224 
004108 	239 	115 	186 	187 
004109 	239 	115 	186 	187 
004110 	239 	115 	186 	187 
004111 	239 	115 	186 	187 
004112 	239 	115 	186 	187 
004113 	239 	115 	186 	187 
004114 	239 	115 	186 	187 
004115 	239 	115 	186 	187 
004116 	239 	115 	186 	187 
004117 	239 	115 	186 	187 
004118 	239 	115 	186 	187 
004119 	239 	115 	186 	187 
004120 	239 	115 	186 	187 
004121 	239 	115 	186 	187 
004122 	212 	114 	224 	224 
004123 	239 	115 	186 	187 
004124 	212 	114 	224 	224 
004125 	212 	114 	224 	224 
004126 	239 	115 	186 	187 
004127 	239 	115 	186 	187 
004128 	239 	115 	186 	187 
004129 	212 	114 	224 	224 
004130 	212 	114 	224 	224 
004131 	212 	114 	224 	224 
004132 	212 	114 	224 	224 
004133 	212 	114 	224 	224 
004134 	218 	115 	187 	187 
004135 	218 	115 	187 	187 
004136 	218 	115 	187 	187 
004137 	218 	115 	187 	187 
004138 	218 	115 	187 	187 
004139 	218 	115 	187 	187 
004140 	218 	115 	187 	187 
004141 	218 	115 	187 	187 
004142 	218 	115 	187 	187 
004143 	218 	115 	187 	187 
004144 	218 	115 	187 	187 
004145 	218 	115 	187 	187 
004146 	218 	115 	187 	187 
004147 	218 	115 	187 	187 
004148 	218 	115 	187 	187 
004149 	218 	115 	187 	187 
004150 	218 	136 	187 	187 
004151 	218 	136 	187 	187 
004152 	212 	114 	224 	224 
004153 	218 	115 	187 	187 
004154 	218 	115 	187 	187 
004155 	218 	115 	187 	187 
004156 	218 	115 	187 	187 
004157 	218 	115 	187 	187 
004158 	218 	115 	187 	187 
004159 	218 	115 	187 	187 
004160 	218 	136 	187 	187 
004161 	218 	136 	187 	187 
004162 	218 	136 	187 	187 
004163 	218 	136 	187 	187 
004164 	218 	136 	187 	187 
004165 	218 	136 	187 	187 
004166 	218 	136 	187 	187 
004167 	218 	136 	187 	187 
004168 	218 	136 	187 	187 
004169 	218 	136 	187 	187 
004170 	188 	114 	224 	224 
004171 	188 	114 	224 	224 
004172 	188 	114 	224 	224 
004173 	188 	114 	224 	224 
004174 	188 	114 	224 	224 
004175 	188 	114 	224 	224 
004176 	188 	114 	224 	224 
004177 	188 	89 	224 	224 
004178 	197 	115 	187 	187 
004179 	197 	115 	187 	187 
004180 	197 	115 	187 	187 
004181 	197 	115 	187 	187 
004182 	197 	115 	187 	187 
004183 	197 	115 	187 	187 
004184 	163 	89 	224 	224 
004185 	163 	89 	224 	224 
004186 	197 	95 	187 	186 
004187 	197 	95 	187 	186 
004188 	188 	89 	224 	224 
004189 	188 	89 	224 	224 
004190 	188 	89 	224 	224 
004191 	188 	89 	224 	224 
004192 	188 	89 	224 	224 
004193 	188 	89 	224 	224 
004194 	188 	89 	224 	224 
004195 	188 	89 	224 	224 
004196 	188 	89 	224 	224 
004197 	188 	89 	224 	224 
004198 	188 	89 	224 	224 
004199 	188 	89 	224 	224 
004200 	197 	95 	187 	186 
004201 	197 	95 	187 	186 
004202 	197 	95 	187 	186 
004203 	197 	95 	187 	186 
004204 	197 	115 	187 	187 
004205 	197 	115 	187 	187 
004206 	197 	115 	187 	187 
004207 	197 	115 	187 	187 
004208 	197 	115 	187 	187 
004209 	197 	115 	187 	187 
004210 	197 	115 	187 	187 
004211 	197 	115 	187 	187 
004212 	197 	115 	187 	187 
004213 	197 	115 	187 	187 
004214 	197 	115 	187 	187 
004215 	197 	115 	187 	187 
004216 	197 	115 	187 	187 
004217 	197 	115 	187 	187 
004218 	197 	115 	187 	187 
004219 	197 	115 	187 	187 
004220 	197 	136 	187 	187 
004221 	197 	136 	187 	187 
004222 	197 	136 	187 	187 
004223 	197 	115 	187 	187 
004224 	197 	115 	187 	187 
004225 	163 	89 	224 	224 
004226 	177 	115 	187 	187 
004227 	177 	115 	187 	187 
004228 	177 	95 	187 	186 
004229 	177 	95 	187 	186 
004230 	177 	95 	187 	186 
004231 	177 	95 	187 	186 
004232 	177 	95 	187 	186 
004233 	177 	95 	187 	186 
004234 	177 	95 	187 	186 
004235 	163 	89 	224 	224 
004236 	163 	89 	224 	224 
004237 	163 	89 	224 	224 
004238 	197 	115 	187 	187 
004239 	197 	115 	187 	187 
004240 	197 	95 	187 	186 
004241 	197 	95 	187 	186 
004242 	197 	95 	187 	186 
004243 	197 	95 	187 	186 
004244 	197 	95 	187 	186 
004245 	197 	95 	187 	186 
004246 	197 	95 	187 	186 
004247 	197 	95 	187 	186 
004248 	163 	64 	224 	224 
004249 	197 	95 	187 	186 
004250 	197 	95 	187 	186 
004251 	197 	95 	187 	186 
004252 	197 	95 	187 	186 
004253 	197 	95 	187 	186 
004254 	197 	95 	187 	186 
004255 	197 	95 	187 	186 
004256 	197 	95 	187 	186 
004257 	197 	95 	187 	186 
004258 	197 	95 	187 	186 
004259 	197 	95 	187 	186 
004260 	197 	95 	187 	186 
004261 	197 	95 	187 	186 
004262 	197 	95 	187 	186 
004263 	197 	95 	187 	186 
004264 	197 	95 	187 	186 
004265 	197 	95 	187 	186 
004266 	197 	95 	187 	186 
004267 	197 	95 	187 	186 
004268 	197 	95 	187 	186 
004269 	197 	95 	187 	186 
004270 	197 	95 	187 	186 
004271 	197 	95 	187 	186 
004272 	197 	95 	187 	186 
004273 	218 	95 	187 	186 
004274 	218 	95 	187 	186 
004275 	218 	95 	187 	186 
004276 	218 	95 	187 	186 
004277 	218 	95 	187 	186 
004278 	218 	95 	187 	186 
004279 	218 	95 	187 	186 
004280 	218 	95 	187 	186 
004281 	218 	95 	187 	186 
004282 	218 	95 	187 	186 
004283 	218 	95 	187 	186 
004284 	218 	95 	187 	186 
004285 	218 	95 	187 	186 
004286 	218 	95 	187 	186 
004287 	218 	95 	187 	186 
004288 	218 	95 	187 	186 
004289 	218 	95 	187 	186 
004290 	218 	95 	187 	186 
004291 	218 	95 	187 	186 
004292 	218 	95 	187 	186 
004293 	218 	74 	187 	187 
004294 	218 	74 	187 	187 
004295 	218 	74 	187 	187 
004296 	218 	74 	187 	187 
004297 	188 	64 	224 	224 
004298 	188 	64 	224 	224 
004299 	188 	64 	224 	224 
004300 	188 	64 	224 	224 
004301 	188 	64 	224 	224 
004302 	188 	64 	224 	224 
004303 	188 	64 	224 	224 
004304 	188 	64 	224 	224 
004305 	218 	95 	187 	186 
004306 	188 	64 	224 	224 
004307 	188 	64 	224 	224 
004308 	188 	64 	224 	224 
004309 	188 	64 	224 	224 
004310 	197 	95 	187 	186 
004311 	197 	95 	187 	186 
004312 	197 	95 	187 	186 
004313 	197 	95 	187 	186 
004314 	197 	95 	187 	186 
004315 	197 	95 	187 	186 
004316 	188 	64 	224 	224 
004317 	197 	95 	187 	186 
004318 	197 	95 	187 	186 
004319 	197 	95 	187 	186 
004320 	188 	64 	224 	224 
004321 	218 	95 	187 	186 
004322 	188 	89 	224 	224 
004323 	218 	115 	187 	187 
004324 	218 	115 	187 	187 
004325 	218 	115 	187 	187 
004326 	218 	115 	187 	187 
004327 	218 	115 	187 	187 
004328 	218 	115 	187 	187 
004329 	218 	115 	187 	187 
004330 	218 	115 	187 	187 
004331 	218 	115 	187 	187 
004332 	218 	115 	187 	187 
004333 	218 	115 	187 	187 
004334 	218 	115 	187 	187 
004335 	218 	115 	187 	187 
004336 	218 	115 	187 	187 
004337 	218 	115 	187 	187 
004338 	218 	115 	187 	187 
004339 	212 	89 	224 	224 
004340 	218 	95 	187 	186 
004341 	218 	95 	187 	186 
004342 	218 	95 	187 	186 
004343 	218 	95 	187 	186 
004344 	212 	89 	224 	224 
004345 	212 	89 	224 	224 
004346 	212 	89 	224 	224 
004347 	212 	89 	224 	224 
004348 	212 	89 	224 	224 
004349 	212 	89 	224 	224 
004350 	212 	89 	224 	224 
004351 	212 	89 	224 	224 
004352 	212 	89 	224 	224 
004353 	212 	89 	224 	224 
004354 	212 	89 	224 	224 
004355 	212 	89 	224 	224 
004356 	212 	89 	224 	224 
004357 	212 	89 	224 	224 
004358 	212 	89 	224 	224 
004359 	212 	89 	224 	224 
004360 	218 	95 	187 	186 
004361 	218 	95 	187 	186 
004362 	218 	95 	187 	186 
004363 	218 	95 	187 	186 
004364 	218 	95 	187 	186 
004365 	218 	95 	187 	186 
004366 	218 	95 	187 	186 
004367 	218 	95 	187 	186 
004368 	218 	95 	187 	186 
004369 	212 	89 	224 	224 
004370 	212 	89 	224 	224 
004371 	212 	89 	224 	224 
004372 	212 	89 	224 	224 
004373 	218 	115 	187 	187 
004374 	218 	115 	187 	187 
004375 	218 	115 	187 	187 
004376 	218 	115 	187 	187 
004377 	218 	115 	187 	187 
004378 	218 	115 	187 	187 
004379 	218 	115 	187 	187 
004380 	218 	115 	187 	187 
004381 	218 	95 	187 	186 
004382 	218 	95 	187 	186 
004383 	218 	95 	187 	186 
004384 	218 	95 	187 	186 
004385 	218 	95 	187 	186 
004386 	218 	95 	187 	186 
004387 	188 	89 	224 	224 
004388 	188 	89 	224 	224 
004389 	218 	115 	187 	187 
004390 	218 	115 	187 	187 
004391 	188 	89 	224 	224 
004392 	188 	89 	224 	224 
004393 	188 	89 	224 	224 
004394 	188 	89 	224 	224 
004395 	188 	89 	224 	224 
004396 	197 	95 	187 	186 
004397 	163 	64 	224 	224 
004398 	163 	64 	224 	224 
004399 	163 	64 	224 	224 
004400 	163 	64 	224 	224 
004401 	163 	64 	224 	224 
004402 	163 	64 	224 	224 
004403 	197 	95 	187 	186 
004404 	197 	95 	187 	186 
004405 	197 	95 	187 	186 
004406 	197 	115 	187 	187 
004407 	197 	115 	187 	187 
004408 	197 	115 	187 	187 
004409 	197 	115 	187 	187 
004410 	197 	115 	187 	187 
004411 	197 	115 	187 	187 
004412 	197 	115 	187 	187 
004413 	197 	115 	187 	187 
004414 	197 	115 	187 	187 
004415 	197 	115 	187 	187 
004416 	197 	115 	187 	187 
004417 	197 	115 	187 	187 
004418 	197 	115 	187 	187 
004419 	197 	115 	187 	187 
004420 	197 	115 	187 	187 
004421 	197 	115 	187 	187 
004422 	188 	89 	224 	224 
004423 	197 	95 	187 	186 
004424 	197 	95 	187 	186 
004425 	197 	95 	187 	186 
004426 	197 	95 	187 	186 
004427 	197 	95 	187 	186 
004428 	197 	95 	187 	186 
004429 	163 	64 	224 	224 
004430 	163 	64 	224 	224 
004431 	163 	64 	224 	224 
004432 	163 	64 	224 	224 
004433 	163 	89 	224 	224 
004434 	163 	89 	224 	224 
004435 	163 	89 	224 	224 
004436 	163 	89 	224 	224 
004437 	163 	89 	224 	224 
004438 	163 	89 	224 	224 
004439 	163 	89 	224 	224 
004440 	163 	89 	224 	224 
004441 	163 	89 	224 	224 
004442 	163 	89 	224 	224 
004443 	163 	89 	224 	224 
004444 	163 	89 	224 	224 
004445 	163 	89 	224 	224 
004446 	163 	89 	224 	224 
004447 	163 	89 	224 	224 
004448 	163 	89 	224 	224 
004449 	163 	89 	224 	224 
004450 	163 	89 	224 	224 
004451 	163 	89 	224 	224 
004452 	163 	89 	224 	224 
004453 	163 	89 	224 	224 
004454 	163 	89 	224 	224 
004455 	197 	115 	187 	187 
004456 	197 	115 	187 	187 
004457 	197 	115 	187 	187 
004458 	197 	115 	187 	187 
004459 	197 	115 	187 	187 
004460 	197 	115 	187 	187 
004461 	197 	115 	187 	187 
004462 	197 	115 	187 	187 
004463 	197 	115 	187 	187 
004464 	197 	115 	187 	187 
004465 	163 	89 	224 	224 
004466 	163 	89 	224 	224 
004467 	163 	89 	224 	224 
004468 	197 	115 	187 	187 
004469 	197 	115 	187 	187 
004470 	197 	115 	187 	187 
004471 	197 	115 	187 	187 
004472 	188 	89 	224 	224 
004473 	197 	115 	187 	187 
004474 	188 	89 	224 	224 
004475 	197 	115 	187 	187 
004476 	188 	89 	224 	224 
004477 	188 	89 	224 	224 
004478 	188 	89 	224 	224 
004479 	188 	89 	224 	224 
004480 	188 	89 	224 	224 
004481 	188 	89 	224 	224 
004482 	188 	89 	224 	224 
004483 	188 	89 	224 	224 
004484 	188 	89 	224 	224 
004485 	197 	115 	187 	187 
004486 	197 	115 	187 	187 
004487 	218 	115 	187 	187 
004488 	218 	115 	187 	187 
004489 	218 	115 	187 	187 
004490 	218 	115 	187 	187 
004491 	218 	115 	187 	187 
004492 	218 	115 	187 	187 
004493 	218 	115 	187 	187 
004494 	218 	115 	187 	187 
004495 	218 	115 	187 	187 
004496 	218 	115 	187 	187 
004497 	218 	115 	187 	187 
004498 	218 	115 	187 	187 
004499 	218 	115 	187 	187 
004500 	218 	115 	187 	187 
004501 	188 	89 	224 	224 
