Identity  : 	id10381
Reference : 	E3ohJwRKe9E
Offset    : 	-2
FV Conf   : 	10.296
ASD Conf  : 	6.251

FRAME 	X 	Y 	W 	H 
004176 	154 	65 	91 	91 
004177 	150 	54 	108 	109 
004178 	154 	55 	91 	91 
004179 	154 	55 	91 	91 
004180 	154 	55 	91 	91 
004181 	154 	55 	91 	91 
004182 	154 	55 	91 	91 
004183 	154 	55 	91 	91 
004184 	154 	55 	91 	91 
004185 	154 	55 	91 	91 
004186 	154 	55 	91 	91 
004187 	154 	55 	91 	91 
004188 	154 	55 	91 	91 
004189 	154 	55 	91 	91 
004190 	154 	55 	91 	91 
004191 	154 	55 	91 	91 
004192 	154 	55 	91 	91 
004193 	154 	55 	91 	91 
004194 	154 	55 	91 	91 
004195 	154 	55 	91 	91 
004196 	154 	55 	91 	91 
004197 	154 	55 	91 	91 
004198 	164 	55 	91 	91 
004199 	164 	55 	91 	91 
004200 	164 	55 	91 	91 
004201 	174 	55 	91 	91 
004202 	174 	55 	91 	91 
004203 	174 	55 	91 	91 
004204 	174 	55 	91 	91 
004205 	184 	55 	91 	91 
004206 	184 	55 	91 	91 
004207 	184 	65 	91 	91 
004208 	184 	65 	91 	91 
004209 	185 	54 	109 	109 
004210 	194 	65 	91 	91 
004211 	194 	65 	91 	91 
004212 	194 	65 	91 	91 
004213 	194 	65 	91 	91 
004214 	194 	65 	91 	91 
004215 	184 	65 	91 	91 
004216 	184 	65 	91 	91 
004217 	184 	65 	91 	91 
004218 	173 	54 	109 	109 
004219 	174 	65 	91 	91 
004220 	164 	65 	91 	91 
004221 	164 	65 	91 	91 
004222 	154 	65 	91 	91 
004223 	154 	65 	91 	91 
004224 	144 	65 	91 	91 
004225 	134 	65 	91 	91 
004226 	134 	65 	91 	91 
004227 	134 	65 	91 	91 
004228 	124 	65 	91 	91 
004229 	124 	65 	91 	91 
004230 	124 	65 	91 	91 
004231 	124 	65 	91 	91 
004232 	124 	65 	91 	91 
004233 	124 	65 	91 	91 
004234 	134 	65 	91 	91 
004235 	134 	65 	91 	91 
004236 	144 	65 	91 	91 
004237 	154 	65 	91 	91 
004238 	150 	54 	108 	109 
004239 	161 	54 	109 	109 
004240 	174 	65 	91 	91 
004241 	184 	65 	91 	91 
004242 	194 	65 	91 	91 
004243 	194 	65 	91 	91 
004244 	204 	65 	91 	91 
004245 	204 	65 	91 	91 
004246 	204 	65 	91 	91 
004247 	204 	65 	91 	91 
004248 	204 	65 	91 	91 
004249 	204 	65 	91 	91 
004250 	204 	65 	91 	91 
004251 	194 	55 	91 	91 
004252 	194 	55 	91 	91 
004253 	194 	55 	91 	91 
004254 	184 	55 	91 	91 
004255 	184 	55 	91 	91 
004256 	174 	55 	91 	91 
004257 	161 	43 	109 	108 
004258 	164 	55 	91 	91 
004259 	150 	43 	108 	108 
004260 	154 	65 	91 	91 
004261 	144 	65 	91 	91 
004262 	144 	65 	91 	91 
004263 	144 	65 	91 	91 
004264 	144 	65 	91 	91 
004265 	144 	65 	91 	91 
004266 	144 	65 	91 	91 
004267 	154 	65 	91 	91 
004268 	154 	65 	91 	91 
004269 	154 	65 	91 	91 
004270 	164 	55 	91 	91 
004271 	161 	54 	109 	109 
004272 	174 	55 	91 	91 
004273 	173 	54 	109 	109 
004274 	184 	65 	91 	91 
004275 	184 	65 	91 	91 
004276 	184 	65 	91 	91 
004277 	184 	65 	91 	91 
004278 	184 	65 	91 	91 
004279 	173 	54 	109 	109 
004280 	174 	55 	91 	91 
004281 	174 	55 	91 	91 
004282 	174 	55 	91 	91 
004283 	164 	55 	91 	91 
004284 	164 	55 	91 	91 
004285 	164 	55 	91 	91 
004286 	164 	55 	91 	91 
004287 	174 	55 	91 	91 
004288 	174 	55 	91 	91 
004289 	174 	55 	91 	91 
004290 	174 	55 	91 	91 
004291 	174 	55 	91 	91 
004292 	173 	54 	109 	109 
004293 	184 	55 	91 	91 
004294 	184 	55 	91 	91 
004295 	174 	55 	91 	91 
004296 	174 	55 	91 	91 
004297 	174 	55 	91 	91 
004298 	174 	55 	91 	91 
004299 	174 	55 	91 	91 
004300 	174 	55 	91 	91 
004301 	174 	55 	91 	91 
004302 	174 	55 	91 	91 
004303 	174 	55 	91 	91 
004304 	174 	55 	91 	91 
004305 	174 	55 	91 	91 
004306 	174 	55 	91 	91 
004307 	184 	55 	91 	91 
004308 	184 	55 	91 	91 
004309 	184 	55 	91 	91 
004310 	185 	54 	109 	109 
004311 	194 	65 	91 	91 
004312 	194 	65 	91 	91 
004313 	185 	54 	109 	109 
004314 	184 	65 	91 	91 
004315 	184 	65 	91 	91 
004316 	184 	65 	91 	91 
004317 	184 	65 	91 	91 
004318 	184 	65 	91 	91 
004319 	184 	65 	91 	91 
004320 	184 	65 	91 	91 
004321 	184 	65 	91 	91 
004322 	184 	65 	91 	91 
004323 	184 	65 	91 	91 
004324 	184 	65 	91 	91 
004325 	184 	65 	91 	91 
004326 	184 	65 	91 	91 
004327 	184 	65 	91 	91 
004328 	184 	65 	91 	91 
004329 	184 	65 	91 	91 
004330 	185 	54 	109 	109 
004331 	194 	65 	91 	91 
004332 	194 	65 	91 	91 
004333 	194 	65 	91 	91 
004334 	184 	65 	91 	91 
004335 	184 	65 	91 	91 
004336 	184 	65 	91 	91 
004337 	173 	54 	109 	109 
004338 	173 	54 	109 	109 
004339 	174 	65 	91 	91 
004340 	174 	65 	91 	91 
004341 	164 	55 	91 	91 
004342 	164 	55 	91 	91 
004343 	164 	55 	91 	91 
004344 	164 	55 	91 	91 
004345 	164 	55 	91 	91 
004346 	164 	55 	91 	91 
004347 	164 	55 	91 	91 
004348 	164 	55 	91 	91 
004349 	164 	55 	91 	91 
004350 	164 	55 	91 	91 
004351 	164 	55 	91 	91 
004352 	164 	55 	91 	91 
004353 	164 	55 	91 	91 
004354 	164 	55 	91 	91 
004355 	164 	55 	91 	91 
004356 	164 	55 	91 	91 
004357 	164 	55 	91 	91 
004358 	164 	55 	91 	91 
004359 	164 	55 	91 	91 
004360 	164 	55 	91 	91 
004361 	164 	55 	91 	91 
004362 	164 	55 	91 	91 
004363 	164 	55 	91 	91 
004364 	161 	43 	109 	108 
004365 	164 	55 	91 	91 
004366 	161 	43 	109 	108 
004367 	164 	45 	91 	91 
004368 	164 	45 	91 	91 
004369 	164 	45 	91 	91 
004370 	164 	45 	91 	91 
004371 	164 	55 	91 	91 
004372 	164 	55 	91 	91 
004373 	164 	55 	91 	91 
004374 	164 	55 	91 	91 
004375 	164 	55 	91 	91 
004376 	164 	55 	91 	91 
004377 	164 	55 	91 	91 
004378 	164 	55 	91 	91 
004379 	164 	55 	91 	91 
004380 	164 	55 	91 	91 
004381 	150 	43 	108 	108 
004382 	154 	55 	91 	91 
004383 	154 	55 	91 	91 
004384 	154 	55 	91 	91 
004385 	154 	55 	91 	91 
004386 	154 	55 	91 	91 
004387 	154 	55 	91 	91 
004388 	154 	65 	91 	91 
004389 	154 	65 	91 	91 
004390 	154 	65 	91 	91 
004391 	154 	65 	91 	91 
004392 	154 	55 	91 	91 
004393 	154 	65 	91 	91 
004394 	154 	55 	91 	91 
004395 	154 	55 	91 	91 
004396 	154 	55 	91 	91 
004397 	154 	55 	91 	91 
004398 	154 	55 	91 	91 
004399 	154 	55 	91 	91 
004400 	154 	55 	91 	91 
004401 	154 	55 	91 	91 
004402 	154 	55 	91 	91 
004403 	164 	55 	91 	91 
004404 	164 	55 	91 	91 
004405 	164 	55 	91 	91 
004406 	164 	55 	91 	91 
004407 	164 	55 	91 	91 
004408 	164 	55 	91 	91 
004409 	164 	55 	91 	91 
004410 	164 	55 	91 	91 
004411 	164 	55 	91 	91 
004412 	154 	55 	91 	91 
004413 	154 	55 	91 	91 
004414 	154 	55 	91 	91 
004415 	154 	55 	91 	91 
004416 	154 	55 	91 	91 
004417 	154 	55 	91 	91 
004418 	154 	55 	91 	91 
004419 	154 	55 	91 	91 
004420 	154 	55 	91 	91 
004421 	154 	55 	91 	91 
004422 	154 	55 	91 	91 
004423 	154 	55 	91 	91 
004424 	154 	55 	91 	91 
004425 	154 	55 	91 	91 
004426 	154 	55 	91 	91 
004427 	150 	43 	108 	108 
004428 	164 	55 	91 	91 
004429 	164 	55 	91 	91 
004430 	161 	43 	109 	108 
004431 	174 	55 	91 	91 
004432 	161 	43 	109 	108 
004433 	161 	43 	109 	108 
004434 	161 	43 	109 	108 
004435 	174 	55 	91 	91 
004436 	174 	55 	91 	91 
004437 	161 	54 	109 	109 
004438 	161 	54 	109 	109 
004439 	161 	54 	109 	109 
004440 	161 	54 	109 	109 
004441 	174 	65 	91 	91 
004442 	184 	65 	91 	91 
004443 	185 	54 	109 	109 
004444 	194 	65 	91 	91 
004445 	204 	65 	91 	91 
004446 	204 	65 	91 	91 
004447 	194 	65 	91 	91 
004448 	194 	65 	91 	91 
004449 	194 	65 	91 	91 
004450 	194 	65 	91 	91 
004451 	194 	65 	91 	91 
004452 	194 	65 	91 	91 
004453 	194 	65 	91 	91 
004454 	194 	65 	91 	91 
004455 	194 	65 	91 	91 
004456 	184 	65 	91 	91 
004457 	184 	65 	91 	91 
004458 	173 	54 	109 	109 
004459 	174 	65 	91 	91 
004460 	161 	54 	109 	109 
004461 	164 	65 	91 	91 
004462 	154 	65 	91 	91 
004463 	144 	65 	91 	91 
004464 	144 	65 	91 	91 
004465 	144 	65 	91 	91 
004466 	134 	65 	91 	91 
004467 	134 	65 	91 	91 
004468 	134 	65 	91 	91 
004469 	134 	65 	91 	91 
004470 	134 	65 	91 	91 
004471 	134 	65 	91 	91 
004472 	134 	55 	91 	91 
004473 	134 	55 	91 	91 
004474 	134 	55 	91 	91 
004475 	134 	55 	91 	91 
004476 	134 	55 	91 	91 
004477 	134 	55 	91 	91 
004478 	134 	55 	91 	91 
004479 	134 	55 	91 	91 
004480 	134 	55 	91 	91 
004481 	134 	55 	91 	91 
004482 	154 	65 	91 	91 
004483 	154 	65 	91 	91 
004484 	164 	55 	91 	91 
004485 	164 	55 	91 	91 
004486 	164 	55 	91 	91 
004487 	161 	43 	109 	108 
004488 	161 	43 	109 	108 
004489 	161 	43 	109 	108 
004490 	174 	55 	91 	91 
004491 	174 	55 	91 	91 
004492 	174 	55 	91 	91 
004493 	174 	55 	91 	91 
004494 	174 	55 	91 	91 
004495 	174 	55 	91 	91 
004496 	174 	55 	91 	91 
004497 	174 	55 	91 	91 
004498 	174 	55 	91 	91 
004499 	174 	55 	91 	91 
004500 	174 	55 	91 	91 
004501 	174 	55 	91 	91 
004502 	174 	55 	91 	91 
004503 	174 	55 	91 	91 
004504 	174 	55 	91 	91 
004505 	174 	55 	91 	91 
004506 	174 	55 	91 	91 
004507 	174 	55 	91 	91 
004508 	174 	55 	91 	91 
004509 	174 	55 	91 	91 
004510 	174 	55 	91 	91 
004511 	174 	55 	91 	91 
004512 	174 	55 	91 	91 
004513 	174 	55 	91 	91 
004514 	174 	55 	91 	91 
004515 	174 	55 	91 	91 
004516 	174 	55 	91 	91 
004517 	174 	55 	91 	91 
004518 	174 	55 	91 	91 
004519 	174 	55 	91 	91 
004520 	174 	55 	91 	91 
004521 	174 	55 	91 	91 
004522 	174 	55 	91 	91 
004523 	174 	55 	91 	91 
004524 	174 	55 	91 	91 
004525 	174 	55 	91 	91 
004526 	174 	55 	91 	91 
004527 	174 	55 	91 	91 
004528 	174 	55 	91 	91 
004529 	174 	55 	91 	91 
004530 	174 	55 	91 	91 
004531 	174 	55 	91 	91 
004532 	174 	55 	91 	91 
004533 	174 	55 	91 	91 
004534 	174 	55 	91 	91 
004535 	174 	55 	91 	91 
004536 	174 	55 	91 	91 
004537 	174 	55 	91 	91 
004538 	174 	55 	91 	91 
004539 	174 	55 	91 	91 
004540 	174 	55 	91 	91 
004541 	174 	55 	91 	91 
004542 	174 	55 	91 	91 
004543 	164 	55 	91 	91 
004544 	164 	55 	91 	91 
004545 	164 	55 	91 	91 
004546 	164 	55 	91 	91 
004547 	164 	55 	91 	91 
004548 	164 	55 	91 	91 
004549 	164 	55 	91 	91 
004550 	164 	55 	91 	91 
004551 	164 	55 	91 	91 
004552 	164 	55 	91 	91 
004553 	164 	55 	91 	91 
004554 	164 	55 	91 	91 
004555 	164 	55 	91 	91 
004556 	164 	55 	91 	91 
004557 	164 	55 	91 	91 
004558 	164 	55 	91 	91 
004559 	164 	55 	91 	91 
004560 	164 	55 	91 	91 
004561 	164 	55 	91 	91 
004562 	164 	55 	91 	91 
004563 	164 	55 	91 	91 
004564 	164 	55 	91 	91 
004565 	164 	55 	91 	91 
004566 	164 	55 	91 	91 
004567 	164 	55 	91 	91 
004568 	164 	55 	91 	91 
004569 	164 	55 	91 	91 
004570 	164 	55 	91 	91 
004571 	164 	55 	91 	91 
004572 	164 	55 	91 	91 
004573 	164 	55 	91 	91 
004574 	164 	55 	91 	91 
004575 	164 	55 	91 	91 
004576 	164 	55 	91 	91 
004577 	164 	55 	91 	91 
004578 	164 	55 	91 	91 
