Identity  : 	id10381
Reference : 	E3ohJwRKe9E
Offset    : 	-2
FV Conf   : 	10.296
ASD Conf  : 	7.741

FRAME 	X 	Y 	W 	H 
004018 	154 	55 	91 	91 
004019 	154 	55 	91 	91 
004020 	154 	55 	91 	91 
004021 	154 	55 	91 	91 
004022 	154 	55 	91 	91 
004023 	154 	55 	91 	91 
004024 	154 	55 	91 	91 
004025 	154 	55 	91 	91 
004026 	154 	55 	91 	91 
004027 	154 	55 	91 	91 
004028 	154 	55 	91 	91 
004029 	154 	55 	91 	91 
004030 	154 	55 	91 	91 
004031 	154 	55 	91 	91 
004032 	154 	55 	91 	91 
004033 	154 	55 	91 	91 
004034 	154 	55 	91 	91 
004035 	154 	55 	91 	91 
004036 	154 	55 	91 	91 
004037 	154 	55 	91 	91 
004038 	154 	55 	91 	91 
004039 	154 	55 	91 	91 
004040 	154 	55 	91 	91 
004041 	154 	55 	91 	91 
004042 	154 	55 	91 	91 
004043 	154 	55 	91 	91 
004044 	154 	55 	91 	91 
004045 	154 	55 	91 	91 
004046 	154 	55 	91 	91 
004047 	154 	55 	91 	91 
004048 	154 	55 	91 	91 
004049 	154 	55 	91 	91 
004050 	154 	55 	91 	91 
004051 	154 	55 	91 	91 
004052 	154 	55 	91 	91 
004053 	154 	55 	91 	91 
004054 	154 	55 	91 	91 
004055 	154 	55 	91 	91 
004056 	144 	55 	91 	91 
004057 	144 	55 	91 	91 
004058 	144 	55 	91 	91 
004059 	144 	55 	91 	91 
004060 	144 	55 	91 	91 
004061 	144 	55 	91 	91 
004062 	134 	55 	91 	91 
004063 	134 	55 	91 	91 
004064 	134 	55 	91 	91 
004065 	134 	55 	91 	91 
004066 	134 	55 	91 	91 
004067 	134 	55 	91 	91 
004068 	134 	55 	91 	91 
004069 	134 	55 	91 	91 
004070 	134 	55 	91 	91 
004071 	134 	55 	91 	91 
004072 	134 	55 	91 	91 
004073 	134 	55 	91 	91 
004074 	134 	55 	91 	91 
004075 	134 	55 	91 	91 
004076 	134 	55 	91 	91 
004077 	134 	55 	91 	91 
004078 	134 	55 	91 	91 
004079 	134 	55 	91 	91 
004080 	134 	55 	91 	91 
004081 	134 	55 	91 	91 
004082 	134 	55 	91 	91 
004083 	134 	55 	91 	91 
004084 	134 	55 	91 	91 
004085 	145 	62 	76 	76 
004086 	134 	55 	91 	91 
004087 	134 	55 	91 	91 
004088 	134 	55 	91 	91 
004089 	134 	55 	91 	91 
004090 	134 	55 	91 	91 
004091 	134 	55 	91 	91 
004092 	134 	55 	91 	91 
004093 	144 	55 	91 	91 
004094 	144 	55 	91 	91 
004095 	144 	55 	91 	91 
004096 	144 	55 	91 	91 
004097 	144 	55 	91 	91 
004098 	144 	55 	91 	91 
004099 	144 	55 	91 	91 
004100 	144 	55 	91 	91 
004101 	134 	55 	91 	91 
004102 	134 	55 	91 	91 
004103 	134 	55 	91 	91 
004104 	134 	55 	91 	91 
004105 	134 	55 	91 	91 
004106 	134 	55 	91 	91 
004107 	134 	55 	91 	91 
004108 	134 	55 	91 	91 
004109 	134 	55 	91 	91 
004110 	134 	65 	91 	91 
004111 	134 	65 	91 	91 
004112 	134 	65 	91 	91 
004113 	134 	65 	91 	91 
004114 	134 	65 	91 	91 
004115 	134 	65 	91 	91 
004116 	134 	65 	91 	91 
004117 	134 	65 	91 	91 
004118 	134 	65 	91 	91 
004119 	134 	65 	91 	91 
004120 	134 	65 	91 	91 
004121 	134 	65 	91 	91 
004122 	134 	65 	91 	91 
004123 	134 	65 	91 	91 
004124 	134 	65 	91 	91 
004125 	134 	65 	91 	91 
004126 	134 	65 	91 	91 
004127 	144 	65 	91 	91 
004128 	134 	65 	91 	91 
004129 	144 	65 	91 	91 
004130 	144 	65 	91 	91 
004131 	144 	65 	91 	91 
004132 	144 	65 	91 	91 
004133 	144 	65 	91 	91 
004134 	144 	65 	91 	91 
004135 	144 	65 	91 	91 
004136 	144 	65 	91 	91 
004137 	144 	65 	91 	91 
004138 	144 	65 	91 	91 
004139 	144 	65 	91 	91 
004140 	144 	65 	91 	91 
004141 	144 	65 	91 	91 
004142 	144 	65 	91 	91 
004143 	144 	65 	91 	91 
004144 	144 	65 	91 	91 
004145 	144 	65 	91 	91 
004146 	144 	65 	91 	91 
004147 	144 	65 	91 	91 
004148 	144 	65 	91 	91 
004149 	144 	65 	91 	91 
004150 	144 	65 	91 	91 
004151 	144 	65 	91 	91 
004152 	144 	65 	91 	91 
004153 	144 	65 	91 	91 
004154 	144 	65 	91 	91 
004155 	144 	65 	91 	91 
004156 	144 	65 	91 	91 
004157 	144 	65 	91 	91 
004158 	144 	65 	91 	91 
004159 	144 	65 	91 	91 
004160 	154 	65 	91 	91 
004161 	154 	65 	91 	91 
004162 	154 	65 	91 	91 
004163 	150 	54 	108 	109 
004164 	150 	54 	108 	109 
004165 	150 	54 	108 	109 
004166 	150 	54 	108 	109 
004167 	150 	54 	108 	109 
004168 	150 	54 	108 	109 
004169 	150 	54 	108 	109 
