Identity  : 	id10381
Reference : 	E3ohJwRKe9E
Offset    : 	-2
FV Conf   : 	14.228
ASD Conf  : 	6.627

FRAME 	X 	Y 	W 	H 
006727 	184 	55 	91 	91 
006728 	184 	55 	91 	91 
006729 	184 	55 	91 	91 
006730 	184 	55 	91 	91 
006731 	184 	55 	91 	91 
006732 	184 	55 	91 	91 
006733 	184 	55 	91 	91 
006734 	184 	55 	91 	91 
006735 	184 	55 	91 	91 
006736 	184 	55 	91 	91 
006737 	184 	55 	91 	91 
006738 	184 	55 	91 	91 
006739 	184 	55 	91 	91 
006740 	184 	55 	91 	91 
006741 	184 	55 	91 	91 
006742 	184 	55 	91 	91 
006743 	184 	55 	91 	91 
006744 	184 	55 	91 	91 
006745 	184 	55 	91 	91 
006746 	184 	55 	91 	91 
006747 	184 	55 	91 	91 
006748 	184 	55 	91 	91 
006749 	184 	55 	91 	91 
006750 	184 	55 	91 	91 
006751 	184 	55 	91 	91 
006752 	184 	55 	91 	91 
006753 	184 	65 	91 	91 
006754 	184 	65 	91 	91 
006755 	184 	55 	91 	91 
006756 	184 	55 	91 	91 
006757 	184 	55 	91 	91 
006758 	184 	55 	91 	91 
006759 	184 	55 	91 	91 
006760 	184 	55 	91 	91 
006761 	184 	55 	91 	91 
006762 	184 	55 	91 	91 
006763 	184 	55 	91 	91 
006764 	184 	55 	91 	91 
006765 	184 	45 	91 	91 
006766 	184 	45 	91 	91 
006767 	184 	45 	91 	91 
006768 	184 	45 	91 	91 
006769 	184 	45 	91 	91 
006770 	184 	45 	91 	91 
006771 	174 	45 	91 	91 
006772 	174 	45 	91 	91 
006773 	174 	45 	91 	91 
006774 	173 	43 	109 	108 
006775 	174 	55 	91 	91 
006776 	174 	55 	91 	91 
006777 	174 	55 	91 	91 
006778 	174 	55 	91 	91 
006779 	174 	55 	91 	91 
006780 	174 	55 	91 	91 
006781 	174 	55 	91 	91 
006782 	174 	55 	91 	91 
006783 	174 	55 	91 	91 
006784 	174 	55 	91 	91 
006785 	174 	55 	91 	91 
006786 	174 	45 	91 	91 
006787 	174 	45 	91 	91 
006788 	174 	45 	91 	91 
006789 	174 	45 	91 	91 
006790 	174 	45 	91 	91 
006791 	174 	55 	91 	91 
006792 	174 	55 	91 	91 
006793 	174 	55 	91 	91 
006794 	174 	55 	91 	91 
006795 	174 	55 	91 	91 
006796 	174 	55 	91 	91 
006797 	174 	55 	91 	91 
006798 	174 	55 	91 	91 
006799 	174 	55 	91 	91 
006800 	174 	55 	91 	91 
006801 	174 	55 	91 	91 
006802 	174 	55 	91 	91 
006803 	174 	55 	91 	91 
006804 	174 	55 	91 	91 
006805 	174 	55 	91 	91 
006806 	174 	55 	91 	91 
006807 	174 	55 	91 	91 
006808 	174 	55 	91 	91 
006809 	174 	55 	91 	91 
006810 	174 	55 	91 	91 
006811 	174 	55 	91 	91 
006812 	174 	55 	91 	91 
006813 	174 	55 	91 	91 
006814 	174 	55 	91 	91 
006815 	174 	55 	91 	91 
006816 	174 	55 	91 	91 
006817 	174 	55 	91 	91 
006818 	174 	55 	91 	91 
006819 	174 	55 	91 	91 
006820 	174 	55 	91 	91 
006821 	174 	55 	91 	91 
006822 	174 	55 	91 	91 
006823 	174 	55 	91 	91 
006824 	174 	55 	91 	91 
006825 	174 	55 	91 	91 
006826 	174 	55 	91 	91 
006827 	174 	55 	91 	91 
006828 	174 	55 	91 	91 
006829 	174 	55 	91 	91 
006830 	174 	55 	91 	91 
006831 	174 	55 	91 	91 
006832 	174 	55 	91 	91 
006833 	174 	55 	91 	91 
006834 	174 	55 	91 	91 
006835 	174 	55 	91 	91 
006836 	174 	55 	91 	91 
006837 	174 	55 	91 	91 
006838 	174 	55 	91 	91 
006839 	174 	55 	91 	91 
006840 	174 	55 	91 	91 
006841 	174 	55 	91 	91 
006842 	174 	55 	91 	91 
006843 	174 	55 	91 	91 
006844 	174 	55 	91 	91 
006845 	174 	55 	91 	91 
006846 	174 	55 	91 	91 
006847 	174 	55 	91 	91 
006848 	174 	55 	91 	91 
006849 	174 	55 	91 	91 
006850 	174 	55 	91 	91 
006851 	174 	55 	91 	91 
006852 	174 	55 	91 	91 
006853 	174 	55 	91 	91 
006854 	174 	55 	91 	91 
006855 	174 	55 	91 	91 
006856 	174 	55 	91 	91 
006857 	174 	55 	91 	91 
006858 	174 	55 	91 	91 
006859 	174 	55 	91 	91 
006860 	174 	55 	91 	91 
006861 	174 	55 	91 	91 
006862 	174 	55 	91 	91 
006863 	174 	55 	91 	91 
006864 	174 	55 	91 	91 
006865 	174 	55 	91 	91 
006866 	174 	55 	91 	91 
006867 	174 	55 	91 	91 
006868 	174 	55 	91 	91 
006869 	174 	55 	91 	91 
006870 	174 	55 	91 	91 
006871 	174 	55 	91 	91 
006872 	174 	55 	91 	91 
006873 	174 	55 	91 	91 
006874 	174 	55 	91 	91 
006875 	174 	55 	91 	91 
006876 	174 	55 	91 	91 
006877 	174 	55 	91 	91 
006878 	174 	55 	91 	91 
006879 	174 	55 	91 	91 
006880 	174 	55 	91 	91 
006881 	174 	65 	91 	91 
006882 	174 	65 	91 	91 
006883 	174 	65 	91 	91 
006884 	174 	55 	91 	91 
006885 	174 	55 	91 	91 
006886 	174 	55 	91 	91 
006887 	174 	55 	91 	91 
006888 	174 	55 	91 	91 
006889 	174 	55 	91 	91 
006890 	174 	55 	91 	91 
006891 	174 	55 	91 	91 
006892 	174 	55 	91 	91 
006893 	174 	55 	91 	91 
006894 	174 	55 	91 	91 
006895 	174 	55 	91 	91 
006896 	174 	55 	91 	91 
006897 	174 	55 	91 	91 
006898 	174 	55 	91 	91 
006899 	174 	55 	91 	91 
006900 	174 	55 	91 	91 
006901 	174 	55 	91 	91 
006902 	174 	55 	91 	91 
006903 	174 	55 	91 	91 
006904 	174 	55 	91 	91 
006905 	174 	55 	91 	91 
006906 	174 	55 	91 	91 
