Identity  : 	id11250
Reference : 	AQiipH_JwdE
Offset    : 	1
FV Conf   : 	15.981
ASD Conf  : 	7.357

FRAME 	X 	Y 	W 	H 
007135 	373 	55 	91 	91 
007136 	373 	55 	91 	91 
007137 	373 	55 	91 	91 
007138 	363 	55 	91 	91 
007139 	363 	55 	91 	91 
007140 	363 	55 	91 	91 
007141 	363 	55 	91 	91 
007142 	363 	55 	91 	91 
007143 	363 	65 	91 	91 
007144 	363 	65 	91 	91 
007145 	363 	65 	91 	91 
007146 	363 	65 	91 	91 
007147 	363 	65 	91 	91 
007148 	363 	65 	91 	91 
007149 	363 	55 	91 	91 
007150 	373 	65 	91 	91 
007151 	373 	65 	91 	91 
007152 	373 	65 	91 	91 
007153 	373 	65 	91 	91 
007154 	373 	65 	91 	91 
007155 	373 	65 	91 	91 
007156 	373 	65 	91 	91 
007157 	373 	65 	91 	91 
007158 	373 	65 	91 	91 
007159 	373 	65 	91 	91 
007160 	373 	65 	91 	91 
007161 	373 	65 	91 	91 
007162 	373 	65 	91 	91 
007163 	373 	65 	91 	91 
007164 	373 	65 	91 	91 
007165 	373 	65 	91 	91 
007166 	373 	65 	91 	91 
007167 	373 	65 	91 	91 
007168 	373 	65 	91 	91 
007169 	373 	65 	91 	91 
007170 	373 	65 	91 	91 
007171 	373 	65 	91 	91 
007172 	373 	65 	91 	91 
007173 	373 	65 	91 	91 
007174 	373 	65 	91 	91 
007175 	373 	65 	91 	91 
007176 	373 	65 	91 	91 
007177 	373 	65 	91 	91 
007178 	373 	65 	91 	91 
007179 	373 	65 	91 	91 
007180 	363 	65 	91 	91 
007181 	363 	65 	91 	91 
007182 	363 	65 	91 	91 
007183 	363 	65 	91 	91 
007184 	363 	65 	91 	91 
007185 	363 	65 	91 	91 
007186 	363 	65 	91 	91 
007187 	363 	65 	91 	91 
007188 	363 	65 	91 	91 
007189 	363 	65 	91 	91 
007190 	363 	65 	91 	91 
007191 	373 	65 	91 	91 
007192 	373 	65 	91 	91 
007193 	363 	55 	91 	91 
007194 	363 	55 	91 	91 
007195 	363 	55 	91 	91 
007196 	363 	65 	91 	91 
007197 	363 	65 	91 	91 
007198 	363 	65 	91 	91 
007199 	363 	65 	91 	91 
007200 	363 	65 	91 	91 
007201 	363 	65 	91 	91 
007202 	363 	65 	91 	91 
007203 	363 	65 	91 	91 
007204 	363 	65 	91 	91 
007205 	363 	65 	91 	91 
007206 	363 	65 	91 	91 
007207 	363 	65 	91 	91 
007208 	363 	65 	91 	91 
007209 	363 	65 	91 	91 
007210 	363 	65 	91 	91 
007211 	363 	65 	91 	91 
007212 	363 	65 	91 	91 
007213 	363 	65 	91 	91 
007214 	363 	65 	91 	91 
007215 	353 	55 	91 	91 
007216 	353 	65 	91 	91 
007217 	353 	65 	91 	91 
007218 	353 	55 	91 	91 
007219 	353 	55 	91 	91 
007220 	353 	55 	91 	91 
007221 	353 	55 	91 	91 
007222 	353 	55 	91 	91 
007223 	353 	55 	91 	91 
007224 	353 	55 	91 	91 
007225 	353 	65 	91 	91 
007226 	353 	65 	91 	91 
007227 	353 	65 	91 	91 
007228 	353 	65 	91 	91 
007229 	353 	65 	91 	91 
007230 	353 	75 	91 	91 
007231 	353 	75 	91 	91 
007232 	343 	65 	91 	91 
007233 	343 	65 	91 	91 
007234 	343 	65 	91 	91 
007235 	343 	65 	91 	91 
007236 	343 	65 	91 	91 
007237 	343 	65 	91 	91 
007238 	343 	65 	91 	91 
007239 	343 	65 	91 	91 
007240 	343 	65 	91 	91 
007241 	343 	65 	91 	91 
007242 	343 	65 	91 	91 
007243 	343 	65 	91 	91 
007244 	343 	65 	91 	91 
007245 	343 	65 	91 	91 
007246 	343 	65 	91 	91 
007247 	333 	55 	91 	91 
007248 	333 	55 	91 	91 
007249 	333 	55 	91 	91 
007250 	333 	55 	91 	91 
007251 	333 	55 	91 	91 
007252 	333 	55 	91 	91 
007253 	333 	55 	91 	91 
007254 	333 	65 	91 	91 
007255 	333 	65 	91 	91 
007256 	333 	65 	91 	91 
007257 	333 	65 	91 	91 
007258 	333 	65 	91 	91 
007259 	333 	65 	91 	91 
007260 	333 	65 	91 	91 
007261 	333 	65 	91 	91 
007262 	333 	65 	91 	91 
007263 	333 	65 	91 	91 
007264 	333 	65 	91 	91 
007265 	323 	65 	91 	91 
007266 	323 	65 	91 	91 
007267 	323 	65 	91 	91 
007268 	323 	65 	91 	91 
007269 	323 	65 	91 	91 
007270 	323 	65 	91 	91 
007271 	323 	65 	91 	91 
007272 	323 	65 	91 	91 
007273 	323 	65 	91 	91 
007274 	333 	65 	91 	91 
007275 	333 	65 	91 	91 
007276 	333 	65 	91 	91 
007277 	333 	65 	91 	91 
007278 	333 	65 	91 	91 
007279 	333 	65 	91 	91 
007280 	333 	65 	91 	91 
007281 	333 	65 	91 	91 
007282 	333 	65 	91 	91 
007283 	333 	65 	91 	91 
007284 	333 	65 	91 	91 
007285 	333 	65 	91 	91 
007286 	333 	65 	91 	91 
007287 	333 	65 	91 	91 
007288 	333 	65 	91 	91 
007289 	333 	65 	91 	91 
007290 	333 	65 	91 	91 
007291 	333 	65 	91 	91 
007292 	333 	65 	91 	91 
007293 	333 	65 	91 	91 
007294 	333 	65 	91 	91 
007295 	333 	65 	91 	91 
007296 	333 	65 	91 	91 
007297 	333 	65 	91 	91 
007298 	333 	65 	91 	91 
007299 	333 	65 	91 	91 
007300 	333 	65 	91 	91 
007301 	333 	65 	91 	91 
007302 	333 	75 	91 	91 
007303 	333 	75 	91 	91 
007304 	333 	75 	91 	91 
007305 	333 	75 	91 	91 
007306 	333 	75 	91 	91 
007307 	333 	75 	91 	91 
007308 	333 	75 	91 	91 
007309 	333 	75 	91 	91 
