Identity  : 	id10570
Reference : 	N1uC6FwY4Yw
Offset    : 	-1
FV Conf   : 	18.173
ASD Conf  : 	5.812

FRAME 	X 	Y 	W 	H 
002457 	363 	65 	91 	91 
002458 	363 	65 	91 	91 
002459 	363 	65 	91 	91 
002460 	363 	65 	91 	91 
002461 	363 	65 	91 	91 
002462 	363 	65 	91 	91 
002463 	363 	65 	91 	91 
002464 	363 	65 	91 	91 
002465 	363 	65 	91 	91 
002466 	363 	65 	91 	91 
002467 	363 	65 	91 	91 
002468 	363 	65 	91 	91 
002469 	363 	55 	91 	91 
002470 	363 	55 	91 	91 
002471 	363 	55 	91 	91 
002472 	363 	55 	91 	91 
002473 	363 	55 	91 	91 
002474 	363 	55 	91 	91 
002475 	369 	62 	76 	76 
002476 	363 	65 	91 	91 
002477 	363 	65 	91 	91 
002478 	363 	65 	91 	91 
002479 	369 	62 	76 	76 
002480 	369 	62 	76 	76 
002481 	363 	65 	91 	91 
002482 	363 	65 	91 	91 
002483 	363 	65 	91 	91 
002484 	363 	65 	91 	91 
002485 	363 	65 	91 	91 
002486 	363 	65 	91 	91 
002487 	369 	71 	76 	75 
002488 	369 	71 	76 	75 
002489 	369 	71 	76 	75 
002490 	363 	65 	91 	91 
002491 	363 	65 	91 	91 
002492 	363 	65 	91 	91 
002493 	363 	65 	91 	91 
002494 	363 	65 	91 	91 
002495 	363 	65 	91 	91 
002496 	363 	65 	91 	91 
002497 	363 	65 	91 	91 
002498 	363 	65 	91 	91 
002499 	363 	65 	91 	91 
002500 	363 	65 	91 	91 
002501 	363 	55 	91 	91 
002502 	366 	56 	88 	88 
002503 	369 	58 	85 	85 
002504 	371 	59 	82 	82 
002505 	374 	61 	79 	79 
002506 	377 	62 	76 	76 
002507 	377 	62 	76 	76 
002508 	377 	62 	76 	76 
002509 	377 	62 	76 	76 
002510 	373 	65 	91 	91 
002511 	377 	62 	76 	76 
002512 	373 	65 	91 	91 
002513 	373 	65 	91 	91 
002514 	363 	55 	91 	91 
002515 	363 	55 	91 	91 
002516 	363 	55 	91 	91 
002517 	363 	55 	91 	91 
002518 	363 	55 	91 	91 
002519 	363 	55 	91 	91 
002520 	363 	55 	91 	91 
002521 	369 	62 	76 	76 
002522 	369 	62 	76 	76 
002523 	369 	62 	76 	76 
002524 	369 	62 	76 	76 
002525 	369 	62 	76 	76 
002526 	369 	62 	76 	76 
002527 	369 	62 	76 	76 
002528 	369 	62 	76 	76 
002529 	369 	62 	76 	76 
002530 	369 	62 	76 	76 
002531 	363 	65 	91 	91 
002532 	363 	65 	91 	91 
002533 	363 	65 	91 	91 
002534 	363 	65 	91 	91 
002535 	363 	65 	91 	91 
002536 	363 	65 	91 	91 
002537 	363 	65 	91 	91 
002538 	363 	65 	91 	91 
002539 	363 	65 	91 	91 
002540 	363 	65 	91 	91 
002541 	363 	65 	91 	91 
002542 	363 	65 	91 	91 
002543 	363 	65 	91 	91 
002544 	363 	65 	91 	91 
002545 	363 	65 	91 	91 
002546 	363 	65 	91 	91 
002547 	363 	65 	91 	91 
002548 	363 	65 	91 	91 
002549 	363 	65 	91 	91 
002550 	363 	65 	91 	91 
002551 	363 	65 	91 	91 
002552 	363 	65 	91 	91 
002553 	363 	65 	91 	91 
002554 	363 	65 	91 	91 
002555 	363 	65 	91 	91 
002556 	363 	65 	91 	91 
002557 	363 	65 	91 	91 
002558 	363 	65 	91 	91 
002559 	363 	65 	91 	91 
002560 	363 	65 	91 	91 
002561 	363 	65 	91 	91 
002562 	363 	65 	91 	91 
002563 	363 	65 	91 	91 
002564 	363 	65 	91 	91 
002565 	363 	65 	91 	91 
002566 	363 	65 	91 	91 
002567 	363 	65 	91 	91 
002568 	363 	65 	91 	91 
002569 	363 	65 	91 	91 
002570 	353 	65 	91 	91 
002571 	353 	65 	91 	91 
002572 	353 	65 	91 	91 
002573 	363 	65 	91 	91 
002574 	363 	65 	91 	91 
002575 	363 	65 	91 	91 
002576 	363 	65 	91 	91 
002577 	363 	65 	91 	91 
002578 	353 	65 	91 	91 
002579 	353 	65 	91 	91 
002580 	353 	65 	91 	91 
002581 	353 	65 	91 	91 
002582 	353 	65 	91 	91 
002583 	353 	65 	91 	91 
002584 	353 	65 	91 	91 
002585 	353 	65 	91 	91 
002586 	353 	65 	91 	91 
002587 	353 	65 	91 	91 
002588 	353 	65 	91 	91 
002589 	353 	65 	91 	91 
002590 	353 	65 	91 	91 
002591 	353 	65 	91 	91 
002592 	353 	65 	91 	91 
002593 	353 	65 	91 	91 
002594 	353 	65 	91 	91 
002595 	353 	65 	91 	91 
002596 	353 	65 	91 	91 
002597 	353 	65 	91 	91 
002598 	353 	65 	91 	91 
002599 	353 	65 	91 	91 
002600 	353 	65 	91 	91 
002601 	353 	65 	91 	91 
002602 	353 	65 	91 	91 
002603 	353 	54 	108 	109 
002604 	353 	54 	108 	109 
002605 	353 	54 	108 	109 
002606 	353 	54 	108 	109 
002607 	363 	65 	91 	91 
002608 	363 	65 	91 	91 
002609 	363 	65 	91 	91 
002610 	363 	65 	91 	91 
002611 	363 	65 	91 	91 
002612 	363 	65 	91 	91 
002613 	363 	65 	91 	91 
002614 	363 	65 	91 	91 
002615 	363 	65 	91 	91 
002616 	363 	65 	91 	91 
002617 	373 	65 	91 	91 
