Identity  : 	id10513
Reference : 	zvt_qX1lfNo
Offset    : 	-2
FV Conf   : 	19.491
ASD Conf  : 	7.060

FRAME 	X 	Y 	W 	H 
001225 	188 	89 	224 	224 
001226 	188 	89 	224 	224 
001227 	188 	89 	224 	224 
001228 	188 	89 	224 	224 
001229 	188 	89 	224 	224 
001230 	188 	89 	224 	224 
001231 	188 	89 	224 	224 
001232 	188 	89 	224 	224 
001233 	188 	89 	224 	224 
001234 	188 	89 	224 	224 
001235 	188 	89 	224 	224 
001236 	188 	89 	224 	224 
001237 	188 	89 	224 	224 
001238 	188 	89 	224 	224 
001239 	188 	89 	224 	224 
001240 	188 	89 	224 	224 
001241 	188 	89 	224 	224 
001242 	188 	89 	224 	224 
001243 	188 	89 	224 	224 
001244 	197 	95 	187 	186 
001245 	197 	95 	187 	186 
001246 	197 	95 	187 	186 
001247 	197 	95 	187 	186 
001248 	197 	95 	187 	186 
001249 	197 	95 	187 	186 
001250 	197 	95 	187 	186 
001251 	197 	95 	187 	186 
001252 	197 	95 	187 	186 
001253 	197 	95 	187 	186 
001254 	197 	95 	187 	186 
001255 	197 	95 	187 	186 
001256 	197 	95 	187 	186 
001257 	197 	95 	187 	186 
001258 	197 	95 	187 	186 
001259 	197 	95 	187 	186 
001260 	197 	95 	187 	186 
001261 	197 	95 	187 	186 
001262 	197 	95 	187 	186 
001263 	188 	89 	224 	224 
001264 	188 	89 	224 	224 
001265 	188 	89 	224 	224 
001266 	188 	89 	224 	224 
001267 	188 	89 	224 	224 
001268 	188 	89 	224 	224 
001269 	188 	89 	224 	224 
001270 	188 	89 	224 	224 
001271 	188 	89 	224 	224 
001272 	188 	89 	224 	224 
001273 	188 	89 	224 	224 
001274 	188 	89 	224 	224 
001275 	188 	89 	224 	224 
001276 	188 	89 	224 	224 
001277 	188 	89 	224 	224 
001278 	188 	89 	224 	224 
001279 	188 	89 	224 	224 
001280 	197 	95 	187 	186 
001281 	188 	89 	224 	224 
001282 	188 	89 	224 	224 
001283 	188 	89 	224 	224 
001284 	188 	89 	224 	224 
001285 	188 	89 	224 	224 
001286 	188 	89 	224 	224 
001287 	188 	89 	224 	224 
001288 	163 	89 	224 	224 
001289 	163 	89 	224 	224 
001290 	163 	89 	224 	224 
001291 	163 	89 	224 	224 
001292 	163 	89 	224 	224 
001293 	163 	89 	224 	224 
001294 	163 	89 	224 	224 
001295 	163 	89 	224 	224 
001296 	163 	89 	224 	224 
001297 	163 	89 	224 	224 
001298 	163 	89 	224 	224 
001299 	163 	89 	224 	224 
001300 	163 	89 	224 	224 
001301 	163 	89 	224 	224 
001302 	163 	89 	224 	224 
001303 	163 	89 	224 	224 
001304 	163 	89 	224 	224 
001305 	163 	89 	224 	224 
001306 	188 	89 	224 	224 
001307 	188 	89 	224 	224 
001308 	188 	89 	224 	224 
001309 	188 	89 	224 	224 
001310 	188 	89 	224 	224 
001311 	188 	89 	224 	224 
001312 	188 	89 	224 	224 
001313 	188 	89 	224 	224 
001314 	188 	89 	224 	224 
001315 	188 	89 	224 	224 
001316 	188 	89 	224 	224 
001317 	188 	89 	224 	224 
001318 	188 	89 	224 	224 
001319 	188 	89 	224 	224 
001320 	188 	89 	224 	224 
001321 	212 	89 	224 	224 
001322 	212 	89 	224 	224 
001323 	212 	89 	224 	224 
001324 	212 	89 	224 	224 
001325 	212 	89 	224 	224 
001326 	212 	89 	224 	224 
001327 	212 	89 	224 	224 
001328 	212 	89 	224 	224 
001329 	212 	89 	224 	224 
001330 	212 	89 	224 	224 
001331 	188 	89 	224 	224 
001332 	188 	89 	224 	224 
001333 	188 	89 	224 	224 
001334 	188 	89 	224 	224 
001335 	188 	89 	224 	224 
001336 	188 	89 	224 	224 
001337 	188 	89 	224 	224 
001338 	188 	89 	224 	224 
001339 	188 	89 	224 	224 
001340 	188 	89 	224 	224 
001341 	188 	89 	224 	224 
001342 	188 	89 	224 	224 
001343 	188 	89 	224 	224 
001344 	188 	89 	224 	224 
001345 	188 	89 	224 	224 
001346 	188 	89 	224 	224 
001347 	188 	89 	224 	224 
001348 	188 	89 	224 	224 
001349 	188 	89 	224 	224 
001350 	188 	89 	224 	224 
001351 	188 	89 	224 	224 
001352 	188 	89 	224 	224 
001353 	188 	89 	224 	224 
001354 	188 	89 	224 	224 
001355 	188 	89 	224 	224 
001356 	188 	89 	224 	224 
001357 	188 	89 	224 	224 
001358 	188 	89 	224 	224 
001359 	188 	89 	224 	224 
001360 	188 	89 	224 	224 
001361 	188 	89 	224 	224 
001362 	188 	89 	224 	224 
001363 	188 	89 	224 	224 
001364 	188 	89 	224 	224 
001365 	188 	89 	224 	224 
001366 	188 	89 	224 	224 
001367 	188 	89 	224 	224 
001368 	188 	89 	224 	224 
001369 	188 	89 	224 	224 
001370 	188 	89 	224 	224 
001371 	188 	89 	224 	224 
001372 	188 	89 	224 	224 
001373 	188 	89 	224 	224 
001374 	188 	89 	224 	224 
001375 	188 	89 	224 	224 
001376 	188 	89 	224 	224 
001377 	188 	89 	224 	224 
001378 	188 	89 	224 	224 
001379 	188 	89 	224 	224 
001380 	188 	89 	224 	224 
001381 	188 	89 	224 	224 
001382 	188 	89 	224 	224 
001383 	188 	89 	224 	224 
001384 	188 	89 	224 	224 
001385 	188 	89 	224 	224 
001386 	188 	89 	224 	224 
001387 	218 	115 	187 	187 
001388 	218 	115 	187 	187 
001389 	218 	115 	187 	187 
001390 	218 	115 	187 	187 
001391 	218 	115 	187 	187 
001392 	218 	115 	187 	187 
001393 	188 	89 	224 	224 
001394 	188 	89 	224 	224 
001395 	188 	89 	224 	224 
001396 	188 	89 	224 	224 
001397 	188 	89 	224 	224 
001398 	188 	89 	224 	224 
001399 	188 	89 	224 	224 
001400 	188 	89 	224 	224 
001401 	188 	89 	224 	224 
001402 	197 	115 	187 	187 
001403 	197 	115 	187 	187 
001404 	197 	115 	187 	187 
001405 	197 	115 	187 	187 
001406 	197 	115 	187 	187 
001407 	197 	115 	187 	187 
001408 	197 	115 	187 	187 
001409 	197 	115 	187 	187 
001410 	197 	115 	187 	187 
001411 	197 	115 	187 	187 
001412 	197 	115 	187 	187 
001413 	197 	115 	187 	187 
001414 	197 	115 	187 	187 
