Identity  : 	id10513
Reference : 	zvt_qX1lfNo
Offset    : 	-2
FV Conf   : 	21.803
ASD Conf  : 	7.625

FRAME 	X 	Y 	W 	H 
000285 	188 	89 	224 	224 
000286 	188 	64 	224 	224 
000287 	188 	64 	224 	224 
000288 	188 	64 	224 	224 
000289 	188 	64 	224 	224 
000290 	212 	64 	224 	224 
000291 	212 	64 	224 	224 
000292 	212 	64 	224 	224 
000293 	212 	64 	224 	224 
000294 	239 	74 	186 	187 
000295 	239 	74 	186 	187 
000296 	212 	64 	224 	224 
000297 	218 	74 	187 	187 
000298 	188 	64 	224 	224 
000299 	188 	64 	224 	224 
000300 	188 	89 	224 	224 
000301 	188 	89 	224 	224 
000302 	188 	89 	224 	224 
000303 	188 	89 	224 	224 
000304 	188 	89 	224 	224 
000305 	188 	89 	224 	224 
000306 	188 	89 	224 	224 
000307 	197 	115 	187 	187 
000308 	197 	115 	187 	187 
000309 	197 	115 	187 	187 
000310 	188 	114 	224 	224 
000311 	188 	114 	224 	224 
000312 	188 	114 	224 	224 
000313 	197 	115 	187 	187 
000314 	197 	115 	187 	187 
000315 	197 	115 	187 	187 
000316 	197 	115 	187 	187 
000317 	197 	115 	187 	187 
000318 	177 	115 	187 	187 
000319 	177 	115 	187 	187 
000320 	177 	115 	187 	187 
000321 	177 	115 	187 	187 
000322 	177 	115 	187 	187 
000323 	177 	115 	187 	187 
000324 	138 	64 	224 	224 
000325 	138 	89 	224 	224 
000326 	138 	89 	224 	224 
000327 	177 	115 	187 	187 
000328 	163 	89 	224 	224 
000329 	163 	89 	224 	224 
000330 	163 	89 	224 	224 
000331 	163 	89 	224 	224 
000332 	163 	64 	224 	224 
000333 	163 	89 	224 	224 
000334 	163 	64 	224 	224 
000335 	163 	89 	224 	224 
000336 	163 	89 	224 	224 
000337 	163 	89 	224 	224 
000338 	163 	89 	224 	224 
000339 	163 	89 	224 	224 
000340 	163 	89 	224 	224 
000341 	163 	89 	224 	224 
000342 	197 	115 	187 	187 
000343 	197 	115 	187 	187 
000344 	163 	89 	224 	224 
000345 	197 	115 	187 	187 
000346 	197 	115 	187 	187 
000347 	197 	115 	187 	187 
000348 	197 	115 	187 	187 
000349 	197 	115 	187 	187 
000350 	197 	115 	187 	187 
000351 	188 	89 	224 	224 
000352 	188 	89 	224 	224 
000353 	188 	89 	224 	224 
000354 	188 	89 	224 	224 
000355 	188 	89 	224 	224 
000356 	188 	89 	224 	224 
000357 	218 	115 	187 	187 
000358 	218 	115 	187 	187 
000359 	218 	95 	187 	186 
000360 	218 	95 	187 	186 
000361 	218 	115 	187 	187 
000362 	218 	115 	187 	187 
000363 	218 	115 	187 	187 
000364 	218 	115 	187 	187 
000365 	218 	115 	187 	187 
000366 	188 	89 	224 	224 
000367 	188 	89 	224 	224 
000368 	188 	89 	224 	224 
000369 	188 	89 	224 	224 
000370 	188 	89 	224 	224 
000371 	197 	115 	187 	187 
000372 	197 	115 	187 	187 
000373 	197 	115 	187 	187 
000374 	197 	115 	187 	187 
000375 	197 	115 	187 	187 
000376 	197 	115 	187 	187 
000377 	197 	115 	187 	187 
000378 	197 	115 	187 	187 
000379 	197 	115 	187 	187 
000380 	197 	115 	187 	187 
000381 	163 	114 	224 	224 
000382 	163 	114 	224 	224 
000383 	177 	115 	187 	187 
000384 	177 	115 	187 	187 
000385 	177 	115 	187 	187 
000386 	163 	89 	224 	224 
000387 	163 	89 	224 	224 
000388 	163 	89 	224 	224 
000389 	163 	89 	224 	224 
000390 	163 	89 	224 	224 
000391 	163 	89 	224 	224 
000392 	163 	89 	224 	224 
000393 	163 	89 	224 	224 
000394 	163 	89 	224 	224 
000395 	163 	89 	224 	224 
000396 	177 	115 	187 	187 
000397 	177 	115 	187 	187 
000398 	177 	115 	187 	187 
000399 	177 	115 	187 	187 
000400 	177 	115 	187 	187 
000401 	163 	89 	224 	224 
000402 	163 	89 	224 	224 
000403 	163 	89 	224 	224 
000404 	177 	95 	187 	186 
000405 	177 	95 	187 	186 
000406 	177 	95 	187 	186 
000407 	163 	64 	224 	224 
000408 	163 	64 	224 	224 
000409 	138 	64 	224 	224 
000410 	138 	64 	224 	224 
000411 	138 	64 	224 	224 
000412 	163 	64 	224 	224 
000413 	163 	64 	224 	224 
000414 	163 	64 	224 	224 
000415 	163 	64 	224 	224 
000416 	163 	64 	224 	224 
000417 	197 	95 	187 	186 
000418 	197 	95 	187 	186 
000419 	197 	95 	187 	186 
000420 	197 	95 	187 	186 
000421 	197 	95 	187 	186 
000422 	197 	95 	187 	186 
000423 	197 	95 	187 	186 
000424 	188 	89 	224 	224 
000425 	188 	89 	224 	224 
000426 	197 	115 	187 	187 
000427 	197 	115 	187 	187 
000428 	197 	115 	187 	187 
000429 	197 	115 	187 	187 
000430 	197 	115 	187 	187 
000431 	197 	115 	187 	187 
000432 	197 	115 	187 	187 
000433 	197 	115 	187 	187 
000434 	197 	115 	187 	187 
000435 	197 	115 	187 	187 
000436 	197 	115 	187 	187 
000437 	177 	115 	187 	187 
000438 	177 	115 	187 	187 
000439 	177 	115 	187 	187 
000440 	177 	115 	187 	187 
000441 	177 	115 	187 	187 
000442 	177 	115 	187 	187 
000443 	177 	115 	187 	187 
000444 	177 	115 	187 	187 
000445 	177 	115 	187 	187 
000446 	177 	115 	187 	187 
000447 	177 	115 	187 	187 
000448 	177 	115 	187 	187 
000449 	177 	115 	187 	187 
000450 	177 	115 	187 	187 
000451 	177 	115 	187 	187 
000452 	177 	115 	187 	187 
000453 	177 	115 	187 	187 
000454 	138 	64 	224 	224 
000455 	138 	64 	224 	224 
000456 	177 	95 	187 	186 
000457 	138 	64 	224 	224 
000458 	177 	95 	187 	186 
000459 	177 	95 	187 	186 
000460 	177 	95 	187 	186 
000461 	177 	95 	187 	186 
000462 	177 	95 	187 	186 
000463 	177 	95 	187 	186 
000464 	177 	95 	187 	186 
000465 	177 	95 	187 	186 
000466 	177 	95 	187 	186 
000467 	177 	95 	187 	186 
000468 	177 	95 	187 	186 
000469 	177 	95 	187 	186 
000470 	177 	95 	187 	186 
000471 	163 	64 	224 	224 
000472 	177 	95 	187 	186 
000473 	177 	95 	187 	186 
000474 	177 	95 	187 	186 
000475 	177 	95 	187 	186 
000476 	177 	95 	187 	186 
000477 	177 	95 	187 	186 
000478 	138 	64 	224 	224 
000479 	138 	64 	224 	224 
000480 	138 	64 	224 	224 
000481 	138 	64 	224 	224 
000482 	138 	64 	224 	224 
000483 	138 	64 	224 	224 
000484 	138 	64 	224 	224 
000485 	138 	64 	224 	224 
000486 	138 	64 	224 	224 
000487 	138 	64 	224 	224 
000488 	138 	64 	224 	224 
000489 	138 	89 	224 	224 
000490 	138 	89 	224 	224 
000491 	138 	89 	224 	224 
000492 	138 	89 	224 	224 
000493 	138 	89 	224 	224 
000494 	138 	89 	224 	224 
000495 	138 	89 	224 	224 
000496 	138 	89 	224 	224 
000497 	138 	89 	224 	224 
000498 	138 	89 	224 	224 
000499 	138 	89 	224 	224 
000500 	138 	89 	224 	224 
000501 	138 	89 	224 	224 
000502 	138 	89 	224 	224 
000503 	138 	89 	224 	224 
000504 	138 	89 	224 	224 
000505 	138 	89 	224 	224 
000506 	138 	89 	224 	224 
000507 	138 	89 	224 	224 
000508 	138 	89 	224 	224 
000509 	138 	89 	224 	224 
000510 	163 	89 	224 	224 
000511 	163 	89 	224 	224 
000512 	163 	89 	224 	224 
000513 	163 	89 	224 	224 
000514 	163 	89 	224 	224 
000515 	163 	89 	224 	224 
000516 	163 	89 	224 	224 
000517 	163 	89 	224 	224 
000518 	163 	89 	224 	224 
000519 	163 	89 	224 	224 
000520 	163 	89 	224 	224 
000521 	163 	89 	224 	224 
000522 	163 	89 	224 	224 
000523 	163 	89 	224 	224 
000524 	163 	89 	224 	224 
000525 	197 	115 	187 	187 
000526 	197 	115 	187 	187 
000527 	197 	115 	187 	187 
000528 	197 	115 	187 	187 
000529 	188 	89 	224 	224 
000530 	188 	89 	224 	224 
000531 	188 	89 	224 	224 
000532 	188 	89 	224 	224 
000533 	188 	89 	224 	224 
000534 	188 	89 	224 	224 
000535 	188 	89 	224 	224 
000536 	197 	115 	187 	187 
000537 	197 	115 	187 	187 
000538 	197 	115 	187 	187 
000539 	197 	115 	187 	187 
000540 	188 	89 	224 	224 
000541 	188 	89 	224 	224 
000542 	188 	89 	224 	224 
000543 	188 	89 	224 	224 
000544 	188 	89 	224 	224 
000545 	188 	89 	224 	224 
000546 	188 	89 	224 	224 
000547 	188 	89 	224 	224 
000548 	188 	89 	224 	224 
000549 	188 	89 	224 	224 
000550 	197 	115 	187 	187 
000551 	197 	115 	187 	187 
000552 	188 	89 	224 	224 
000553 	188 	89 	224 	224 
000554 	188 	89 	224 	224 
000555 	188 	89 	224 	224 
000556 	188 	89 	224 	224 
000557 	188 	89 	224 	224 
000558 	188 	89 	224 	224 
000559 	188 	89 	224 	224 
000560 	188 	89 	224 	224 
000561 	163 	64 	224 	224 
000562 	163 	64 	224 	224 
000563 	163 	64 	224 	224 
000564 	163 	64 	224 	224 
000565 	163 	64 	224 	224 
000566 	163 	64 	224 	224 
000567 	188 	89 	224 	224 
000568 	188 	89 	224 	224 
000569 	188 	89 	224 	224 
000570 	188 	89 	224 	224 
000571 	188 	89 	224 	224 
000572 	188 	89 	224 	224 
000573 	188 	89 	224 	224 
000574 	188 	89 	224 	224 
000575 	188 	89 	224 	224 
000576 	188 	89 	224 	224 
000577 	188 	89 	224 	224 
000578 	197 	95 	187 	186 
000579 	197 	95 	187 	186 
000580 	197 	95 	187 	186 
000581 	197 	95 	187 	186 
000582 	163 	64 	224 	224 
000583 	163 	64 	224 	224 
000584 	163 	64 	224 	224 
000585 	163 	64 	224 	224 
000586 	163 	89 	224 	224 
000587 	163 	89 	224 	224 
000588 	163 	89 	224 	224 
000589 	163 	64 	224 	224 
000590 	163 	64 	224 	224 
000591 	163 	64 	224 	224 
000592 	163 	64 	224 	224 
000593 	163 	64 	224 	224 
000594 	163 	64 	224 	224 
000595 	163 	64 	224 	224 
000596 	163 	64 	224 	224 
000597 	197 	95 	187 	186 
000598 	197 	95 	187 	186 
000599 	188 	89 	224 	224 
000600 	188 	89 	224 	224 
000601 	188 	89 	224 	224 
000602 	188 	89 	224 	224 
000603 	188 	89 	224 	224 
000604 	188 	89 	224 	224 
000605 	188 	89 	224 	224 
000606 	197 	115 	187 	187 
000607 	197 	115 	187 	187 
000608 	197 	115 	187 	187 
000609 	197 	115 	187 	187 
000610 	197 	115 	187 	187 
000611 	197 	115 	187 	187 
000612 	197 	115 	187 	187 
000613 	197 	115 	187 	187 
000614 	197 	115 	187 	187 
000615 	197 	115 	187 	187 
000616 	197 	95 	187 	186 
000617 	188 	64 	224 	224 
000618 	188 	64 	224 	224 
000619 	188 	64 	224 	224 
000620 	188 	64 	224 	224 
000621 	188 	64 	224 	224 
000622 	188 	64 	224 	224 
000623 	188 	64 	224 	224 
000624 	188 	64 	224 	224 
000625 	188 	64 	224 	224 
000626 	188 	64 	224 	224 
000627 	188 	64 	224 	224 
000628 	188 	64 	224 	224 
000629 	188 	64 	224 	224 
000630 	188 	64 	224 	224 
000631 	188 	64 	224 	224 
000632 	188 	64 	224 	224 
000633 	188 	64 	224 	224 
000634 	188 	64 	224 	224 
000635 	188 	64 	224 	224 
000636 	188 	64 	224 	224 
000637 	188 	64 	224 	224 
000638 	188 	64 	224 	224 
000639 	188 	64 	224 	224 
000640 	188 	64 	224 	224 
000641 	188 	64 	224 	224 
000642 	188 	64 	224 	224 
000643 	188 	64 	224 	224 
000644 	188 	64 	224 	224 
000645 	188 	64 	224 	224 
000646 	197 	95 	187 	186 
000647 	197 	95 	187 	186 
000648 	197 	95 	187 	186 
000649 	197 	95 	187 	186 
000650 	197 	95 	187 	186 
000651 	197 	95 	187 	186 
000652 	197 	95 	187 	186 
000653 	197 	95 	187 	186 
000654 	197 	95 	187 	186 
000655 	197 	95 	187 	186 
000656 	197 	95 	187 	186 
000657 	197 	95 	187 	186 
