Identity  : 	id10148
Reference : 	BjiVFM7H3FA
Offset    : 	1
FV Conf   : 	16.919
ASD Conf  : 	6.529

FRAME 	X 	Y 	W 	H 
006469 	181 	113 	156 	156 
006470 	199 	113 	155 	156 
006471 	199 	113 	155 	156 
006472 	199 	113 	155 	156 
006473 	199 	113 	155 	156 
006474 	199 	113 	155 	156 
006475 	199 	113 	155 	156 
006476 	199 	113 	155 	156 
006477 	181 	113 	156 	156 
006478 	199 	113 	155 	156 
006479 	199 	113 	155 	156 
006480 	199 	113 	155 	156 
006481 	199 	113 	155 	156 
006482 	199 	113 	155 	156 
006483 	199 	113 	155 	156 
006484 	199 	113 	155 	156 
006485 	199 	113 	155 	156 
006486 	199 	113 	155 	156 
006487 	199 	113 	155 	156 
006488 	199 	113 	155 	156 
006489 	199 	113 	155 	156 
006490 	199 	113 	155 	156 
006491 	199 	113 	155 	156 
006492 	199 	113 	155 	156 
006493 	199 	113 	155 	156 
006494 	177 	95 	187 	186 
006495 	177 	95 	187 	186 
006496 	177 	95 	187 	186 
006497 	177 	95 	187 	186 
006498 	177 	95 	187 	186 
006499 	177 	74 	187 	187 
006500 	177 	74 	187 	187 
006501 	177 	74 	187 	187 
006502 	181 	96 	156 	156 
006503 	177 	74 	187 	187 
006504 	181 	96 	156 	156 
006505 	181 	96 	156 	156 
006506 	181 	96 	156 	156 
006507 	181 	96 	156 	156 
006508 	181 	96 	156 	156 
006509 	181 	96 	156 	156 
006510 	181 	96 	156 	156 
006511 	181 	96 	156 	156 
006512 	181 	96 	156 	156 
006513 	177 	74 	187 	187 
006514 	177 	74 	187 	187 
006515 	181 	96 	156 	156 
006516 	181 	96 	156 	156 
006517 	181 	96 	156 	156 
006518 	181 	96 	156 	156 
006519 	181 	96 	156 	156 
006520 	181 	96 	156 	156 
006521 	181 	96 	156 	156 
006522 	181 	96 	156 	156 
006523 	181 	96 	156 	156 
006524 	199 	96 	155 	156 
006525 	199 	96 	155 	156 
006526 	199 	96 	155 	156 
006527 	199 	96 	155 	156 
006528 	199 	96 	155 	156 
006529 	199 	96 	155 	156 
006530 	199 	96 	155 	156 
006531 	199 	96 	155 	156 
006532 	199 	96 	155 	156 
006533 	199 	96 	155 	156 
006534 	199 	96 	155 	156 
006535 	199 	96 	155 	156 
006536 	199 	96 	155 	156 
006537 	177 	74 	187 	187 
006538 	177 	74 	187 	187 
006539 	177 	74 	187 	187 
006540 	177 	74 	187 	187 
006541 	177 	74 	187 	187 
006542 	177 	74 	187 	187 
006543 	199 	96 	155 	156 
006544 	199 	96 	155 	156 
006545 	199 	96 	155 	156 
006546 	177 	74 	187 	187 
006547 	177 	74 	187 	187 
006548 	177 	74 	187 	187 
006549 	177 	74 	187 	187 
006550 	181 	96 	156 	156 
006551 	177 	74 	187 	187 
006552 	177 	74 	187 	187 
006553 	177 	74 	187 	187 
006554 	199 	96 	155 	156 
006555 	199 	96 	155 	156 
006556 	199 	96 	155 	156 
006557 	199 	96 	155 	156 
006558 	199 	96 	155 	156 
006559 	177 	95 	187 	186 
006560 	177 	95 	187 	186 
006561 	177 	95 	187 	186 
006562 	177 	95 	187 	186 
006563 	177 	95 	187 	186 
006564 	177 	95 	187 	186 
006565 	177 	95 	187 	186 
006566 	177 	95 	187 	186 
006567 	177 	95 	187 	186 
006568 	177 	95 	187 	186 
006569 	177 	95 	187 	186 
006570 	177 	95 	187 	186 
006571 	177 	95 	187 	186 
006572 	199 	113 	155 	156 
006573 	177 	95 	187 	186 
006574 	177 	95 	187 	186 
006575 	177 	95 	187 	186 
006576 	199 	113 	155 	156 
006577 	177 	95 	187 	186 
006578 	177 	95 	187 	186 
006579 	199 	113 	155 	156 
006580 	199 	113 	155 	156 
006581 	177 	95 	187 	186 
006582 	177 	95 	187 	186 
006583 	177 	95 	187 	186 
006584 	177 	95 	187 	186 
006585 	177 	95 	187 	186 
006586 	177 	95 	187 	186 
006587 	177 	95 	187 	186 
006588 	177 	95 	187 	186 
006589 	177 	95 	187 	186 
006590 	177 	95 	187 	186 
006591 	177 	95 	187 	186 
006592 	177 	95 	187 	186 
006593 	199 	113 	155 	156 
006594 	177 	95 	187 	186 
006595 	177 	95 	187 	186 
006596 	177 	95 	187 	186 
006597 	177 	95 	187 	186 
006598 	177 	95 	187 	186 
006599 	177 	95 	187 	186 
006600 	177 	95 	187 	186 
006601 	177 	95 	187 	186 
006602 	177 	95 	187 	186 
006603 	177 	95 	187 	186 
006604 	177 	95 	187 	186 
006605 	177 	95 	187 	186 
006606 	177 	95 	187 	186 
006607 	177 	95 	187 	186 
006608 	177 	95 	187 	186 
006609 	177 	95 	187 	186 
006610 	177 	95 	187 	186 
006611 	177 	95 	187 	186 
006612 	177 	95 	187 	186 
006613 	177 	95 	187 	186 
006614 	177 	95 	187 	186 
006615 	177 	95 	187 	186 
006616 	177 	95 	187 	186 
006617 	177 	95 	187 	186 
006618 	177 	95 	187 	186 
006619 	177 	95 	187 	186 
006620 	199 	113 	155 	156 
006621 	177 	95 	187 	186 
006622 	177 	95 	187 	186 
006623 	177 	95 	187 	186 
006624 	177 	95 	187 	186 
006625 	177 	95 	187 	186 
006626 	177 	95 	187 	186 
006627 	177 	95 	187 	186 
006628 	177 	95 	187 	186 
006629 	177 	74 	187 	187 
006630 	177 	74 	187 	187 
006631 	177 	74 	187 	187 
006632 	199 	96 	155 	156 
006633 	199 	96 	155 	156 
006634 	199 	96 	155 	156 
006635 	181 	96 	156 	156 
006636 	177 	74 	187 	187 
006637 	181 	96 	156 	156 
006638 	177 	74 	187 	187 
006639 	181 	96 	156 	156 
006640 	181 	96 	156 	156 
006641 	181 	79 	156 	156 
006642 	181 	79 	156 	156 
006643 	181 	79 	156 	156 
006644 	156 	74 	187 	187 
006645 	156 	74 	187 	187 
006646 	156 	74 	187 	187 
006647 	164 	96 	156 	156 
006648 	164 	96 	156 	156 
006649 	164 	96 	156 	156 
006650 	164 	96 	156 	156 
006651 	156 	95 	187 	186 
006652 	156 	95 	187 	186 
006653 	156 	95 	187 	186 
006654 	156 	95 	187 	186 
006655 	181 	113 	156 	156 
006656 	181 	113 	156 	156 
006657 	181 	113 	156 	156 
006658 	181 	113 	156 	156 
006659 	181 	113 	156 	156 
006660 	181 	96 	156 	156 
006661 	181 	96 	156 	156 
006662 	181 	96 	156 	156 
006663 	181 	96 	156 	156 
006664 	181 	96 	156 	156 
006665 	181 	96 	156 	156 
006666 	181 	96 	156 	156 
006667 	177 	74 	187 	187 
006668 	177 	74 	187 	187 
006669 	181 	96 	156 	156 
006670 	181 	96 	156 	156 
006671 	156 	74 	187 	187 
006672 	164 	96 	156 	156 
006673 	164 	96 	156 	156 
006674 	164 	96 	156 	156 
006675 	164 	96 	156 	156 
006676 	156 	74 	187 	187 
006677 	156 	74 	187 	187 
006678 	181 	96 	156 	156 
006679 	181 	96 	156 	156 
006680 	181 	96 	156 	156 
006681 	181 	113 	156 	156 
006682 	181 	113 	156 	156 
006683 	181 	96 	156 	156 
006684 	181 	96 	156 	156 
006685 	177 	95 	187 	186 
006686 	177 	95 	187 	186 
006687 	177 	95 	187 	186 
006688 	199 	96 	155 	156 
006689 	199 	96 	155 	156 
006690 	199 	96 	155 	156 
006691 	199 	96 	155 	156 
006692 	199 	96 	155 	156 
006693 	199 	96 	155 	156 
006694 	199 	96 	155 	156 
006695 	199 	96 	155 	156 
006696 	199 	96 	155 	156 
006697 	177 	95 	187 	186 
006698 	199 	96 	155 	156 
006699 	199 	96 	155 	156 
006700 	177 	95 	187 	186 
006701 	199 	96 	155 	156 
006702 	199 	96 	155 	156 
006703 	177 	95 	187 	186 
006704 	177 	95 	187 	186 
006705 	177 	95 	187 	186 
006706 	177 	95 	187 	186 
006707 	177 	95 	187 	186 
006708 	177 	95 	187 	186 
006709 	177 	95 	187 	186 
006710 	177 	95 	187 	186 
006711 	177 	95 	187 	186 
006712 	199 	96 	155 	156 
006713 	199 	96 	155 	156 
006714 	199 	96 	155 	156 
006715 	177 	95 	187 	186 
006716 	177 	95 	187 	186 
006717 	177 	95 	187 	186 
006718 	177 	95 	187 	186 
006719 	177 	95 	187 	186 
006720 	177 	95 	187 	186 
006721 	177 	95 	187 	186 
006722 	177 	95 	187 	186 
006723 	177 	95 	187 	186 
006724 	177 	95 	187 	186 
006725 	177 	95 	187 	186 
006726 	177 	95 	187 	186 
006727 	177 	95 	187 	186 
006728 	177 	95 	187 	186 
006729 	177 	95 	187 	186 
006730 	177 	95 	187 	186 
006731 	199 	113 	155 	156 
006732 	199 	113 	155 	156 
006733 	199 	113 	155 	156 
006734 	199 	113 	155 	156 
006735 	199 	113 	155 	156 
006736 	199 	113 	155 	156 
006737 	199 	113 	155 	156 
006738 	199 	113 	155 	156 
006739 	177 	95 	187 	186 
006740 	177 	95 	187 	186 
006741 	199 	113 	155 	156 
006742 	177 	95 	187 	186 
006743 	199 	113 	155 	156 
006744 	177 	95 	187 	186 
006745 	177 	95 	187 	186 
006746 	177 	95 	187 	186 
006747 	199 	113 	155 	156 
006748 	199 	113 	155 	156 
006749 	199 	113 	155 	156 
006750 	177 	95 	187 	186 
006751 	177 	95 	187 	186 
006752 	177 	95 	187 	186 
006753 	177 	95 	187 	186 
006754 	177 	95 	187 	186 
006755 	177 	95 	187 	186 
006756 	177 	95 	187 	186 
006757 	177 	95 	187 	186 
006758 	177 	95 	187 	186 
006759 	177 	95 	187 	186 
006760 	177 	95 	187 	186 
006761 	181 	113 	156 	156 
006762 	181 	113 	156 	156 
006763 	181 	113 	156 	156 
006764 	181 	113 	156 	156 
006765 	181 	113 	156 	156 
006766 	181 	113 	156 	156 
006767 	181 	113 	156 	156 
006768 	181 	113 	156 	156 
006769 	181 	113 	156 	156 
006770 	181 	113 	156 	156 
006771 	181 	113 	156 	156 
006772 	181 	113 	156 	156 
006773 	177 	95 	187 	186 
006774 	177 	95 	187 	186 
006775 	177 	95 	187 	186 
006776 	177 	95 	187 	186 
006777 	177 	95 	187 	186 
006778 	177 	95 	187 	186 
006779 	177 	95 	187 	186 
006780 	177 	95 	187 	186 
006781 	199 	113 	155 	156 
006782 	177 	95 	187 	186 
006783 	199 	113 	155 	156 
006784 	199 	113 	155 	156 
006785 	199 	113 	155 	156 
006786 	199 	113 	155 	156 
006787 	199 	113 	155 	156 
006788 	199 	113 	155 	156 
006789 	199 	113 	155 	156 
006790 	199 	113 	155 	156 
006791 	199 	96 	155 	156 
006792 	199 	113 	155 	156 
006793 	197 	74 	187 	187 
006794 	197 	74 	187 	187 
006795 	216 	96 	156 	156 
006796 	216 	96 	156 	156 
006797 	216 	96 	156 	156 
006798 	216 	96 	156 	156 
006799 	216 	96 	156 	156 
006800 	216 	96 	156 	156 
006801 	199 	113 	155 	156 
006802 	199 	113 	155 	156 
006803 	199 	113 	155 	156 
006804 	199 	113 	155 	156 
006805 	199 	113 	155 	156 
006806 	199 	113 	155 	156 
006807 	199 	113 	155 	156 
006808 	199 	113 	155 	156 
006809 	199 	113 	155 	156 
006810 	199 	113 	155 	156 
006811 	216 	96 	156 	156 
006812 	216 	96 	156 	156 
006813 	216 	96 	156 	156 
006814 	216 	113 	156 	156 
006815 	216 	113 	156 	156 
006816 	216 	113 	156 	156 
