Identity  : 	id11048
Reference : 	XoRtxApwtVA
Offset    : 	-2
FV Conf   : 	14.325
ASD Conf  : 	7.720

FRAME 	X 	Y 	W 	H 
005059 	162 	100 	63 	64 
005060 	162 	96 	75 	75 
005061 	162 	96 	75 	75 
005062 	162 	87 	75 	76 
005063 	162 	87 	75 	76 
005064 	162 	87 	75 	76 
005065 	153 	79 	76 	76 
005066 	153 	79 	76 	76 
005067 	153 	79 	76 	76 
005068 	162 	80 	63 	63 
005069 	162 	80 	63 	63 
005070 	153 	71 	76 	75 
005071 	153 	71 	76 	75 
005072 	153 	79 	76 	76 
005073 	153 	79 	76 	76 
005074 	153 	79 	76 	76 
005075 	153 	79 	76 	76 
005076 	153 	79 	76 	76 
005077 	153 	79 	76 	76 
005078 	153 	79 	76 	76 
005079 	155 	87 	63 	63 
005080 	155 	87 	63 	63 
005081 	155 	87 	63 	63 
005082 	155 	87 	63 	63 
005083 	153 	87 	76 	76 
005084 	153 	87 	76 	76 
005085 	153 	87 	76 	76 
005086 	162 	87 	75 	76 
005087 	162 	79 	75 	76 
005088 	170 	79 	75 	76 
005089 	170 	79 	75 	76 
005090 	170 	79 	75 	76 
005091 	170 	87 	75 	76 
005092 	170 	87 	75 	76 
005093 	170 	87 	75 	76 
005094 	170 	87 	75 	76 
005095 	170 	87 	75 	76 
005096 	170 	96 	75 	75 
005097 	170 	96 	75 	75 
005098 	170 	96 	75 	75 
005099 	170 	96 	75 	75 
005100 	170 	96 	75 	75 
005101 	170 	96 	75 	75 
005102 	170 	96 	75 	75 
005103 	169 	93 	63 	64 
005104 	169 	93 	63 	64 
005105 	169 	93 	63 	64 
005106 	162 	87 	75 	76 
005107 	162 	87 	75 	76 
005108 	162 	87 	75 	76 
005109 	162 	87 	75 	76 
005110 	162 	87 	75 	76 
005111 	162 	87 	75 	76 
005112 	162 	87 	75 	76 
005113 	162 	87 	75 	76 
005114 	162 	87 	75 	76 
005115 	162 	87 	75 	76 
005116 	162 	87 	75 	76 
005117 	162 	87 	75 	76 
005118 	162 	87 	75 	76 
005119 	162 	87 	75 	76 
005120 	162 	87 	75 	76 
005121 	162 	87 	75 	76 
005122 	162 	87 	75 	76 
005123 	162 	87 	75 	76 
005124 	162 	87 	75 	76 
005125 	162 	87 	75 	76 
005126 	162 	87 	75 	76 
005127 	162 	96 	75 	75 
005128 	162 	96 	75 	75 
005129 	162 	96 	75 	75 
005130 	162 	96 	75 	75 
005131 	162 	96 	75 	75 
005132 	162 	96 	75 	75 
005133 	162 	96 	75 	75 
005134 	162 	96 	75 	75 
005135 	162 	96 	75 	75 
005136 	162 	87 	75 	76 
005137 	162 	87 	75 	76 
005138 	162 	87 	75 	76 
005139 	162 	87 	75 	76 
005140 	162 	87 	75 	76 
005141 	162 	87 	75 	76 
005142 	162 	87 	75 	76 
005143 	162 	87 	75 	76 
005144 	162 	87 	75 	76 
005145 	162 	87 	75 	76 
005146 	162 	87 	75 	76 
005147 	162 	87 	75 	76 
005148 	162 	87 	75 	76 
005149 	162 	87 	75 	76 
005150 	162 	87 	75 	76 
005151 	162 	87 	75 	76 
005152 	162 	87 	75 	76 
005153 	162 	87 	75 	76 
005154 	162 	87 	75 	76 
005155 	162 	96 	75 	75 
005156 	162 	96 	75 	75 
005157 	162 	87 	75 	76 
005158 	162 	87 	75 	76 
005159 	162 	87 	75 	76 
005160 	162 	93 	63 	64 
005161 	153 	87 	76 	76 
005162 	153 	79 	76 	76 
005163 	153 	79 	76 	76 
005164 	153 	79 	76 	76 
005165 	155 	87 	63 	63 
