Identity  : 	id10376
Reference : 	OSUGWP3iYns
Offset    : 	-1
FV Conf   : 	18.369
ASD Conf  : 	6.431

FRAME 	X 	Y 	W 	H 
004605 	423 	75 	91 	91 
004606 	423 	75 	91 	91 
004607 	423 	75 	91 	91 
004608 	423 	75 	91 	91 
004609 	423 	75 	91 	91 
004610 	423 	75 	91 	91 
004611 	423 	75 	91 	91 
004612 	423 	75 	91 	91 
004613 	423 	75 	91 	91 
004614 	423 	75 	91 	91 
004615 	423 	75 	91 	91 
004616 	423 	75 	91 	91 
004617 	423 	75 	91 	91 
004618 	423 	75 	91 	91 
004619 	423 	75 	91 	91 
004620 	423 	75 	91 	91 
004621 	423 	75 	91 	91 
004622 	423 	75 	91 	91 
004623 	423 	75 	91 	91 
004624 	423 	75 	91 	91 
004625 	423 	75 	91 	91 
004626 	423 	75 	91 	91 
004627 	423 	75 	91 	91 
004628 	423 	75 	91 	91 
004629 	423 	75 	91 	91 
004630 	423 	75 	91 	91 
004631 	423 	75 	91 	91 
004632 	423 	75 	91 	91 
004633 	423 	75 	91 	91 
004634 	423 	75 	91 	91 
004635 	423 	75 	91 	91 
004636 	423 	75 	91 	91 
004637 	423 	75 	91 	91 
004638 	423 	75 	91 	91 
004639 	423 	75 	91 	91 
004640 	423 	75 	91 	91 
004641 	423 	75 	91 	91 
004642 	423 	75 	91 	91 
004643 	423 	75 	91 	91 
004644 	423 	75 	91 	91 
004645 	423 	75 	91 	91 
004646 	423 	75 	91 	91 
004647 	423 	75 	91 	91 
004648 	423 	75 	91 	91 
004649 	423 	75 	91 	91 
004650 	423 	75 	91 	91 
004651 	423 	75 	91 	91 
004652 	423 	75 	91 	91 
004653 	423 	75 	91 	91 
004654 	423 	75 	91 	91 
004655 	433 	75 	91 	91 
004656 	433 	75 	91 	91 
004657 	433 	75 	91 	91 
004658 	433 	75 	91 	91 
004659 	433 	75 	91 	91 
004660 	433 	75 	91 	91 
004661 	433 	75 	91 	91 
004662 	433 	75 	91 	91 
004663 	433 	75 	91 	91 
004664 	433 	75 	91 	91 
004665 	433 	75 	91 	91 
004666 	433 	85 	91 	91 
004667 	433 	85 	91 	91 
004668 	443 	85 	90 	91 
004669 	443 	85 	90 	91 
004670 	443 	85 	90 	91 
004671 	443 	85 	90 	91 
004672 	443 	75 	90 	91 
004673 	443 	75 	90 	91 
004674 	433 	85 	91 	91 
004675 	433 	85 	91 	91 
004676 	433 	85 	91 	91 
004677 	443 	85 	90 	91 
004678 	443 	85 	90 	91 
004679 	443 	85 	90 	91 
004680 	433 	75 	91 	91 
004681 	433 	85 	91 	91 
004682 	433 	85 	91 	91 
004683 	433 	85 	91 	91 
004684 	433 	85 	91 	91 
004685 	433 	85 	91 	91 
004686 	433 	85 	91 	91 
004687 	433 	85 	91 	91 
004688 	433 	85 	91 	91 
004689 	433 	85 	91 	91 
004690 	433 	85 	91 	91 
004691 	433 	85 	91 	91 
004692 	433 	85 	91 	91 
004693 	433 	85 	91 	91 
004694 	433 	85 	91 	91 
004695 	433 	85 	91 	91 
004696 	433 	85 	91 	91 
004697 	433 	85 	91 	91 
004698 	433 	85 	91 	91 
004699 	433 	85 	91 	91 
004700 	443 	85 	90 	91 
004701 	443 	85 	90 	91 
004702 	443 	85 	90 	91 
004703 	443 	85 	90 	91 
004704 	443 	85 	90 	91 
004705 	443 	85 	90 	91 
004706 	443 	85 	90 	91 
004707 	443 	75 	90 	91 
004708 	443 	75 	90 	91 
004709 	443 	75 	90 	91 
004710 	443 	75 	90 	91 
004711 	443 	75 	90 	91 
004712 	443 	75 	90 	91 
004713 	424 	66 	109 	109 
004714 	424 	66 	109 	109 
004715 	424 	66 	109 	109 
004716 	424 	66 	109 	109 
004717 	423 	75 	91 	91 
004718 	423 	65 	91 	91 
004719 	423 	65 	91 	91 
004720 	423 	65 	91 	91 
004721 	423 	65 	91 	91 
004722 	423 	65 	91 	91 
004723 	423 	75 	91 	91 
004724 	423 	75 	91 	91 
