Identity  : 	id11067
Reference : 	gPI2uNO9Vmg
Offset    : 	-2
FV Conf   : 	13.834
ASD Conf  : 	6.770

FRAME 	X 	Y 	W 	H 
003426 	314 	85 	90 	91 
003427 	314 	85 	90 	91 
003428 	305 	78 	108 	109 
003429 	323 	85 	91 	91 
003430 	323 	85 	91 	91 
003431 	323 	85 	91 	91 
003432 	333 	85 	91 	91 
003433 	333 	85 	91 	91 
003434 	317 	78 	108 	109 
003435 	323 	85 	91 	91 
003436 	314 	85 	90 	91 
003437 	314 	85 	90 	91 
003438 	304 	95 	90 	91 
003439 	304 	95 	90 	91 
003440 	304 	95 	90 	91 
003441 	304 	95 	90 	91 
003442 	304 	95 	90 	91 
003443 	304 	95 	90 	91 
003444 	304 	95 	90 	91 
003445 	304 	95 	90 	91 
003446 	294 	95 	90 	91 
003447 	294 	95 	90 	91 
003448 	294 	95 	90 	91 
003449 	294 	95 	90 	91 
003450 	294 	95 	90 	91 
003451 	304 	95 	90 	91 
003452 	304 	85 	90 	91 
003453 	304 	85 	90 	91 
003454 	304 	95 	90 	91 
003455 	294 	85 	90 	91 
003456 	294 	85 	90 	91 
003457 	304 	85 	90 	91 
003458 	304 	85 	90 	91 
003459 	304 	85 	90 	91 
003460 	304 	85 	90 	91 
003461 	294 	85 	90 	91 
003462 	294 	85 	90 	91 
003463 	294 	85 	90 	91 
003464 	294 	85 	90 	91 
003465 	294 	85 	90 	91 
003466 	304 	85 	90 	91 
003467 	304 	85 	90 	91 
003468 	304 	85 	90 	91 
003469 	314 	85 	90 	91 
003470 	305 	78 	108 	109 
003471 	323 	85 	91 	91 
003472 	323 	85 	91 	91 
003473 	323 	85 	91 	91 
003474 	314 	85 	90 	91 
003475 	314 	85 	90 	91 
003476 	314 	85 	90 	91 
003477 	314 	85 	90 	91 
003478 	314 	85 	90 	91 
003479 	314 	85 	90 	91 
003480 	314 	85 	90 	91 
003481 	314 	85 	90 	91 
003482 	314 	85 	90 	91 
003483 	314 	85 	90 	91 
003484 	314 	85 	90 	91 
003485 	314 	85 	90 	91 
003486 	314 	85 	90 	91 
003487 	314 	85 	90 	91 
003488 	314 	85 	90 	91 
003489 	314 	85 	90 	91 
003490 	304 	85 	90 	91 
003491 	304 	95 	90 	91 
003492 	304 	95 	90 	91 
003493 	304 	85 	90 	91 
003494 	304 	85 	90 	91 
003495 	304 	85 	90 	91 
003496 	304 	85 	90 	91 
003497 	294 	85 	90 	91 
003498 	294 	85 	90 	91 
003499 	294 	85 	90 	91 
003500 	294 	85 	90 	91 
003501 	294 	85 	90 	91 
003502 	294 	85 	90 	91 
003503 	294 	85 	90 	91 
003504 	304 	85 	90 	91 
003505 	304 	85 	90 	91 
003506 	304 	85 	90 	91 
003507 	304 	85 	90 	91 
003508 	304 	85 	90 	91 
003509 	304 	85 	90 	91 
003510 	304 	85 	90 	91 
003511 	304 	85 	90 	91 
003512 	304 	85 	90 	91 
003513 	304 	85 	90 	91 
003514 	304 	75 	90 	91 
003515 	304 	75 	90 	91 
003516 	304 	75 	90 	91 
003517 	319 	87 	76 	76 
003518 	319 	87 	76 	76 
003519 	314 	75 	90 	91 
003520 	314 	75 	90 	91 
003521 	314 	85 	90 	91 
003522 	314 	85 	90 	91 
003523 	314 	85 	90 	91 
003524 	314 	85 	90 	91 
003525 	314 	85 	90 	91 
003526 	314 	85 	90 	91 
003527 	314 	85 	90 	91 
003528 	314 	95 	90 	91 
003529 	314 	95 	90 	91 
003530 	304 	95 	90 	91 
003531 	304 	95 	90 	91 
003532 	304 	95 	90 	91 
003533 	304 	95 	90 	91 
003534 	304 	95 	90 	91 
003535 	304 	95 	90 	91 
003536 	294 	95 	90 	91 
003537 	294 	95 	90 	91 
003538 	294 	95 	90 	91 
003539 	294 	95 	90 	91 
003540 	294 	95 	90 	91 
003541 	294 	95 	90 	91 
003542 	294 	95 	90 	91 
003543 	294 	105 	90 	91 
003544 	284 	105 	90 	91 
003545 	284 	105 	90 	91 
003546 	284 	105 	90 	91 
003547 	284 	105 	90 	91 
003548 	284 	105 	90 	91 
003549 	284 	105 	90 	91 
003550 	284 	105 	90 	91 
003551 	284 	105 	90 	91 
003552 	284 	105 	90 	91 
003553 	284 	105 	90 	91 
003554 	284 	105 	90 	91 
003555 	284 	105 	90 	91 
003556 	284 	115 	90 	91 
003557 	284 	115 	90 	91 
003558 	284 	115 	90 	91 
003559 	284 	115 	90 	91 
003560 	284 	115 	90 	91 
003561 	294 	115 	90 	91 
003562 	294 	115 	90 	91 
003563 	294 	115 	90 	91 
003564 	294 	115 	90 	91 
003565 	294 	115 	90 	91 
003566 	294 	115 	90 	91 
003567 	294 	115 	90 	91 
003568 	284 	115 	90 	91 
003569 	284 	115 	90 	91 
003570 	284 	115 	90 	91 
003571 	284 	115 	90 	91 
003572 	284 	115 	90 	91 
003573 	284 	115 	90 	91 
003574 	284 	115 	90 	91 
003575 	284 	105 	90 	91 
003576 	284 	105 	90 	91 
003577 	284 	105 	90 	91 
003578 	274 	105 	90 	91 
003579 	274 	105 	90 	91 
003580 	274 	105 	90 	91 
003581 	274 	105 	90 	91 
003582 	274 	105 	90 	91 
003583 	274 	105 	90 	91 
003584 	274 	105 	90 	91 
003585 	274 	95 	90 	91 
003586 	274 	95 	90 	91 
003587 	278 	104 	75 	76 
003588 	264 	95 	90 	91 
003589 	264 	95 	90 	91 
003590 	264 	95 	90 	91 
003591 	264 	95 	90 	91 
003592 	264 	95 	90 	91 
003593 	264 	95 	90 	91 
003594 	264 	95 	90 	91 
003595 	264 	95 	90 	91 
003596 	274 	95 	90 	91 
003597 	274 	95 	90 	91 
003598 	274 	95 	90 	91 
003599 	284 	95 	90 	91 
003600 	284 	95 	90 	91 
003601 	284 	95 	90 	91 
003602 	284 	95 	90 	91 
003603 	284 	95 	90 	91 
003604 	284 	95 	90 	91 
