Identity  : 	id10831
Reference : 	ZgtAh6BFRIk
Offset    : 	-2
FV Conf   : 	16.803
ASD Conf  : 	5.820

FRAME 	X 	Y 	W 	H 
012227 	264 	65 	90 	91 
012228 	269 	71 	76 	75 
012229 	264 	65 	90 	91 
012230 	264 	65 	90 	91 
012231 	264 	65 	90 	91 
012232 	264 	65 	90 	91 
012233 	264 	55 	90 	91 
012234 	264 	55 	90 	91 
012235 	264 	55 	90 	91 
012236 	264 	65 	90 	91 
012237 	264 	65 	90 	91 
012238 	264 	55 	90 	91 
012239 	264 	55 	90 	91 
012240 	264 	65 	90 	91 
012241 	264 	65 	90 	91 
012242 	264 	65 	90 	91 
012243 	264 	65 	90 	91 
012244 	264 	65 	90 	91 
012245 	264 	65 	90 	91 
012246 	264 	65 	90 	91 
012247 	264 	65 	90 	91 
012248 	264 	55 	90 	91 
012249 	264 	55 	90 	91 
012250 	274 	65 	90 	91 
012251 	274 	65 	90 	91 
012252 	274 	65 	90 	91 
012253 	274 	65 	90 	91 
012254 	274 	65 	90 	91 
012255 	274 	65 	90 	91 
012256 	274 	65 	90 	91 
012257 	278 	71 	75 	75 
012258 	274 	65 	90 	91 
012259 	274 	65 	90 	91 
012260 	274 	65 	90 	91 
012261 	274 	65 	90 	91 
012262 	274 	65 	90 	91 
012263 	274 	65 	90 	91 
012264 	286 	71 	76 	75 
012265 	286 	71 	76 	75 
012266 	284 	65 	90 	91 
012267 	284 	65 	90 	91 
012268 	286 	71 	76 	75 
012269 	286 	71 	76 	75 
012270 	286 	71 	76 	75 
012271 	286 	71 	76 	75 
012272 	286 	71 	76 	75 
012273 	284 	65 	90 	91 
012274 	286 	71 	76 	75 
012275 	286 	71 	76 	75 
012276 	286 	71 	76 	75 
012277 	284 	65 	90 	91 
012278 	284 	65 	90 	91 
012279 	286 	71 	76 	75 
012280 	286 	71 	76 	75 
012281 	286 	71 	76 	75 
012282 	286 	71 	76 	75 
012283 	286 	71 	76 	75 
012284 	286 	71 	76 	75 
012285 	286 	71 	76 	75 
012286 	286 	71 	76 	75 
012287 	286 	71 	76 	75 
012288 	274 	65 	90 	91 
012289 	274 	65 	90 	91 
012290 	286 	71 	76 	75 
012291 	274 	65 	90 	91 
012292 	274 	65 	90 	91 
012293 	274 	65 	90 	91 
012294 	274 	65 	90 	91 
012295 	274 	65 	90 	91 
012296 	274 	65 	90 	91 
012297 	274 	65 	90 	91 
012298 	274 	65 	90 	91 
012299 	274 	65 	90 	91 
012300 	274 	65 	90 	91 
012301 	274 	65 	90 	91 
012302 	274 	65 	90 	91 
012303 	274 	65 	90 	91 
012304 	274 	65 	90 	91 
012305 	274 	65 	90 	91 
012306 	274 	65 	90 	91 
012307 	274 	65 	90 	91 
012308 	274 	65 	90 	91 
012309 	274 	65 	90 	91 
012310 	274 	65 	90 	91 
012311 	274 	65 	90 	91 
012312 	274 	65 	90 	91 
012313 	274 	65 	90 	91 
012314 	274 	65 	90 	91 
012315 	274 	65 	90 	91 
012316 	274 	65 	90 	91 
012317 	274 	65 	90 	91 
012318 	274 	65 	90 	91 
012319 	274 	65 	90 	91 
012320 	274 	65 	90 	91 
012321 	274 	65 	90 	91 
012322 	274 	65 	90 	91 
012323 	274 	65 	90 	91 
012324 	274 	65 	90 	91 
012325 	274 	65 	90 	91 
012326 	274 	65 	90 	91 
012327 	274 	75 	90 	91 
012328 	274 	75 	90 	91 
012329 	274 	75 	90 	91 
012330 	274 	75 	90 	91 
012331 	274 	75 	90 	91 
012332 	274 	75 	90 	91 
012333 	274 	75 	90 	91 
012334 	274 	75 	90 	91 
012335 	274 	75 	90 	91 
012336 	278 	87 	75 	76 
012337 	278 	87 	75 	76 
012338 	264 	75 	90 	91 
012339 	264 	75 	90 	91 
012340 	264 	75 	90 	91 
012341 	264 	75 	90 	91 
012342 	264 	75 	90 	91 
012343 	264 	75 	90 	91 
012344 	264 	75 	90 	91 
012345 	264 	75 	90 	91 
012346 	264 	75 	90 	91 
012347 	264 	75 	90 	91 
012348 	264 	75 	90 	91 
012349 	269 	79 	76 	76 
012350 	264 	65 	90 	91 
012351 	264 	65 	90 	91 
012352 	264 	65 	90 	91 
012353 	264 	65 	90 	91 
012354 	264 	65 	90 	91 
012355 	264 	65 	90 	91 
012356 	264 	75 	90 	91 
012357 	269 	71 	76 	75 
012358 	269 	71 	76 	75 
012359 	269 	71 	76 	75 
012360 	264 	65 	90 	91 
012361 	264 	55 	90 	91 
012362 	264 	55 	90 	91 
012363 	264 	55 	90 	91 
012364 	274 	65 	90 	91 
012365 	274 	65 	90 	91 
012366 	274 	65 	90 	91 
012367 	274 	65 	90 	91 
012368 	274 	65 	90 	91 
012369 	274 	65 	90 	91 
012370 	274 	65 	90 	91 
012371 	274 	65 	90 	91 
012372 	274 	65 	90 	91 
012373 	274 	65 	90 	91 
012374 	274 	65 	90 	91 
012375 	274 	65 	90 	91 
012376 	274 	65 	90 	91 
012377 	274 	65 	90 	91 
012378 	274 	65 	90 	91 
012379 	274 	75 	90 	91 
012380 	274 	75 	90 	91 
012381 	278 	79 	75 	76 
012382 	278 	79 	75 	76 
012383 	264 	65 	90 	91 
012384 	264 	65 	90 	91 
012385 	264 	65 	90 	91 
012386 	264 	65 	90 	91 
012387 	264 	65 	90 	91 
012388 	264 	65 	90 	91 
012389 	264 	65 	90 	91 
012390 	264 	65 	90 	91 
012391 	264 	65 	90 	91 
012392 	264 	65 	90 	91 
012393 	264 	65 	90 	91 
012394 	264 	65 	90 	91 
012395 	264 	65 	90 	91 
012396 	264 	65 	90 	91 
012397 	264 	65 	90 	91 
012398 	278 	79 	75 	76 
012399 	274 	75 	90 	91 
012400 	274 	75 	90 	91 
012401 	278 	79 	75 	76 
012402 	278 	79 	75 	76 
012403 	274 	75 	90 	91 
012404 	274 	75 	90 	91 
012405 	274 	75 	90 	91 
012406 	274 	75 	90 	91 
012407 	278 	79 	75 	76 
012408 	274 	75 	90 	91 
012409 	274 	75 	90 	91 
012410 	274 	75 	90 	91 
012411 	274 	75 	90 	91 
012412 	274 	75 	90 	91 
012413 	274 	75 	90 	91 
012414 	274 	75 	90 	91 
012415 	274 	75 	90 	91 
012416 	274 	75 	90 	91 
012417 	274 	75 	90 	91 
012418 	274 	75 	90 	91 
012419 	274 	75 	90 	91 
012420 	274 	75 	90 	91 
012421 	274 	75 	90 	91 
012422 	274 	75 	90 	91 
012423 	274 	75 	90 	91 
012424 	274 	75 	90 	91 
012425 	274 	75 	90 	91 
012426 	286 	79 	76 	76 
012427 	286 	79 	76 	76 
012428 	286 	79 	76 	76 
012429 	274 	65 	90 	91 
012430 	274 	65 	90 	91 
012431 	274 	65 	90 	91 
012432 	274 	65 	90 	91 
012433 	274 	65 	90 	91 
012434 	264 	65 	90 	91 
012435 	264 	65 	90 	91 
012436 	264 	65 	90 	91 
012437 	264 	65 	90 	91 
012438 	264 	65 	90 	91 
012439 	278 	79 	75 	76 
012440 	264 	65 	90 	91 
012441 	264 	65 	90 	91 
012442 	264 	65 	90 	91 
012443 	264 	65 	90 	91 
012444 	264 	65 	90 	91 
012445 	264 	65 	90 	91 
012446 	264 	65 	90 	91 
012447 	264 	65 	90 	91 
012448 	264 	65 	90 	91 
012449 	264 	65 	90 	91 
012450 	264 	65 	90 	91 
012451 	264 	65 	90 	91 
012452 	264 	65 	90 	91 
012453 	264 	65 	90 	91 
012454 	264 	65 	90 	91 
012455 	254 	65 	90 	91 
012456 	254 	65 	90 	91 
012457 	254 	65 	90 	91 
012458 	254 	65 	90 	91 
012459 	254 	75 	90 	91 
012460 	254 	75 	90 	91 
012461 	269 	87 	76 	76 
012462 	264 	75 	90 	91 
012463 	254 	75 	90 	91 
012464 	254 	75 	90 	91 
012465 	254 	75 	90 	91 
012466 	254 	75 	90 	91 
012467 	254 	75 	90 	91 
012468 	254 	75 	90 	91 
012469 	254 	75 	90 	91 
012470 	254 	75 	90 	91 
012471 	254 	75 	90 	91 
012472 	254 	75 	90 	91 
012473 	264 	75 	90 	91 
012474 	254 	75 	90 	91 
012475 	254 	75 	90 	91 
012476 	254 	75 	90 	91 
012477 	254 	75 	90 	91 
012478 	254 	75 	90 	91 
012479 	264 	75 	90 	91 
012480 	264 	75 	90 	91 
012481 	254 	65 	90 	91 
012482 	254 	65 	90 	91 
012483 	254 	65 	90 	91 
012484 	254 	65 	90 	91 
012485 	254 	65 	90 	91 
012486 	254 	65 	90 	91 
012487 	254 	55 	90 	91 
012488 	254 	55 	90 	91 
012489 	254 	65 	90 	91 
012490 	254 	65 	90 	91 
012491 	254 	65 	90 	91 
012492 	254 	65 	90 	91 
012493 	261 	71 	76 	75 
012494 	254 	65 	90 	91 
012495 	261 	71 	76 	75 
012496 	253 	71 	75 	75 
012497 	244 	65 	90 	91 
012498 	244 	65 	90 	91 
012499 	244 	65 	90 	91 
012500 	244 	65 	90 	91 
012501 	244 	65 	90 	91 
012502 	244 	65 	90 	91 
012503 	244 	65 	90 	91 
012504 	244 	65 	90 	91 
012505 	244 	65 	90 	91 
012506 	244 	65 	90 	91 
012507 	244 	65 	90 	91 
012508 	244 	65 	90 	91 
012509 	244 	65 	90 	91 
012510 	244 	65 	90 	91 
012511 	244 	65 	90 	91 
012512 	244 	65 	90 	91 
012513 	244 	65 	90 	91 
012514 	244 	65 	90 	91 
012515 	244 	65 	90 	91 
012516 	244 	65 	90 	91 
012517 	244 	65 	90 	91 
012518 	244 	65 	90 	91 
012519 	254 	65 	90 	91 
012520 	254 	65 	90 	91 
012521 	254 	65 	90 	91 
012522 	264 	65 	90 	91 
012523 	264 	65 	90 	91 
012524 	264 	65 	90 	91 
012525 	274 	65 	90 	91 
012526 	274 	65 	90 	91 
012527 	274 	65 	90 	91 
012528 	274 	65 	90 	91 
012529 	274 	65 	90 	91 
012530 	274 	65 	90 	91 
012531 	274 	65 	90 	91 
012532 	274 	65 	90 	91 
012533 	274 	55 	90 	91 
012534 	274 	55 	90 	91 
012535 	274 	55 	90 	91 
012536 	274 	55 	90 	91 
012537 	274 	55 	90 	91 
012538 	264 	55 	90 	91 
012539 	264 	55 	90 	91 
012540 	264 	55 	90 	91 
012541 	254 	55 	90 	91 
012542 	254 	55 	90 	91 
012543 	244 	55 	90 	91 
012544 	244 	55 	90 	91 
012545 	244 	55 	90 	91 
012546 	244 	55 	90 	91 
012547 	244 	55 	90 	91 
012548 	244 	55 	90 	91 
012549 	253 	62 	75 	76 
012550 	244 	55 	90 	91 
012551 	244 	55 	90 	91 
012552 	244 	55 	90 	91 
012553 	244 	55 	90 	91 
012554 	244 	55 	90 	91 
012555 	244 	55 	90 	91 
012556 	244 	55 	90 	91 
012557 	244 	55 	90 	91 
012558 	244 	55 	90 	91 
012559 	244 	55 	90 	91 
012560 	244 	55 	90 	91 
012561 	244 	55 	90 	91 
012562 	244 	55 	90 	91 
012563 	244 	55 	90 	91 
012564 	244 	55 	90 	91 
012565 	244 	55 	90 	91 
012566 	254 	65 	90 	91 
012567 	254 	55 	90 	91 
012568 	254 	55 	90 	91 
012569 	254 	55 	90 	91 
012570 	254 	55 	90 	91 
012571 	254 	55 	90 	91 
012572 	254 	55 	90 	91 
012573 	269 	71 	76 	75 
012574 	264 	55 	90 	91 
012575 	264 	55 	90 	91 
012576 	264 	55 	90 	91 
012577 	264 	55 	90 	91 
012578 	264 	55 	90 	91 
012579 	264 	55 	90 	91 
012580 	264 	55 	90 	91 
012581 	264 	55 	90 	91 
012582 	264 	55 	90 	91 
012583 	264 	55 	90 	91 
012584 	264 	55 	90 	91 
012585 	264 	55 	90 	91 
012586 	274 	65 	90 	91 
012587 	274 	65 	90 	91 
012588 	274 	65 	90 	91 
012589 	274 	65 	90 	91 
012590 	264 	55 	90 	91 
012591 	264 	55 	90 	91 
012592 	264 	65 	90 	91 
012593 	264 	65 	90 	91 
012594 	264 	65 	90 	91 
012595 	264 	65 	90 	91 
012596 	264 	65 	90 	91 
012597 	264 	65 	90 	91 
012598 	264 	65 	90 	91 
012599 	264 	65 	90 	91 
012600 	264 	65 	90 	91 
012601 	264 	65 	90 	91 
012602 	274 	75 	90 	91 
012603 	274 	75 	90 	91 
012604 	274 	75 	90 	91 
012605 	274 	75 	90 	91 
012606 	274 	75 	90 	91 
012607 	274 	75 	90 	91 
012608 	274 	75 	90 	91 
012609 	274 	75 	90 	91 
012610 	274 	75 	90 	91 
012611 	278 	79 	75 	76 
012612 	274 	75 	90 	91 
012613 	274 	75 	90 	91 
012614 	274 	75 	90 	91 
012615 	274 	75 	90 	91 
012616 	274 	75 	90 	91 
012617 	274 	75 	90 	91 
012618 	274 	75 	90 	91 
012619 	274 	75 	90 	91 
012620 	274 	75 	90 	91 
012621 	274 	75 	90 	91 
012622 	274 	75 	90 	91 
012623 	274 	75 	90 	91 
012624 	274 	75 	90 	91 
012625 	274 	75 	90 	91 
012626 	274 	75 	90 	91 
012627 	274 	75 	90 	91 
012628 	274 	75 	90 	91 
012629 	274 	75 	90 	91 
012630 	274 	75 	90 	91 
012631 	274 	75 	90 	91 
012632 	274 	75 	90 	91 
012633 	274 	75 	90 	91 
012634 	274 	75 	90 	91 
012635 	274 	75 	90 	91 
012636 	274 	75 	90 	91 
012637 	274 	75 	90 	91 
012638 	274 	75 	90 	91 
012639 	274 	75 	90 	91 
012640 	274 	75 	90 	91 
012641 	274 	75 	90 	91 
012642 	274 	75 	90 	91 
012643 	274 	75 	90 	91 
012644 	274 	75 	90 	91 
012645 	274 	75 	90 	91 
012646 	274 	75 	90 	91 
012647 	278 	79 	75 	76 
012648 	264 	65 	90 	91 
012649 	264 	65 	90 	91 
012650 	264 	65 	90 	91 
012651 	264 	65 	90 	91 
012652 	264 	65 	90 	91 
012653 	264 	65 	90 	91 
012654 	264 	65 	90 	91 
012655 	264 	65 	90 	91 
012656 	264 	65 	90 	91 
012657 	264 	65 	90 	91 
012658 	264 	65 	90 	91 
012659 	278 	79 	75 	76 
012660 	278 	79 	75 	76 
012661 	274 	65 	90 	91 
012662 	274 	65 	90 	91 
012663 	274 	65 	90 	91 
012664 	274 	65 	90 	91 
012665 	274 	65 	90 	91 
012666 	286 	79 	76 	76 
012667 	286 	79 	76 	76 
012668 	286 	79 	76 	76 
012669 	286 	79 	76 	76 
012670 	286 	79 	76 	76 
012671 	286 	79 	76 	76 
012672 	286 	79 	76 	76 
012673 	286 	79 	76 	76 
012674 	284 	65 	90 	91 
012675 	284 	65 	90 	91 
012676 	284 	65 	90 	91 
012677 	284 	65 	90 	91 
012678 	284 	65 	90 	91 
012679 	284 	65 	90 	91 
012680 	284 	65 	90 	91 
012681 	284 	65 	90 	91 
012682 	284 	65 	90 	91 
012683 	284 	65 	90 	91 
012684 	274 	65 	90 	91 
012685 	286 	71 	76 	75 
012686 	274 	55 	90 	91 
012687 	274 	55 	90 	91 
012688 	274 	65 	90 	91 
012689 	274 	65 	90 	91 
012690 	274 	65 	90 	91 
012691 	278 	71 	75 	75 
012692 	278 	71 	75 	75 
012693 	278 	71 	75 	75 
012694 	264 	55 	90 	91 
012695 	264 	65 	90 	91 
012696 	264 	65 	90 	91 
012697 	264 	65 	90 	91 
012698 	264 	65 	90 	91 
012699 	264 	65 	90 	91 
012700 	278 	71 	75 	75 
012701 	274 	65 	90 	91 
012702 	274 	65 	90 	91 
012703 	286 	71 	76 	75 
012704 	284 	65 	90 	91 
012705 	284 	65 	90 	91 
012706 	284 	65 	90 	91 
012707 	284 	65 	90 	91 
012708 	284 	65 	90 	91 
012709 	284 	65 	90 	91 
012710 	284 	65 	90 	91 
012711 	284 	55 	90 	91 
012712 	284 	55 	90 	91 
012713 	284 	55 	90 	91 
012714 	284 	55 	90 	91 
012715 	284 	55 	90 	91 
012716 	284 	55 	90 	91 
012717 	284 	55 	90 	91 
012718 	284 	55 	90 	91 
012719 	284 	55 	90 	91 
012720 	284 	55 	90 	91 
012721 	284 	55 	90 	91 
012722 	284 	55 	90 	91 
012723 	294 	71 	76 	75 
012724 	284 	65 	90 	91 
012725 	284 	65 	90 	91 
012726 	284 	65 	90 	91 
012727 	284 	65 	90 	91 
012728 	284 	65 	90 	91 
012729 	284 	65 	90 	91 
012730 	284 	65 	90 	91 
012731 	284 	65 	90 	91 
012732 	284 	65 	90 	91 
012733 	284 	65 	90 	91 
012734 	284 	65 	90 	91 
012735 	284 	65 	90 	91 
012736 	284 	65 	90 	91 
012737 	284 	65 	90 	91 
012738 	286 	71 	76 	75 
012739 	286 	71 	76 	75 
012740 	286 	71 	76 	75 
012741 	274 	55 	90 	91 
012742 	274 	65 	90 	91 
012743 	274 	65 	90 	91 
012744 	278 	71 	75 	75 
012745 	278 	71 	75 	75 
012746 	278 	71 	75 	75 
012747 	257 	66 	109 	109 
012748 	264 	65 	90 	91 
