Identity  : 	id10045
Reference : 	c6Od_AIDt0Y
Offset    : 	0
FV Conf   : 	17.221
ASD Conf  : 	5.533

FRAME 	X 	Y 	W 	H 
054913 	234 	105 	90 	91 
054914 	234 	105 	90 	91 
054915 	234 	105 	90 	91 
054916 	234 	105 	90 	91 
054917 	234 	105 	90 	91 
054918 	234 	105 	90 	91 
054919 	234 	105 	90 	91 
054920 	234 	105 	90 	91 
054921 	234 	105 	90 	91 
054922 	234 	105 	90 	91 
054923 	234 	105 	90 	91 
054924 	221 	102 	109 	109 
054925 	221 	102 	109 	109 
054926 	221 	102 	109 	109 
054927 	224 	105 	91 	91 
054928 	224 	105 	91 	91 
054929 	221 	90 	109 	109 
054930 	221 	90 	109 	109 
054931 	221 	90 	109 	109 
054932 	234 	105 	90 	91 
054933 	234 	105 	90 	91 
054934 	234 	105 	90 	91 
054935 	233 	90 	109 	109 
054936 	233 	90 	109 	109 
054937 	233 	90 	109 	109 
054938 	233 	102 	109 	109 
054939 	233 	102 	109 	109 
054940 	233 	102 	109 	109 
054941 	244 	105 	90 	91 
054942 	244 	105 	90 	91 
054943 	244 	105 	90 	91 
054944 	254 	105 	90 	91 
054945 	254 	105 	90 	91 
054946 	254 	105 	90 	91 
054947 	264 	105 	90 	91 
054948 	257 	102 	109 	109 
054949 	257 	102 	109 	109 
054950 	274 	115 	90 	91 
054951 	269 	102 	108 	109 
054952 	269 	102 	108 	109 
054953 	284 	115 	90 	91 
054954 	281 	102 	108 	109 
054955 	281 	102 	108 	109 
054956 	281 	102 	108 	109 
054957 	281 	102 	108 	109 
054958 	293 	102 	108 	109 
054959 	293 	102 	108 	109 
054960 	293 	102 	108 	109 
054961 	293 	102 	108 	109 
054962 	304 	115 	90 	91 
054963 	304 	115 	90 	91 
054964 	304 	115 	90 	91 
054965 	304 	115 	90 	91 
054966 	305 	102 	108 	109 
054967 	314 	115 	90 	91 
054968 	314 	115 	90 	91 
054969 	314 	115 	90 	91 
054970 	314 	115 	90 	91 
054971 	314 	115 	90 	91 
054972 	314 	115 	90 	91 
054973 	314 	115 	90 	91 
054974 	314 	115 	90 	91 
054975 	305 	102 	108 	109 
054976 	314 	115 	90 	91 
054977 	314 	115 	90 	91 
054978 	305 	114 	108 	109 
054979 	305 	114 	108 	109 
054980 	305 	114 	108 	109 
054981 	293 	114 	108 	109 
054982 	293 	114 	108 	109 
054983 	293 	114 	108 	109 
054984 	293 	114 	108 	109 
054985 	293 	114 	108 	109 
054986 	293 	114 	108 	109 
054987 	293 	114 	108 	109 
054988 	293 	114 	108 	109 
054989 	293 	114 	108 	109 
054990 	293 	114 	108 	109 
054991 	293 	114 	108 	109 
054992 	304 	115 	90 	91 
054993 	293 	102 	108 	109 
054994 	293 	102 	108 	109 
054995 	293 	102 	108 	109 
054996 	293 	102 	108 	109 
054997 	293 	102 	108 	109 
054998 	293 	102 	108 	109 
054999 	293 	102 	108 	109 
055000 	293 	102 	108 	109 
055001 	293 	102 	108 	109 
055002 	293 	102 	108 	109 
055003 	293 	102 	108 	109 
055004 	293 	102 	108 	109 
055005 	293 	102 	108 	109 
055006 	293 	102 	108 	109 
055007 	293 	102 	108 	109 
055008 	293 	102 	108 	109 
055009 	304 	115 	90 	91 
055010 	304 	115 	90 	91 
055011 	304 	115 	90 	91 
055012 	294 	115 	90 	91 
055013 	294 	115 	90 	91 
055014 	294 	115 	90 	91 
055015 	294 	115 	90 	91 
055016 	294 	115 	90 	91 
055017 	294 	115 	90 	91 
055018 	294 	115 	90 	91 
055019 	294 	115 	90 	91 
055020 	294 	115 	90 	91 
055021 	294 	115 	90 	91 
055022 	294 	115 	90 	91 
055023 	294 	115 	90 	91 
055024 	294 	115 	90 	91 
055025 	294 	115 	90 	91 
055026 	304 	115 	90 	91 
055027 	293 	102 	108 	109 
055028 	293 	102 	108 	109 
055029 	293 	102 	108 	109 
055030 	293 	102 	108 	109 
055031 	293 	102 	108 	109 
055032 	293 	102 	108 	109 
055033 	293 	102 	108 	109 
055034 	293 	102 	108 	109 
055035 	293 	102 	108 	109 
055036 	293 	102 	108 	109 
055037 	293 	102 	108 	109 
055038 	293 	102 	108 	109 
055039 	293 	102 	108 	109 
055040 	293 	102 	108 	109 
055041 	293 	102 	108 	109 
055042 	293 	102 	108 	109 
055043 	293 	102 	108 	109 
