Identity  : 	id10477
Reference : 	ae7wjpp7MIk
Offset    : 	-2
FV Conf   : 	18.739
ASD Conf  : 	9.514

FRAME 	X 	Y 	W 	H 
012012 	233 	102 	109 	109 
012013 	233 	90 	109 	109 
012014 	233 	90 	109 	109 
012015 	233 	90 	109 	109 
012016 	233 	90 	109 	109 
012017 	233 	90 	109 	109 
012018 	233 	102 	109 	109 
012019 	233 	102 	109 	109 
012020 	245 	102 	109 	109 
012021 	245 	102 	109 	109 
012022 	245 	102 	109 	109 
012023 	245 	102 	109 	109 
012024 	245 	102 	109 	109 
012025 	245 	90 	109 	109 
012026 	245 	90 	109 	109 
012027 	245 	102 	109 	109 
012028 	245 	102 	109 	109 
012029 	245 	102 	109 	109 
012030 	245 	102 	109 	109 
012031 	245 	102 	109 	109 
012032 	245 	90 	109 	109 
012033 	245 	90 	109 	109 
012034 	245 	90 	109 	109 
012035 	245 	90 	109 	109 
012036 	245 	90 	109 	109 
012037 	245 	90 	109 	109 
012038 	245 	78 	109 	109 
012039 	245 	78 	109 	109 
012040 	245 	78 	109 	109 
012041 	245 	78 	109 	109 
012042 	245 	78 	109 	109 
012043 	245 	78 	109 	109 
012044 	245 	90 	109 	109 
012045 	245 	90 	109 	109 
012046 	233 	90 	109 	109 
012047 	233 	90 	109 	109 
012048 	233 	102 	109 	109 
012049 	221 	102 	109 	109 
012050 	233 	102 	109 	109 
012051 	233 	90 	109 	109 
012052 	245 	90 	109 	109 
012053 	245 	90 	109 	109 
012054 	245 	78 	109 	109 
012055 	245 	78 	109 	109 
012056 	245 	90 	109 	109 
012057 	233 	90 	109 	109 
012058 	233 	90 	109 	109 
012059 	221 	90 	109 	109 
012060 	221 	90 	109 	109 
012061 	209 	90 	109 	109 
012062 	209 	90 	109 	109 
012063 	221 	90 	109 	109 
012064 	221 	90 	109 	109 
012065 	233 	90 	109 	109 
012066 	233 	90 	109 	109 
012067 	233 	90 	109 	109 
012068 	245 	90 	109 	109 
012069 	245 	90 	109 	109 
012070 	245 	90 	109 	109 
012071 	245 	90 	109 	109 
012072 	233 	102 	109 	109 
012073 	233 	102 	109 	109 
012074 	233 	102 	109 	109 
012075 	221 	102 	109 	109 
012076 	221 	102 	109 	109 
012077 	221 	102 	109 	109 
012078 	221 	102 	109 	109 
012079 	221 	102 	109 	109 
012080 	233 	102 	109 	109 
012081 	233 	102 	109 	109 
012082 	233 	102 	109 	109 
012083 	233 	90 	109 	109 
012084 	233 	90 	109 	109 
012085 	233 	90 	109 	109 
012086 	233 	90 	109 	109 
012087 	221 	90 	109 	109 
012088 	221 	90 	109 	109 
012089 	221 	90 	109 	109 
012090 	221 	90 	109 	109 
012091 	233 	90 	109 	109 
012092 	233 	78 	109 	109 
012093 	245 	78 	109 	109 
012094 	245 	78 	109 	109 
012095 	245 	66 	109 	109 
012096 	245 	78 	109 	109 
012097 	245 	78 	109 	109 
012098 	223 	66 	130 	130 
012099 	233 	78 	109 	109 
012100 	233 	90 	109 	109 
012101 	233 	90 	109 	109 
012102 	233 	90 	109 	109 
012103 	233 	102 	109 	109 
012104 	233 	102 	109 	109 
012105 	233 	102 	109 	109 
012106 	233 	102 	109 	109 
012107 	233 	102 	109 	109 
012108 	245 	102 	109 	109 
012109 	245 	102 	109 	109 
012110 	245 	102 	109 	109 
012111 	245 	102 	109 	109 
012112 	245 	102 	109 	109 
012113 	245 	102 	109 	109 
012114 	245 	102 	109 	109 
012115 	245 	102 	109 	109 
012116 	245 	102 	109 	109 
012117 	245 	102 	109 	109 
012118 	245 	102 	109 	109 
012119 	233 	102 	109 	109 
012120 	233 	102 	109 	109 
012121 	233 	90 	109 	109 
012122 	221 	90 	109 	109 
012123 	221 	90 	109 	109 
012124 	208 	80 	130 	130 
012125 	208 	80 	130 	130 
012126 	208 	80 	130 	130 
012127 	221 	90 	109 	109 
012128 	233 	78 	109 	109 
012129 	233 	78 	109 	109 
012130 	233 	78 	109 	109 
012131 	245 	78 	109 	109 
012132 	245 	66 	109 	109 
012133 	237 	66 	130 	130 
012134 	237 	66 	130 	130 
012135 	245 	78 	109 	109 
012136 	233 	78 	109 	109 
012137 	233 	78 	109 	109 
012138 	221 	90 	109 	109 
012139 	221 	90 	109 	109 
012140 	221 	90 	109 	109 
012141 	233 	90 	109 	109 
012142 	233 	78 	109 	109 
012143 	245 	78 	109 	109 
012144 	237 	66 	130 	130 
012145 	237 	66 	130 	130 
012146 	257 	78 	109 	109 
012147 	257 	78 	109 	109 
012148 	245 	90 	109 	109 
012149 	245 	90 	109 	109 
012150 	245 	90 	109 	109 
012151 	245 	78 	109 	109 
012152 	245 	78 	109 	109 
012153 	245 	90 	109 	109 
012154 	245 	90 	109 	109 
012155 	245 	90 	109 	109 
012156 	237 	80 	130 	130 
012157 	257 	90 	109 	109 
012158 	257 	102 	109 	109 
012159 	257 	102 	109 	109 
012160 	257 	102 	109 	109 
012161 	257 	102 	109 	109 
012162 	257 	102 	109 	109 
012163 	257 	90 	109 	109 
012164 	257 	90 	109 	109 
012165 	237 	80 	130 	130 
012166 	237 	80 	130 	130 
012167 	245 	90 	109 	109 
012168 	233 	90 	109 	109 
012169 	233 	90 	109 	109 
012170 	233 	90 	109 	109 
012171 	233 	90 	109 	109 
012172 	233 	78 	109 	109 
012173 	245 	78 	109 	109 
012174 	245 	78 	109 	109 
012175 	245 	78 	109 	109 
012176 	245 	78 	109 	109 
012177 	237 	66 	130 	130 
012178 	233 	78 	109 	109 
012179 	233 	78 	109 	109 
012180 	233 	78 	109 	109 
012181 	233 	78 	109 	109 
012182 	233 	78 	109 	109 
012183 	233 	78 	109 	109 
012184 	245 	78 	109 	109 
012185 	245 	90 	109 	109 
012186 	245 	90 	109 	109 
012187 	245 	90 	109 	109 
012188 	245 	90 	109 	109 
012189 	245 	90 	109 	109 
012190 	245 	90 	109 	109 
012191 	245 	90 	109 	109 
012192 	233 	90 	109 	109 
012193 	233 	90 	109 	109 
012194 	233 	90 	109 	109 
012195 	223 	80 	130 	130 
012196 	233 	90 	109 	109 
012197 	223 	80 	130 	130 
012198 	221 	78 	109 	109 
012199 	208 	80 	130 	130 
012200 	208 	80 	130 	130 
012201 	221 	90 	109 	109 
012202 	221 	90 	109 	109 
012203 	221 	102 	109 	109 
012204 	221 	102 	109 	109 
012205 	221 	102 	109 	109 
012206 	221 	102 	109 	109 
012207 	221 	102 	109 	109 
012208 	221 	102 	109 	109 
012209 	221 	102 	109 	109 
012210 	221 	102 	109 	109 
012211 	221 	102 	109 	109 
012212 	221 	102 	109 	109 
012213 	221 	102 	109 	109 
012214 	233 	102 	109 	109 
012215 	221 	102 	109 	109 
012216 	234 	115 	90 	91 
012217 	221 	114 	109 	109 
012218 	221 	114 	109 	109 
012219 	221 	114 	109 	109 
012220 	221 	102 	109 	109 
012221 	221 	102 	109 	109 
012222 	221 	102 	109 	109 
012223 	221 	102 	109 	109 
012224 	221 	102 	109 	109 
012225 	208 	94 	130 	130 
012226 	209 	102 	109 	109 
012227 	209 	102 	109 	109 
012228 	209 	102 	109 	109 
012229 	209 	102 	109 	109 
012230 	209 	102 	109 	109 
012231 	209 	102 	109 	109 
012232 	224 	115 	91 	91 
012233 	221 	114 	109 	109 
012234 	221 	114 	109 	109 
012235 	221 	102 	109 	109 
012236 	221 	102 	109 	109 
012237 	221 	102 	109 	109 
012238 	221 	102 	109 	109 
012239 	221 	102 	109 	109 
012240 	221 	102 	109 	109 
012241 	221 	102 	109 	109 
012242 	221 	102 	109 	109 
012243 	233 	102 	109 	109 
012244 	233 	102 	109 	109 
012245 	233 	102 	109 	109 
012246 	233 	102 	109 	109 
012247 	233 	102 	109 	109 
012248 	221 	102 	109 	109 
012249 	221 	102 	109 	109 
012250 	221 	102 	109 	109 
012251 	208 	94 	130 	130 
012252 	221 	90 	109 	109 
012253 	221 	90 	109 	109 
012254 	221 	90 	109 	109 
012255 	221 	90 	109 	109 
012256 	234 	105 	90 	91 
012257 	233 	102 	109 	109 
012258 	233 	102 	109 	109 
012259 	233 	102 	109 	109 
012260 	233 	102 	109 	109 
012261 	233 	102 	109 	109 
012262 	233 	102 	109 	109 
012263 	233 	102 	109 	109 
012264 	233 	90 	109 	109 
012265 	233 	90 	109 	109 
012266 	234 	95 	90 	91 
012267 	234 	95 	90 	91 
012268 	234 	95 	90 	91 
012269 	221 	90 	109 	109 
012270 	221 	90 	109 	109 
012271 	221 	90 	109 	109 
012272 	221 	90 	109 	109 
012273 	221 	90 	109 	109 
012274 	221 	90 	109 	109 
012275 	221 	90 	109 	109 
012276 	221 	90 	109 	109 
012277 	221 	90 	109 	109 
012278 	221 	90 	109 	109 
012279 	208 	80 	130 	130 
012280 	209 	90 	109 	109 
012281 	209 	90 	109 	109 
012282 	209 	90 	109 	109 
012283 	209 	90 	109 	109 
012284 	209 	90 	109 	109 
012285 	209 	90 	109 	109 
012286 	209 	90 	109 	109 
012287 	209 	90 	109 	109 
012288 	209 	90 	109 	109 
012289 	209 	90 	109 	109 
012290 	209 	90 	109 	109 
012291 	209 	90 	109 	109 
012292 	208 	80 	130 	130 
012293 	221 	90 	109 	109 
012294 	221 	90 	109 	109 
012295 	221 	90 	109 	109 
012296 	221 	90 	109 	109 
012297 	221 	102 	109 	109 
012298 	221 	102 	109 	109 
012299 	221 	102 	109 	109 
012300 	233 	102 	109 	109 
012301 	233 	102 	109 	109 
012302 	233 	90 	109 	109 
012303 	233 	90 	109 	109 
012304 	233 	90 	109 	109 
012305 	233 	90 	109 	109 
012306 	233 	90 	109 	109 
012307 	233 	90 	109 	109 
012308 	233 	90 	109 	109 
012309 	233 	90 	109 	109 
012310 	233 	90 	109 	109 
012311 	233 	102 	109 	109 
012312 	233 	102 	109 	109 
012313 	233 	102 	109 	109 
012314 	233 	102 	109 	109 
012315 	233 	90 	109 	109 
012316 	233 	90 	109 	109 
012317 	233 	90 	109 	109 
012318 	233 	90 	109 	109 
012319 	221 	90 	109 	109 
012320 	221 	90 	109 	109 
012321 	221 	90 	109 	109 
012322 	221 	90 	109 	109 
012323 	221 	90 	109 	109 
012324 	221 	90 	109 	109 
012325 	221 	90 	109 	109 
012326 	221 	90 	109 	109 
012327 	233 	90 	109 	109 
012328 	233 	90 	109 	109 
012329 	223 	66 	130 	130 
012330 	245 	78 	109 	109 
012331 	245 	78 	109 	109 
012332 	245 	78 	109 	109 
012333 	245 	78 	109 	109 
012334 	233 	78 	109 	109 
012335 	223 	80 	130 	130 
012336 	233 	90 	109 	109 
012337 	233 	102 	109 	109 
012338 	233 	102 	109 	109 
012339 	233 	102 	109 	109 
012340 	233 	90 	109 	109 
012341 	233 	90 	109 	109 
012342 	233 	90 	109 	109 
012343 	233 	90 	109 	109 
012344 	233 	90 	109 	109 
012345 	233 	90 	109 	109 
012346 	233 	102 	109 	109 
012347 	233 	102 	109 	109 
012348 	233 	102 	109 	109 
012349 	233 	90 	109 	109 
012350 	223 	80 	130 	130 
012351 	233 	90 	109 	109 
012352 	233 	90 	109 	109 
012353 	233 	90 	109 	109 
012354 	233 	90 	109 	109 
012355 	233 	90 	109 	109 
012356 	233 	90 	109 	109 
012357 	233 	90 	109 	109 
012358 	233 	90 	109 	109 
012359 	233 	90 	109 	109 
012360 	223 	80 	130 	130 
012361 	223 	80 	130 	130 
012362 	221 	78 	109 	109 
012363 	221 	78 	109 	109 
012364 	221 	78 	109 	109 
012365 	208 	66 	130 	130 
012366 	208 	66 	130 	130 
012367 	221 	66 	109 	109 
012368 	221 	66 	109 	109 
012369 	221 	78 	109 	109 
012370 	223 	66 	130 	130 
012371 	233 	78 	109 	109 
012372 	233 	78 	109 	109 
012373 	233 	90 	109 	109 
012374 	233 	102 	109 	109 
012375 	233 	102 	109 	109 
012376 	245 	102 	109 	109 
012377 	245 	102 	109 	109 
012378 	245 	102 	109 	109 
012379 	245 	90 	109 	109 
012380 	245 	90 	109 	109 
012381 	245 	90 	109 	109 
012382 	245 	90 	109 	109 
012383 	245 	90 	109 	109 
012384 	245 	90 	109 	109 
012385 	245 	90 	109 	109 
012386 	245 	90 	109 	109 
012387 	245 	90 	109 	109 
012388 	245 	90 	109 	109 
012389 	245 	90 	109 	109 
012390 	245 	90 	109 	109 
012391 	245 	90 	109 	109 
012392 	245 	90 	109 	109 
012393 	237 	80 	130 	130 
012394 	237 	80 	130 	130 
012395 	237 	80 	130 	130 
012396 	245 	90 	109 	109 
012397 	245 	78 	109 	109 
012398 	245 	78 	109 	109 
012399 	245 	78 	109 	109 
012400 	245 	78 	109 	109 
012401 	245 	78 	109 	109 
012402 	245 	78 	109 	109 
012403 	245 	78 	109 	109 
012404 	245 	78 	109 	109 
012405 	245 	78 	109 	109 
012406 	245 	78 	109 	109 
012407 	245 	78 	109 	109 
012408 	245 	78 	109 	109 
012409 	245 	78 	109 	109 
012410 	245 	78 	109 	109 
012411 	245 	78 	109 	109 
012412 	245 	78 	109 	109 
012413 	245 	78 	109 	109 
012414 	245 	78 	109 	109 
012415 	245 	78 	109 	109 
012416 	245 	78 	109 	109 
012417 	245 	78 	109 	109 
012418 	245 	78 	109 	109 
012419 	245 	78 	109 	109 
012420 	245 	78 	109 	109 
012421 	245 	78 	109 	109 
012422 	245 	78 	109 	109 
012423 	245 	78 	109 	109 
012424 	245 	90 	109 	109 
012425 	245 	90 	109 	109 
012426 	245 	102 	109 	109 
012427 	245 	102 	109 	109 
012428 	233 	102 	109 	109 
012429 	233 	102 	109 	109 
012430 	233 	102 	109 	109 
012431 	233 	102 	109 	109 
012432 	233 	102 	109 	109 
012433 	233 	102 	109 	109 
012434 	233 	90 	109 	109 
012435 	233 	90 	109 	109 
012436 	233 	90 	109 	109 
012437 	233 	90 	109 	109 
012438 	233 	90 	109 	109 
012439 	233 	90 	109 	109 
