Identity  : 	id10130
Reference : 	Z-bPrDRGq2w
Offset    : 	1
FV Conf   : 	14.615
ASD Conf  : 	7.102

FRAME 	X 	Y 	W 	H 
000736 	305 	66 	108 	109 
000737 	305 	66 	108 	109 
000738 	305 	66 	108 	109 
000739 	305 	66 	108 	109 
000740 	305 	66 	108 	109 
000741 	305 	66 	108 	109 
000742 	305 	66 	108 	109 
000743 	317 	66 	108 	109 
000744 	317 	66 	108 	109 
000745 	317 	66 	108 	109 
000746 	317 	66 	108 	109 
000747 	317 	66 	108 	109 
000748 	317 	66 	108 	109 
000749 	317 	66 	108 	109 
000750 	317 	66 	108 	109 
000751 	317 	66 	108 	109 
000752 	317 	66 	108 	109 
000753 	309 	66 	130 	130 
000754 	317 	66 	108 	109 
000755 	309 	66 	130 	130 
000756 	317 	66 	108 	109 
000757 	309 	66 	130 	130 
000758 	317 	66 	108 	109 
000759 	317 	66 	108 	109 
000760 	317 	66 	108 	109 
000761 	317 	66 	108 	109 
000762 	317 	54 	108 	109 
000763 	317 	54 	108 	109 
000764 	317 	54 	108 	109 
000765 	317 	54 	108 	109 
000766 	317 	54 	108 	109 
000767 	317 	54 	108 	109 
000768 	317 	54 	108 	109 
000769 	317 	54 	108 	109 
000770 	317 	54 	108 	109 
000771 	305 	54 	108 	109 
000772 	305 	54 	108 	109 
000773 	305 	54 	108 	109 
000774 	305 	54 	108 	109 
000775 	305 	66 	108 	109 
000776 	305 	66 	108 	109 
000777 	305 	66 	108 	109 
000778 	305 	66 	108 	109 
000779 	280 	51 	130 	130 
000780 	280 	51 	130 	130 
000781 	280 	51 	130 	130 
000782 	280 	51 	130 	130 
000783 	280 	51 	130 	130 
000784 	280 	51 	130 	130 
000785 	280 	51 	130 	130 
000786 	280 	51 	130 	130 
000787 	280 	51 	130 	130 
000788 	280 	51 	130 	130 
000789 	280 	51 	130 	130 
000790 	280 	51 	130 	130 
000791 	280 	51 	130 	130 
000792 	280 	51 	130 	130 
000793 	280 	51 	130 	130 
000794 	280 	51 	130 	130 
000795 	280 	51 	130 	130 
000796 	280 	51 	130 	130 
000797 	280 	51 	130 	130 
000798 	280 	51 	130 	130 
000799 	280 	51 	130 	130 
000800 	280 	51 	130 	130 
000801 	280 	51 	130 	130 
000802 	280 	51 	130 	130 
000803 	280 	51 	130 	130 
000804 	280 	51 	130 	130 
000805 	280 	51 	130 	130 
000806 	280 	51 	130 	130 
000807 	280 	51 	130 	130 
000808 	280 	51 	130 	130 
000809 	280 	51 	130 	130 
000810 	280 	51 	130 	130 
000811 	280 	51 	130 	130 
000812 	280 	51 	130 	130 
000813 	280 	51 	130 	130 
000814 	280 	51 	130 	130 
000815 	280 	51 	130 	130 
000816 	293 	66 	108 	109 
000817 	293 	66 	108 	109 
000818 	293 	66 	108 	109 
000819 	293 	66 	108 	109 
000820 	305 	66 	108 	109 
000821 	294 	51 	130 	130 
000822 	294 	51 	130 	130 
000823 	309 	51 	130 	130 
000824 	309 	51 	130 	130 
000825 	323 	51 	130 	130 
000826 	323 	51 	130 	130 
000827 	323 	51 	130 	130 
000828 	323 	51 	130 	130 
000829 	323 	51 	130 	130 
000830 	323 	51 	130 	130 
000831 	329 	54 	108 	109 
000832 	329 	54 	108 	109 
000833 	329 	66 	108 	109 
000834 	309 	51 	130 	130 
000835 	309 	51 	130 	130 
000836 	329 	66 	108 	109 
000837 	317 	66 	108 	109 
000838 	309 	66 	130 	130 
000839 	309 	66 	130 	130 
000840 	317 	66 	108 	109 
000841 	317 	66 	108 	109 
000842 	317 	66 	108 	109 
000843 	317 	66 	108 	109 
000844 	317 	66 	108 	109 
000845 	294 	66 	130 	130 
000846 	294 	66 	130 	130 
000847 	294 	66 	130 	130 
000848 	305 	66 	108 	109 
000849 	305 	66 	108 	109 
000850 	294 	66 	130 	130 
000851 	305 	66 	108 	109 
000852 	305 	66 	108 	109 
000853 	305 	66 	108 	109 
000854 	294 	66 	130 	130 
000855 	294 	66 	130 	130 
000856 	294 	66 	130 	130 
000857 	294 	66 	130 	130 
000858 	317 	66 	108 	109 
000859 	294 	51 	130 	130 
000860 	294 	51 	130 	130 
000861 	309 	66 	130 	130 
000862 	309 	66 	130 	130 
000863 	309 	66 	130 	130 
000864 	309 	66 	130 	130 
000865 	309 	66 	130 	130 
000866 	309 	66 	130 	130 
000867 	309 	66 	130 	130 
000868 	309 	66 	130 	130 
000869 	309 	66 	130 	130 
000870 	317 	66 	108 	109 
000871 	317 	66 	108 	109 
000872 	317 	66 	108 	109 
000873 	317 	66 	108 	109 
000874 	317 	66 	108 	109 
000875 	294 	66 	130 	130 
000876 	294 	66 	130 	130 
000877 	294 	66 	130 	130 
000878 	294 	66 	130 	130 
000879 	294 	66 	130 	130 
000880 	294 	66 	130 	130 
000881 	294 	66 	130 	130 
000882 	294 	66 	130 	130 
000883 	294 	66 	130 	130 
000884 	294 	66 	130 	130 
000885 	294 	66 	130 	130 
000886 	294 	66 	130 	130 
000887 	280 	66 	130 	130 
000888 	280 	66 	130 	130 
000889 	280 	66 	130 	130 
000890 	293 	66 	108 	109 
000891 	280 	66 	130 	130 
000892 	280 	66 	130 	130 
000893 	280 	66 	130 	130 
000894 	280 	66 	130 	130 
000895 	280 	66 	130 	130 
000896 	280 	66 	130 	130 
000897 	280 	66 	130 	130 
000898 	280 	66 	130 	130 
000899 	280 	66 	130 	130 
000900 	280 	66 	130 	130 
000901 	280 	66 	130 	130 
000902 	280 	66 	130 	130 
000903 	280 	66 	130 	130 
000904 	280 	66 	130 	130 
000905 	280 	66 	130 	130 
000906 	280 	66 	130 	130 
000907 	280 	66 	130 	130 
000908 	280 	66 	130 	130 
000909 	280 	66 	130 	130 
000910 	280 	66 	130 	130 
000911 	280 	66 	130 	130 
000912 	293 	66 	108 	109 
000913 	280 	66 	130 	130 
000914 	280 	66 	130 	130 
000915 	280 	66 	130 	130 
000916 	294 	66 	130 	130 
000917 	294 	66 	130 	130 
000918 	294 	66 	130 	130 
000919 	294 	66 	130 	130 
000920 	294 	66 	130 	130 
000921 	294 	66 	130 	130 
000922 	294 	66 	130 	130 
000923 	294 	66 	130 	130 
000924 	294 	66 	130 	130 
000925 	294 	66 	130 	130 
000926 	294 	66 	130 	130 
000927 	294 	66 	130 	130 
000928 	294 	66 	130 	130 
000929 	294 	66 	130 	130 
000930 	294 	66 	130 	130 
000931 	294 	66 	130 	130 
000932 	317 	66 	108 	109 
000933 	309 	66 	130 	130 
000934 	309 	66 	130 	130 
000935 	309 	66 	130 	130 
000936 	309 	66 	130 	130 
000937 	309 	66 	130 	130 
000938 	309 	66 	130 	130 
000939 	309 	66 	130 	130 
000940 	309 	66 	130 	130 
000941 	309 	66 	130 	130 
000942 	309 	66 	130 	130 
000943 	309 	66 	130 	130 
000944 	309 	66 	130 	130 
000945 	309 	66 	130 	130 
000946 	309 	66 	130 	130 
000947 	309 	66 	130 	130 
000948 	309 	66 	130 	130 
