Identity  : 	id10130
Reference : 	Z-bPrDRGq2w
Offset    : 	1
FV Conf   : 	16.380
ASD Conf  : 	5.428

FRAME 	X 	Y 	W 	H 
010290 	218 	74 	187 	187 
010291 	188 	64 	224 	224 
010292 	216 	96 	156 	156 
010293 	216 	96 	156 	156 
010294 	197 	74 	187 	187 
010295 	197 	74 	187 	187 
010296 	197 	74 	187 	187 
010297 	199 	74 	187 	187 
010298 	201 	74 	187 	187 
010299 	202 	74 	187 	187 
010300 	204 	74 	187 	187 
010301 	206 	74 	187 	187 
010302 	208 	74 	187 	187 
010303 	209 	74 	187 	187 
010304 	211 	74 	187 	187 
010305 	213 	74 	187 	187 
010306 	215 	74 	187 	187 
010307 	216 	74 	187 	187 
010308 	218 	74 	187 	187 
010309 	220 	74 	187 	187 
010310 	222 	74 	187 	187 
010311 	223 	74 	187 	187 
010312 	225 	74 	187 	187 
010313 	227 	74 	187 	187 
010314 	229 	74 	187 	187 
010315 	231 	74 	187 	187 
010316 	232 	74 	187 	187 
010317 	234 	74 	187 	187 
010318 	236 	74 	187 	187 
010319 	238 	74 	187 	187 
010320 	239 	74 	187 	187 
010321 	241 	74 	187 	187 
010322 	243 	74 	187 	187 
010323 	245 	74 	187 	187 
010324 	246 	74 	187 	187 
010325 	248 	74 	187 	187 
010326 	250 	74 	187 	187 
010327 	252 	74 	187 	187 
010328 	254 	74 	187 	187 
010329 	255 	74 	187 	187 
010330 	257 	74 	187 	187 
010331 	259 	74 	187 	187 
010332 	261 	74 	187 	187 
010333 	262 	74 	187 	187 
010334 	264 	74 	187 	187 
010335 	266 	74 	187 	187 
010336 	268 	74 	187 	187 
010337 	269 	74 	187 	187 
010338 	271 	74 	187 	187 
010339 	273 	74 	187 	187 
010340 	275 	74 	187 	187 
010341 	276 	74 	187 	187 
010342 	278 	74 	187 	187 
010343 	280 	74 	187 	187 
010344 	280 	73 	187 	187 
010345 	280 	72 	187 	187 
010346 	280 	70 	187 	187 
010347 	280 	69 	187 	187 
010348 	280 	68 	187 	187 
010349 	280 	67 	187 	187 
010350 	280 	65 	187 	187 
010351 	280 	64 	187 	187 
010352 	280 	63 	187 	187 
010353 	280 	62 	187 	187 
010354 	280 	60 	187 	187 
010355 	280 	59 	187 	187 
010356 	280 	58 	187 	187 
010357 	280 	57 	187 	187 
010358 	280 	55 	187 	187 
010359 	280 	54 	187 	187 
010360 	280 	53 	187 	187 
010361 	280 	53 	187 	187 
010362 	280 	53 	187 	187 
010363 	280 	53 	187 	187 
010364 	280 	53 	187 	187 
010365 	280 	53 	187 	187 
010366 	280 	53 	187 	187 
010367 	280 	53 	187 	187 
010368 	280 	53 	187 	187 
010369 	280 	53 	187 	187 
010370 	280 	53 	187 	187 
010371 	280 	53 	187 	187 
010372 	285 	62 	155 	155 
010373 	285 	62 	155 	155 
010374 	285 	62 	155 	155 
010375 	285 	62 	155 	155 
010376 	259 	53 	187 	187 
010377 	259 	53 	187 	187 
010378 	259 	53 	187 	187 
010379 	259 	53 	187 	187 
010380 	285 	79 	155 	156 
010381 	259 	74 	187 	187 
010382 	259 	53 	187 	187 
010383 	259 	53 	187 	187 
010384 	259 	53 	187 	187 
010385 	259 	53 	187 	187 
010386 	259 	53 	187 	187 
010387 	259 	74 	187 	187 
010388 	259 	74 	187 	187 
010389 	259 	74 	187 	187 
010390 	259 	74 	187 	187 
010391 	259 	74 	187 	187 
010392 	259 	74 	187 	187 
010393 	259 	74 	187 	187 
010394 	259 	74 	187 	187 
010395 	259 	74 	187 	187 
010396 	259 	74 	187 	187 
010397 	259 	74 	187 	187 
