Identity  : 	id10440
Reference : 	2WKmEKzN7pI
Offset    : 	-1
FV Conf   : 	18.115
ASD Conf  : 	7.388

FRAME 	X 	Y 	W 	H 
000823 	245 	78 	109 	109 
000824 	245 	78 	109 	109 
000825 	245 	78 	109 	109 
000826 	237 	66 	130 	130 
000827 	237 	66 	130 	130 
000828 	237 	66 	130 	130 
000829 	257 	78 	109 	109 
000830 	257 	78 	109 	109 
000831 	257 	78 	109 	109 
000832 	251 	80 	130 	130 
000833 	251 	80 	130 	130 
000834 	251 	80 	130 	130 
000835 	251 	80 	130 	130 
000836 	251 	80 	130 	130 
000837 	251 	80 	130 	130 
000838 	251 	80 	130 	130 
000839 	250 	62 	156 	155 
000840 	250 	62 	156 	155 
000841 	250 	62 	156 	155 
000842 	250 	62 	156 	155 
000843 	250 	62 	156 	155 
000844 	250 	62 	156 	155 
000845 	250 	62 	156 	155 
000846 	250 	62 	156 	155 
000847 	250 	62 	156 	155 
000848 	266 	66 	130 	130 
000849 	250 	62 	156 	155 
000850 	250 	62 	156 	155 
000851 	250 	62 	156 	155 
000852 	250 	62 	156 	155 
000853 	250 	62 	156 	155 
000854 	250 	62 	156 	155 
000855 	250 	62 	156 	155 
000856 	250 	62 	156 	155 
000857 	250 	62 	156 	155 
000858 	250 	62 	156 	155 
000859 	250 	62 	156 	155 
000860 	250 	62 	156 	155 
000861 	250 	62 	156 	155 
000862 	250 	62 	156 	155 
000863 	250 	62 	156 	155 
000864 	250 	62 	156 	155 
000865 	250 	62 	156 	155 
000866 	250 	62 	156 	155 
000867 	250 	62 	156 	155 
000868 	250 	62 	156 	155 
000869 	250 	62 	156 	155 
000870 	250 	62 	156 	155 
000871 	250 	62 	156 	155 
000872 	250 	62 	156 	155 
000873 	250 	62 	156 	155 
000874 	250 	62 	156 	155 
000875 	250 	62 	156 	155 
000876 	250 	62 	156 	155 
000877 	250 	62 	156 	155 
000878 	250 	62 	156 	155 
000879 	250 	62 	156 	155 
000880 	250 	79 	156 	156 
000881 	250 	79 	156 	156 
000882 	250 	79 	156 	156 
000883 	250 	79 	156 	156 
000884 	250 	79 	156 	156 
000885 	250 	79 	156 	156 
000886 	250 	79 	156 	156 
000887 	250 	79 	156 	156 
000888 	250 	79 	156 	156 
000889 	250 	79 	156 	156 
000890 	250 	79 	156 	156 
000891 	250 	79 	156 	156 
000892 	250 	79 	156 	156 
000893 	250 	79 	156 	156 
000894 	250 	79 	156 	156 
000895 	250 	79 	156 	156 
000896 	250 	79 	156 	156 
000897 	250 	79 	156 	156 
000898 	250 	79 	156 	156 
000899 	250 	79 	156 	156 
000900 	251 	94 	130 	130 
000901 	233 	79 	156 	156 
000902 	233 	79 	156 	156 
000903 	233 	79 	156 	156 
000904 	233 	79 	156 	156 
000905 	233 	79 	156 	156 
000906 	233 	79 	156 	156 
000907 	233 	79 	156 	156 
000908 	233 	79 	156 	156 
000909 	233 	79 	156 	156 
000910 	233 	79 	156 	156 
000911 	233 	79 	156 	156 
000912 	233 	79 	156 	156 
000913 	233 	79 	156 	156 
000914 	233 	79 	156 	156 
000915 	233 	79 	156 	156 
000916 	233 	79 	156 	156 
000917 	233 	79 	156 	156 
000918 	233 	79 	156 	156 
000919 	233 	79 	156 	156 
000920 	233 	79 	156 	156 
000921 	233 	79 	156 	156 
000922 	233 	79 	156 	156 
000923 	233 	79 	156 	156 
000924 	233 	79 	156 	156 
000925 	233 	79 	156 	156 
000926 	233 	79 	156 	156 
000927 	233 	79 	156 	156 
000928 	233 	79 	156 	156 
000929 	233 	79 	156 	156 
000930 	233 	79 	156 	156 
000931 	233 	79 	156 	156 
000932 	233 	79 	156 	156 
000933 	233 	79 	156 	156 
000934 	233 	79 	156 	156 
