Identity  : 	id10839
Reference : 	Kh_VsHzbFwY
Offset    : 	-1
FV Conf   : 	13.057
ASD Conf  : 	9.376

FRAME 	X 	Y 	W 	H 
004390 	257 	66 	109 	109 
004391 	257 	66 	109 	109 
004392 	257 	66 	109 	109 
004393 	257 	66 	109 	109 
004394 	257 	66 	109 	109 
004395 	257 	66 	109 	109 
004396 	257 	66 	109 	109 
004397 	257 	66 	109 	109 
004398 	257 	66 	109 	109 
004399 	257 	66 	109 	109 
004400 	257 	54 	109 	109 
004401 	257 	54 	109 	109 
004402 	257 	54 	109 	109 
004403 	257 	54 	109 	109 
004404 	257 	54 	109 	109 
004405 	251 	51 	130 	130 
004406 	251 	51 	130 	130 
004407 	251 	51 	130 	130 
004408 	251 	51 	130 	130 
004409 	257 	66 	109 	109 
004410 	257 	66 	109 	109 
004411 	257 	66 	109 	109 
004412 	257 	66 	109 	109 
004413 	257 	66 	109 	109 
004414 	257 	66 	109 	109 
004415 	257 	66 	109 	109 
004416 	257 	66 	109 	109 
004417 	257 	66 	109 	109 
004418 	257 	66 	109 	109 
004419 	257 	66 	109 	109 
004420 	257 	66 	109 	109 
004421 	257 	66 	109 	109 
004422 	257 	66 	109 	109 
004423 	257 	66 	109 	109 
004424 	257 	66 	109 	109 
004425 	257 	66 	109 	109 
004426 	257 	66 	109 	109 
004427 	257 	66 	109 	109 
004428 	257 	66 	109 	109 
004429 	257 	66 	109 	109 
004430 	257 	66 	109 	109 
004431 	257 	66 	109 	109 
004432 	257 	66 	109 	109 
004433 	257 	66 	109 	109 
004434 	257 	66 	109 	109 
004435 	257 	66 	109 	109 
004436 	257 	66 	109 	109 
004437 	257 	66 	109 	109 
004438 	257 	66 	109 	109 
004439 	257 	66 	109 	109 
004440 	257 	66 	109 	109 
004441 	257 	66 	109 	109 
004442 	257 	66 	109 	109 
004443 	257 	66 	109 	109 
004444 	257 	66 	109 	109 
004445 	257 	66 	109 	109 
004446 	257 	66 	109 	109 
004447 	257 	66 	109 	109 
004448 	257 	66 	109 	109 
004449 	257 	66 	109 	109 
004450 	257 	66 	109 	109 
004451 	257 	66 	109 	109 
004452 	257 	66 	109 	109 
004453 	257 	66 	109 	109 
004454 	257 	66 	109 	109 
004455 	257 	66 	109 	109 
004456 	269 	66 	108 	109 
004457 	269 	66 	108 	109 
004458 	269 	66 	108 	109 
004459 	269 	66 	108 	109 
004460 	257 	66 	109 	109 
004461 	257 	66 	109 	109 
004462 	257 	66 	109 	109 
004463 	257 	66 	109 	109 
004464 	257 	66 	109 	109 
004465 	257 	66 	109 	109 
004466 	257 	66 	109 	109 
004467 	257 	66 	109 	109 
004468 	257 	66 	109 	109 
004469 	257 	66 	109 	109 
004470 	245 	66 	109 	109 
004471 	245 	66 	109 	109 
004472 	245 	66 	109 	109 
004473 	245 	66 	109 	109 
004474 	245 	66 	109 	109 
004475 	245 	66 	109 	109 
004476 	245 	66 	109 	109 
004477 	245 	66 	109 	109 
004478 	245 	66 	109 	109 
004479 	245 	66 	109 	109 
004480 	245 	66 	109 	109 
004481 	245 	66 	109 	109 
004482 	257 	66 	109 	109 
004483 	257 	66 	109 	109 
004484 	257 	66 	109 	109 
004485 	257 	66 	109 	109 
004486 	257 	66 	109 	109 
004487 	257 	66 	109 	109 
004488 	257 	66 	109 	109 
004489 	257 	66 	109 	109 
004490 	257 	66 	109 	109 
004491 	257 	66 	109 	109 
004492 	257 	66 	109 	109 
004493 	257 	66 	109 	109 
004494 	257 	66 	109 	109 
004495 	257 	66 	109 	109 
004496 	257 	66 	109 	109 
004497 	269 	66 	108 	109 
004498 	269 	66 	108 	109 
004499 	269 	66 	108 	109 
004500 	269 	66 	108 	109 
004501 	269 	66 	108 	109 
004502 	257 	66 	109 	109 
004503 	257 	66 	109 	109 
004504 	257 	66 	109 	109 
004505 	257 	66 	109 	109 
004506 	257 	66 	109 	109 
004507 	257 	66 	109 	109 
004508 	257 	66 	109 	109 
004509 	257 	66 	109 	109 
004510 	257 	66 	109 	109 
004511 	257 	66 	109 	109 
004512 	257 	66 	109 	109 
004513 	257 	66 	109 	109 
004514 	257 	66 	109 	109 
004515 	257 	66 	109 	109 
004516 	257 	66 	109 	109 
004517 	257 	66 	109 	109 
004518 	257 	66 	109 	109 
004519 	257 	66 	109 	109 
004520 	257 	66 	109 	109 
004521 	257 	66 	109 	109 
004522 	257 	66 	109 	109 
004523 	257 	66 	109 	109 
004524 	257 	66 	109 	109 
004525 	257 	66 	109 	109 
004526 	257 	66 	109 	109 
004527 	257 	66 	109 	109 
004528 	257 	66 	109 	109 
004529 	257 	66 	109 	109 
004530 	257 	66 	109 	109 
004531 	257 	66 	109 	109 
004532 	257 	66 	109 	109 
004533 	257 	66 	109 	109 
004534 	257 	66 	109 	109 
004535 	257 	66 	109 	109 
004536 	257 	66 	109 	109 
004537 	257 	66 	109 	109 
004538 	257 	66 	109 	109 
004539 	257 	66 	109 	109 
004540 	257 	66 	109 	109 
004541 	257 	66 	109 	109 
004542 	257 	66 	109 	109 
004543 	257 	66 	109 	109 
004544 	257 	66 	109 	109 
004545 	257 	66 	109 	109 
004546 	257 	66 	109 	109 
004547 	257 	66 	109 	109 
004548 	257 	66 	109 	109 
004549 	257 	66 	109 	109 
004550 	257 	66 	109 	109 
004551 	257 	66 	109 	109 
004552 	257 	66 	109 	109 
004553 	257 	66 	109 	109 
004554 	257 	66 	109 	109 
004555 	257 	66 	109 	109 
004556 	257 	66 	109 	109 
004557 	257 	66 	109 	109 
004558 	257 	66 	109 	109 
004559 	257 	66 	109 	109 
004560 	257 	66 	109 	109 
004561 	257 	66 	109 	109 
004562 	257 	66 	109 	109 
004563 	257 	66 	109 	109 
004564 	257 	66 	109 	109 
004565 	257 	66 	109 	109 
004566 	257 	66 	109 	109 
004567 	257 	66 	109 	109 
004568 	257 	66 	109 	109 
004569 	257 	66 	109 	109 
004570 	257 	66 	109 	109 
004571 	257 	66 	109 	109 
004572 	257 	66 	109 	109 
