Identity  : 	id10216
Reference : 	AEI-0E-jiF4
Offset    : 	0
FV Conf   : 	11.186
ASD Conf  : 	7.311

FRAME 	X 	Y 	W 	H 
002568 	366 	66 	130 	130 
002569 	388 	78 	109 	109 
002570 	380 	66 	130 	130 
002571 	380 	66 	130 	130 
002572 	380 	66 	130 	130 
002573 	380 	66 	130 	130 
002574 	380 	66 	130 	130 
002575 	380 	66 	130 	130 
002576 	380 	66 	130 	130 
002577 	380 	66 	130 	130 
002578 	380 	66 	130 	130 
002579 	380 	66 	130 	130 
002580 	380 	80 	130 	130 
002581 	380 	80 	130 	130 
002582 	380 	80 	130 	130 
002583 	380 	80 	130 	130 
002584 	380 	80 	130 	130 
002585 	380 	80 	130 	130 
002586 	380 	80 	130 	130 
002587 	380 	80 	130 	130 
002588 	380 	80 	130 	130 
002589 	388 	78 	109 	109 
002590 	366 	80 	130 	130 
002591 	366 	80 	130 	130 
002592 	366 	80 	130 	130 
002593 	366 	80 	130 	130 
002594 	366 	80 	130 	130 
002595 	366 	80 	130 	130 
002596 	366 	80 	130 	130 
002597 	366 	80 	130 	130 
002598 	366 	80 	130 	130 
002599 	366 	80 	130 	130 
002600 	366 	80 	130 	130 
002601 	366 	80 	130 	130 
002602 	366 	80 	130 	130 
002603 	366 	80 	130 	130 
002604 	366 	80 	130 	130 
002605 	366 	80 	130 	130 
002606 	366 	80 	130 	130 
002607 	366 	80 	130 	130 
002608 	366 	80 	130 	130 
002609 	366 	80 	130 	130 
002610 	366 	80 	130 	130 
002611 	366 	80 	130 	130 
002612 	366 	80 	130 	130 
002613 	366 	80 	130 	130 
002614 	366 	80 	130 	130 
002615 	366 	80 	130 	130 
002616 	352 	80 	130 	130 
002617 	352 	80 	130 	130 
002618 	352 	80 	130 	130 
002619 	352 	80 	130 	130 
002620 	352 	80 	130 	130 
002621 	352 	80 	130 	130 
002622 	352 	80 	130 	130 
002623 	352 	80 	130 	130 
002624 	352 	80 	130 	130 
002625 	352 	80 	130 	130 
002626 	352 	80 	130 	130 
002627 	352 	80 	130 	130 
002628 	352 	80 	130 	130 
002629 	352 	80 	130 	130 
002630 	352 	80 	130 	130 
002631 	352 	80 	130 	130 
002632 	352 	80 	130 	130 
002633 	352 	80 	130 	130 
002634 	352 	80 	130 	130 
002635 	352 	80 	130 	130 
002636 	352 	80 	130 	130 
002637 	352 	80 	130 	130 
002638 	352 	80 	130 	130 
002639 	352 	66 	130 	130 
002640 	352 	66 	130 	130 
002641 	352 	66 	130 	130 
002642 	352 	66 	130 	130 
002643 	352 	66 	130 	130 
002644 	352 	66 	130 	130 
002645 	352 	66 	130 	130 
002646 	352 	66 	130 	130 
002647 	352 	66 	130 	130 
002648 	352 	66 	130 	130 
002649 	352 	66 	130 	130 
002650 	352 	66 	130 	130 
002651 	352 	66 	130 	130 
002652 	352 	66 	130 	130 
002653 	352 	66 	130 	130 
002654 	352 	66 	130 	130 
002655 	352 	66 	130 	130 
002656 	352 	66 	130 	130 
002657 	352 	66 	130 	130 
002658 	352 	66 	130 	130 
002659 	352 	66 	130 	130 
002660 	352 	66 	130 	130 
002661 	352 	66 	130 	130 
002662 	352 	66 	130 	130 
002663 	352 	66 	130 	130 
002664 	352 	66 	130 	130 
002665 	352 	66 	130 	130 
002666 	352 	66 	130 	130 
002667 	352 	66 	130 	130 
002668 	352 	66 	130 	130 
002669 	352 	66 	130 	130 
002670 	352 	80 	130 	130 
002671 	352 	80 	130 	130 
002672 	352 	80 	130 	130 
002673 	352 	66 	130 	130 
002674 	352 	66 	130 	130 
002675 	352 	66 	130 	130 
002676 	352 	66 	130 	130 
002677 	352 	66 	130 	130 
002678 	366 	80 	130 	130 
002679 	366 	80 	130 	130 
002680 	366 	66 	130 	130 
002681 	366 	66 	130 	130 
002682 	366 	66 	130 	130 
002683 	366 	66 	130 	130 
002684 	366 	66 	130 	130 
002685 	366 	66 	130 	130 
002686 	366 	80 	130 	130 
002687 	380 	80 	130 	130 
002688 	380 	66 	130 	130 
002689 	380 	66 	130 	130 
002690 	380 	66 	130 	130 
002691 	380 	66 	130 	130 
002692 	380 	80 	130 	130 
002693 	380 	80 	130 	130 
002694 	380 	80 	130 	130 
002695 	380 	80 	130 	130 
002696 	380 	66 	130 	130 
002697 	380 	66 	130 	130 
002698 	366 	80 	130 	130 
002699 	366 	80 	130 	130 
002700 	366 	80 	130 	130 
002701 	366 	80 	130 	130 
002702 	366 	80 	130 	130 
002703 	366 	66 	130 	130 
002704 	366 	66 	130 	130 
002705 	366 	80 	130 	130 
002706 	366 	80 	130 	130 
002707 	366 	80 	130 	130 
002708 	366 	80 	130 	130 
002709 	366 	80 	130 	130 
002710 	366 	80 	130 	130 
002711 	366 	80 	130 	130 
002712 	366 	80 	130 	130 
002713 	366 	80 	130 	130 
002714 	366 	80 	130 	130 
002715 	366 	80 	130 	130 
002716 	366 	80 	130 	130 
002717 	366 	80 	130 	130 
002718 	366 	80 	130 	130 
002719 	366 	80 	130 	130 
002720 	352 	80 	130 	130 
002721 	352 	80 	130 	130 
002722 	352 	80 	130 	130 
002723 	352 	80 	130 	130 
002724 	352 	80 	130 	130 
002725 	352 	80 	130 	130 
002726 	352 	80 	130 	130 
002727 	352 	66 	130 	130 
002728 	352 	66 	130 	130 
002729 	352 	66 	130 	130 
002730 	366 	66 	130 	130 
002731 	366 	66 	130 	130 
002732 	366 	66 	130 	130 
002733 	366 	66 	130 	130 
002734 	366 	66 	130 	130 
