Identity  : 	id11117
Reference : 	JSzJC7Ytf_8
Offset    : 	-2
FV Conf   : 	11.085
ASD Conf  : 	6.404

FRAME 	X 	Y 	W 	H 
010135 	173 	90 	109 	109 
010136 	165 	80 	130 	130 
010137 	165 	80 	130 	130 
010138 	165 	80 	130 	130 
010139 	165 	80 	130 	130 
010140 	165 	80 	130 	130 
010141 	165 	80 	130 	130 
010142 	165 	80 	130 	130 
010143 	165 	80 	130 	130 
010144 	165 	80 	130 	130 
010145 	165 	80 	130 	130 
010146 	165 	80 	130 	130 
010147 	165 	80 	130 	130 
010148 	165 	80 	130 	130 
010149 	165 	80 	130 	130 
010150 	165 	80 	130 	130 
010151 	165 	66 	130 	130 
010152 	165 	66 	130 	130 
010153 	165 	66 	130 	130 
010154 	165 	66 	130 	130 
010155 	165 	66 	130 	130 
010156 	165 	66 	130 	130 
010157 	165 	66 	130 	130 
010158 	165 	66 	130 	130 
010159 	165 	66 	130 	130 
010160 	165 	66 	130 	130 
010161 	165 	66 	130 	130 
010162 	165 	66 	130 	130 
010163 	165 	66 	130 	130 
010164 	180 	66 	130 	130 
010165 	180 	66 	130 	130 
010166 	180 	66 	130 	130 
010167 	180 	66 	130 	130 
010168 	180 	66 	130 	130 
010169 	180 	80 	130 	130 
010170 	180 	80 	130 	130 
010171 	180 	80 	130 	130 
010172 	180 	80 	130 	130 
010173 	180 	80 	130 	130 
010174 	180 	80 	130 	130 
010175 	180 	80 	130 	130 
010176 	180 	80 	130 	130 
010177 	180 	80 	130 	130 
010178 	180 	80 	130 	130 
010179 	180 	80 	130 	130 
010180 	180 	80 	130 	130 
010181 	180 	80 	130 	130 
010182 	180 	80 	130 	130 
010183 	180 	80 	130 	130 
010184 	180 	80 	130 	130 
010185 	180 	80 	130 	130 
010186 	180 	80 	130 	130 
010187 	180 	80 	130 	130 
010188 	194 	80 	130 	130 
010189 	194 	80 	130 	130 
010190 	194 	80 	130 	130 
010191 	194 	80 	130 	130 
010192 	194 	80 	130 	130 
010193 	194 	80 	130 	130 
010194 	180 	80 	130 	130 
010195 	180 	80 	130 	130 
010196 	180 	80 	130 	130 
010197 	180 	80 	130 	130 
010198 	180 	80 	130 	130 
010199 	180 	80 	130 	130 
010200 	180 	80 	130 	130 
010201 	180 	80 	130 	130 
010202 	180 	80 	130 	130 
010203 	180 	80 	130 	130 
010204 	180 	80 	130 	130 
010205 	180 	80 	130 	130 
010206 	180 	80 	130 	130 
010207 	180 	80 	130 	130 
010208 	180 	80 	130 	130 
010209 	180 	80 	130 	130 
010210 	180 	80 	130 	130 
010211 	180 	80 	130 	130 
010212 	180 	80 	130 	130 
010213 	180 	80 	130 	130 
010214 	180 	80 	130 	130 
010215 	180 	80 	130 	130 
010216 	180 	80 	130 	130 
010217 	180 	80 	130 	130 
010218 	180 	80 	130 	130 
010219 	180 	80 	130 	130 
010220 	180 	80 	130 	130 
010221 	180 	80 	130 	130 
010222 	180 	80 	130 	130 
010223 	180 	80 	130 	130 
010224 	180 	80 	130 	130 
010225 	180 	80 	130 	130 
010226 	180 	80 	130 	130 
010227 	180 	80 	130 	130 
010228 	180 	80 	130 	130 
010229 	180 	80 	130 	130 
010230 	180 	80 	130 	130 
010231 	180 	80 	130 	130 
010232 	180 	80 	130 	130 
010233 	180 	80 	130 	130 
010234 	180 	80 	130 	130 
010235 	180 	80 	130 	130 
010236 	180 	80 	130 	130 
010237 	180 	80 	130 	130 
010238 	180 	80 	130 	130 
010239 	180 	80 	130 	130 
010240 	180 	80 	130 	130 
010241 	180 	80 	130 	130 
010242 	194 	80 	130 	130 
010243 	194 	80 	130 	130 
010244 	194 	80 	130 	130 
010245 	194 	80 	130 	130 
010246 	194 	80 	130 	130 
010247 	194 	80 	130 	130 
010248 	194 	80 	130 	130 
010249 	194 	80 	130 	130 
010250 	180 	80 	130 	130 
010251 	180 	80 	130 	130 
010252 	180 	80 	130 	130 
010253 	180 	80 	130 	130 
010254 	180 	80 	130 	130 
010255 	180 	80 	130 	130 
010256 	180 	80 	130 	130 
010257 	180 	80 	130 	130 
010258 	180 	80 	130 	130 
010259 	180 	80 	130 	130 
010260 	180 	80 	130 	130 
010261 	180 	80 	130 	130 
010262 	180 	80 	130 	130 
010263 	180 	80 	130 	130 
010264 	180 	80 	130 	130 
010265 	180 	80 	130 	130 
010266 	180 	80 	130 	130 
010267 	180 	80 	130 	130 
010268 	180 	80 	130 	130 
010269 	194 	80 	130 	130 
010270 	194 	80 	130 	130 
010271 	194 	80 	130 	130 
010272 	194 	66 	130 	130 
010273 	194 	80 	130 	130 
010274 	194 	80 	130 	130 
010275 	194 	80 	130 	130 
010276 	194 	80 	130 	130 
010277 	194 	80 	130 	130 
010278 	194 	80 	130 	130 
010279 	194 	80 	130 	130 
010280 	194 	80 	130 	130 
010281 	194 	80 	130 	130 
010282 	194 	80 	130 	130 
010283 	194 	80 	130 	130 
010284 	194 	80 	130 	130 
010285 	194 	80 	130 	130 
010286 	194 	80 	130 	130 
010287 	194 	80 	130 	130 
010288 	194 	80 	130 	130 
010289 	194 	80 	130 	130 
010290 	194 	80 	130 	130 
010291 	194 	80 	130 	130 
010292 	194 	80 	130 	130 
010293 	194 	80 	130 	130 
010294 	194 	80 	130 	130 
010295 	194 	80 	130 	130 
010296 	194 	80 	130 	130 
010297 	194 	80 	130 	130 
010298 	194 	80 	130 	130 
010299 	194 	80 	130 	130 
010300 	194 	80 	130 	130 
010301 	180 	80 	130 	130 
010302 	180 	80 	130 	130 
010303 	180 	66 	130 	130 
010304 	197 	90 	109 	109 
010305 	180 	80 	130 	130 
010306 	180 	80 	130 	130 
010307 	180 	80 	130 	130 
010308 	180 	80 	130 	130 
010309 	180 	80 	130 	130 
010310 	180 	80 	130 	130 
010311 	180 	80 	130 	130 
010312 	180 	80 	130 	130 
010313 	180 	80 	130 	130 
010314 	180 	80 	130 	130 
010315 	180 	80 	130 	130 
010316 	180 	80 	130 	130 
010317 	180 	80 	130 	130 
010318 	180 	80 	130 	130 
010319 	180 	80 	130 	130 
010320 	180 	80 	130 	130 
010321 	180 	80 	130 	130 
010322 	180 	80 	130 	130 
010323 	180 	80 	130 	130 
010324 	180 	80 	130 	130 
010325 	180 	80 	130 	130 
010326 	180 	80 	130 	130 
010327 	180 	80 	130 	130 
010328 	180 	80 	130 	130 
010329 	180 	80 	130 	130 
010330 	180 	80 	130 	130 
010331 	180 	80 	130 	130 
010332 	180 	80 	130 	130 
010333 	180 	80 	130 	130 
010334 	180 	80 	130 	130 
010335 	180 	80 	130 	130 
010336 	180 	80 	130 	130 
010337 	180 	80 	130 	130 
010338 	180 	80 	130 	130 
010339 	180 	80 	130 	130 
010340 	180 	80 	130 	130 
010341 	180 	80 	130 	130 
010342 	180 	80 	130 	130 
010343 	194 	80 	130 	130 
010344 	194 	80 	130 	130 
010345 	194 	80 	130 	130 
010346 	194 	80 	130 	130 
010347 	194 	80 	130 	130 
010348 	194 	80 	130 	130 
010349 	194 	80 	130 	130 
010350 	194 	80 	130 	130 
010351 	194 	80 	130 	130 
010352 	194 	94 	130 	130 
010353 	194 	94 	130 	130 
010354 	194 	94 	130 	130 
010355 	194 	80 	130 	130 
010356 	194 	80 	130 	130 
010357 	194 	80 	130 	130 
010358 	194 	80 	130 	130 
010359 	194 	80 	130 	130 
010360 	194 	80 	130 	130 
010361 	194 	80 	130 	130 
010362 	194 	80 	130 	130 
010363 	194 	80 	130 	130 
010364 	194 	80 	130 	130 
010365 	194 	80 	130 	130 
010366 	194 	80 	130 	130 
010367 	194 	80 	130 	130 
010368 	194 	80 	130 	130 
010369 	194 	80 	130 	130 
010370 	194 	80 	130 	130 
010371 	194 	80 	130 	130 
010372 	194 	80 	130 	130 
010373 	194 	80 	130 	130 
010374 	194 	80 	130 	130 
010375 	194 	80 	130 	130 
010376 	194 	80 	130 	130 
010377 	194 	80 	130 	130 
010378 	194 	80 	130 	130 
010379 	194 	80 	130 	130 
010380 	194 	80 	130 	130 
010381 	194 	80 	130 	130 
010382 	194 	80 	130 	130 
010383 	194 	80 	130 	130 
010384 	194 	80 	130 	130 
010385 	194 	80 	130 	130 
010386 	194 	80 	130 	130 
010387 	194 	80 	130 	130 
010388 	194 	80 	130 	130 
010389 	194 	80 	130 	130 
010390 	194 	80 	130 	130 
010391 	194 	80 	130 	130 
010392 	194 	80 	130 	130 
010393 	194 	80 	130 	130 
010394 	194 	80 	130 	130 
010395 	194 	80 	130 	130 
010396 	194 	80 	130 	130 
010397 	194 	80 	130 	130 
010398 	194 	80 	130 	130 
010399 	194 	80 	130 	130 
010400 	194 	80 	130 	130 
010401 	194 	80 	130 	130 
010402 	194 	80 	130 	130 
010403 	194 	80 	130 	130 
010404 	194 	80 	130 	130 
010405 	194 	80 	130 	130 
010406 	194 	80 	130 	130 
010407 	194 	80 	130 	130 
010408 	194 	80 	130 	130 
010409 	194 	80 	130 	130 
010410 	194 	80 	130 	130 
010411 	194 	80 	130 	130 
010412 	194 	80 	130 	130 
010413 	194 	80 	130 	130 
010414 	194 	80 	130 	130 
010415 	194 	80 	130 	130 
010416 	194 	80 	130 	130 
010417 	194 	80 	130 	130 
010418 	194 	80 	130 	130 
010419 	194 	80 	130 	130 
010420 	194 	80 	130 	130 
010421 	194 	80 	130 	130 
