Identity  : 	id10712
Reference : 	CyLWAtd4DuQ
Offset    : 	-1
FV Conf   : 	11.172
ASD Conf  : 	6.475

FRAME 	X 	Y 	W 	H 
007689 	174 	75 	91 	91 
007690 	174 	75 	91 	91 
007691 	174 	75 	91 	91 
007692 	174 	75 	91 	91 
007693 	174 	75 	91 	91 
007694 	173 	66 	109 	109 
007695 	173 	66 	109 	109 
007696 	184 	75 	91 	91 
007697 	184 	75 	91 	91 
007698 	184 	75 	91 	91 
007699 	184 	75 	91 	91 
007700 	184 	75 	91 	91 
007701 	184 	75 	91 	91 
007702 	184 	75 	91 	91 
007703 	184 	75 	91 	91 
007704 	184 	75 	91 	91 
007705 	184 	75 	91 	91 
007706 	184 	75 	91 	91 
007707 	184 	75 	91 	91 
007708 	185 	66 	109 	109 
007709 	194 	75 	91 	91 
007710 	194 	75 	91 	91 
007711 	194 	75 	91 	91 
007712 	194 	75 	91 	91 
007713 	173 	66 	109 	109 
007714 	184 	75 	91 	91 
007715 	184 	75 	91 	91 
007716 	194 	75 	91 	91 
007717 	194 	75 	91 	91 
007718 	194 	75 	91 	91 
007719 	184 	75 	91 	91 
007720 	184 	75 	91 	91 
007721 	184 	75 	91 	91 
007722 	184 	75 	91 	91 
007723 	184 	75 	91 	91 
007724 	184 	75 	91 	91 
007725 	184 	75 	91 	91 
007726 	184 	75 	91 	91 
007727 	173 	66 	109 	109 
007728 	184 	75 	91 	91 
007729 	184 	75 	91 	91 
007730 	173 	66 	109 	109 
007731 	173 	66 	109 	109 
007732 	173 	66 	109 	109 
007733 	184 	65 	91 	91 
007734 	184 	65 	91 	91 
007735 	173 	54 	109 	109 
007736 	174 	65 	91 	91 
007737 	161 	66 	109 	109 
007738 	161 	66 	109 	109 
007739 	161 	66 	109 	109 
007740 	164 	75 	91 	91 
007741 	164 	75 	91 	91 
007742 	150 	66 	108 	109 
007743 	150 	66 	108 	109 
007744 	154 	75 	91 	91 
007745 	154 	75 	91 	91 
007746 	154 	75 	91 	91 
007747 	154 	75 	91 	91 
007748 	150 	66 	108 	109 
007749 	150 	66 	108 	109 
007750 	150 	66 	108 	109 
007751 	154 	75 	91 	91 
007752 	154 	75 	91 	91 
007753 	154 	75 	91 	91 
007754 	150 	78 	108 	109 
007755 	150 	78 	108 	109 
007756 	150 	78 	108 	109 
007757 	150 	78 	108 	109 
007758 	150 	78 	108 	109 
007759 	150 	78 	108 	109 
007760 	150 	78 	108 	109 
007761 	138 	78 	108 	109 
007762 	138 	78 	108 	109 
007763 	150 	78 	108 	109 
007764 	150 	78 	108 	109 
007765 	164 	75 	91 	91 
007766 	164 	75 	91 	91 
007767 	164 	75 	91 	91 
007768 	164 	75 	91 	91 
007769 	161 	66 	109 	109 
007770 	161 	66 	109 	109 
007771 	164 	75 	91 	91 
007772 	164 	75 	91 	91 
007773 	164 	75 	91 	91 
007774 	150 	78 	108 	109 
007775 	150 	78 	108 	109 
007776 	150 	66 	108 	109 
007777 	164 	75 	91 	91 
007778 	164 	75 	91 	91 
007779 	164 	75 	91 	91 
007780 	164 	75 	91 	91 
007781 	164 	75 	91 	91 
007782 	164 	75 	91 	91 
007783 	164 	75 	91 	91 
007784 	164 	75 	91 	91 
007785 	164 	75 	91 	91 
007786 	161 	66 	109 	109 
007787 	161 	66 	109 	109 
007788 	174 	75 	91 	91 
007789 	174 	75 	91 	91 
007790 	173 	66 	109 	109 
007791 	184 	75 	91 	91 
007792 	184 	75 	91 	91 
007793 	194 	75 	91 	91 
007794 	194 	75 	91 	91 
007795 	194 	75 	91 	91 
007796 	194 	75 	91 	91 
007797 	194 	75 	91 	91 
007798 	194 	75 	91 	91 
007799 	185 	66 	109 	109 
007800 	204 	65 	91 	91 
007801 	204 	65 	91 	91 
007802 	197 	66 	109 	109 
007803 	197 	66 	109 	109 
007804 	197 	66 	109 	109 
007805 	197 	66 	109 	109 
007806 	204 	75 	91 	91 
007807 	204 	75 	91 	91 
007808 	204 	75 	91 	91 
007809 	204 	75 	91 	91 
007810 	204 	75 	91 	91 
007811 	194 	75 	91 	91 
007812 	194 	75 	91 	91 
007813 	194 	75 	91 	91 
007814 	173 	66 	109 	109 
007815 	173 	66 	109 	109 
007816 	184 	75 	91 	91 
007817 	184 	75 	91 	91 
007818 	194 	75 	91 	91 
007819 	194 	75 	91 	91 
007820 	194 	75 	91 	91 
007821 	204 	75 	91 	91 
007822 	204 	75 	91 	91 
007823 	204 	75 	91 	91 
007824 	197 	66 	109 	109 
007825 	197 	66 	109 	109 
007826 	197 	66 	109 	109 
007827 	204 	85 	91 	91 
007828 	197 	66 	109 	109 
007829 	197 	66 	109 	109 
007830 	204 	75 	91 	91 
007831 	204 	75 	91 	91 
007832 	204 	75 	91 	91 
007833 	194 	75 	91 	91 
007834 	194 	75 	91 	91 
007835 	194 	75 	91 	91 
007836 	184 	75 	91 	91 
007837 	173 	66 	109 	109 
007838 	184 	75 	91 	91 
007839 	184 	75 	91 	91 
007840 	194 	75 	91 	91 
007841 	194 	75 	91 	91 
007842 	194 	75 	91 	91 
007843 	194 	75 	91 	91 
007844 	204 	75 	91 	91 
007845 	204 	75 	91 	91 
007846 	204 	75 	91 	91 
007847 	204 	75 	91 	91 
007848 	204 	75 	91 	91 
007849 	204 	75 	91 	91 
007850 	204 	75 	91 	91 
007851 	194 	75 	91 	91 
