Identity  : 	id11057
Reference : 	Um3PNWIvVNM
Offset    : 	0
FV Conf   : 	18.608
ASD Conf  : 	7.163

FRAME 	X 	Y 	W 	H 
004103 	237 	80 	130 	130 
004104 	237 	66 	130 	130 
004105 	237 	66 	130 	130 
004106 	237 	66 	130 	130 
004107 	237 	66 	130 	130 
004108 	237 	66 	130 	130 
004109 	237 	66 	130 	130 
004110 	237 	66 	130 	130 
004111 	237 	66 	130 	130 
004112 	237 	66 	130 	130 
004113 	237 	80 	130 	130 
004114 	237 	80 	130 	130 
004115 	237 	80 	130 	130 
004116 	237 	80 	130 	130 
004117 	237 	80 	130 	130 
004118 	237 	80 	130 	130 
004119 	237 	80 	130 	130 
004120 	257 	90 	109 	109 
004121 	257 	90 	109 	109 
004122 	257 	90 	109 	109 
004123 	257 	90 	109 	109 
004124 	257 	90 	109 	109 
004125 	257 	90 	109 	109 
004126 	237 	66 	130 	130 
004127 	237 	66 	130 	130 
004128 	237 	66 	130 	130 
004129 	237 	66 	130 	130 
004130 	245 	90 	109 	109 
004131 	245 	90 	109 	109 
004132 	245 	90 	109 	109 
004133 	245 	90 	109 	109 
004134 	237 	80 	130 	130 
004135 	237 	80 	130 	130 
004136 	237 	80 	130 	130 
004137 	237 	80 	130 	130 
004138 	237 	80 	130 	130 
004139 	245 	90 	109 	109 
004140 	245 	90 	109 	109 
004141 	245 	90 	109 	109 
004142 	245 	90 	109 	109 
004143 	257 	90 	109 	109 
004144 	257 	90 	109 	109 
004145 	257 	90 	109 	109 
004146 	257 	90 	109 	109 
004147 	257 	90 	109 	109 
004148 	257 	90 	109 	109 
004149 	257 	90 	109 	109 
004150 	237 	80 	130 	130 
004151 	237 	80 	130 	130 
004152 	237 	80 	130 	130 
004153 	245 	78 	109 	109 
004154 	245 	78 	109 	109 
004155 	245 	78 	109 	109 
004156 	245 	78 	109 	109 
004157 	245 	78 	109 	109 
004158 	245 	78 	109 	109 
004159 	257 	90 	109 	109 
004160 	257 	90 	109 	109 
004161 	257 	90 	109 	109 
004162 	257 	90 	109 	109 
004163 	257 	78 	109 	109 
004164 	257 	90 	109 	109 
004165 	245 	78 	109 	109 
004166 	245 	78 	109 	109 
004167 	245 	78 	109 	109 
004168 	245 	78 	109 	109 
004169 	245 	78 	109 	109 
004170 	245 	90 	109 	109 
004171 	245 	90 	109 	109 
004172 	245 	90 	109 	109 
004173 	257 	90 	109 	109 
004174 	257 	90 	109 	109 
004175 	257 	90 	109 	109 
004176 	257 	90 	109 	109 
004177 	257 	90 	109 	109 
004178 	257 	90 	109 	109 
004179 	245 	78 	109 	109 
004180 	257 	90 	109 	109 
004181 	257 	90 	109 	109 
004182 	257 	90 	109 	109 
004183 	257 	90 	109 	109 
004184 	257 	90 	109 	109 
004185 	257 	90 	109 	109 
004186 	257 	90 	109 	109 
004187 	257 	90 	109 	109 
004188 	257 	90 	109 	109 
004189 	257 	90 	109 	109 
004190 	257 	90 	109 	109 
004191 	257 	90 	109 	109 
004192 	257 	90 	109 	109 
004193 	257 	90 	109 	109 
004194 	257 	90 	109 	109 
004195 	245 	78 	109 	109 
004196 	245 	78 	109 	109 
004197 	245 	78 	109 	109 
004198 	245 	78 	109 	109 
004199 	237 	66 	130 	130 
004200 	237 	66 	130 	130 
004201 	237 	66 	130 	130 
004202 	237 	66 	130 	130 
004203 	237 	66 	130 	130 
004204 	237 	66 	130 	130 
004205 	237 	66 	130 	130 
004206 	237 	66 	130 	130 
004207 	237 	66 	130 	130 
004208 	237 	66 	130 	130 
004209 	237 	66 	130 	130 
004210 	237 	66 	130 	130 
004211 	237 	66 	130 	130 
004212 	237 	66 	130 	130 
004213 	237 	66 	130 	130 
004214 	257 	90 	109 	109 
