Identity  : 	id10998
Reference : 	Q-O0MtBvSgw
Offset    : 	0
FV Conf   : 	18.618
ASD Conf  : 	7.201

FRAME 	X 	Y 	W 	H 
002557 	410 	69 	91 	91 
002558 	410 	69 	91 	91 
002559 	410 	69 	91 	91 
002560 	410 	69 	91 	91 
002561 	410 	69 	91 	91 
002562 	410 	69 	91 	91 
002563 	410 	69 	91 	91 
002564 	410 	69 	91 	91 
002565 	410 	69 	91 	91 
002566 	410 	69 	91 	91 
002567 	410 	69 	91 	91 
002568 	410 	69 	91 	91 
002569 	410 	69 	91 	91 
002570 	410 	69 	91 	91 
002571 	410 	69 	91 	91 
002572 	410 	68 	91 	91 
002573 	410 	68 	91 	91 
002574 	410 	68 	91 	91 
002575 	410 	68 	91 	91 
002576 	410 	68 	91 	91 
002577 	410 	68 	91 	91 
002578 	410 	68 	91 	91 
002579 	410 	68 	91 	91 
002580 	410 	68 	91 	91 
002581 	409 	68 	91 	91 
002582 	409 	68 	91 	91 
002583 	409 	68 	91 	91 
002584 	409 	68 	91 	91 
002585 	409 	68 	91 	91 
002586 	409 	68 	91 	91 
002587 	409 	68 	91 	91 
002588 	409 	68 	91 	91 
002589 	409 	68 	91 	91 
002590 	409 	68 	91 	91 
002591 	409 	67 	91 	91 
002592 	409 	67 	91 	91 
002593 	409 	67 	91 	91 
002594 	409 	67 	91 	91 
002595 	409 	67 	91 	91 
002596 	409 	67 	91 	91 
002597 	409 	67 	91 	91 
002598 	409 	67 	91 	91 
002599 	409 	67 	91 	91 
002600 	409 	67 	91 	91 
002601 	409 	67 	91 	91 
002602 	409 	67 	91 	91 
002603 	409 	67 	91 	91 
002604 	409 	67 	91 	91 
002605 	409 	67 	91 	91 
002606 	409 	67 	91 	91 
002607 	409 	67 	91 	91 
002608 	409 	67 	91 	91 
002609 	409 	66 	91 	91 
002610 	409 	66 	91 	91 
002611 	409 	66 	91 	91 
002612 	409 	66 	91 	91 
002613 	409 	66 	91 	91 
002614 	409 	66 	91 	91 
002615 	409 	66 	91 	91 
002616 	409 	66 	91 	91 
002617 	409 	66 	91 	91 
002618 	408 	66 	91 	91 
002619 	408 	66 	91 	91 
002620 	408 	66 	91 	91 
002621 	408 	66 	91 	91 
002622 	408 	66 	91 	91 
002623 	408 	66 	91 	91 
002624 	408 	66 	91 	91 
002625 	408 	66 	91 	91 
002626 	408 	66 	91 	91 
002627 	408 	66 	91 	91 
002628 	408 	65 	91 	91 
002629 	408 	65 	91 	91 
002630 	408 	65 	91 	91 
002631 	408 	65 	91 	91 
002632 	408 	65 	91 	91 
002633 	408 	65 	91 	91 
002634 	408 	65 	91 	91 
002635 	408 	65 	91 	91 
002636 	408 	65 	91 	91 
002637 	408 	65 	91 	91 
002638 	408 	65 	91 	91 
002639 	408 	65 	91 	91 
002640 	408 	65 	91 	91 
002641 	408 	65 	91 	91 
002642 	408 	65 	91 	91 
002643 	408 	65 	91 	91 
002644 	408 	65 	91 	91 
002645 	408 	65 	91 	91 
002646 	408 	64 	91 	91 
002647 	408 	64 	91 	91 
002648 	408 	64 	91 	91 
002649 	408 	64 	91 	91 
002650 	408 	64 	91 	91 
002651 	408 	64 	91 	91 
002652 	408 	64 	91 	91 
002653 	408 	64 	91 	91 
002654 	408 	64 	91 	91 
002655 	408 	64 	91 	91 
002656 	407 	64 	91 	91 
002657 	407 	64 	91 	91 
002658 	407 	64 	91 	91 
002659 	407 	64 	91 	91 
002660 	407 	64 	91 	91 
002661 	407 	64 	91 	91 
002662 	407 	64 	91 	91 
002663 	407 	64 	91 	91 
002664 	407 	64 	91 	91 
002665 	407 	63 	91 	91 
002666 	407 	63 	91 	91 
002667 	407 	63 	91 	91 
002668 	407 	63 	91 	91 
002669 	407 	63 	91 	91 
002670 	407 	63 	91 	91 
002671 	407 	63 	91 	91 
002672 	407 	63 	91 	91 
002673 	407 	63 	91 	91 
002674 	407 	63 	91 	91 
002675 	407 	63 	91 	91 
002676 	407 	63 	91 	91 
002677 	407 	63 	91 	91 
002678 	407 	63 	91 	91 
002679 	407 	63 	91 	91 
002680 	407 	63 	91 	91 
002681 	407 	63 	91 	91 
002682 	407 	63 	91 	91 
002683 	407 	62 	91 	91 
002684 	407 	62 	91 	91 
002685 	407 	62 	91 	91 
002686 	407 	62 	91 	91 
002687 	407 	62 	91 	91 
002688 	407 	62 	91 	91 
002689 	407 	62 	91 	91 
002690 	407 	62 	91 	91 
002691 	407 	62 	91 	91 
002692 	407 	62 	91 	91 
002693 	406 	62 	91 	91 
002694 	406 	62 	91 	91 
002695 	406 	62 	91 	91 
002696 	406 	62 	91 	91 
002697 	406 	62 	91 	91 
002698 	406 	62 	91 	91 
002699 	406 	62 	91 	91 
002700 	406 	62 	91 	91 
002701 	406 	62 	91 	91 
002702 	406 	61 	91 	91 
002703 	406 	61 	91 	91 
002704 	406 	61 	91 	91 
002705 	406 	61 	91 	91 
002706 	406 	61 	91 	91 
002707 	406 	61 	91 	91 
002708 	406 	61 	91 	91 
002709 	406 	61 	91 	91 
002710 	406 	61 	91 	91 
002711 	406 	61 	91 	91 
002712 	406 	61 	91 	91 
002713 	406 	61 	91 	91 
002714 	406 	61 	91 	91 
002715 	406 	61 	91 	91 
002716 	406 	61 	91 	91 
002717 	406 	61 	91 	91 
002718 	406 	61 	91 	91 
002719 	406 	61 	91 	91 
002720 	406 	60 	91 	91 
002721 	406 	60 	91 	91 
002722 	406 	60 	91 	91 
002723 	406 	60 	91 	91 
002724 	406 	60 	91 	91 
002725 	406 	60 	91 	91 
002726 	406 	60 	91 	91 
002727 	406 	60 	91 	91 
002728 	406 	60 	91 	91 
002729 	406 	60 	91 	91 
002730 	405 	60 	91 	91 
