Identity  : 	id10570
Reference : 	dWFvO5ICPi0
Offset    : 	-1
FV Conf   : 	15.186
ASD Conf  : 	8.705

FRAME 	X 	Y 	W 	H 
002819 	363 	65 	91 	91 
002820 	363 	65 	91 	91 
002821 	363 	65 	91 	91 
002822 	363 	65 	91 	91 
002823 	363 	65 	91 	91 
002824 	363 	65 	91 	91 
002825 	363 	65 	91 	91 
002826 	363 	65 	91 	91 
002827 	363 	65 	91 	91 
002828 	363 	65 	91 	91 
002829 	363 	65 	91 	91 
002830 	363 	65 	91 	91 
002831 	363 	65 	91 	91 
002832 	363 	65 	91 	91 
002833 	363 	65 	91 	91 
002834 	363 	65 	91 	91 
002835 	373 	65 	91 	91 
002836 	373 	65 	91 	91 
002837 	377 	62 	76 	76 
002838 	363 	65 	91 	91 
002839 	363 	65 	91 	91 
002840 	373 	65 	91 	91 
002841 	373 	65 	91 	91 
002842 	363 	65 	91 	91 
002843 	363 	65 	91 	91 
002844 	373 	65 	91 	91 
002845 	373 	65 	91 	91 
002846 	363 	65 	91 	91 
002847 	373 	65 	91 	91 
002848 	373 	65 	91 	91 
002849 	373 	65 	91 	91 
002850 	363 	65 	91 	91 
002851 	363 	65 	91 	91 
002852 	363 	65 	91 	91 
002853 	363 	65 	91 	91 
002854 	363 	65 	91 	91 
002855 	363 	65 	91 	91 
002856 	363 	65 	91 	91 
002857 	363 	65 	91 	91 
002858 	363 	65 	91 	91 
002859 	363 	65 	91 	91 
002860 	363 	65 	91 	91 
002861 	363 	65 	91 	91 
002862 	363 	65 	91 	91 
002863 	363 	65 	91 	91 
002864 	363 	65 	91 	91 
002865 	363 	65 	91 	91 
002866 	363 	65 	91 	91 
002867 	363 	65 	91 	91 
002868 	363 	65 	91 	91 
002869 	363 	65 	91 	91 
002870 	363 	65 	91 	91 
002871 	363 	65 	91 	91 
002872 	363 	65 	91 	91 
002873 	363 	65 	91 	91 
002874 	363 	75 	91 	91 
002875 	363 	75 	91 	91 
002876 	363 	75 	91 	91 
002877 	363 	65 	91 	91 
002878 	363 	65 	91 	91 
002879 	363 	65 	91 	91 
002880 	363 	65 	91 	91 
002881 	363 	65 	91 	91 
002882 	363 	75 	91 	91 
002883 	363 	75 	91 	91 
002884 	363 	65 	91 	91 
002885 	363 	65 	91 	91 
002886 	363 	65 	91 	91 
002887 	363 	65 	91 	91 
002888 	363 	65 	91 	91 
002889 	363 	65 	91 	91 
002890 	363 	65 	91 	91 
002891 	363 	65 	91 	91 
002892 	363 	65 	91 	91 
002893 	363 	65 	91 	91 
002894 	363 	65 	91 	91 
002895 	363 	65 	91 	91 
002896 	363 	65 	91 	91 
002897 	363 	65 	91 	91 
002898 	363 	65 	91 	91 
002899 	363 	65 	91 	91 
002900 	363 	65 	91 	91 
002901 	363 	65 	91 	91 
002902 	363 	65 	91 	91 
002903 	363 	65 	91 	91 
002904 	363 	65 	91 	91 
002905 	363 	65 	91 	91 
002906 	363 	65 	91 	91 
002907 	363 	65 	91 	91 
002908 	363 	65 	91 	91 
002909 	363 	65 	91 	91 
002910 	377 	71 	76 	75 
002911 	373 	65 	91 	91 
002912 	373 	65 	91 	91 
002913 	373 	65 	91 	91 
002914 	373 	75 	91 	91 
002915 	383 	75 	91 	91 
002916 	383 	65 	91 	91 
002917 	393 	65 	91 	91 
002918 	393 	65 	91 	91 
002919 	393 	65 	91 	91 
002920 	394 	71 	75 	75 
002921 	383 	65 	91 	91 
002922 	394 	71 	75 	75 
002923 	393 	75 	91 	91 
002924 	393 	75 	91 	91 
002925 	393 	75 	91 	91 
002926 	376 	66 	109 	109 
002927 	383 	75 	91 	91 
002928 	393 	75 	91 	91 
002929 	393 	75 	91 	91 
002930 	393 	75 	91 	91 
002931 	393 	75 	91 	91 
002932 	393 	75 	91 	91 
002933 	393 	75 	91 	91 
