Identity  : 	id10572
Reference : 	tb7xTEZrKqI
Offset    : 	-6
FV Conf   : 	19.330
ASD Conf  : 	7.747

FRAME 	X 	Y 	W 	H 
023188 	194 	105 	91 	91 
023189 	194 	105 	91 	91 
023190 	194 	95 	91 	91 
023191 	194 	95 	91 	91 
023192 	194 	95 	91 	91 
023193 	194 	95 	91 	91 
023194 	173 	78 	109 	109 
023195 	173 	78 	109 	109 
023196 	194 	85 	91 	91 
023197 	194 	85 	91 	91 
023198 	194 	85 	91 	91 
023199 	194 	85 	91 	91 
023200 	194 	85 	91 	91 
023201 	194 	85 	91 	91 
023202 	194 	85 	91 	91 
023203 	194 	85 	91 	91 
023204 	194 	95 	91 	91 
023205 	194 	95 	91 	91 
023206 	204 	95 	91 	91 
023207 	204 	95 	91 	91 
023208 	204 	95 	91 	91 
023209 	204 	95 	91 	91 
023210 	204 	95 	91 	91 
023211 	197 	90 	109 	109 
023212 	197 	90 	109 	109 
023213 	204 	95 	91 	91 
023214 	204 	95 	91 	91 
023215 	204 	85 	91 	91 
023216 	204 	85 	91 	91 
023217 	204 	85 	91 	91 
023218 	204 	85 	91 	91 
023219 	204 	85 	91 	91 
023220 	204 	85 	91 	91 
023221 	204 	85 	91 	91 
023222 	204 	85 	91 	91 
023223 	204 	85 	91 	91 
023224 	204 	85 	91 	91 
023225 	204 	85 	91 	91 
023226 	204 	85 	91 	91 
023227 	204 	85 	91 	91 
023228 	204 	85 	91 	91 
023229 	214 	85 	91 	91 
023230 	204 	85 	91 	91 
023231 	204 	85 	91 	91 
023232 	204 	85 	91 	91 
023233 	204 	85 	91 	91 
023234 	204 	85 	91 	91 
023235 	204 	85 	91 	91 
023236 	204 	85 	91 	91 
023237 	204 	85 	91 	91 
023238 	204 	85 	91 	91 
023239 	204 	95 	91 	91 
023240 	194 	95 	91 	91 
023241 	194 	95 	91 	91 
023242 	194 	95 	91 	91 
023243 	194 	95 	91 	91 
023244 	194 	95 	91 	91 
023245 	194 	95 	91 	91 
023246 	194 	95 	91 	91 
023247 	184 	95 	91 	91 
023248 	184 	95 	91 	91 
023249 	184 	95 	91 	91 
023250 	184 	95 	91 	91 
023251 	184 	95 	91 	91 
023252 	184 	95 	91 	91 
023253 	184 	95 	91 	91 
023254 	184 	95 	91 	91 
023255 	184 	95 	91 	91 
023256 	194 	95 	91 	91 
023257 	194 	95 	91 	91 
023258 	194 	95 	91 	91 
023259 	194 	95 	91 	91 
023260 	204 	95 	91 	91 
023261 	204 	95 	91 	91 
023262 	204 	95 	91 	91 
023263 	204 	95 	91 	91 
023264 	204 	95 	91 	91 
023265 	204 	95 	91 	91 
023266 	204 	95 	91 	91 
023267 	204 	95 	91 	91 
023268 	204 	95 	91 	91 
023269 	204 	95 	91 	91 
023270 	204 	95 	91 	91 
023271 	204 	95 	91 	91 
023272 	204 	95 	91 	91 
023273 	204 	95 	91 	91 
023274 	204 	95 	91 	91 
023275 	204 	95 	91 	91 
023276 	204 	95 	91 	91 
023277 	204 	95 	91 	91 
023278 	204 	95 	91 	91 
023279 	204 	95 	91 	91 
023280 	204 	95 	91 	91 
023281 	204 	95 	91 	91 
023282 	194 	95 	91 	91 
023283 	204 	95 	91 	91 
023284 	204 	95 	91 	91 
023285 	204 	105 	91 	91 
023286 	204 	95 	91 	91 
023287 	204 	95 	91 	91 
023288 	204 	95 	91 	91 
023289 	204 	95 	91 	91 
