Identity  : 	id10572
Reference : 	tb7xTEZrKqI
Offset    : 	-4
FV Conf   : 	15.661
ASD Conf  : 	7.037

FRAME 	X 	Y 	W 	H 
012688 	43 	101 	53 	53 
012689 	43 	101 	53 	53 
012690 	38 	100 	63 	64 
012691 	38 	100 	63 	64 
012692 	38 	100 	63 	64 
012693 	38 	100 	63 	64 
012694 	31 	100 	63 	64 
012695 	31 	100 	63 	64 
012696 	31 	100 	63 	64 
012697 	31 	100 	63 	64 
012698 	31 	100 	63 	64 
012699 	31 	100 	63 	64 
012700 	31 	100 	63 	64 
012701 	24 	93 	63 	64 
012702 	31 	101 	53 	53 
012703 	31 	101 	53 	53 
012704 	31 	101 	53 	53 
012705 	31 	101 	53 	53 
012706 	24 	100 	63 	64 
012707 	24 	100 	63 	64 
012708 	24 	100 	63 	64 
012709 	24 	100 	63 	64 
012710 	24 	100 	63 	64 
012711 	24 	100 	63 	64 
012712 	24 	100 	63 	64 
012713 	24 	100 	63 	64 
012714 	24 	100 	63 	64 
012715 	31 	100 	63 	64 
012716 	31 	100 	63 	64 
012717 	31 	100 	63 	64 
012718 	31 	100 	63 	64 
012719 	31 	100 	63 	64 
012720 	31 	107 	63 	63 
012721 	31 	107 	63 	63 
012722 	31 	107 	63 	63 
012723 	38 	114 	63 	63 
012724 	38 	114 	63 	63 
012725 	38 	107 	63 	63 
012726 	38 	107 	63 	63 
012727 	38 	100 	63 	64 
012728 	38 	100 	63 	64 
012729 	38 	100 	63 	64 
012730 	45 	100 	63 	64 
012731 	45 	100 	63 	64 
012732 	45 	100 	63 	64 
012733 	45 	100 	63 	64 
012734 	38 	100 	63 	64 
012735 	45 	100 	63 	64 
012736 	38 	100 	63 	64 
012737 	45 	107 	63 	63 
012738 	45 	107 	63 	63 
012739 	45 	107 	63 	63 
012740 	45 	107 	63 	63 
012741 	51 	114 	64 	63 
012742 	51 	114 	64 	63 
012743 	58 	114 	64 	63 
012744 	58 	114 	64 	63 
012745 	58 	114 	64 	63 
012746 	58 	114 	64 	63 
012747 	58 	114 	64 	63 
012748 	58 	114 	64 	63 
012749 	58 	114 	64 	63 
012750 	60 	118 	53 	53 
012751 	51 	114 	64 	63 
012752 	51 	114 	64 	63 
012753 	45 	114 	63 	63 
012754 	45 	114 	63 	63 
012755 	38 	114 	63 	63 
012756 	38 	114 	63 	63 
012757 	38 	114 	63 	63 
012758 	38 	114 	63 	63 
012759 	38 	114 	63 	63 
012760 	38 	114 	63 	63 
012761 	38 	114 	63 	63 
012762 	38 	114 	63 	63 
012763 	38 	114 	63 	63 
012764 	38 	114 	63 	63 
012765 	38 	121 	63 	63 
012766 	38 	114 	63 	63 
012767 	38 	114 	63 	63 
012768 	38 	114 	63 	63 
012769 	38 	114 	63 	63 
012770 	38 	114 	63 	63 
012771 	38 	114 	63 	63 
012772 	38 	114 	63 	63 
012773 	38 	114 	63 	63 
012774 	38 	114 	63 	63 
012775 	38 	114 	63 	63 
012776 	38 	114 	63 	63 
012777 	38 	114 	63 	63 
012778 	38 	114 	63 	63 
012779 	38 	114 	63 	63 
012780 	38 	114 	63 	63 
012781 	38 	114 	63 	63 
012782 	38 	114 	63 	63 
012783 	38 	114 	63 	63 
012784 	38 	114 	63 	63 
012785 	38 	114 	63 	63 
012786 	38 	114 	63 	63 
012787 	38 	114 	63 	63 
012788 	38 	114 	63 	63 
012789 	38 	114 	63 	63 
012790 	38 	114 	63 	63 
012791 	45 	114 	63 	63 
012792 	45 	114 	63 	63 
012793 	45 	114 	63 	63 
012794 	45 	114 	63 	63 
012795 	45 	114 	63 	63 
012796 	45 	114 	63 	63 
012797 	38 	107 	63 	63 
012798 	38 	107 	63 	63 
012799 	48 	118 	53 	53 
012800 	48 	118 	53 	53 
012801 	45 	114 	63 	63 
012802 	45 	114 	63 	63 
012803 	45 	114 	63 	63 
012804 	45 	114 	63 	63 
012805 	45 	114 	63 	63 
012806 	45 	114 	63 	63 
012807 	45 	114 	63 	63 
012808 	45 	114 	63 	63 
012809 	45 	114 	63 	63 
012810 	45 	114 	63 	63 
012811 	45 	114 	63 	63 
012812 	38 	114 	63 	63 
012813 	31 	107 	63 	63 
012814 	31 	107 	63 	63 
012815 	31 	112 	53 	53 
012816 	31 	110 	56 	56 
012817 	31 	109 	60 	60 
012818 	31 	107 	63 	63 
012819 	31 	107 	63 	63 
012820 	38 	107 	63 	63 
012821 	38 	107 	63 	63 
012822 	38 	107 	63 	63 
012823 	31 	107 	63 	63 
012824 	31 	107 	63 	63 
012825 	31 	114 	63 	63 
012826 	31 	114 	63 	63 
012827 	31 	114 	63 	63 
012828 	31 	114 	63 	63 
012829 	31 	114 	63 	63 
012830 	31 	114 	63 	63 
012831 	31 	114 	63 	63 
012832 	31 	107 	63 	63 
012833 	38 	107 	63 	63 
012834 	38 	107 	63 	63 
012835 	38 	107 	63 	63 
012836 	38 	107 	63 	63 
012837 	45 	107 	63 	63 
012838 	51 	100 	64 	64 
012839 	51 	100 	64 	64 
012840 	51 	100 	64 	64 
012841 	51 	107 	64 	63 
012842 	51 	107 	64 	63 
012843 	51 	107 	64 	63 
