Identity  : 	id10017
Reference : 	CYb_opUpiw4
Offset    : 	-4
FV Conf   : 	17.499
ASD Conf  : 	7.294

FRAME 	X 	Y 	W 	H 
009099 	154 	115 	91 	91 
009100 	154 	115 	91 	91 
009101 	154 	115 	91 	91 
009102 	154 	115 	91 	91 
009103 	162 	129 	75 	75 
009104 	154 	115 	91 	91 
009105 	162 	129 	75 	75 
009106 	162 	129 	75 	75 
009107 	154 	115 	91 	91 
009108 	162 	129 	75 	75 
009109 	162 	129 	75 	75 
009110 	162 	129 	75 	75 
009111 	162 	129 	75 	75 
009112 	162 	129 	75 	75 
009113 	162 	129 	75 	75 
009114 	162 	129 	75 	75 
009115 	162 	129 	75 	75 
009116 	154 	115 	91 	91 
009117 	154 	115 	91 	91 
009118 	154 	115 	91 	91 
009119 	154 	115 	91 	91 
009120 	154 	115 	91 	91 
009121 	154 	115 	91 	91 
009122 	154 	105 	91 	91 
009123 	170 	112 	75 	76 
009124 	164 	105 	91 	91 
009125 	164 	95 	91 	91 
009126 	164 	95 	91 	91 
009127 	178 	96 	76 	75 
009128 	178 	96 	76 	75 
009129 	174 	85 	91 	91 
009130 	174 	85 	91 	91 
009131 	174 	85 	91 	91 
009132 	174 	85 	91 	91 
009133 	174 	85 	91 	91 
009134 	174 	85 	91 	91 
009135 	174 	85 	91 	91 
009136 	174 	85 	91 	91 
009137 	174 	95 	91 	91 
009138 	174 	95 	91 	91 
009139 	174 	95 	91 	91 
009140 	174 	95 	91 	91 
009141 	174 	95 	91 	91 
009142 	174 	105 	91 	91 
009143 	174 	105 	91 	91 
009144 	174 	105 	91 	91 
009145 	174 	115 	91 	91 
009146 	174 	115 	91 	91 
009147 	184 	115 	91 	91 
009148 	184 	115 	91 	91 
009149 	184 	125 	91 	90 
009150 	184 	125 	91 	90 
009151 	184 	125 	91 	90 
009152 	184 	125 	91 	90 
009153 	194 	125 	91 	90 
009154 	194 	125 	91 	90 
009155 	194 	125 	91 	90 
009156 	194 	125 	91 	90 
009157 	194 	125 	91 	90 
009158 	203 	137 	76 	76 
009159 	203 	137 	76 	76 
009160 	203 	137 	76 	76 
009161 	203 	137 	76 	76 
009162 	203 	137 	76 	76 
009163 	194 	125 	91 	90 
009164 	203 	129 	76 	75 
009165 	203 	129 	76 	75 
009166 	203 	129 	76 	75 
009167 	203 	129 	76 	75 
009168 	203 	129 	76 	75 
009169 	203 	121 	76 	75 
009170 	203 	121 	76 	75 
009171 	203 	121 	76 	75 
009172 	194 	105 	91 	91 
009173 	194 	105 	91 	91 
009174 	194 	105 	91 	91 
009175 	194 	105 	91 	91 
009176 	195 	112 	75 	76 
009177 	195 	112 	75 	76 
009178 	195 	112 	75 	76 
009179 	194 	105 	91 	91 
009180 	194 	105 	91 	91 
009181 	194 	105 	91 	91 
009182 	194 	105 	91 	91 
009183 	194 	105 	91 	91 
009184 	194 	105 	91 	91 
009185 	184 	95 	91 	91 
009186 	184 	95 	91 	91 
009187 	184 	95 	91 	91 
009188 	184 	105 	91 	91 
009189 	184 	105 	91 	91 
009190 	184 	105 	91 	91 
009191 	184 	105 	91 	91 
009192 	184 	105 	91 	91 
009193 	184 	105 	91 	91 
009194 	184 	105 	91 	91 
009195 	184 	105 	91 	91 
009196 	184 	105 	91 	91 
009197 	184 	105 	91 	91 
009198 	184 	105 	91 	91 
009199 	184 	105 	91 	91 
