Identity  : 	id10466
Reference : 	ybaypRfV6T8
Offset    : 	-1
FV Conf   : 	15.821
ASD Conf  : 	6.423

FRAME 	X 	Y 	W 	H 
003204 	336 	62 	156 	155 
003205 	336 	62 	156 	155 
003206 	336 	62 	156 	155 
003207 	336 	62 	156 	155 
003208 	336 	62 	156 	155 
003209 	336 	62 	156 	155 
003210 	336 	62 	156 	155 
003211 	336 	62 	156 	155 
003212 	336 	62 	156 	155 
003213 	336 	62 	156 	155 
003214 	337 	80 	130 	130 
003215 	337 	80 	130 	130 
003216 	337 	80 	130 	130 
003217 	337 	80 	130 	130 
003218 	337 	80 	130 	130 
003219 	337 	80 	130 	130 
003220 	337 	80 	130 	130 
003221 	337 	80 	130 	130 
003222 	337 	80 	130 	130 
003223 	337 	80 	130 	130 
003224 	319 	79 	156 	156 
003225 	319 	79 	156 	156 
003226 	319 	79 	156 	156 
003227 	319 	79 	156 	156 
003228 	319 	79 	156 	156 
003229 	337 	80 	130 	130 
003230 	337 	80 	130 	130 
003231 	337 	80 	130 	130 
003232 	337 	80 	130 	130 
003233 	337 	80 	130 	130 
003234 	319 	62 	156 	155 
003235 	319 	62 	156 	155 
003236 	337 	80 	130 	130 
003237 	337 	80 	130 	130 
003238 	337 	80 	130 	130 
003239 	337 	80 	130 	130 
003240 	319 	62 	156 	155 
003241 	319 	62 	156 	155 
003242 	319 	62 	156 	155 
003243 	337 	80 	130 	130 
003244 	337 	80 	130 	130 
003245 	337 	80 	130 	130 
003246 	337 	80 	130 	130 
003247 	337 	80 	130 	130 
003248 	337 	80 	130 	130 
003249 	337 	94 	130 	130 
003250 	337 	94 	130 	130 
003251 	337 	94 	130 	130 
003252 	337 	94 	130 	130 
003253 	337 	94 	130 	130 
003254 	337 	94 	130 	130 
003255 	337 	94 	130 	130 
003256 	337 	94 	130 	130 
003257 	319 	79 	156 	156 
003258 	337 	94 	130 	130 
003259 	337 	94 	130 	130 
003260 	337 	80 	130 	130 
003261 	337 	80 	130 	130 
003262 	337 	80 	130 	130 
003263 	337 	80 	130 	130 
003264 	337 	80 	130 	130 
003265 	337 	80 	130 	130 
003266 	337 	80 	130 	130 
003267 	337 	80 	130 	130 
003268 	337 	80 	130 	130 
003269 	336 	62 	156 	155 
003270 	336 	62 	156 	155 
003271 	336 	62 	156 	155 
003272 	336 	62 	156 	155 
003273 	336 	62 	156 	155 
003274 	336 	62 	156 	155 
003275 	336 	62 	156 	155 
003276 	336 	62 	156 	155 
003277 	336 	62 	156 	155 
003278 	336 	62 	156 	155 
003279 	336 	62 	156 	155 
003280 	336 	62 	156 	155 
003281 	336 	62 	156 	155 
003282 	336 	62 	156 	155 
003283 	336 	62 	156 	155 
003284 	336 	62 	156 	155 
003285 	337 	80 	130 	130 
003286 	336 	79 	156 	156 
003287 	337 	80 	130 	130 
003288 	337 	80 	130 	130 
003289 	337 	80 	130 	130 
003290 	337 	94 	130 	130 
003291 	337 	94 	130 	130 
003292 	337 	94 	130 	130 
003293 	337 	94 	130 	130 
003294 	337 	94 	130 	130 
003295 	337 	94 	130 	130 
003296 	337 	94 	130 	130 
003297 	337 	94 	130 	130 
003298 	337 	94 	130 	130 
003299 	337 	94 	130 	130 
003300 	337 	94 	130 	130 
003301 	337 	94 	130 	130 
003302 	336 	79 	156 	156 
003303 	336 	79 	156 	156 
003304 	336 	79 	156 	156 
003305 	336 	79 	156 	156 
003306 	336 	79 	156 	156 
003307 	336 	79 	156 	156 
003308 	336 	79 	156 	156 
003309 	336 	79 	156 	156 
003310 	336 	79 	156 	156 
003311 	336 	79 	156 	156 
003312 	336 	79 	156 	156 
003313 	336 	79 	156 	156 
003314 	336 	79 	156 	156 
