Identity  : 	id10639
Reference : 	m_ZkQ83ffeU
Offset    : 	0
FV Conf   : 	15.902
ASD Conf  : 	6.497

FRAME 	X 	Y 	W 	H 
003032 	236 	79 	76 	76 
003033 	236 	79 	76 	76 
003034 	236 	71 	76 	75 
003035 	236 	71 	76 	75 
003036 	237 	71 	76 	75 
003037 	238 	71 	76 	75 
003038 	239 	71 	76 	75 
003039 	241 	71 	76 	75 
003040 	242 	71 	76 	75 
003041 	243 	71 	76 	75 
003042 	244 	71 	76 	75 
003043 	245 	71 	76 	75 
003044 	246 	71 	76 	75 
003045 	247 	71 	76 	75 
003046 	248 	71 	76 	75 
003047 	250 	71 	76 	75 
003048 	251 	71 	76 	75 
003049 	252 	71 	76 	75 
003050 	253 	71 	76 	75 
003051 	254 	71 	76 	75 
003052 	255 	71 	76 	75 
003053 	256 	71 	76 	75 
003054 	258 	71 	76 	75 
003055 	259 	71 	76 	75 
003056 	260 	71 	76 	75 
003057 	261 	71 	76 	75 
003058 	269 	71 	76 	75 
003059 	269 	71 	76 	75 
003060 	278 	71 	75 	75 
003061 	278 	71 	75 	75 
003062 	278 	71 	75 	75 
003063 	278 	71 	75 	75 
003064 	278 	79 	75 	76 
003065 	278 	71 	75 	75 
003066 	274 	65 	90 	91 
003067 	274 	65 	90 	91 
003068 	286 	71 	76 	75 
003069 	286 	71 	76 	75 
003070 	286 	71 	76 	75 
003071 	286 	71 	76 	75 
003072 	286 	71 	76 	75 
003073 	286 	71 	76 	75 
003074 	286 	71 	76 	75 
003075 	278 	71 	75 	75 
003076 	278 	71 	75 	75 
003077 	278 	71 	75 	75 
003078 	278 	71 	75 	75 
003079 	278 	79 	75 	76 
003080 	278 	79 	75 	76 
003081 	278 	79 	75 	76 
003082 	278 	79 	75 	76 
003083 	278 	79 	75 	76 
003084 	278 	79 	75 	76 
003085 	278 	79 	75 	76 
003086 	278 	79 	75 	76 
003087 	278 	79 	75 	76 
003088 	278 	79 	75 	76 
003089 	278 	87 	75 	76 
003090 	278 	87 	75 	76 
003091 	278 	87 	75 	76 
003092 	278 	87 	75 	76 
003093 	278 	87 	75 	76 
003094 	278 	87 	75 	76 
003095 	280 	93 	63 	64 
003096 	278 	96 	75 	75 
003097 	269 	87 	76 	76 
003098 	269 	87 	76 	76 
003099 	261 	87 	76 	76 
003100 	266 	93 	63 	64 
003101 	253 	96 	75 	75 
003102 	253 	96 	75 	75 
003103 	253 	96 	75 	75 
003104 	253 	96 	75 	75 
003105 	253 	96 	75 	75 
003106 	261 	96 	76 	75 
003107 	261 	96 	76 	75 
003108 	261 	96 	76 	75 
003109 	261 	96 	76 	75 
003110 	261 	96 	76 	75 
003111 	261 	96 	76 	75 
003112 	261 	96 	76 	75 
003113 	269 	96 	76 	75 
003114 	269 	87 	76 	76 
003115 	278 	87 	75 	76 
003116 	278 	87 	75 	76 
003117 	278 	87 	75 	76 
003118 	278 	87 	75 	76 
003119 	278 	79 	75 	76 
003120 	278 	79 	75 	76 
003121 	278 	79 	75 	76 
003122 	278 	79 	75 	76 
003123 	278 	79 	75 	76 
003124 	286 	87 	76 	76 
003125 	286 	87 	76 	76 
003126 	286 	87 	76 	76 
003127 	286 	87 	76 	76 
003128 	286 	87 	76 	76 
003129 	286 	87 	76 	76 
003130 	286 	87 	76 	76 
003131 	286 	87 	76 	76 
003132 	286 	87 	76 	76 
003133 	286 	96 	76 	75 
003134 	274 	75 	90 	91 
003135 	286 	96 	76 	75 
003136 	286 	96 	76 	75 
003137 	286 	96 	76 	75 
003138 	286 	104 	76 	76 
003139 	286 	104 	76 	76 
003140 	286 	104 	76 	76 
003141 	286 	104 	76 	76 
003142 	286 	104 	76 	76 
003143 	286 	104 	76 	76 
003144 	286 	104 	76 	76 
003145 	284 	95 	90 	91 
003146 	286 	96 	76 	75 
003147 	286 	96 	76 	75 
003148 	294 	104 	76 	76 
003149 	294 	104 	76 	76 
003150 	294 	104 	76 	76 
003151 	286 	104 	76 	76 
003152 	286 	104 	76 	76 
003153 	286 	104 	76 	76 
003154 	286 	104 	76 	76 
003155 	286 	104 	76 	76 
003156 	286 	104 	76 	76 
003157 	286 	104 	76 	76 
003158 	286 	96 	76 	75 
003159 	286 	96 	76 	75 
003160 	286 	96 	76 	75 
003161 	286 	96 	76 	75 
003162 	286 	96 	76 	75 
003163 	286 	96 	76 	75 
003164 	286 	96 	76 	75 
003165 	286 	96 	76 	75 
003166 	278 	96 	75 	75 
003167 	278 	96 	75 	75 
003168 	278 	104 	75 	76 
003169 	278 	96 	75 	75 
003170 	278 	96 	75 	75 
003171 	278 	96 	75 	75 
003172 	278 	87 	75 	76 
003173 	278 	87 	75 	76 
003174 	274 	75 	90 	91 
003175 	274 	75 	90 	91 
003176 	286 	79 	76 	76 
003177 	286 	79 	76 	76 
003178 	286 	79 	76 	76 
003179 	274 	75 	90 	91 
003180 	286 	87 	76 	76 
003181 	286 	87 	76 	76 
003182 	286 	87 	76 	76 
003183 	286 	87 	76 	76 
003184 	286 	87 	76 	76 
003185 	286 	87 	76 	76 
003186 	286 	87 	76 	76 
003187 	286 	87 	76 	76 
003188 	286 	87 	76 	76 
003189 	286 	87 	76 	76 
003190 	286 	87 	76 	76 
003191 	286 	87 	76 	76 
003192 	286 	87 	76 	76 
003193 	278 	87 	75 	76 
003194 	264 	75 	90 	91 
003195 	269 	79 	76 	76 
