Identity  : 	id10567
Reference : 	Ha5ELp-hrLI
Offset    : 	0
FV Conf   : 	17.057
ASD Conf  : 	5.471

FRAME 	X 	Y 	W 	H 
001348 	128 	87 	76 	76 
001349 	128 	87 	76 	76 
001350 	128 	87 	76 	76 
001351 	127 	93 	64 	64 
001352 	127 	87 	64 	63 
001353 	121 	87 	63 	63 
001354 	112 	79 	75 	76 
001355 	103 	79 	76 	76 
001356 	107 	87 	63 	63 
001357 	100 	87 	63 	63 
001358 	93 	87 	63 	63 
001359 	93 	87 	63 	63 
001360 	93 	87 	63 	63 
001361 	86 	87 	63 	63 
001362 	86 	87 	63 	63 
001363 	86 	87 	63 	63 
001364 	79 	71 	75 	75 
001365 	79 	80 	63 	63 
001366 	79 	80 	63 	63 
001367 	70 	71 	76 	75 
001368 	70 	71 	76 	75 
001369 	70 	71 	76 	75 
001370 	70 	71 	76 	75 
001371 	70 	71 	76 	75 
001372 	70 	71 	76 	75 
001373 	70 	71 	76 	75 
001374 	70 	79 	76 	76 
001375 	70 	79 	76 	76 
001376 	70 	79 	76 	76 
001377 	70 	79 	76 	76 
001378 	70 	79 	76 	76 
001379 	70 	79 	76 	76 
001380 	70 	79 	76 	76 
001381 	70 	79 	76 	76 
001382 	70 	79 	76 	76 
001383 	70 	79 	76 	76 
001384 	70 	79 	76 	76 
001385 	70 	79 	76 	76 
001386 	70 	79 	76 	76 
001387 	70 	79 	76 	76 
001388 	70 	79 	76 	76 
001389 	79 	80 	63 	63 
001390 	79 	80 	63 	63 
001391 	79 	80 	63 	63 
001392 	70 	79 	76 	76 
001393 	70 	79 	76 	76 
001394 	70 	79 	76 	76 
001395 	70 	79 	76 	76 
001396 	70 	79 	76 	76 
001397 	70 	79 	76 	76 
001398 	70 	79 	76 	76 
001399 	70 	79 	76 	76 
001400 	70 	79 	76 	76 
001401 	70 	79 	76 	76 
001402 	70 	79 	76 	76 
001403 	70 	79 	76 	76 
001404 	79 	79 	75 	76 
001405 	79 	79 	75 	76 
001406 	79 	79 	75 	76 
001407 	79 	79 	75 	76 
001408 	79 	79 	75 	76 
001409 	79 	79 	75 	76 
001410 	86 	87 	63 	63 
001411 	86 	87 	63 	63 
001412 	86 	87 	63 	63 
001413 	86 	87 	63 	63 
001414 	86 	87 	63 	63 
001415 	86 	87 	63 	63 
001416 	86 	87 	63 	63 
001417 	86 	87 	63 	63 
001418 	86 	87 	63 	63 
001419 	86 	87 	63 	63 
001420 	86 	87 	63 	63 
001421 	86 	87 	63 	63 
001422 	86 	87 	63 	63 
001423 	86 	87 	63 	63 
001424 	86 	87 	63 	63 
001425 	86 	87 	63 	63 
001426 	86 	93 	63 	64 
001427 	86 	93 	63 	64 
001428 	86 	93 	63 	64 
001429 	93 	93 	63 	64 
001430 	93 	100 	63 	64 
001431 	93 	100 	63 	64 
001432 	93 	100 	63 	64 
001433 	93 	100 	63 	64 
001434 	93 	100 	63 	64 
001435 	93 	100 	63 	64 
001436 	93 	100 	63 	64 
001437 	93 	93 	63 	64 
001438 	93 	93 	63 	64 
001439 	93 	93 	63 	64 
001440 	93 	93 	63 	64 
001441 	87 	87 	76 	76 
001442 	87 	87 	76 	76 
001443 	93 	87 	63 	63 
001444 	93 	87 	63 	63 
001445 	86 	87 	63 	63 
001446 	86 	87 	63 	63 
001447 	86 	87 	63 	63 
001448 	86 	87 	63 	63 
001449 	86 	87 	63 	63 
001450 	79 	79 	75 	76 
001451 	79 	79 	75 	76 
001452 	79 	79 	75 	76 
001453 	79 	79 	75 	76 
