Identity  : 	id10159
Reference : 	DBEAP-NSQYU
Offset    : 	-2
FV Conf   : 	12.824
ASD Conf  : 	6.876

FRAME 	X 	Y 	W 	H 
001152 	423 	85 	91 	91 
001153 	423 	85 	91 	91 
001154 	423 	85 	91 	91 
001155 	435 	96 	76 	75 
001156 	435 	96 	76 	75 
001157 	435 	96 	76 	75 
001158 	435 	96 	76 	75 
001159 	435 	96 	76 	75 
001160 	435 	96 	76 	75 
001161 	435 	96 	76 	75 
001162 	435 	96 	76 	75 
001163 	435 	96 	76 	75 
001164 	435 	96 	76 	75 
001165 	435 	96 	76 	75 
001166 	435 	96 	76 	75 
001167 	435 	96 	76 	75 
001168 	435 	96 	76 	75 
001169 	435 	104 	76 	76 
001170 	435 	104 	76 	76 
001171 	435 	104 	76 	76 
001172 	435 	96 	76 	75 
001173 	435 	96 	76 	75 
001174 	435 	96 	76 	75 
001175 	435 	96 	76 	75 
001176 	435 	96 	76 	75 
001177 	423 	85 	91 	91 
001178 	423 	85 	91 	91 
001179 	423 	85 	91 	91 
001180 	423 	85 	91 	91 
001181 	423 	85 	91 	91 
001182 	423 	85 	91 	91 
001183 	423 	85 	91 	91 
001184 	423 	85 	91 	91 
001185 	423 	85 	91 	91 
001186 	423 	85 	91 	91 
001187 	423 	85 	91 	91 
001188 	423 	85 	91 	91 
001189 	423 	85 	91 	91 
001190 	423 	85 	91 	91 
001191 	427 	96 	76 	75 
001192 	427 	96 	76 	75 
001193 	423 	85 	91 	91 
001194 	423 	85 	91 	91 
001195 	423 	85 	91 	91 
001196 	423 	85 	91 	91 
001197 	423 	85 	91 	91 
001198 	423 	85 	91 	91 
001199 	427 	96 	76 	75 
001200 	427 	96 	76 	75 
001201 	427 	96 	76 	75 
001202 	427 	96 	76 	75 
001203 	427 	96 	76 	75 
001204 	427 	96 	76 	75 
001205 	427 	96 	76 	75 
001206 	427 	96 	76 	75 
001207 	427 	96 	76 	75 
001208 	427 	96 	76 	75 
001209 	427 	96 	76 	75 
001210 	427 	87 	76 	76 
001211 	427 	87 	76 	76 
001212 	427 	96 	76 	75 
001213 	427 	87 	76 	76 
001214 	427 	87 	76 	76 
001215 	427 	87 	76 	76 
001216 	427 	87 	76 	76 
001217 	427 	87 	76 	76 
001218 	427 	87 	76 	76 
001219 	427 	87 	76 	76 
001220 	427 	87 	76 	76 
001221 	427 	87 	76 	76 
001222 	427 	87 	76 	76 
001223 	427 	87 	76 	76 
001224 	427 	87 	76 	76 
001225 	413 	75 	91 	91 
001226 	413 	75 	91 	91 
001227 	427 	87 	76 	76 
001228 	413 	75 	91 	91 
001229 	413 	75 	91 	91 
001230 	413 	75 	91 	91 
001231 	413 	75 	91 	91 
001232 	413 	75 	91 	91 
001233 	413 	75 	91 	91 
001234 	413 	75 	91 	91 
001235 	413 	75 	91 	91 
001236 	413 	75 	91 	91 
001237 	413 	65 	91 	91 
001238 	413 	65 	91 	91 
001239 	413 	65 	91 	91 
001240 	413 	65 	91 	91 
001241 	413 	65 	91 	91 
001242 	413 	65 	91 	91 
001243 	427 	71 	76 	75 
001244 	413 	55 	91 	91 
001245 	413 	55 	91 	91 
001246 	413 	55 	91 	91 
001247 	413 	55 	91 	91 
001248 	413 	55 	91 	91 
001249 	413 	55 	91 	91 
001250 	413 	55 	91 	91 
001251 	413 	55 	91 	91 
