Identity  : 	id10570
Reference : 	Ljgs5PhThzI
Offset    : 	-1
FV Conf   : 	17.330
ASD Conf  : 	7.317

FRAME 	X 	Y 	W 	H 
001843 	341 	43 	108 	108 
001844 	353 	65 	91 	91 
001845 	353 	65 	91 	91 
001846 	341 	43 	108 	108 
001847 	341 	43 	108 	108 
001848 	341 	43 	108 	108 
001849 	353 	55 	91 	91 
001850 	343 	55 	91 	91 
001851 	343 	55 	91 	91 
001852 	343 	55 	91 	91 
001853 	343 	55 	91 	91 
001854 	343 	65 	91 	91 
001855 	343 	65 	91 	91 
001856 	343 	65 	91 	91 
001857 	343 	65 	91 	91 
001858 	343 	65 	91 	91 
001859 	343 	65 	91 	91 
001860 	343 	65 	91 	91 
001861 	343 	65 	91 	91 
001862 	343 	65 	91 	91 
001863 	343 	65 	91 	91 
001864 	343 	65 	91 	91 
001865 	343 	55 	91 	91 
001866 	343 	55 	91 	91 
001867 	343 	55 	91 	91 
001868 	343 	65 	91 	91 
001869 	343 	65 	91 	91 
001870 	343 	65 	91 	91 
001871 	343 	65 	91 	91 
001872 	343 	65 	91 	91 
001873 	343 	65 	91 	91 
001874 	343 	65 	91 	91 
001875 	329 	54 	108 	109 
001876 	329 	54 	108 	109 
001877 	329 	54 	108 	109 
001878 	343 	65 	91 	91 
001879 	343 	65 	91 	91 
001880 	343 	65 	91 	91 
001881 	343 	55 	91 	91 
001882 	343 	55 	91 	91 
001883 	343 	55 	91 	91 
001884 	343 	55 	91 	91 
001885 	343 	55 	91 	91 
001886 	343 	65 	91 	91 
001887 	343 	65 	91 	91 
001888 	343 	65 	91 	91 
001889 	343 	65 	91 	91 
001890 	343 	65 	91 	91 
001891 	343 	65 	91 	91 
001892 	352 	71 	76 	75 
001893 	343 	55 	91 	91 
001894 	343 	55 	91 	91 
001895 	343 	55 	91 	91 
001896 	343 	55 	91 	91 
001897 	343 	65 	91 	91 
001898 	343 	65 	91 	91 
001899 	343 	65 	91 	91 
001900 	343 	65 	91 	91 
001901 	343 	65 	91 	91 
001902 	343 	65 	91 	91 
001903 	343 	65 	91 	91 
001904 	343 	65 	91 	91 
001905 	343 	65 	91 	91 
001906 	343 	65 	91 	91 
001907 	343 	65 	91 	91 
001908 	343 	65 	91 	91 
001909 	343 	65 	91 	91 
001910 	343 	65 	91 	91 
001911 	343 	65 	91 	91 
001912 	343 	65 	91 	91 
001913 	343 	65 	91 	91 
001914 	343 	65 	91 	91 
001915 	343 	65 	91 	91 
001916 	343 	65 	91 	91 
001917 	343 	65 	91 	91 
001918 	343 	65 	91 	91 
001919 	343 	65 	91 	91 
001920 	343 	65 	91 	91 
001921 	343 	65 	91 	91 
001922 	343 	65 	91 	91 
001923 	343 	65 	91 	91 
001924 	352 	71 	76 	75 
001925 	343 	65 	91 	91 
001926 	343 	65 	91 	91 
001927 	343 	65 	91 	91 
001928 	343 	65 	91 	91 
001929 	343 	65 	91 	91 
001930 	343 	65 	91 	91 
001931 	343 	65 	91 	91 
001932 	343 	65 	91 	91 
001933 	343 	65 	91 	91 
001934 	343 	65 	91 	91 
001935 	343 	65 	91 	91 
001936 	343 	65 	91 	91 
001937 	353 	65 	91 	91 
001938 	341 	54 	108 	109 
001939 	341 	54 	108 	109 
001940 	341 	54 	108 	109 
001941 	341 	54 	108 	109 
001942 	343 	65 	91 	91 
001943 	343 	65 	91 	91 
001944 	343 	65 	91 	91 
001945 	343 	65 	91 	91 
001946 	343 	65 	91 	91 
001947 	343 	65 	91 	91 
001948 	343 	65 	91 	91 
001949 	343 	65 	91 	91 
001950 	343 	65 	91 	91 
001951 	343 	65 	91 	91 
001952 	343 	65 	91 	91 
001953 	343 	65 	91 	91 
001954 	343 	65 	91 	91 
001955 	343 	65 	91 	91 
001956 	343 	65 	91 	91 
001957 	329 	54 	108 	109 
001958 	329 	54 	108 	109 
001959 	329 	54 	108 	109 
001960 	343 	65 	91 	91 
001961 	343 	65 	91 	91 
001962 	343 	65 	91 	91 
001963 	343 	65 	91 	91 
001964 	343 	65 	91 	91 
001965 	352 	62 	76 	76 
001966 	343 	55 	91 	91 
001967 	353 	55 	91 	91 
001968 	353 	55 	91 	91 
001969 	352 	62 	76 	76 
001970 	352 	62 	76 	76 
001971 	352 	62 	76 	76 
001972 	343 	65 	91 	91 
001973 	343 	65 	91 	91 
001974 	343 	65 	91 	91 
001975 	343 	65 	91 	91 
001976 	329 	54 	108 	109 
001977 	344 	79 	76 	76 
001978 	333 	75 	91 	91 
001979 	333 	75 	91 	91 
001980 	333 	75 	91 	91 
001981 	333 	75 	91 	91 
001982 	333 	75 	91 	91 
001983 	333 	75 	91 	91 
001984 	333 	75 	91 	91 
001985 	333 	75 	91 	91 
001986 	333 	75 	91 	91 
001987 	333 	75 	91 	91 
001988 	317 	54 	108 	109 
001989 	323 	65 	91 	91 
001990 	317 	54 	108 	109 
001991 	323 	65 	91 	91 
001992 	323 	55 	91 	91 
001993 	323 	55 	91 	91 
001994 	323 	55 	91 	91 
