Identity  : 	id10066
Reference : 	84u6vRdws38
Offset    : 	1
FV Conf   : 	13.840
ASD Conf  : 	7.086

FRAME 	X 	Y 	W 	H 
003493 	245 	138 	109 	109 
003494 	245 	138 	109 	109 
003495 	245 	138 	109 	109 
003496 	223 	123 	130 	130 
003497 	223 	123 	130 	130 
003498 	223 	123 	130 	130 
003499 	223 	123 	130 	130 
003500 	223 	123 	130 	130 
003501 	223 	123 	130 	130 
003502 	223 	123 	130 	130 
003503 	223 	123 	130 	130 
003504 	223 	123 	130 	130 
003505 	223 	123 	130 	130 
003506 	223 	123 	130 	130 
003507 	223 	123 	130 	130 
003508 	223 	123 	130 	130 
003509 	223 	123 	130 	130 
003510 	233 	126 	109 	109 
003511 	223 	123 	130 	130 
003512 	233 	138 	109 	109 
003513 	221 	138 	109 	109 
003514 	221 	138 	109 	109 
003515 	221 	138 	109 	109 
003516 	221 	138 	109 	109 
003517 	221 	138 	109 	109 
003518 	221 	138 	109 	109 
003519 	221 	138 	109 	109 
003520 	221 	138 	109 	109 
003521 	221 	138 	109 	109 
003522 	221 	138 	109 	109 
003523 	221 	138 	109 	109 
003524 	221 	138 	109 	109 
003525 	209 	138 	109 	109 
003526 	209 	138 	109 	109 
003527 	209 	126 	109 	109 
003528 	209 	126 	109 	109 
003529 	209 	126 	109 	109 
003530 	209 	126 	109 	109 
003531 	194 	123 	130 	130 
003532 	197 	126 	109 	109 
003533 	197 	126 	109 	109 
003534 	197 	126 	109 	109 
003535 	197 	126 	109 	109 
003536 	197 	126 	109 	109 
003537 	197 	126 	109 	109 
003538 	197 	126 	109 	109 
003539 	197 	126 	109 	109 
003540 	197 	126 	109 	109 
003541 	197 	126 	109 	109 
003542 	197 	126 	109 	109 
003543 	197 	126 	109 	109 
003544 	180 	123 	130 	130 
003545 	180 	123 	130 	130 
003546 	197 	126 	109 	109 
003547 	197 	126 	109 	109 
003548 	197 	126 	109 	109 
003549 	197 	126 	109 	109 
003550 	197 	126 	109 	109 
003551 	194 	123 	130 	130 
003552 	194 	123 	130 	130 
003553 	209 	138 	109 	109 
003554 	209 	138 	109 	109 
003555 	209 	138 	109 	109 
003556 	209 	138 	109 	109 
003557 	209 	138 	109 	109 
003558 	209 	138 	109 	109 
003559 	209 	150 	109 	109 
003560 	209 	150 	109 	109 
003561 	209 	138 	109 	109 
003562 	209 	138 	109 	109 
003563 	209 	138 	109 	109 
003564 	194 	123 	130 	130 
003565 	194 	123 	130 	130 
003566 	194 	123 	130 	130 
003567 	194 	123 	130 	130 
003568 	209 	138 	109 	109 
003569 	209 	138 	109 	109 
003570 	209 	138 	109 	109 
003571 	209 	138 	109 	109 
003572 	209 	138 	109 	109 
003573 	209 	126 	109 	109 
003574 	209 	138 	109 	109 
003575 	209 	138 	109 	109 
003576 	209 	138 	109 	109 
003577 	209 	138 	109 	109 
003578 	209 	138 	109 	109 
003579 	208 	137 	130 	130 
003580 	208 	137 	130 	130 
003581 	208 	137 	130 	130 
003582 	208 	123 	130 	130 
003583 	208 	123 	130 	130 
003584 	208 	123 	130 	130 
003585 	208 	123 	130 	130 
003586 	208 	123 	130 	130 
003587 	209 	126 	109 	109 
003588 	221 	126 	109 	109 
003589 	208 	123 	130 	130 
003590 	221 	126 	109 	109 
003591 	221 	126 	109 	109 
003592 	221 	114 	109 	109 
003593 	221 	114 	109 	109 
003594 	221 	114 	109 	109 
003595 	221 	114 	109 	109 
003596 	209 	114 	109 	109 
003597 	209 	114 	109 	109 
003598 	209 	114 	109 	109 
003599 	209 	126 	109 	109 
003600 	209 	126 	109 	109 
003601 	209 	126 	109 	109 
003602 	209 	126 	109 	109 
003603 	209 	126 	109 	109 
003604 	209 	126 	109 	109 
003605 	194 	123 	130 	130 
003606 	194 	123 	130 	130 
003607 	197 	126 	109 	109 
003608 	197 	126 	109 	109 
003609 	197 	126 	109 	109 
003610 	197 	126 	109 	109 
003611 	197 	126 	109 	109 
003612 	197 	126 	109 	109 
003613 	197 	126 	109 	109 
003614 	197 	126 	109 	109 
003615 	197 	126 	109 	109 
003616 	197 	126 	109 	109 
003617 	197 	126 	109 	109 
003618 	197 	126 	109 	109 
003619 	197 	126 	109 	109 
003620 	197 	126 	109 	109 
003621 	197 	126 	109 	109 
003622 	197 	126 	109 	109 
003623 	197 	126 	109 	109 
003624 	197 	126 	109 	109 
003625 	197 	126 	109 	109 
003626 	197 	126 	109 	109 
003627 	197 	126 	109 	109 
003628 	185 	126 	109 	109 
003629 	185 	126 	109 	109 
003630 	185 	126 	109 	109 
003631 	185 	126 	109 	109 
003632 	197 	114 	109 	109 
003633 	197 	114 	109 	109 
003634 	197 	114 	109 	109 
003635 	209 	114 	109 	109 
003636 	209 	126 	109 	109 
003637 	221 	126 	109 	109 
003638 	221 	126 	109 	109 
003639 	221 	126 	109 	109 
003640 	221 	126 	109 	109 
003641 	221 	126 	109 	109 
003642 	221 	126 	109 	109 
003643 	221 	126 	109 	109 
003644 	221 	126 	109 	109 
003645 	221 	126 	109 	109 
003646 	221 	126 	109 	109 
003647 	221 	126 	109 	109 
003648 	221 	138 	109 	109 
003649 	221 	138 	109 	109 
003650 	209 	138 	109 	109 
003651 	209 	138 	109 	109 
003652 	209 	138 	109 	109 
003653 	209 	138 	109 	109 
003654 	209 	138 	109 	109 
003655 	209 	138 	109 	109 
003656 	209 	138 	109 	109 
003657 	209 	138 	109 	109 
003658 	209 	138 	109 	109 
003659 	209 	138 	109 	109 
003660 	209 	138 	109 	109 
003661 	209 	138 	109 	109 
003662 	221 	138 	109 	109 
003663 	221 	138 	109 	109 
003664 	221 	138 	109 	109 
003665 	221 	138 	109 	109 
003666 	221 	138 	109 	109 
003667 	221 	138 	109 	109 
003668 	221 	138 	109 	109 
003669 	221 	138 	109 	109 
003670 	221 	138 	109 	109 
003671 	221 	138 	109 	109 
003672 	221 	138 	109 	109 
003673 	233 	138 	109 	109 
003674 	233 	138 	109 	109 
003675 	233 	138 	109 	109 
003676 	233 	138 	109 	109 
003677 	233 	138 	109 	109 
003678 	233 	138 	109 	109 
003679 	233 	138 	109 	109 
003680 	221 	138 	109 	109 
003681 	221 	150 	109 	109 
003682 	233 	150 	109 	109 
003683 	233 	150 	109 	109 
003684 	223 	137 	130 	130 
003685 	223 	137 	130 	130 
003686 	221 	138 	109 	109 
003687 	221 	138 	109 	109 
003688 	221 	138 	109 	109 
003689 	221 	138 	109 	109 
003690 	221 	138 	109 	109 
003691 	221 	138 	109 	109 
003692 	221 	138 	109 	109 
003693 	221 	138 	109 	109 
003694 	221 	138 	109 	109 
003695 	221 	138 	109 	109 
003696 	221 	138 	109 	109 
003697 	221 	138 	109 	109 
003698 	221 	138 	109 	109 
003699 	221 	138 	109 	109 
003700 	221 	138 	109 	109 
003701 	221 	138 	109 	109 
003702 	221 	138 	109 	109 
003703 	221 	138 	109 	109 
003704 	221 	138 	109 	109 
003705 	221 	138 	109 	109 
003706 	221 	138 	109 	109 
003707 	221 	138 	109 	109 
003708 	221 	138 	109 	109 
