Identity  : 	id11056
Reference : 	bWHkAWvCYRs
Offset    : 	1
FV Conf   : 	14.234
ASD Conf  : 	7.791

FRAME 	X 	Y 	W 	H 
007440 	85 	105 	90 	91 
007441 	95 	105 	90 	91 
007442 	95 	105 	90 	91 
007443 	95 	105 	90 	91 
007444 	95 	105 	90 	91 
007445 	95 	105 	90 	91 
007446 	95 	105 	90 	91 
007447 	95 	105 	90 	91 
007448 	95 	105 	90 	91 
007449 	95 	105 	90 	91 
007450 	105 	115 	90 	91 
007451 	105 	115 	90 	91 
007452 	105 	115 	90 	91 
007453 	114 	115 	91 	91 
007454 	114 	115 	91 	91 
007455 	114 	115 	91 	91 
007456 	114 	115 	91 	91 
007457 	114 	115 	91 	91 
007458 	114 	115 	91 	91 
007459 	114 	115 	91 	91 
007460 	114 	114 	108 	109 
007461 	114 	114 	108 	109 
007462 	124 	125 	91 	90 
007463 	124 	125 	91 	90 
007464 	124 	125 	91 	90 
007465 	124 	125 	91 	90 
007466 	124 	135 	91 	90 
007467 	124 	135 	91 	90 
007468 	124 	135 	91 	90 
007469 	124 	135 	91 	90 
007470 	124 	135 	91 	90 
007471 	124 	135 	91 	90 
007472 	124 	135 	91 	90 
007473 	124 	135 	91 	90 
007474 	124 	135 	91 	90 
007475 	124 	135 	91 	90 
007476 	124 	135 	91 	90 
007477 	124 	135 	91 	90 
007478 	124 	135 	91 	90 
007479 	124 	135 	91 	90 
007480 	114 	135 	91 	90 
007481 	114 	135 	91 	90 
007482 	114 	135 	91 	90 
007483 	114 	135 	91 	90 
007484 	114 	135 	91 	90 
007485 	114 	135 	91 	90 
007486 	114 	135 	91 	90 
007487 	114 	125 	91 	90 
007488 	124 	125 	91 	90 
007489 	124 	125 	91 	90 
007490 	124 	125 	91 	90 
007491 	124 	125 	91 	90 
007492 	124 	125 	91 	90 
007493 	124 	125 	91 	90 
007494 	124 	125 	91 	90 
007495 	124 	125 	91 	90 
007496 	124 	115 	91 	91 
007497 	134 	115 	91 	91 
007498 	134 	115 	91 	91 
007499 	134 	115 	91 	91 
007500 	134 	115 	91 	91 
007501 	134 	125 	91 	90 
007502 	124 	125 	91 	90 
007503 	124 	125 	91 	90 
007504 	124 	125 	91 	90 
007505 	124 	125 	91 	90 
007506 	124 	125 	91 	90 
007507 	124 	125 	91 	90 
007508 	124 	125 	91 	90 
007509 	124 	125 	91 	90 
007510 	124 	125 	91 	90 
007511 	124 	125 	91 	90 
007512 	124 	115 	91 	91 
007513 	114 	114 	108 	109 
007514 	114 	114 	108 	109 
007515 	114 	114 	108 	109 
007516 	114 	114 	108 	109 
007517 	114 	125 	91 	90 
007518 	114 	125 	91 	90 
007519 	114 	125 	91 	90 
007520 	114 	125 	91 	90 
007521 	114 	125 	91 	90 
007522 	114 	125 	91 	90 
007523 	114 	125 	91 	90 
007524 	114 	125 	91 	90 
007525 	114 	125 	91 	90 
007526 	102 	114 	108 	109 
007527 	102 	114 	108 	109 
007528 	102 	114 	108 	109 
007529 	102 	114 	108 	109 
007530 	105 	115 	90 	91 
007531 	105 	115 	90 	91 
007532 	95 	105 	90 	91 
007533 	95 	105 	90 	91 
007534 	95 	105 	90 	91 
007535 	95 	105 	90 	91 
007536 	95 	105 	90 	91 
007537 	95 	105 	90 	91 
007538 	95 	105 	90 	91 
007539 	95 	105 	90 	91 
007540 	105 	115 	90 	91 
007541 	102 	102 	108 	109 
007542 	114 	105 	91 	91 
007543 	102 	102 	108 	109 
007544 	114 	115 	91 	91 
007545 	114 	115 	91 	91 
007546 	114 	115 	91 	91 
007547 	124 	115 	91 	91 
007548 	124 	115 	91 	91 
007549 	124 	115 	91 	91 
007550 	124 	115 	91 	91 
007551 	124 	115 	91 	91 
007552 	114 	114 	108 	109 
007553 	114 	114 	108 	109 
007554 	114 	114 	108 	109 
007555 	114 	114 	108 	109 
007556 	114 	114 	108 	109 
007557 	114 	114 	108 	109 
007558 	114 	114 	108 	109 
007559 	114 	114 	108 	109 
007560 	114 	114 	108 	109 
