Identity  : 	id10009
Reference : 	FOFbkVlz-wQ
Offset    : 	-2
FV Conf   : 	11.570
ASD Conf  : 	6.357

FRAME 	X 	Y 	W 	H 
000930 	78 	44 	156 	156 
000931 	78 	44 	156 	156 
000932 	78 	44 	156 	156 
000933 	78 	44 	156 	156 
000934 	78 	44 	156 	156 
000935 	78 	44 	156 	156 
000936 	61 	44 	156 	156 
000937 	61 	44 	156 	156 
000938 	61 	44 	156 	156 
000939 	61 	44 	156 	156 
000940 	61 	44 	156 	156 
000941 	61 	44 	156 	156 
000942 	61 	44 	156 	156 
000943 	61 	62 	156 	155 
000944 	53 	33 	187 	187 
000945 	53 	33 	187 	187 
000946 	78 	62 	156 	155 
000947 	95 	62 	156 	155 
000948 	95 	62 	156 	155 
000949 	95 	62 	156 	155 
000950 	95 	62 	156 	155 
000951 	95 	62 	156 	155 
000952 	95 	62 	156 	155 
000953 	74 	53 	186 	187 
000954 	95 	62 	156 	155 
000955 	95 	62 	156 	155 
000956 	95 	62 	156 	155 
000957 	95 	62 	156 	155 
000958 	95 	79 	156 	156 
000959 	95 	79 	156 	156 
000960 	95 	79 	156 	156 
000961 	95 	79 	156 	156 
000962 	95 	79 	156 	156 
000963 	95 	79 	156 	156 
000964 	95 	79 	156 	156 
000965 	95 	79 	156 	156 
000966 	95 	79 	156 	156 
000967 	95 	62 	156 	155 
000968 	95 	62 	156 	155 
000969 	95 	79 	156 	156 
000970 	95 	62 	156 	155 
000971 	95 	62 	156 	155 
000972 	74 	33 	186 	187 
000973 	53 	33 	187 	187 
000974 	53 	33 	187 	187 
000975 	53 	33 	187 	187 
000976 	53 	33 	187 	187 
000977 	53 	33 	187 	187 
000978 	74 	33 	186 	187 
000979 	74 	33 	186 	187 
000980 	74 	33 	186 	187 
000981 	74 	33 	186 	187 
000982 	74 	33 	186 	187 
000983 	74 	33 	186 	187 
000984 	74 	33 	186 	187 
000985 	74 	12 	186 	187 
000986 	74 	12 	186 	187 
000987 	74 	12 	186 	187 
000988 	74 	12 	186 	187 
000989 	74 	12 	186 	187 
000990 	74 	12 	186 	187 
000991 	74 	12 	186 	187 
000992 	95 	27 	156 	156 
000993 	95 	27 	156 	156 
000994 	95 	27 	156 	156 
000995 	95 	27 	156 	156 
000996 	74 	12 	186 	187 
000997 	74 	12 	186 	187 
000998 	74 	12 	186 	187 
000999 	95 	44 	156 	156 
001000 	78 	44 	156 	156 
001001 	95 	44 	156 	156 
001002 	95 	44 	156 	156 
001003 	95 	44 	156 	156 
001004 	95 	44 	156 	156 
001005 	95 	44 	156 	156 
001006 	113 	62 	155 	155 
001007 	113 	62 	155 	155 
001008 	113 	62 	155 	155 
001009 	113 	62 	155 	155 
001010 	113 	62 	155 	155 
001011 	113 	79 	155 	156 
001012 	130 	79 	156 	156 
001013 	130 	79 	156 	156 
001014 	130 	79 	156 	156 
001015 	130 	79 	156 	156 
001016 	130 	79 	156 	156 
001017 	130 	79 	156 	156 
001018 	130 	79 	156 	156 
001019 	130 	79 	156 	156 
001020 	130 	79 	156 	156 
001021 	130 	79 	156 	156 
001022 	130 	79 	156 	156 
001023 	130 	62 	156 	155 
001024 	113 	62 	155 	155 
001025 	113 	62 	155 	155 
001026 	113 	62 	155 	155 
001027 	95 	62 	156 	155 
001028 	95 	62 	156 	155 
001029 	95 	62 	156 	155 
001030 	95 	62 	156 	155 
001031 	95 	62 	156 	155 
001032 	95 	62 	156 	155 
001033 	95 	62 	156 	155 
001034 	74 	53 	186 	187 
001035 	78 	62 	156 	155 
001036 	78 	62 	156 	155 
001037 	78 	62 	156 	155 
001038 	78 	62 	156 	155 
001039 	78 	62 	156 	155 
001040 	78 	62 	156 	155 
001041 	78 	62 	156 	155 
001042 	78 	62 	156 	155 
001043 	78 	62 	156 	155 
001044 	78 	62 	156 	155 
001045 	53 	33 	187 	187 
001046 	53 	33 	187 	187 
001047 	53 	33 	187 	187 
001048 	53 	33 	187 	187 
001049 	78 	44 	156 	156 
001050 	78 	44 	156 	156 
001051 	78 	44 	156 	156 
001052 	74 	33 	186 	187 
001053 	74 	33 	186 	187 
001054 	95 	44 	156 	156 
001055 	74 	33 	186 	187 
001056 	74 	33 	186 	187 
001057 	74 	33 	186 	187 
001058 	74 	33 	186 	187 
001059 	74 	33 	186 	187 
001060 	95 	44 	156 	156 
001061 	95 	44 	156 	156 
001062 	95 	44 	156 	156 
001063 	95 	44 	156 	156 
001064 	95 	44 	156 	156 
001065 	95 	44 	156 	156 
001066 	95 	44 	156 	156 
001067 	95 	44 	156 	156 
001068 	95 	44 	156 	156 
001069 	95 	44 	156 	156 
001070 	95 	44 	156 	156 
001071 	95 	44 	156 	156 
001072 	95 	44 	156 	156 
001073 	78 	44 	156 	156 
001074 	78 	44 	156 	156 
001075 	78 	44 	156 	156 
001076 	78 	44 	156 	156 
001077 	78 	44 	156 	156 
001078 	78 	44 	156 	156 
001079 	78 	44 	156 	156 
001080 	78 	44 	156 	156 
001081 	78 	44 	156 	156 
001082 	78 	44 	156 	156 
001083 	78 	44 	156 	156 
001084 	78 	44 	156 	156 
001085 	78 	44 	156 	156 
001086 	78 	44 	156 	156 
001087 	78 	62 	156 	155 
001088 	78 	62 	156 	155 
001089 	78 	44 	156 	156 
001090 	78 	44 	156 	156 
001091 	78 	44 	156 	156 
001092 	78 	44 	156 	156 
001093 	95 	44 	156 	156 
001094 	95 	44 	156 	156 
001095 	95 	44 	156 	156 
001096 	95 	44 	156 	156 
001097 	113 	44 	155 	156 
001098 	113 	44 	155 	156 
001099 	113 	44 	155 	156 
001100 	113 	44 	155 	156 
001101 	113 	44 	155 	156 
001102 	130 	44 	156 	156 
001103 	130 	44 	156 	156 
001104 	130 	44 	156 	156 
001105 	130 	44 	156 	156 
001106 	130 	44 	156 	156 
001107 	147 	44 	156 	156 
001108 	147 	44 	156 	156 
001109 	147 	44 	156 	156 
001110 	147 	44 	156 	156 
001111 	130 	44 	156 	156 
001112 	130 	44 	156 	156 
001113 	130 	44 	156 	156 
001114 	130 	44 	156 	156 
001115 	130 	44 	156 	156 
001116 	130 	44 	156 	156 
001117 	130 	62 	156 	155 
001118 	130 	44 	156 	156 
001119 	113 	44 	155 	156 
001120 	113 	44 	155 	156 
001121 	113 	44 	155 	156 
001122 	113 	44 	155 	156 
001123 	95 	44 	156 	156 
001124 	94 	33 	187 	187 
001125 	94 	33 	187 	187 
001126 	94 	33 	187 	187 
001127 	94 	33 	187 	187 
001128 	94 	33 	187 	187 
001129 	113 	44 	155 	156 
001130 	113 	44 	155 	156 
001131 	113 	44 	155 	156 
001132 	130 	62 	156 	155 
001133 	130 	62 	156 	155 
001134 	130 	62 	156 	155 
001135 	130 	62 	156 	155 
001136 	130 	62 	156 	155 
001137 	130 	44 	156 	156 
001138 	130 	62 	156 	155 
001139 	130 	44 	156 	156 
001140 	130 	62 	156 	155 
001141 	130 	62 	156 	155 
001142 	130 	62 	156 	155 
001143 	130 	62 	156 	155 
001144 	130 	44 	156 	156 
001145 	130 	44 	156 	156 
001146 	130 	44 	156 	156 
001147 	130 	44 	156 	156 
001148 	130 	44 	156 	156 
001149 	130 	44 	156 	156 
001150 	130 	44 	156 	156 
001151 	113 	44 	155 	156 
001152 	113 	44 	155 	156 
001153 	113 	44 	155 	156 
001154 	113 	44 	155 	156 
001155 	113 	44 	155 	156 
001156 	113 	44 	155 	156 
001157 	113 	44 	155 	156 
001158 	113 	44 	155 	156 
001159 	113 	44 	155 	156 
001160 	130 	44 	156 	156 
001161 	130 	44 	156 	156 
001162 	130 	62 	156 	155 
001163 	130 	62 	156 	155 
001164 	130 	62 	156 	155 
001165 	147 	62 	156 	155 
001166 	147 	62 	156 	155 
001167 	151 	80 	130 	130 
001168 	151 	80 	130 	130 
001169 	130 	62 	156 	155 
001170 	130 	79 	156 	156 
001171 	130 	79 	156 	156 
001172 	130 	79 	156 	156 
001173 	130 	79 	156 	156 
001174 	130 	79 	156 	156 
001175 	130 	79 	156 	156 
001176 	113 	62 	155 	155 
001177 	95 	62 	156 	155 
001178 	95 	62 	156 	155 
001179 	95 	62 	156 	155 
001180 	95 	62 	156 	155 
001181 	95 	62 	156 	155 
001182 	74 	53 	186 	187 
001183 	95 	62 	156 	155 
001184 	74 	53 	186 	187 
001185 	74 	53 	186 	187 
001186 	95 	62 	156 	155 
001187 	95 	62 	156 	155 
001188 	95 	62 	156 	155 
001189 	95 	62 	156 	155 
001190 	95 	62 	156 	155 
001191 	95 	62 	156 	155 
001192 	95 	79 	156 	156 
001193 	95 	79 	156 	156 
001194 	95 	79 	156 	156 
001195 	95 	79 	156 	156 
001196 	95 	79 	156 	156 
