Identity  : 	id10533
Reference : 	gWHHxedxtUA
Offset    : 	-1
FV Conf   : 	14.276
ASD Conf  : 	8.748

FRAME 	X 	Y 	W 	H 
000417 	257 	66 	109 	109 
000418 	257 	66 	109 	109 
000419 	257 	66 	109 	109 
000420 	257 	66 	109 	109 
000421 	257 	66 	109 	109 
000422 	257 	66 	109 	109 
000423 	257 	66 	109 	109 
000424 	257 	66 	109 	109 
000425 	257 	66 	109 	109 
000426 	257 	66 	109 	109 
000427 	257 	66 	109 	109 
000428 	257 	66 	109 	109 
000429 	264 	65 	90 	91 
000430 	264 	65 	90 	91 
000431 	257 	66 	109 	109 
000432 	257 	66 	109 	109 
000433 	257 	66 	109 	109 
000434 	257 	66 	109 	109 
000435 	257 	66 	109 	109 
000436 	257 	66 	109 	109 
000437 	257 	66 	109 	109 
000438 	257 	66 	109 	109 
000439 	257 	66 	109 	109 
000440 	257 	66 	109 	109 
000441 	257 	66 	109 	109 
000442 	257 	66 	109 	109 
000443 	257 	66 	109 	109 
000444 	257 	66 	109 	109 
000445 	257 	66 	109 	109 
000446 	257 	66 	109 	109 
000447 	257 	66 	109 	109 
000448 	257 	66 	109 	109 
000449 	257 	66 	109 	109 
000450 	257 	66 	109 	109 
000451 	257 	66 	109 	109 
000452 	257 	66 	109 	109 
000453 	257 	66 	109 	109 
000454 	257 	66 	109 	109 
000455 	257 	66 	109 	109 
000456 	257 	66 	109 	109 
000457 	257 	66 	109 	109 
000458 	257 	66 	109 	109 
000459 	257 	66 	109 	109 
000460 	274 	75 	90 	91 
000461 	274 	75 	90 	91 
000462 	274 	65 	90 	91 
000463 	274 	65 	90 	91 
000464 	274 	65 	90 	91 
000465 	274 	65 	90 	91 
000466 	274 	65 	90 	91 
000467 	269 	54 	108 	109 
000468 	284 	55 	90 	91 
000469 	294 	55 	90 	91 
000470 	294 	65 	90 	91 
000471 	294 	65 	90 	91 
000472 	294 	65 	90 	91 
000473 	294 	65 	90 	91 
000474 	294 	65 	90 	91 
000475 	294 	65 	90 	91 
000476 	294 	65 	90 	91 
000477 	294 	65 	90 	91 
000478 	294 	65 	90 	91 
000479 	294 	65 	90 	91 
000480 	294 	65 	90 	91 
000481 	294 	65 	90 	91 
000482 	294 	65 	90 	91 
000483 	294 	65 	90 	91 
000484 	294 	65 	90 	91 
000485 	281 	54 	108 	109 
000486 	281 	54 	108 	109 
000487 	284 	65 	90 	91 
000488 	284 	65 	90 	91 
000489 	284 	65 	90 	91 
000490 	284 	65 	90 	91 
000491 	284 	65 	90 	91 
000492 	284 	65 	90 	91 
000493 	269 	54 	108 	109 
000494 	284 	65 	90 	91 
000495 	284 	65 	90 	91 
000496 	284 	65 	90 	91 
000497 	284 	65 	90 	91 
000498 	269 	66 	108 	109 
000499 	269 	66 	108 	109 
000500 	269 	66 	108 	109 
000501 	269 	66 	108 	109 
000502 	269 	66 	108 	109 
000503 	269 	66 	108 	109 
000504 	269 	66 	108 	109 
000505 	274 	75 	90 	91 
000506 	274 	75 	90 	91 
000507 	274 	75 	90 	91 
000508 	274 	75 	90 	91 
000509 	274 	75 	90 	91 
000510 	274 	75 	90 	91 
000511 	274 	75 	90 	91 
000512 	257 	66 	109 	109 
000513 	257 	66 	109 	109 
000514 	257 	66 	109 	109 
000515 	257 	66 	109 	109 
000516 	257 	66 	109 	109 
000517 	264 	75 	90 	91 
000518 	254 	75 	90 	91 
000519 	254 	65 	90 	91 
