Identity  : 	id10820
Reference : 	46yBFiqrd2A
Offset    : 	-3
FV Conf   : 	21.145
ASD Conf  : 	6.509

FRAME 	X 	Y 	W 	H 
001391 	220 	71 	75 	75 
001392 	220 	71 	75 	75 
001393 	204 	65 	91 	91 
001394 	220 	71 	75 	75 
001395 	204 	65 	91 	91 
001396 	220 	71 	75 	75 
001397 	220 	71 	75 	75 
001398 	220 	71 	75 	75 
001399 	214 	65 	91 	91 
001400 	214 	65 	91 	91 
001401 	214 	65 	91 	91 
001402 	214 	65 	91 	91 
001403 	214 	65 	91 	91 
001404 	214 	65 	91 	91 
001405 	214 	65 	91 	91 
001406 	214 	65 	91 	91 
001407 	214 	65 	91 	91 
001408 	214 	65 	91 	91 
001409 	214 	65 	91 	91 
001410 	214 	65 	91 	91 
001411 	214 	65 	91 	91 
001412 	214 	65 	91 	91 
001413 	214 	65 	91 	91 
001414 	214 	65 	91 	91 
001415 	214 	65 	91 	91 
001416 	214 	65 	91 	91 
001417 	214 	65 	91 	91 
001418 	214 	65 	91 	91 
001419 	214 	65 	91 	91 
001420 	214 	65 	91 	91 
001421 	214 	65 	91 	91 
001422 	214 	65 	91 	91 
001423 	214 	65 	91 	91 
001424 	214 	65 	91 	91 
001425 	214 	65 	91 	91 
001426 	214 	65 	91 	91 
001427 	214 	65 	91 	91 
001428 	214 	65 	91 	91 
001429 	228 	79 	76 	76 
001430 	228 	79 	76 	76 
001431 	228 	79 	76 	76 
001432 	228 	79 	76 	76 
001433 	228 	79 	76 	76 
001434 	228 	79 	76 	76 
001435 	228 	79 	76 	76 
001436 	228 	79 	76 	76 
001437 	228 	79 	76 	76 
001438 	228 	79 	76 	76 
001439 	228 	79 	76 	76 
001440 	228 	79 	76 	76 
001441 	228 	79 	76 	76 
001442 	228 	79 	76 	76 
001443 	228 	79 	76 	76 
001444 	228 	79 	76 	76 
001445 	228 	79 	76 	76 
001446 	228 	79 	76 	76 
001447 	228 	79 	76 	76 
001448 	228 	79 	76 	76 
001449 	228 	79 	76 	76 
001450 	228 	79 	76 	76 
001451 	228 	79 	76 	76 
001452 	228 	79 	76 	76 
001453 	228 	79 	76 	76 
001454 	228 	79 	76 	76 
001455 	228 	79 	76 	76 
001456 	228 	79 	76 	76 
001457 	228 	79 	76 	76 
001458 	228 	79 	76 	76 
001459 	228 	79 	76 	76 
001460 	228 	79 	76 	76 
001461 	228 	79 	76 	76 
001462 	228 	79 	76 	76 
001463 	228 	79 	76 	76 
001464 	224 	75 	91 	91 
001465 	224 	75 	91 	91 
001466 	224 	75 	91 	91 
001467 	224 	65 	91 	91 
001468 	224 	65 	91 	91 
001469 	228 	79 	76 	76 
001470 	228 	79 	76 	76 
001471 	228 	79 	76 	76 
001472 	228 	79 	76 	76 
001473 	228 	79 	76 	76 
001474 	228 	79 	76 	76 
001475 	228 	79 	76 	76 
001476 	228 	79 	76 	76 
001477 	224 	65 	91 	91 
001478 	224 	65 	91 	91 
001479 	224 	65 	91 	91 
001480 	224 	65 	91 	91 
001481 	224 	65 	91 	91 
001482 	224 	65 	91 	91 
001483 	224 	65 	91 	91 
001484 	236 	79 	76 	76 
001485 	236 	79 	76 	76 
001486 	236 	79 	76 	76 
001487 	236 	79 	76 	76 
001488 	236 	79 	76 	76 
001489 	236 	79 	76 	76 
001490 	236 	79 	76 	76 
001491 	236 	79 	76 	76 
001492 	236 	79 	76 	76 
001493 	224 	65 	91 	91 
001494 	236 	79 	76 	76 
001495 	224 	65 	91 	91 
001496 	236 	79 	76 	76 
001497 	236 	79 	76 	76 
001498 	236 	79 	76 	76 
001499 	224 	65 	91 	91 
001500 	224 	65 	91 	91 
001501 	224 	75 	91 	91 
001502 	224 	65 	91 	91 
001503 	224 	75 	91 	91 
001504 	224 	65 	91 	91 
001505 	224 	65 	91 	91 
001506 	224 	65 	91 	91 
001507 	224 	75 	91 	91 
001508 	236 	79 	76 	76 
001509 	236 	71 	76 	75 
001510 	236 	71 	76 	75 
001511 	236 	71 	76 	75 
001512 	236 	71 	76 	75 
001513 	236 	71 	76 	75 
001514 	224 	65 	91 	91 
001515 	224 	65 	91 	91 
001516 	224 	65 	91 	91 
001517 	224 	65 	91 	91 
001518 	228 	71 	76 	75 
001519 	214 	65 	91 	91 
001520 	228 	71 	76 	75 
001521 	228 	71 	76 	75 
001522 	224 	55 	91 	91 
001523 	224 	55 	91 	91 
001524 	236 	62 	76 	76 
001525 	236 	62 	76 	76 
001526 	236 	62 	76 	76 
001527 	236 	62 	76 	76 
001528 	224 	55 	91 	91 
001529 	224 	55 	91 	91 
001530 	224 	55 	91 	91 
001531 	224 	55 	91 	91 
001532 	224 	55 	91 	91 
001533 	236 	71 	76 	75 
001534 	236 	71 	76 	75 
001535 	236 	71 	76 	75 
001536 	236 	71 	76 	75 
001537 	224 	65 	91 	91 
001538 	224 	65 	91 	91 
001539 	224 	65 	91 	91 
001540 	236 	71 	76 	75 
001541 	236 	71 	76 	75 
001542 	236 	71 	76 	75 
001543 	236 	71 	76 	75 
001544 	234 	65 	90 	91 
001545 	234 	65 	90 	91 
001546 	234 	65 	90 	91 
001547 	234 	65 	90 	91 
001548 	234 	65 	90 	91 
001549 	244 	71 	76 	75 
001550 	244 	71 	76 	75 
001551 	244 	71 	76 	75 
001552 	234 	65 	90 	91 
001553 	234 	65 	90 	91 
001554 	236 	71 	76 	75 
001555 	234 	55 	90 	91 
001556 	234 	55 	90 	91 
001557 	234 	55 	90 	91 
001558 	234 	55 	90 	91 
001559 	234 	55 	90 	91 
001560 	234 	55 	90 	91 
001561 	234 	55 	90 	91 
001562 	236 	71 	76 	75 
001563 	236 	71 	76 	75 
001564 	236 	71 	76 	75 
001565 	224 	65 	91 	91 
001566 	224 	65 	91 	91 
001567 	224 	65 	91 	91 
001568 	236 	71 	76 	75 
001569 	236 	71 	76 	75 
001570 	236 	71 	76 	75 
001571 	236 	71 	76 	75 
001572 	236 	71 	76 	75 
001573 	236 	71 	76 	75 
001574 	236 	71 	76 	75 
001575 	236 	62 	76 	76 
001576 	234 	55 	90 	91 
001577 	234 	55 	90 	91 
