Identity  : 	id10097
Reference : 	oHUXo48Q-4M
Offset    : 	-6
FV Conf   : 	13.525
ASD Conf  : 	9.568

FRAME 	X 	Y 	W 	H 
001949 	209 	43 	109 	108 
001950 	209 	43 	109 	108 
001951 	209 	43 	109 	108 
001952 	209 	43 	109 	108 
001953 	209 	43 	109 	108 
001954 	209 	43 	109 	108 
001955 	209 	43 	109 	108 
001956 	209 	43 	109 	108 
001957 	209 	43 	109 	108 
001958 	209 	43 	109 	108 
001959 	209 	43 	109 	108 
001960 	209 	43 	109 	108 
001961 	209 	43 	109 	108 
001962 	209 	43 	109 	108 
001963 	209 	43 	109 	108 
001964 	209 	43 	109 	108 
001965 	209 	43 	109 	108 
001966 	209 	43 	109 	108 
001967 	209 	43 	109 	108 
001968 	209 	43 	109 	108 
001969 	209 	43 	109 	108 
001970 	209 	43 	109 	108 
001971 	209 	43 	109 	108 
001972 	209 	43 	109 	108 
001973 	209 	43 	109 	108 
001974 	209 	54 	109 	109 
001975 	209 	54 	109 	109 
001976 	209 	54 	109 	109 
001977 	209 	54 	109 	109 
001978 	209 	54 	109 	109 
001979 	224 	55 	91 	91 
001980 	209 	43 	109 	108 
001981 	224 	55 	91 	91 
001982 	209 	43 	109 	108 
001983 	209 	43 	109 	108 
001984 	209 	43 	109 	108 
001985 	224 	55 	91 	91 
001986 	224 	55 	91 	91 
001987 	224 	55 	91 	91 
001988 	224 	55 	91 	91 
001989 	224 	55 	91 	91 
001990 	224 	55 	91 	91 
001991 	221 	54 	109 	109 
001992 	221 	54 	109 	109 
001993 	221 	54 	109 	109 
001994 	221 	54 	109 	109 
001995 	221 	54 	109 	109 
001996 	221 	54 	109 	109 
001997 	221 	54 	109 	109 
001998 	221 	54 	109 	109 
001999 	221 	54 	109 	109 
002000 	221 	54 	109 	109 
002001 	221 	54 	109 	109 
002002 	224 	55 	91 	91 
002003 	224 	55 	91 	91 
002004 	224 	55 	91 	91 
002005 	224 	55 	91 	91 
002006 	224 	55 	91 	91 
002007 	224 	55 	91 	91 
002008 	221 	54 	109 	109 
002009 	221 	54 	109 	109 
002010 	221 	54 	109 	109 
002011 	221 	54 	109 	109 
002012 	221 	54 	109 	109 
002013 	221 	54 	109 	109 
002014 	221 	54 	109 	109 
002015 	221 	54 	109 	109 
002016 	221 	54 	109 	109 
002017 	221 	54 	109 	109 
002018 	221 	54 	109 	109 
002019 	221 	54 	109 	109 
002020 	221 	54 	109 	109 
002021 	221 	54 	109 	109 
002022 	221 	54 	109 	109 
002023 	221 	54 	109 	109 
002024 	221 	54 	109 	109 
002025 	221 	54 	109 	109 
002026 	224 	55 	91 	91 
002027 	224 	55 	91 	91 
002028 	224 	55 	91 	91 
002029 	224 	55 	91 	91 
002030 	224 	55 	91 	91 
002031 	224 	55 	91 	91 
002032 	224 	55 	91 	91 
002033 	224 	55 	91 	91 
002034 	221 	54 	109 	109 
002035 	224 	55 	91 	91 
002036 	224 	55 	91 	91 
002037 	221 	54 	109 	109 
002038 	221 	54 	109 	109 
002039 	221 	54 	109 	109 
002040 	221 	54 	109 	109 
002041 	221 	54 	109 	109 
002042 	221 	54 	109 	109 
002043 	221 	54 	109 	109 
002044 	221 	54 	109 	109 
002045 	221 	54 	109 	109 
002046 	221 	54 	109 	109 
002047 	221 	54 	109 	109 
002048 	221 	54 	109 	109 
002049 	221 	54 	109 	109 
002050 	221 	54 	109 	109 
002051 	221 	54 	109 	109 
002052 	221 	54 	109 	109 
002053 	221 	54 	109 	109 
002054 	221 	54 	109 	109 
002055 	209 	54 	109 	109 
002056 	224 	55 	91 	91 
002057 	224 	65 	91 	91 
002058 	209 	54 	109 	109 
002059 	209 	54 	109 	109 
002060 	209 	54 	109 	109 
002061 	209 	54 	109 	109 
002062 	209 	43 	109 	108 
002063 	224 	55 	91 	91 
002064 	224 	55 	91 	91 
002065 	221 	54 	109 	109 
002066 	221 	54 	109 	109 
002067 	221 	54 	109 	109 
002068 	221 	54 	109 	109 
002069 	221 	54 	109 	109 
002070 	221 	54 	109 	109 
002071 	221 	54 	109 	109 
002072 	221 	54 	109 	109 
002073 	221 	54 	109 	109 
002074 	221 	54 	109 	109 
002075 	209 	43 	109 	108 
002076 	209 	43 	109 	108 
002077 	209 	43 	109 	108 
002078 	209 	43 	109 	108 
002079 	209 	43 	109 	108 
002080 	209 	43 	109 	108 
002081 	209 	43 	109 	108 
002082 	209 	43 	109 	108 
002083 	209 	43 	109 	108 
002084 	209 	43 	109 	108 
002085 	209 	43 	109 	108 
002086 	209 	43 	109 	108 
002087 	209 	43 	109 	108 
002088 	209 	43 	109 	108 
002089 	224 	65 	91 	91 
002090 	224 	65 	91 	91 
002091 	224 	65 	91 	91 
002092 	221 	54 	109 	109 
002093 	221 	54 	109 	109 
002094 	221 	54 	109 	109 
002095 	221 	54 	109 	109 
002096 	221 	54 	109 	109 
002097 	221 	54 	109 	109 
002098 	221 	54 	109 	109 
002099 	221 	54 	109 	109 
002100 	221 	54 	109 	109 
002101 	221 	54 	109 	109 
002102 	221 	54 	109 	109 
002103 	221 	54 	109 	109 
002104 	221 	54 	109 	109 
002105 	221 	54 	109 	109 
002106 	221 	54 	109 	109 
002107 	221 	54 	109 	109 
002108 	221 	54 	109 	109 
002109 	221 	54 	109 	109 
002110 	221 	54 	109 	109 
002111 	221 	54 	109 	109 
002112 	221 	54 	109 	109 
002113 	221 	54 	109 	109 
002114 	221 	54 	109 	109 
002115 	221 	54 	109 	109 
002116 	221 	54 	109 	109 
002117 	234 	65 	90 	91 
002118 	234 	65 	90 	91 
002119 	233 	54 	109 	109 
002120 	233 	54 	109 	109 
002121 	233 	54 	109 	109 
002122 	233 	54 	109 	109 
002123 	234 	65 	90 	91 
002124 	233 	54 	109 	109 
002125 	233 	54 	109 	109 
002126 	233 	54 	109 	109 
002127 	233 	54 	109 	109 
002128 	233 	54 	109 	109 
002129 	234 	65 	90 	91 
002130 	233 	54 	109 	109 
002131 	234 	65 	90 	91 
002132 	234 	65 	90 	91 
002133 	234 	65 	90 	91 
002134 	234 	65 	90 	91 
002135 	234 	65 	90 	91 
002136 	234 	65 	90 	91 
002137 	234 	65 	90 	91 
002138 	234 	65 	90 	91 
002139 	234 	65 	90 	91 
002140 	234 	65 	90 	91 
002141 	234 	65 	90 	91 
002142 	221 	54 	109 	109 
002143 	234 	65 	90 	91 
002144 	221 	54 	109 	109 
002145 	234 	65 	90 	91 
002146 	221 	54 	109 	109 
002147 	234 	65 	90 	91 
002148 	234 	65 	90 	91 
002149 	221 	54 	109 	109 
002150 	234 	65 	90 	91 
002151 	221 	54 	109 	109 
002152 	221 	54 	109 	109 
002153 	234 	65 	90 	91 
002154 	234 	65 	90 	91 
002155 	221 	54 	109 	109 
002156 	221 	54 	109 	109 
002157 	221 	54 	109 	109 
002158 	221 	54 	109 	109 
002159 	221 	54 	109 	109 
002160 	221 	54 	109 	109 
002161 	221 	54 	109 	109 
002162 	221 	54 	109 	109 
002163 	221 	54 	109 	109 
002164 	221 	54 	109 	109 
002165 	221 	54 	109 	109 
002166 	221 	54 	109 	109 
002167 	221 	54 	109 	109 
002168 	221 	54 	109 	109 
002169 	221 	54 	109 	109 
002170 	221 	54 	109 	109 
002171 	221 	54 	109 	109 
002172 	221 	54 	109 	109 
002173 	221 	54 	109 	109 
002174 	221 	54 	109 	109 
002175 	221 	54 	109 	109 
002176 	221 	54 	109 	109 
002177 	221 	54 	109 	109 
002178 	221 	54 	109 	109 
002179 	221 	54 	109 	109 
002180 	221 	54 	109 	109 
002181 	221 	54 	109 	109 
002182 	234 	55 	90 	91 
002183 	234 	55 	90 	91 
002184 	221 	54 	109 	109 
002185 	221 	54 	109 	109 
002186 	221 	54 	109 	109 
002187 	221 	54 	109 	109 
002188 	221 	54 	109 	109 
002189 	221 	54 	109 	109 
002190 	221 	54 	109 	109 
002191 	221 	54 	109 	109 
002192 	221 	54 	109 	109 
002193 	224 	55 	91 	91 
002194 	209 	43 	109 	108 
002195 	209 	43 	109 	108 
002196 	209 	43 	109 	108 
002197 	209 	43 	109 	108 
002198 	197 	43 	109 	108 
002199 	197 	43 	109 	108 
002200 	197 	43 	109 	108 
002201 	197 	43 	109 	108 
002202 	197 	43 	109 	108 
002203 	197 	43 	109 	108 
002204 	209 	54 	109 	109 
