Identity  : 	id10634
Reference : 	KFSrH1TAVYo
Offset    : 	-2
FV Conf   : 	10.429
ASD Conf  : 	5.633

FRAME 	X 	Y 	W 	H 
004009 	178 	87 	76 	76 
004010 	178 	87 	76 	76 
004011 	178 	87 	76 	76 
004012 	178 	87 	76 	76 
004013 	178 	87 	76 	76 
004014 	190 	87 	63 	63 
004015 	190 	87 	63 	63 
004016 	190 	87 	63 	63 
004017 	178 	79 	76 	76 
004018 	178 	79 	76 	76 
004019 	178 	79 	76 	76 
004020 	178 	79 	76 	76 
004021 	178 	79 	76 	76 
004022 	183 	80 	63 	63 
004023 	183 	80 	63 	63 
004024 	183 	80 	63 	63 
004025 	183 	80 	63 	63 
004026 	183 	80 	63 	63 
004027 	183 	80 	63 	63 
004028 	178 	79 	76 	76 
004029 	178 	79 	76 	76 
004030 	190 	80 	63 	63 
004031 	190 	80 	63 	63 
004032 	190 	80 	63 	63 
004033 	190 	80 	63 	63 
004034 	190 	80 	63 	63 
004035 	190 	80 	63 	63 
004036 	190 	80 	63 	63 
004037 	190 	80 	63 	63 
004038 	190 	80 	63 	63 
004039 	190 	80 	63 	63 
004040 	190 	80 	63 	63 
004041 	190 	80 	63 	63 
004042 	190 	80 	63 	63 
004043 	190 	80 	63 	63 
004044 	190 	80 	63 	63 
004045 	190 	80 	63 	63 
004046 	190 	80 	63 	63 
004047 	190 	80 	63 	63 
004048 	190 	80 	63 	63 
004049 	190 	80 	63 	63 
004050 	190 	80 	63 	63 
004051 	190 	80 	63 	63 
004052 	190 	80 	63 	63 
004053 	190 	80 	63 	63 
004054 	190 	80 	63 	63 
004055 	190 	80 	63 	63 
004056 	190 	80 	63 	63 
004057 	190 	80 	63 	63 
004058 	190 	87 	63 	63 
004059 	190 	87 	63 	63 
004060 	178 	79 	76 	76 
004061 	190 	87 	63 	63 
004062 	178 	87 	76 	76 
004063 	178 	87 	76 	76 
004064 	178 	87 	76 	76 
004065 	178 	87 	76 	76 
004066 	178 	87 	76 	76 
004067 	178 	87 	76 	76 
004068 	178 	87 	76 	76 
004069 	190 	87 	63 	63 
004070 	190 	87 	63 	63 
004071 	190 	87 	63 	63 
004072 	190 	87 	63 	63 
004073 	190 	87 	63 	63 
004074 	178 	87 	76 	76 
004075 	178 	79 	76 	76 
004076 	178 	79 	76 	76 
004077 	178 	79 	76 	76 
004078 	178 	79 	76 	76 
004079 	178 	79 	76 	76 
004080 	178 	79 	76 	76 
004081 	183 	80 	63 	63 
004082 	183 	80 	63 	63 
004083 	178 	79 	76 	76 
004084 	178 	79 	76 	76 
004085 	178 	79 	76 	76 
004086 	178 	79 	76 	76 
004087 	178 	79 	76 	76 
004088 	178 	79 	76 	76 
004089 	178 	79 	76 	76 
004090 	178 	79 	76 	76 
004091 	178 	79 	76 	76 
004092 	190 	87 	63 	63 
004093 	190 	87 	63 	63 
004094 	190 	87 	63 	63 
004095 	190 	87 	63 	63 
004096 	190 	87 	63 	63 
004097 	190 	87 	63 	63 
004098 	190 	87 	63 	63 
004099 	190 	87 	63 	63 
004100 	190 	87 	63 	63 
004101 	190 	87 	63 	63 
004102 	190 	87 	63 	63 
004103 	190 	87 	63 	63 
004104 	190 	87 	63 	63 
004105 	178 	79 	76 	76 
004106 	178 	79 	76 	76 
004107 	178 	79 	76 	76 
004108 	178 	79 	76 	76 
004109 	178 	79 	76 	76 
004110 	183 	87 	63 	63 
004111 	183 	87 	63 	63 
004112 	178 	87 	76 	76 
004113 	178 	87 	76 	76 
004114 	178 	87 	76 	76 
004115 	190 	87 	63 	63 
004116 	178 	87 	76 	76 
004117 	178 	79 	76 	76 
