Identity  : 	id10553
Reference : 	SMeBRz5AKDY
Offset    : 	-2
FV Conf   : 	15.318
ASD Conf  : 	7.768

FRAME 	X 	Y 	W 	H 
008700 	180 	109 	130 	130 
008701 	180 	123 	130 	130 
008702 	180 	123 	130 	130 
008703 	180 	123 	130 	130 
008704 	180 	123 	130 	130 
008705 	180 	123 	130 	130 
008706 	180 	123 	130 	130 
008707 	180 	123 	130 	130 
008708 	180 	123 	130 	130 
008709 	180 	109 	130 	130 
008710 	180 	109 	130 	130 
008711 	180 	109 	130 	130 
008712 	194 	109 	130 	130 
008713 	209 	114 	109 	109 
008714 	209 	102 	109 	109 
008715 	209 	114 	109 	109 
008716 	209 	102 	109 	109 
008717 	221 	102 	109 	109 
008718 	221 	102 	109 	109 
008719 	221 	102 	109 	109 
008720 	221 	102 	109 	109 
008721 	221 	102 	109 	109 
008722 	233 	102 	109 	109 
008723 	233 	102 	109 	109 
008724 	233 	102 	109 	109 
008725 	233 	102 	109 	109 
008726 	233 	102 	109 	109 
008727 	233 	102 	109 	109 
008728 	233 	102 	109 	109 
008729 	233 	102 	109 	109 
008730 	233 	102 	109 	109 
008731 	233 	102 	109 	109 
008732 	233 	102 	109 	109 
008733 	233 	102 	109 	109 
008734 	233 	102 	109 	109 
008735 	233 	102 	109 	109 
008736 	233 	102 	109 	109 
008737 	233 	102 	109 	109 
008738 	233 	102 	109 	109 
008739 	233 	102 	109 	109 
008740 	233 	102 	109 	109 
008741 	233 	102 	109 	109 
008742 	233 	102 	109 	109 
008743 	233 	102 	109 	109 
008744 	233 	102 	109 	109 
008745 	233 	102 	109 	109 
008746 	233 	102 	109 	109 
008747 	233 	102 	109 	109 
008748 	233 	102 	109 	109 
008749 	233 	102 	109 	109 
008750 	233 	114 	109 	109 
008751 	233 	114 	109 	109 
008752 	233 	114 	109 	109 
008753 	233 	114 	109 	109 
008754 	233 	102 	109 	109 
008755 	233 	114 	109 	109 
008756 	233 	114 	109 	109 
008757 	233 	114 	109 	109 
008758 	233 	114 	109 	109 
008759 	233 	114 	109 	109 
008760 	233 	114 	109 	109 
008761 	223 	94 	130 	130 
008762 	223 	94 	130 	130 
008763 	223 	94 	130 	130 
008764 	223 	94 	130 	130 
008765 	223 	94 	130 	130 
008766 	223 	94 	130 	130 
008767 	223 	94 	130 	130 
008768 	223 	94 	130 	130 
008769 	223 	94 	130 	130 
008770 	223 	94 	130 	130 
008771 	223 	94 	130 	130 
008772 	223 	94 	130 	130 
008773 	223 	94 	130 	130 
008774 	223 	94 	130 	130 
008775 	223 	94 	130 	130 
008776 	223 	94 	130 	130 
008777 	221 	114 	109 	109 
008778 	221 	114 	109 	109 
008779 	221 	114 	109 	109 
008780 	221 	114 	109 	109 
008781 	221 	114 	109 	109 
008782 	221 	114 	109 	109 
008783 	221 	114 	109 	109 
008784 	209 	114 	109 	109 
008785 	209 	114 	109 	109 
008786 	209 	114 	109 	109 
008787 	194 	109 	130 	130 
008788 	180 	109 	130 	130 
008789 	180 	123 	130 	130 
008790 	180 	123 	130 	130 
008791 	180 	123 	130 	130 
008792 	180 	123 	130 	130 
008793 	180 	109 	130 	130 
008794 	197 	114 	109 	109 
008795 	197 	114 	109 	109 
008796 	197 	114 	109 	109 
008797 	197 	114 	109 	109 
008798 	197 	114 	109 	109 
008799 	197 	114 	109 	109 
008800 	197 	114 	109 	109 
008801 	194 	94 	130 	130 
008802 	194 	94 	130 	130 
008803 	194 	94 	130 	130 
008804 	197 	114 	109 	109 
008805 	180 	109 	130 	130 
008806 	185 	114 	109 	109 
008807 	185 	114 	109 	109 
008808 	165 	109 	130 	130 
008809 	165 	123 	130 	130 
008810 	165 	123 	130 	130 
008811 	185 	126 	109 	109 
008812 	180 	109 	130 	130 
008813 	185 	114 	109 	109 
008814 	197 	114 	109 	109 
008815 	197 	114 	109 	109 
008816 	197 	114 	109 	109 
008817 	197 	114 	109 	109 
008818 	197 	114 	109 	109 
008819 	197 	114 	109 	109 
008820 	197 	114 	109 	109 
008821 	197 	114 	109 	109 
008822 	197 	114 	109 	109 
008823 	197 	114 	109 	109 
008824 	197 	114 	109 	109 
008825 	180 	109 	130 	130 
008826 	180 	109 	130 	130 
008827 	185 	126 	109 	109 
008828 	185 	126 	109 	109 
008829 	185 	126 	109 	109 
008830 	180 	123 	130 	130 
008831 	180 	109 	130 	130 
008832 	180 	109 	130 	130 
008833 	197 	114 	109 	109 
008834 	197 	114 	109 	109 
008835 	197 	114 	109 	109 
008836 	197 	114 	109 	109 
008837 	197 	114 	109 	109 
008838 	194 	94 	130 	130 
