Identity  : 	id10553
Reference : 	SMeBRz5AKDY
Offset    : 	-3
FV Conf   : 	14.841
ASD Conf  : 	5.825

FRAME 	X 	Y 	W 	H 
015601 	165 	123 	130 	130 
015602 	165 	123 	130 	130 
015603 	165 	123 	130 	130 
015604 	165 	123 	130 	130 
015605 	165 	123 	130 	130 
015606 	165 	123 	130 	130 
015607 	164 	113 	156 	156 
015608 	185 	126 	109 	109 
015609 	185 	126 	109 	109 
015610 	185 	126 	109 	109 
015611 	164 	113 	156 	156 
015612 	164 	113 	156 	156 
015613 	180 	109 	130 	130 
015614 	180 	109 	130 	130 
015615 	180 	109 	130 	130 
015616 	180 	109 	130 	130 
015617 	180 	109 	130 	130 
015618 	180 	109 	130 	130 
015619 	180 	109 	130 	130 
015620 	197 	114 	109 	109 
015621 	197 	114 	109 	109 
015622 	197 	114 	109 	109 
015623 	197 	114 	109 	109 
015624 	197 	126 	109 	109 
015625 	197 	126 	109 	109 
015626 	197 	126 	109 	109 
015627 	197 	126 	109 	109 
015628 	197 	126 	109 	109 
015629 	197 	126 	109 	109 
015630 	197 	126 	109 	109 
015631 	197 	126 	109 	109 
015632 	197 	126 	109 	109 
015633 	197 	126 	109 	109 
015634 	197 	126 	109 	109 
015635 	197 	126 	109 	109 
015636 	197 	126 	109 	109 
015637 	197 	126 	109 	109 
015638 	197 	126 	109 	109 
015639 	197 	126 	109 	109 
015640 	180 	123 	130 	130 
015641 	180 	123 	130 	130 
015642 	180 	123 	130 	130 
015643 	180 	123 	130 	130 
015644 	180 	123 	130 	130 
015645 	180 	123 	130 	130 
015646 	180 	123 	130 	130 
015647 	185 	126 	109 	109 
015648 	164 	113 	156 	156 
015649 	180 	109 	130 	130 
015650 	164 	113 	156 	156 
015651 	164 	113 	156 	156 
015652 	165 	109 	130 	130 
015653 	165 	109 	130 	130 
015654 	165 	109 	130 	130 
015655 	185 	114 	109 	109 
015656 	180 	109 	130 	130 
015657 	180 	109 	130 	130 
015658 	180 	109 	130 	130 
015659 	197 	114 	109 	109 
015660 	197 	114 	109 	109 
015661 	194 	109 	130 	130 
015662 	194 	109 	130 	130 
015663 	194 	109 	130 	130 
015664 	194 	109 	130 	130 
015665 	194 	109 	130 	130 
015666 	194 	109 	130 	130 
015667 	194 	109 	130 	130 
015668 	194 	109 	130 	130 
015669 	194 	109 	130 	130 
015670 	194 	109 	130 	130 
015671 	194 	109 	130 	130 
015672 	209 	126 	109 	109 
015673 	209 	126 	109 	109 
015674 	194 	109 	130 	130 
015675 	194 	109 	130 	130 
015676 	194 	109 	130 	130 
015677 	194 	109 	130 	130 
015678 	209 	126 	109 	109 
015679 	209 	126 	109 	109 
015680 	209 	126 	109 	109 
015681 	209 	114 	109 	109 
015682 	209 	114 	109 	109 
015683 	209 	114 	109 	109 
015684 	209 	114 	109 	109 
015685 	209 	114 	109 	109 
015686 	209 	114 	109 	109 
015687 	209 	114 	109 	109 
015688 	209 	114 	109 	109 
015689 	209 	114 	109 	109 
015690 	209 	114 	109 	109 
015691 	209 	114 	109 	109 
015692 	209 	114 	109 	109 
015693 	209 	114 	109 	109 
015694 	209 	114 	109 	109 
015695 	209 	114 	109 	109 
015696 	194 	109 	130 	130 
015697 	194 	109 	130 	130 
015698 	194 	109 	130 	130 
015699 	197 	114 	109 	109 
015700 	180 	109 	130 	130 
015701 	180 	109 	130 	130 
015702 	180 	109 	130 	130 
015703 	180 	109 	130 	130 
015704 	180 	109 	130 	130 
015705 	180 	109 	130 	130 
015706 	164 	113 	156 	156 
015707 	164 	113 	156 	156 
015708 	165 	109 	130 	130 
015709 	165 	123 	130 	130 
015710 	165 	123 	130 	130 
015711 	165 	123 	130 	130 
015712 	165 	123 	130 	130 
015713 	165 	123 	130 	130 
015714 	165 	123 	130 	130 
015715 	165 	123 	130 	130 
015716 	165 	123 	130 	130 
015717 	165 	123 	130 	130 
015718 	165 	123 	130 	130 
015719 	173 	126 	109 	109 
015720 	165 	123 	130 	130 
015721 	165 	123 	130 	130 
015722 	165 	109 	130 	130 
015723 	165 	109 	130 	130 
015724 	165 	109 	130 	130 
015725 	165 	109 	130 	130 
015726 	185 	126 	109 	109 
015727 	185 	126 	109 	109 
015728 	185 	126 	109 	109 
015729 	185 	126 	109 	109 
015730 	185 	126 	109 	109 
015731 	185 	126 	109 	109 
015732 	185 	126 	109 	109 
015733 	185 	126 	109 	109 
015734 	185 	126 	109 	109 
015735 	185 	126 	109 	109 
015736 	185 	126 	109 	109 
015737 	185 	126 	109 	109 
015738 	185 	126 	109 	109 
015739 	185 	126 	109 	109 
015740 	185 	126 	109 	109 
015741 	185 	126 	109 	109 
015742 	185 	126 	109 	109 
015743 	185 	126 	109 	109 
015744 	185 	126 	109 	109 
015745 	185 	126 	109 	109 
015746 	185 	126 	109 	109 
015747 	185 	126 	109 	109 
015748 	185 	126 	109 	109 
015749 	185 	126 	109 	109 
015750 	165 	123 	130 	130 
015751 	165 	123 	130 	130 
015752 	165 	123 	130 	130 
015753 	165 	123 	130 	130 
015754 	185 	126 	109 	109 
015755 	185 	126 	109 	109 
015756 	185 	126 	109 	109 
015757 	185 	126 	109 	109 
015758 	185 	126 	109 	109 
015759 	185 	126 	109 	109 
015760 	185 	126 	109 	109 
015761 	185 	126 	109 	109 
015762 	185 	126 	109 	109 
015763 	185 	126 	109 	109 
015764 	185 	126 	109 	109 
015765 	185 	126 	109 	109 
015766 	185 	126 	109 	109 
015767 	185 	126 	109 	109 
015768 	185 	126 	109 	109 
015769 	185 	126 	109 	109 
015770 	185 	126 	109 	109 
015771 	185 	126 	109 	109 
015772 	180 	109 	130 	130 
015773 	180 	109 	130 	130 
015774 	180 	109 	130 	130 
015775 	180 	109 	130 	130 
015776 	180 	109 	130 	130 
015777 	197 	114 	109 	109 
015778 	197 	114 	109 	109 
015779 	194 	109 	130 	130 
015780 	194 	109 	130 	130 
015781 	194 	109 	130 	130 
015782 	194 	109 	130 	130 
