Identity  : 	id10045
Reference : 	qXAm-ptqIIg
Offset    : 	-5
FV Conf   : 	16.455
ASD Conf  : 	5.018

FRAME 	X 	Y 	W 	H 
006218 	113 	89 	224 	224 
006219 	113 	89 	224 	224 
006220 	113 	64 	224 	224 
006221 	113 	64 	224 	224 
006222 	113 	64 	224 	224 
006223 	113 	64 	224 	224 
006224 	113 	64 	224 	224 
006225 	113 	64 	224 	224 
006226 	113 	64 	224 	224 
006227 	113 	64 	224 	224 
006228 	113 	64 	224 	224 
006229 	113 	64 	224 	224 
006230 	113 	64 	224 	224 
006231 	113 	64 	224 	224 
006232 	113 	64 	224 	224 
006233 	113 	64 	224 	224 
006234 	113 	64 	224 	224 
006235 	113 	64 	224 	224 
006236 	113 	64 	224 	224 
006237 	89 	64 	223 	224 
006238 	89 	64 	223 	224 
006239 	89 	64 	223 	224 
006240 	89 	64 	223 	224 
006241 	89 	64 	223 	224 
006242 	89 	64 	223 	224 
006243 	89 	64 	223 	224 
006244 	89 	64 	223 	224 
006245 	89 	64 	223 	224 
006246 	89 	64 	223 	224 
006247 	89 	64 	223 	224 
006248 	89 	64 	223 	224 
006249 	89 	64 	223 	224 
006250 	89 	64 	223 	224 
006251 	89 	64 	223 	224 
006252 	77 	48 	268 	268 
006253 	77 	48 	268 	268 
006254 	77 	48 	268 	268 
006255 	77 	48 	268 	268 
006256 	113 	89 	224 	224 
006257 	113 	89 	224 	224 
006258 	113 	89 	224 	224 
006259 	113 	89 	224 	224 
006260 	113 	89 	224 	224 
006261 	113 	89 	224 	224 
006262 	113 	89 	224 	224 
006263 	113 	89 	224 	224 
006264 	113 	89 	224 	224 
006265 	113 	89 	224 	224 
006266 	113 	89 	224 	224 
006267 	113 	89 	224 	224 
006268 	113 	89 	224 	224 
006269 	113 	89 	224 	224 
006270 	113 	89 	224 	224 
006271 	113 	89 	224 	224 
006272 	113 	89 	224 	224 
006273 	113 	89 	224 	224 
006274 	113 	89 	224 	224 
006275 	106 	48 	269 	268 
006276 	106 	48 	269 	268 
006277 	113 	64 	224 	224 
006278 	113 	64 	224 	224 
006279 	113 	64 	224 	224 
006280 	113 	64 	224 	224 
006281 	113 	64 	224 	224 
006282 	113 	64 	224 	224 
006283 	106 	48 	269 	268 
006284 	106 	48 	269 	268 
006285 	113 	89 	224 	224 
006286 	113 	89 	224 	224 
006287 	113 	89 	224 	224 
006288 	113 	89 	224 	224 
006289 	113 	89 	224 	224 
006290 	113 	89 	224 	224 
006291 	113 	89 	224 	224 
006292 	113 	89 	224 	224 
006293 	113 	89 	224 	224 
006294 	113 	89 	224 	224 
006295 	113 	89 	224 	224 
006296 	113 	89 	224 	224 
006297 	113 	89 	224 	224 
006298 	113 	64 	224 	224 
006299 	77 	48 	268 	268 
006300 	89 	64 	223 	224 
006301 	89 	64 	223 	224 
006302 	89 	64 	223 	224 
006303 	89 	64 	223 	224 
006304 	89 	64 	223 	224 
006305 	89 	64 	223 	224 
006306 	89 	64 	223 	224 
006307 	89 	64 	223 	224 
006308 	89 	64 	223 	224 
006309 	77 	48 	268 	268 
006310 	89 	64 	223 	224 
006311 	77 	48 	268 	268 
006312 	77 	48 	268 	268 
006313 	77 	48 	268 	268 
006314 	77 	48 	268 	268 
006315 	113 	89 	224 	224 
006316 	113 	89 	224 	224 
006317 	113 	89 	224 	224 
006318 	113 	89 	224 	224 
006319 	113 	89 	224 	224 
006320 	113 	89 	224 	224 
006321 	113 	89 	224 	224 
006322 	113 	89 	224 	224 
006323 	113 	89 	224 	224 
006324 	113 	89 	224 	224 
006325 	113 	89 	224 	224 
006326 	113 	89 	224 	224 
006327 	113 	89 	224 	224 
006328 	113 	89 	224 	224 
006329 	113 	89 	224 	224 
006330 	113 	89 	224 	224 
006331 	113 	89 	224 	224 
006332 	113 	89 	224 	224 
006333 	113 	89 	224 	224 
006334 	113 	89 	224 	224 
006335 	113 	89 	224 	224 
006336 	113 	89 	224 	224 
006337 	113 	89 	224 	224 
006338 	113 	89 	224 	224 
006339 	113 	89 	224 	224 
006340 	113 	89 	224 	224 
006341 	113 	89 	224 	224 
006342 	113 	89 	224 	224 
006343 	113 	89 	224 	224 
006344 	113 	89 	224 	224 
006345 	113 	89 	224 	224 
006346 	113 	89 	224 	224 
006347 	113 	89 	224 	224 
006348 	113 	89 	224 	224 
006349 	113 	89 	224 	224 
006350 	113 	89 	224 	224 
006351 	113 	89 	224 	224 
006352 	113 	89 	224 	224 
006353 	113 	89 	224 	224 
006354 	113 	89 	224 	224 
