Identity  : 	id10045
Reference : 	qXAm-ptqIIg
Offset    : 	-5
FV Conf   : 	13.327
ASD Conf  : 	6.694

FRAME 	X 	Y 	W 	H 
015379 	77 	18 	268 	268 
015380 	77 	18 	268 	268 
015381 	77 	18 	268 	268 
015382 	77 	18 	268 	268 
015383 	77 	18 	268 	268 
015384 	77 	18 	268 	268 
015385 	77 	18 	268 	268 
015386 	77 	18 	268 	268 
015387 	77 	18 	268 	268 
015388 	77 	18 	268 	268 
015389 	77 	18 	268 	268 
015390 	89 	64 	223 	224 
015391 	77 	18 	268 	268 
015392 	89 	64 	223 	224 
015393 	89 	64 	223 	224 
015394 	89 	64 	223 	224 
015395 	89 	64 	223 	224 
015396 	89 	64 	223 	224 
015397 	89 	64 	223 	224 
015398 	89 	64 	223 	224 
015399 	89 	64 	223 	224 
015400 	89 	64 	223 	224 
015401 	89 	64 	223 	224 
015402 	89 	64 	223 	224 
015403 	89 	64 	223 	224 
015404 	89 	64 	223 	224 
015405 	89 	64 	223 	224 
015406 	47 	48 	269 	268 
015407 	47 	48 	269 	268 
015408 	47 	48 	269 	268 
015409 	47 	48 	269 	268 
015410 	47 	48 	269 	268 
015411 	47 	48 	269 	268 
015412 	89 	64 	223 	224 
015413 	89 	64 	223 	224 
015414 	89 	64 	223 	224 
015415 	77 	48 	268 	268 
015416 	77 	48 	268 	268 
015417 	77 	48 	268 	268 
015418 	77 	48 	268 	268 
015419 	77 	48 	268 	268 
015420 	77 	48 	268 	268 
015421 	77 	48 	268 	268 
015422 	77 	48 	268 	268 
015423 	77 	48 	268 	268 
015424 	77 	48 	268 	268 
015425 	77 	48 	268 	268 
015426 	77 	48 	268 	268 
015427 	77 	48 	268 	268 
015428 	77 	48 	268 	268 
015429 	77 	48 	268 	268 
015430 	77 	48 	268 	268 
015431 	77 	48 	268 	268 
015432 	77 	48 	268 	268 
015433 	77 	48 	268 	268 
015434 	113 	64 	224 	224 
015435 	113 	64 	224 	224 
015436 	113 	64 	224 	224 
015437 	113 	64 	224 	224 
015438 	113 	64 	224 	224 
015439 	113 	64 	224 	224 
015440 	113 	64 	224 	224 
015441 	106 	48 	269 	268 
015442 	106 	48 	269 	268 
015443 	106 	48 	269 	268 
015444 	106 	48 	269 	268 
015445 	106 	48 	269 	268 
015446 	106 	48 	269 	268 
015447 	106 	48 	269 	268 
015448 	106 	48 	269 	268 
015449 	106 	48 	269 	268 
015450 	106 	48 	269 	268 
015451 	106 	48 	269 	268 
015452 	113 	64 	224 	224 
015453 	113 	64 	224 	224 
015454 	77 	48 	268 	268 
015455 	77 	48 	268 	268 
015456 	77 	48 	268 	268 
015457 	77 	48 	268 	268 
015458 	113 	64 	224 	224 
015459 	77 	48 	268 	268 
015460 	77 	48 	268 	268 
015461 	77 	48 	268 	268 
015462 	77 	48 	268 	268 
015463 	77 	48 	268 	268 
015464 	77 	48 	268 	268 
015465 	77 	48 	268 	268 
015466 	77 	48 	268 	268 
015467 	77 	48 	268 	268 
015468 	77 	48 	268 	268 
015469 	106 	48 	269 	268 
015470 	106 	48 	269 	268 
015471 	106 	48 	269 	268 
015472 	106 	48 	269 	268 
015473 	106 	48 	269 	268 
015474 	106 	48 	269 	268 
015475 	106 	48 	269 	268 
015476 	106 	48 	269 	268 
015477 	106 	48 	269 	268 
015478 	106 	48 	269 	268 
015479 	106 	48 	269 	268 
015480 	106 	48 	269 	268 
015481 	106 	48 	269 	268 
015482 	106 	48 	269 	268 
015483 	113 	89 	224 	224 
015484 	106 	48 	269 	268 
015485 	106 	48 	269 	268 
015486 	106 	48 	269 	268 
015487 	106 	48 	269 	268 
015488 	106 	48 	269 	268 
015489 	106 	48 	269 	268 
015490 	106 	48 	269 	268 
015491 	106 	48 	269 	268 
015492 	106 	48 	269 	268 
015493 	106 	48 	269 	268 
015494 	106 	48 	269 	268 
015495 	106 	48 	269 	268 
015496 	106 	48 	269 	268 
015497 	106 	48 	269 	268 
015498 	106 	48 	269 	268 
015499 	106 	48 	269 	268 
015500 	106 	48 	269 	268 
015501 	106 	48 	269 	268 
015502 	106 	48 	269 	268 
015503 	106 	48 	269 	268 
015504 	106 	48 	269 	268 
015505 	106 	48 	269 	268 
015506 	106 	48 	269 	268 
015507 	106 	48 	269 	268 
015508 	106 	48 	269 	268 
015509 	136 	48 	269 	268 
015510 	138 	64 	224 	224 
015511 	138 	64 	224 	224 
015512 	138 	64 	224 	224 
015513 	138 	64 	224 	224 
015514 	138 	64 	224 	224 
015515 	138 	64 	224 	224 
015516 	163 	39 	224 	224 
015517 	163 	39 	224 	224 
015518 	163 	39 	224 	224 
015519 	163 	39 	224 	224 
015520 	163 	39 	224 	224 
015521 	163 	39 	224 	224 
015522 	163 	39 	224 	224 
015523 	163 	39 	224 	224 
015524 	163 	39 	224 	224 
015525 	163 	39 	224 	224 
015526 	163 	64 	224 	224 
015527 	136 	48 	269 	268 
015528 	136 	48 	269 	268 
015529 	136 	48 	269 	268 
015530 	136 	48 	269 	268 
015531 	136 	48 	269 	268 
015532 	136 	48 	269 	268 
015533 	136 	48 	269 	268 
015534 	136 	48 	269 	268 
015535 	136 	48 	269 	268 
015536 	136 	48 	269 	268 
015537 	136 	48 	269 	268 
015538 	136 	48 	269 	268 
015539 	136 	48 	269 	268 
015540 	136 	48 	269 	268 
015541 	136 	48 	269 	268 
015542 	136 	48 	269 	268 
015543 	136 	48 	269 	268 
015544 	106 	48 	269 	268 
015545 	106 	48 	269 	268 
015546 	106 	48 	269 	268 
015547 	106 	48 	269 	268 
015548 	106 	48 	269 	268 
015549 	106 	48 	269 	268 
015550 	106 	48 	269 	268 
015551 	77 	48 	268 	268 
015552 	77 	48 	268 	268 
015553 	77 	48 	268 	268 
015554 	77 	48 	268 	268 
015555 	77 	48 	268 	268 
015556 	89 	64 	223 	224 
015557 	47 	48 	269 	268 
015558 	47 	48 	269 	268 
015559 	47 	48 	269 	268 
015560 	47 	48 	269 	268 
015561 	47 	48 	269 	268 
015562 	64 	89 	224 	224 
015563 	64 	89 	224 	224 
015564 	64 	89 	224 	224 
015565 	64 	89 	224 	224 
015566 	64 	89 	224 	224 
015567 	64 	89 	224 	224 
015568 	64 	89 	224 	224 
015569 	64 	89 	224 	224 
015570 	47 	48 	269 	268 
015571 	47 	48 	269 	268 
015572 	64 	89 	224 	224 
015573 	64 	89 	224 	224 
015574 	64 	89 	224 	224 
015575 	64 	89 	224 	224 
015576 	64 	89 	224 	224 
015577 	64 	89 	224 	224 
015578 	64 	64 	224 	224 
015579 	64 	64 	224 	224 
015580 	64 	89 	224 	224 
015581 	47 	48 	269 	268 
015582 	47 	48 	269 	268 
015583 	47 	48 	269 	268 
015584 	47 	48 	269 	268 
015585 	47 	48 	269 	268 
015586 	47 	48 	269 	268 
015587 	47 	48 	269 	268 
015588 	47 	48 	269 	268 
015589 	47 	48 	269 	268 
015590 	47 	48 	269 	268 
015591 	47 	48 	269 	268 
015592 	47 	48 	269 	268 
015593 	47 	48 	269 	268 
015594 	89 	64 	223 	224 
015595 	77 	48 	268 	268 
015596 	77 	48 	268 	268 
015597 	77 	48 	268 	268 
015598 	77 	48 	268 	268 
015599 	77 	48 	268 	268 
015600 	77 	48 	268 	268 
015601 	113 	64 	224 	224 
015602 	113 	64 	224 	224 
015603 	106 	48 	269 	268 
015604 	106 	48 	269 	268 
015605 	113 	64 	224 	224 
015606 	77 	48 	268 	268 
015607 	77 	48 	268 	268 
015608 	77 	48 	268 	268 
015609 	77 	48 	268 	268 
015610 	77 	48 	268 	268 
015611 	77 	48 	268 	268 
015612 	77 	48 	268 	268 
015613 	77 	48 	268 	268 
015614 	77 	48 	268 	268 
015615 	77 	48 	268 	268 
015616 	77 	48 	268 	268 
015617 	77 	48 	268 	268 
015618 	77 	48 	268 	268 
015619 	77 	48 	268 	268 
015620 	113 	89 	224 	224 
015621 	113 	89 	224 	224 
015622 	113 	89 	224 	224 
015623 	77 	48 	268 	268 
015624 	77 	48 	268 	268 
015625 	77 	48 	268 	268 
015626 	77 	48 	268 	268 
015627 	89 	64 	223 	224 
015628 	47 	48 	269 	268 
015629 	47 	48 	269 	268 
015630 	47 	48 	269 	268 
015631 	64 	64 	224 	224 
015632 	64 	64 	224 	224 
015633 	64 	64 	224 	224 
015634 	64 	64 	224 	224 
015635 	64 	64 	224 	224 
015636 	64 	64 	224 	224 
015637 	64 	64 	224 	224 
015638 	64 	64 	224 	224 
015639 	64 	64 	224 	224 
015640 	64 	64 	224 	224 
015641 	64 	64 	224 	224 
015642 	64 	64 	224 	224 
015643 	64 	64 	224 	224 
015644 	64 	64 	224 	224 
015645 	47 	48 	269 	268 
015646 	47 	48 	269 	268 
015647 	47 	48 	269 	268 
015648 	89 	64 	223 	224 
015649 	77 	48 	268 	268 
015650 	77 	48 	268 	268 
015651 	77 	48 	268 	268 
015652 	77 	48 	268 	268 
015653 	77 	48 	268 	268 
015654 	77 	48 	268 	268 
015655 	113 	89 	224 	224 
