Identity  : 	id10017
Reference : 	8rp9UYZp-zA
Offset    : 	-4
FV Conf   : 	26.303
ASD Conf  : 	6.503

FRAME 	X 	Y 	W 	H 
003726 	204 	85 	91 	91 
003727 	204 	85 	91 	91 
003728 	204 	85 	91 	91 
003729 	204 	85 	91 	91 
003730 	204 	85 	91 	91 
003731 	204 	85 	91 	91 
003732 	204 	85 	91 	91 
003733 	204 	85 	91 	91 
003734 	204 	85 	91 	91 
003735 	204 	85 	91 	91 
003736 	204 	85 	91 	91 
003737 	204 	85 	91 	91 
003738 	204 	85 	91 	91 
003739 	204 	85 	91 	91 
003740 	204 	85 	91 	91 
003741 	204 	85 	91 	91 
003742 	204 	85 	91 	91 
003743 	204 	85 	91 	91 
003744 	204 	85 	91 	91 
003745 	204 	85 	91 	91 
003746 	204 	85 	91 	91 
003747 	204 	85 	91 	91 
003748 	204 	85 	91 	91 
003749 	204 	85 	91 	91 
003750 	204 	85 	91 	91 
003751 	204 	85 	91 	91 
003752 	204 	85 	91 	91 
003753 	204 	95 	91 	91 
003754 	204 	95 	91 	91 
003755 	204 	95 	91 	91 
003756 	204 	95 	91 	91 
003757 	204 	95 	91 	91 
003758 	204 	95 	91 	91 
003759 	204 	95 	91 	91 
003760 	204 	95 	91 	91 
003761 	204 	95 	91 	91 
003762 	204 	95 	91 	91 
003763 	204 	95 	91 	91 
003764 	204 	95 	91 	91 
003765 	204 	95 	91 	91 
003766 	204 	95 	91 	91 
003767 	204 	95 	91 	91 
003768 	204 	95 	91 	91 
003769 	204 	95 	91 	91 
003770 	204 	95 	91 	91 
003771 	204 	95 	91 	91 
003772 	204 	95 	91 	91 
003773 	204 	95 	91 	91 
003774 	204 	95 	91 	91 
003775 	204 	95 	91 	91 
003776 	204 	95 	91 	91 
003777 	204 	95 	91 	91 
003778 	204 	95 	91 	91 
003779 	204 	95 	91 	91 
003780 	204 	95 	91 	91 
003781 	214 	95 	91 	91 
003782 	214 	95 	91 	91 
003783 	214 	95 	91 	91 
003784 	214 	95 	91 	91 
003785 	214 	85 	91 	91 
003786 	214 	85 	91 	91 
003787 	214 	85 	91 	91 
003788 	214 	85 	91 	91 
003789 	197 	78 	109 	109 
003790 	197 	78 	109 	109 
003791 	204 	85 	91 	91 
003792 	204 	85 	91 	91 
003793 	204 	85 	91 	91 
003794 	204 	85 	91 	91 
003795 	204 	85 	91 	91 
003796 	204 	85 	91 	91 
003797 	214 	85 	91 	91 
003798 	214 	85 	91 	91 
003799 	214 	85 	91 	91 
003800 	214 	85 	91 	91 
003801 	214 	85 	91 	91 
003802 	214 	85 	91 	91 
003803 	214 	85 	91 	91 
003804 	204 	85 	91 	91 
003805 	204 	85 	91 	91 
003806 	204 	95 	91 	91 
003807 	204 	95 	91 	91 
003808 	204 	95 	91 	91 
003809 	194 	95 	91 	91 
003810 	194 	105 	91 	91 
003811 	194 	105 	91 	91 
003812 	194 	105 	91 	91 
003813 	194 	105 	91 	91 
003814 	194 	105 	91 	91 
003815 	194 	105 	91 	91 
003816 	194 	105 	91 	91 
003817 	194 	95 	91 	91 
003818 	194 	95 	91 	91 
003819 	194 	95 	91 	91 
003820 	194 	95 	91 	91 
003821 	194 	95 	91 	91 
003822 	194 	95 	91 	91 
003823 	194 	95 	91 	91 
003824 	194 	95 	91 	91 
003825 	194 	95 	91 	91 
003826 	204 	95 	91 	91 
003827 	204 	85 	91 	91 
003828 	204 	85 	91 	91 
003829 	204 	85 	91 	91 
003830 	214 	85 	91 	91 
003831 	214 	85 	91 	91 
003832 	214 	85 	91 	91 
003833 	214 	85 	91 	91 
003834 	214 	85 	91 	91 
003835 	214 	85 	91 	91 
003836 	214 	85 	91 	91 
003837 	214 	85 	91 	91 
003838 	214 	85 	91 	91 
003839 	214 	85 	91 	91 
003840 	214 	85 	91 	91 
003841 	214 	85 	91 	91 
003842 	214 	85 	91 	91 
003843 	214 	85 	91 	91 
003844 	204 	85 	91 	91 
003845 	204 	85 	91 	91 
003846 	204 	85 	91 	91 
003847 	204 	85 	91 	91 
003848 	204 	85 	91 	91 
003849 	204 	85 	91 	91 
003850 	204 	85 	91 	91 
003851 	204 	85 	91 	91 
003852 	204 	85 	91 	91 
003853 	204 	85 	91 	91 
003854 	204 	85 	91 	91 
003855 	204 	85 	91 	91 
003856 	204 	85 	91 	91 
003857 	204 	85 	91 	91 
003858 	204 	85 	91 	91 
003859 	197 	66 	109 	109 
003860 	204 	85 	91 	91 
003861 	197 	66 	109 	109 
003862 	204 	75 	91 	91 
003863 	204 	75 	91 	91 
003864 	204 	75 	91 	91 
003865 	204 	75 	91 	91 
003866 	204 	75 	91 	91 
003867 	204 	75 	91 	91 
003868 	204 	75 	91 	91 
003869 	204 	75 	91 	91 
003870 	204 	75 	91 	91 
003871 	204 	75 	91 	91 
003872 	204 	75 	91 	91 
003873 	204 	75 	91 	91 
003874 	204 	75 	91 	91 
003875 	204 	75 	91 	91 
003876 	204 	85 	91 	91 
003877 	204 	85 	91 	91 
003878 	204 	85 	91 	91 
003879 	204 	85 	91 	91 
003880 	204 	85 	91 	91 
003881 	204 	85 	91 	91 
003882 	204 	85 	91 	91 
003883 	204 	85 	91 	91 
003884 	204 	85 	91 	91 
003885 	204 	75 	91 	91 
003886 	204 	75 	91 	91 
003887 	204 	75 	91 	91 
003888 	204 	75 	91 	91 
003889 	204 	75 	91 	91 
003890 	204 	75 	91 	91 
003891 	204 	75 	91 	91 
003892 	204 	75 	91 	91 
003893 	204 	75 	91 	91 
003894 	204 	75 	91 	91 
003895 	214 	75 	91 	91 
003896 	204 	75 	91 	91 
003897 	204 	75 	91 	91 
003898 	204 	75 	91 	91 
003899 	204 	85 	91 	91 
003900 	214 	85 	91 	91 
003901 	214 	85 	91 	91 
003902 	204 	85 	91 	91 
003903 	214 	85 	91 	91 
003904 	204 	75 	91 	91 
003905 	204 	75 	91 	91 
003906 	204 	75 	91 	91 
003907 	204 	75 	91 	91 
003908 	204 	75 	91 	91 
003909 	204 	75 	91 	91 
003910 	204 	75 	91 	91 
003911 	204 	85 	91 	91 
003912 	204 	85 	91 	91 
003913 	204 	85 	91 	91 
003914 	204 	85 	91 	91 
003915 	204 	95 	91 	91 
003916 	204 	95 	91 	91 
003917 	214 	95 	91 	91 
003918 	214 	95 	91 	91 
003919 	214 	95 	91 	91 
003920 	214 	95 	91 	91 
003921 	214 	95 	91 	91 
003922 	214 	95 	91 	91 
003923 	214 	95 	91 	91 
003924 	214 	95 	91 	91 
003925 	214 	95 	91 	91 
003926 	214 	95 	91 	91 
003927 	214 	95 	91 	91 
003928 	214 	95 	91 	91 
003929 	214 	95 	91 	91 
003930 	214 	85 	91 	91 
003931 	214 	85 	91 	91 
003932 	214 	85 	91 	91 
003933 	214 	85 	91 	91 
003934 	214 	85 	91 	91 
003935 	214 	85 	91 	91 
003936 	214 	85 	91 	91 
003937 	214 	85 	91 	91 
003938 	214 	85 	91 	91 
003939 	214 	85 	91 	91 
003940 	214 	85 	91 	91 
003941 	214 	85 	91 	91 
003942 	214 	85 	91 	91 
003943 	214 	85 	91 	91 
003944 	214 	85 	91 	91 
003945 	214 	85 	91 	91 
003946 	214 	85 	91 	91 
003947 	214 	85 	91 	91 
003948 	214 	85 	91 	91 
003949 	214 	85 	91 	91 
003950 	214 	85 	91 	91 
003951 	214 	85 	91 	91 
003952 	214 	85 	91 	91 
003953 	214 	85 	91 	91 
003954 	214 	85 	91 	91 
003955 	214 	85 	91 	91 
003956 	214 	85 	91 	91 
003957 	214 	85 	91 	91 
003958 	214 	85 	91 	91 
003959 	204 	85 	91 	91 
003960 	204 	85 	91 	91 
003961 	204 	85 	91 	91 
003962 	204 	85 	91 	91 
003963 	204 	85 	91 	91 
003964 	204 	85 	91 	91 
003965 	204 	85 	91 	91 
003966 	204 	85 	91 	91 
003967 	204 	85 	91 	91 
003968 	204 	85 	91 	91 
003969 	204 	85 	91 	91 
003970 	204 	85 	91 	91 
