Identity  : 	id11112
Reference : 	L-ESvBE1mj0
Offset    : 	-2
FV Conf   : 	15.140
ASD Conf  : 	5.568

FRAME 	X 	Y 	W 	H 
004384 	134 	65 	91 	91 
004385 	144 	75 	91 	91 
004386 	144 	75 	91 	91 
004387 	144 	75 	91 	91 
004388 	144 	75 	91 	91 
004389 	144 	75 	91 	91 
004390 	144 	75 	91 	91 
004391 	144 	75 	91 	91 
004392 	134 	75 	91 	91 
004393 	134 	75 	91 	91 
004394 	134 	75 	91 	91 
004395 	134 	75 	91 	91 
004396 	134 	75 	91 	91 
004397 	134 	75 	91 	91 
004398 	134 	75 	91 	91 
004399 	134 	75 	91 	91 
004400 	134 	75 	91 	91 
004401 	134 	75 	91 	91 
004402 	134 	75 	91 	91 
004403 	134 	75 	91 	91 
004404 	134 	75 	91 	91 
004405 	134 	75 	91 	91 
004406 	134 	75 	91 	91 
004407 	134 	75 	91 	91 
004408 	134 	65 	91 	91 
004409 	124 	75 	91 	91 
004410 	124 	75 	91 	91 
004411 	124 	75 	91 	91 
004412 	124 	75 	91 	91 
004413 	124 	75 	91 	91 
004414 	114 	75 	91 	91 
004415 	114 	75 	91 	91 
004416 	114 	75 	91 	91 
004417 	114 	75 	91 	91 
004418 	124 	65 	91 	91 
004419 	124 	65 	91 	91 
004420 	124 	65 	91 	91 
004421 	124 	65 	91 	91 
004422 	124 	65 	91 	91 
004423 	134 	65 	91 	91 
004424 	134 	65 	91 	91 
004425 	134 	65 	91 	91 
004426 	134 	65 	91 	91 
004427 	134 	65 	91 	91 
004428 	134 	65 	91 	91 
004429 	134 	65 	91 	91 
004430 	134 	65 	91 	91 
004431 	134 	65 	91 	91 
004432 	134 	65 	91 	91 
004433 	134 	75 	91 	91 
004434 	134 	75 	91 	91 
004435 	134 	75 	91 	91 
004436 	134 	75 	91 	91 
004437 	134 	75 	91 	91 
004438 	134 	65 	91 	91 
004439 	134 	65 	91 	91 
004440 	134 	65 	91 	91 
004441 	134 	65 	91 	91 
004442 	134 	65 	91 	91 
004443 	134 	65 	91 	91 
004444 	134 	65 	91 	91 
004445 	134 	55 	91 	91 
004446 	134 	55 	91 	91 
004447 	134 	55 	91 	91 
004448 	134 	55 	91 	91 
004449 	134 	55 	91 	91 
004450 	134 	55 	91 	91 
004451 	134 	55 	91 	91 
004452 	134 	65 	91 	91 
004453 	124 	65 	91 	91 
004454 	124 	65 	91 	91 
004455 	124 	65 	91 	91 
004456 	124 	65 	91 	91 
004457 	124 	75 	91 	91 
004458 	134 	65 	91 	91 
004459 	134 	65 	91 	91 
004460 	134 	65 	91 	91 
004461 	134 	65 	91 	91 
004462 	134 	65 	91 	91 
004463 	134 	65 	91 	91 
004464 	134 	65 	91 	91 
004465 	134 	65 	91 	91 
004466 	134 	65 	91 	91 
004467 	134 	65 	91 	91 
004468 	134 	65 	91 	91 
004469 	134 	65 	91 	91 
004470 	134 	65 	91 	91 
004471 	134 	65 	91 	91 
004472 	134 	65 	91 	91 
004473 	134 	65 	91 	91 
004474 	134 	65 	91 	91 
004475 	134 	65 	91 	91 
004476 	134 	65 	91 	91 
004477 	134 	65 	91 	91 
004478 	134 	65 	91 	91 
004479 	134 	65 	91 	91 
004480 	134 	65 	91 	91 
004481 	134 	65 	91 	91 
004482 	134 	65 	91 	91 
004483 	134 	65 	91 	91 
004484 	134 	65 	91 	91 
004485 	134 	65 	91 	91 
004486 	134 	65 	91 	91 
004487 	134 	65 	91 	91 
004488 	134 	65 	91 	91 
004489 	134 	65 	91 	91 
004490 	134 	65 	91 	91 
004491 	134 	65 	91 	91 
004492 	134 	65 	91 	91 
004493 	134 	65 	91 	91 
004494 	134 	65 	91 	91 
004495 	134 	65 	91 	91 
004496 	134 	65 	91 	91 
004497 	134 	65 	91 	91 
004498 	134 	65 	91 	91 
004499 	134 	65 	91 	91 
004500 	134 	65 	91 	91 
004501 	134 	65 	91 	91 
004502 	134 	65 	91 	91 
004503 	134 	65 	91 	91 
004504 	134 	65 	91 	91 
004505 	134 	65 	91 	91 
004506 	134 	65 	91 	91 
004507 	134 	65 	91 	91 
004508 	134 	65 	91 	91 
004509 	134 	65 	91 	91 
004510 	134 	65 	91 	91 
004511 	134 	65 	91 	91 
004512 	134 	65 	91 	91 
004513 	134 	65 	91 	91 
004514 	134 	65 	91 	91 
004515 	134 	65 	91 	91 
004516 	134 	65 	91 	91 
004517 	134 	65 	91 	91 
004518 	134 	65 	91 	91 
004519 	134 	65 	91 	91 
004520 	134 	65 	91 	91 
004521 	134 	65 	91 	91 
004522 	134 	65 	91 	91 
004523 	134 	65 	91 	91 
004524 	134 	65 	91 	91 
004525 	134 	65 	91 	91 
004526 	134 	65 	91 	91 
004527 	134 	65 	91 	91 
004528 	134 	65 	91 	91 
004529 	134 	65 	91 	91 
004530 	134 	65 	91 	91 
004531 	134 	65 	91 	91 
004532 	134 	65 	91 	91 
004533 	134 	65 	91 	91 
004534 	134 	65 	91 	91 
004535 	134 	65 	91 	91 
004536 	134 	65 	91 	91 
004537 	134 	65 	91 	91 
004538 	134 	65 	91 	91 
004539 	134 	65 	91 	91 
004540 	134 	65 	91 	91 
004541 	134 	65 	91 	91 
004542 	134 	65 	91 	91 
004543 	134 	65 	91 	91 
004544 	134 	65 	91 	91 
004545 	134 	65 	91 	91 
004546 	134 	65 	91 	91 
004547 	134 	65 	91 	91 
004548 	134 	65 	91 	91 
004549 	134 	65 	91 	91 
004550 	134 	65 	91 	91 
004551 	134 	65 	91 	91 
004552 	134 	65 	91 	91 
004553 	134 	65 	91 	91 
004554 	134 	65 	91 	91 
004555 	134 	65 	91 	91 
004556 	134 	65 	91 	91 
004557 	134 	65 	91 	91 
004558 	134 	65 	91 	91 
004559 	134 	65 	91 	91 
004560 	134 	65 	91 	91 
004561 	134 	65 	91 	91 
004562 	134 	65 	91 	91 
004563 	124 	65 	91 	91 
004564 	124 	65 	91 	91 
004565 	124 	65 	91 	91 
004566 	124 	65 	91 	91 
004567 	124 	65 	91 	91 
004568 	124 	65 	91 	91 
004569 	124 	65 	91 	91 
004570 	134 	65 	91 	91 
004571 	134 	65 	91 	91 
004572 	134 	65 	91 	91 
004573 	134 	65 	91 	91 
004574 	134 	65 	91 	91 
