Identity  : 	id10809
Reference : 	KujATLKiZzE
Offset    : 	-1
FV Conf   : 	16.914
ASD Conf  : 	6.814

FRAME 	X 	Y 	W 	H 
006341 	223 	94 	130 	130 
006342 	223 	94 	130 	130 
006343 	199 	79 	155 	156 
006344 	199 	79 	155 	156 
006345 	199 	79 	155 	156 
006346 	199 	79 	155 	156 
006347 	199 	79 	155 	156 
006348 	199 	79 	155 	156 
006349 	199 	79 	155 	156 
006350 	199 	79 	155 	156 
006351 	199 	79 	155 	156 
006352 	199 	79 	155 	156 
006353 	199 	79 	155 	156 
006354 	199 	79 	155 	156 
006355 	199 	79 	155 	156 
006356 	199 	79 	155 	156 
006357 	199 	79 	155 	156 
006358 	223 	94 	130 	130 
006359 	199 	79 	155 	156 
006360 	199 	79 	155 	156 
006361 	208 	94 	130 	130 
006362 	199 	79 	155 	156 
006363 	199 	79 	155 	156 
006364 	199 	79 	155 	156 
006365 	199 	79 	155 	156 
006366 	223 	94 	130 	130 
006367 	216 	79 	156 	156 
006368 	216 	79 	156 	156 
006369 	237 	94 	130 	130 
006370 	237 	94 	130 	130 
006371 	233 	79 	156 	156 
006372 	233 	79 	156 	156 
006373 	233 	79 	156 	156 
006374 	233 	79 	156 	156 
006375 	233 	79 	156 	156 
006376 	233 	79 	156 	156 
006377 	233 	79 	156 	156 
006378 	233 	79 	156 	156 
006379 	233 	79 	156 	156 
006380 	233 	79 	156 	156 
006381 	233 	79 	156 	156 
006382 	233 	79 	156 	156 
006383 	233 	79 	156 	156 
006384 	233 	79 	156 	156 
006385 	233 	79 	156 	156 
006386 	233 	79 	156 	156 
006387 	233 	79 	156 	156 
006388 	233 	79 	156 	156 
006389 	233 	79 	156 	156 
006390 	233 	79 	156 	156 
006391 	233 	79 	156 	156 
006392 	233 	79 	156 	156 
006393 	233 	79 	156 	156 
006394 	233 	79 	156 	156 
006395 	233 	79 	156 	156 
006396 	233 	79 	156 	156 
006397 	233 	79 	156 	156 
006398 	233 	79 	156 	156 
006399 	233 	79 	156 	156 
006400 	233 	79 	156 	156 
006401 	233 	79 	156 	156 
006402 	233 	79 	156 	156 
006403 	233 	79 	156 	156 
006404 	233 	79 	156 	156 
006405 	233 	79 	156 	156 
006406 	237 	94 	130 	130 
006407 	237 	94 	130 	130 
006408 	237 	94 	130 	130 
006409 	237 	94 	130 	130 
006410 	216 	79 	156 	156 
006411 	237 	94 	130 	130 
006412 	237 	94 	130 	130 
006413 	216 	79 	156 	156 
006414 	237 	94 	130 	130 
006415 	237 	94 	130 	130 
006416 	237 	94 	130 	130 
006417 	216 	79 	156 	156 
006418 	237 	94 	130 	130 
006419 	237 	94 	130 	130 
006420 	237 	94 	130 	130 
006421 	237 	94 	130 	130 
006422 	237 	94 	130 	130 
006423 	237 	94 	130 	130 
006424 	237 	94 	130 	130 
006425 	233 	79 	156 	156 
006426 	233 	79 	156 	156 
006427 	266 	94 	130 	130 
006428 	280 	94 	130 	130 
006429 	280 	94 	130 	130 
006430 	280 	94 	130 	130 
006431 	294 	94 	130 	130 
006432 	294 	94 	130 	130 
006433 	294 	94 	130 	130 
006434 	294 	94 	130 	130 
006435 	294 	94 	130 	130 
006436 	294 	94 	130 	130 
006437 	294 	94 	130 	130 
006438 	294 	94 	130 	130 
006439 	294 	94 	130 	130 
006440 	294 	94 	130 	130 
006441 	294 	94 	130 	130 
006442 	294 	94 	130 	130 
006443 	294 	94 	130 	130 
006444 	294 	94 	130 	130 
006445 	294 	94 	130 	130 
006446 	294 	94 	130 	130 
006447 	294 	94 	130 	130 
006448 	294 	94 	130 	130 
006449 	294 	94 	130 	130 
006450 	294 	94 	130 	130 
006451 	294 	94 	130 	130 
006452 	294 	94 	130 	130 
006453 	294 	94 	130 	130 
006454 	294 	94 	130 	130 
006455 	294 	94 	130 	130 
006456 	294 	94 	130 	130 
006457 	294 	94 	130 	130 
006458 	294 	94 	130 	130 
006459 	294 	94 	130 	130 
006460 	294 	94 	130 	130 
006461 	280 	94 	130 	130 
006462 	267 	96 	156 	156 
006463 	280 	94 	130 	130 
006464 	280 	94 	130 	130 
006465 	294 	109 	130 	130 
006466 	294 	109 	130 	130 
006467 	294 	109 	130 	130 
006468 	294 	109 	130 	130 
006469 	294 	109 	130 	130 
006470 	294 	109 	130 	130 
006471 	294 	109 	130 	130 
006472 	294 	94 	130 	130 
006473 	280 	94 	130 	130 
006474 	280 	94 	130 	130 
006475 	250 	79 	156 	156 
006476 	251 	94 	130 	130 
006477 	233 	79 	156 	156 
006478 	233 	79 	156 	156 
006479 	233 	79 	156 	156 
006480 	233 	79 	156 	156 
