Identity  : 	id11048
Reference : 	xk8okzebW5c
Offset    : 	-1
FV Conf   : 	14.170
ASD Conf  : 	8.014

FRAME 	X 	Y 	W 	H 
004997 	284 	85 	90 	91 
004998 	284 	85 	90 	91 
004999 	284 	85 	90 	91 
005000 	284 	85 	90 	91 
005001 	284 	85 	90 	91 
005002 	284 	85 	90 	91 
005003 	284 	85 	90 	91 
005004 	284 	85 	90 	91 
005005 	284 	85 	90 	91 
005006 	284 	95 	90 	91 
005007 	284 	95 	90 	91 
005008 	284 	95 	90 	91 
005009 	284 	85 	90 	91 
005010 	284 	85 	90 	91 
005011 	284 	85 	90 	91 
005012 	284 	85 	90 	91 
005013 	284 	85 	90 	91 
005014 	284 	85 	90 	91 
005015 	284 	85 	90 	91 
005016 	284 	85 	90 	91 
005017 	284 	85 	90 	91 
005018 	284 	85 	90 	91 
005019 	284 	85 	90 	91 
005020 	281 	78 	108 	109 
005021 	281 	78 	108 	109 
005022 	281 	78 	108 	109 
005023 	281 	78 	108 	109 
005024 	284 	85 	90 	91 
005025 	284 	95 	90 	91 
005026 	284 	95 	90 	91 
005027 	284 	95 	90 	91 
005028 	284 	95 	90 	91 
005029 	284 	95 	90 	91 
005030 	294 	95 	90 	91 
005031 	281 	78 	108 	109 
005032 	281 	78 	108 	109 
005033 	281 	78 	108 	109 
005034 	294 	85 	90 	91 
005035 	294 	85 	90 	91 
005036 	294 	85 	90 	91 
005037 	294 	85 	90 	91 
005038 	294 	85 	90 	91 
005039 	294 	85 	90 	91 
005040 	294 	85 	90 	91 
005041 	294 	95 	90 	91 
005042 	294 	95 	90 	91 
005043 	294 	95 	90 	91 
005044 	294 	95 	90 	91 
005045 	293 	90 	108 	109 
005046 	304 	95 	90 	91 
005047 	304 	95 	90 	91 
005048 	304 	95 	90 	91 
005049 	304 	95 	90 	91 
005050 	304 	85 	90 	91 
005051 	294 	85 	90 	91 
005052 	294 	85 	90 	91 
005053 	294 	85 	90 	91 
005054 	294 	85 	90 	91 
005055 	294 	85 	90 	91 
005056 	281 	78 	108 	109 
005057 	281 	78 	108 	109 
005058 	284 	85 	90 	91 
005059 	284 	85 	90 	91 
005060 	284 	85 	90 	91 
005061 	284 	85 	90 	91 
005062 	284 	95 	90 	91 
005063 	284 	95 	90 	91 
005064 	284 	95 	90 	91 
005065 	284 	95 	90 	91 
005066 	284 	95 	90 	91 
005067 	284 	95 	90 	91 
005068 	284 	95 	90 	91 
005069 	284 	95 	90 	91 
005070 	269 	78 	108 	109 
005071 	269 	78 	108 	109 
005072 	269 	78 	108 	109 
005073 	274 	85 	90 	91 
005074 	274 	85 	90 	91 
005075 	274 	85 	90 	91 
005076 	274 	85 	90 	91 
005077 	274 	85 	90 	91 
005078 	269 	78 	108 	109 
005079 	269 	78 	108 	109 
005080 	269 	78 	108 	109 
005081 	269 	78 	108 	109 
005082 	269 	78 	108 	109 
005083 	269 	78 	108 	109 
005084 	269 	78 	108 	109 
005085 	284 	85 	90 	91 
005086 	284 	85 	90 	91 
005087 	284 	85 	90 	91 
005088 	284 	85 	90 	91 
005089 	284 	85 	90 	91 
005090 	284 	85 	90 	91 
005091 	284 	85 	90 	91 
005092 	284 	85 	90 	91 
005093 	284 	85 	90 	91 
005094 	284 	85 	90 	91 
005095 	284 	85 	90 	91 
005096 	284 	85 	90 	91 
005097 	284 	85 	90 	91 
005098 	284 	85 	90 	91 
005099 	284 	85 	90 	91 
005100 	284 	85 	90 	91 
005101 	284 	85 	90 	91 
005102 	284 	85 	90 	91 
005103 	284 	85 	90 	91 
005104 	284 	85 	90 	91 
005105 	284 	85 	90 	91 
005106 	284 	85 	90 	91 
005107 	284 	85 	90 	91 
005108 	284 	85 	90 	91 
005109 	284 	85 	90 	91 
005110 	284 	85 	90 	91 
005111 	284 	85 	90 	91 
005112 	284 	75 	90 	91 
005113 	284 	75 	90 	91 
005114 	284 	75 	90 	91 
005115 	284 	75 	90 	91 
005116 	284 	75 	90 	91 
005117 	284 	75 	90 	91 
005118 	284 	75 	90 	91 
005119 	284 	75 	90 	91 
005120 	284 	85 	90 	91 
005121 	284 	85 	90 	91 
005122 	284 	85 	90 	91 
005123 	284 	85 	90 	91 
005124 	284 	85 	90 	91 
005125 	284 	85 	90 	91 
005126 	284 	95 	90 	91 
005127 	284 	95 	90 	91 
005128 	284 	95 	90 	91 
005129 	284 	95 	90 	91 
005130 	284 	95 	90 	91 
005131 	284 	95 	90 	91 
005132 	284 	95 	90 	91 
005133 	284 	95 	90 	91 
005134 	284 	95 	90 	91 
005135 	284 	95 	90 	91 
005136 	284 	95 	90 	91 
005137 	284 	95 	90 	91 
005138 	284 	85 	90 	91 
005139 	284 	85 	90 	91 
005140 	284 	85 	90 	91 
005141 	281 	78 	108 	109 
005142 	281 	78 	108 	109 
005143 	281 	78 	108 	109 
005144 	281 	78 	108 	109 
005145 	281 	78 	108 	109 
005146 	281 	78 	108 	109 
005147 	281 	78 	108 	109 
005148 	281 	78 	108 	109 
005149 	281 	78 	108 	109 
005150 	284 	85 	90 	91 
005151 	284 	85 	90 	91 
005152 	284 	85 	90 	91 
005153 	284 	85 	90 	91 
005154 	284 	85 	90 	91 
005155 	284 	85 	90 	91 
005156 	284 	85 	90 	91 
005157 	284 	85 	90 	91 
005158 	284 	85 	90 	91 
005159 	284 	85 	90 	91 
005160 	284 	85 	90 	91 
005161 	269 	78 	108 	109 
005162 	269 	78 	108 	109 
005163 	274 	85 	90 	91 
005164 	274 	85 	90 	91 
005165 	274 	85 	90 	91 
005166 	269 	78 	108 	109 
005167 	269 	78 	108 	109 
005168 	269 	78 	108 	109 
005169 	269 	78 	108 	109 
005170 	269 	78 	108 	109 
005171 	269 	78 	108 	109 
005172 	269 	78 	108 	109 
005173 	269 	90 	108 	109 
005174 	269 	90 	108 	109 
005175 	269 	90 	108 	109 
005176 	269 	78 	108 	109 
005177 	269 	78 	108 	109 
005178 	269 	78 	108 	109 
005179 	269 	78 	108 	109 
005180 	269 	78 	108 	109 
005181 	269 	78 	108 	109 
005182 	269 	78 	108 	109 
005183 	269 	78 	108 	109 
005184 	269 	78 	108 	109 
005185 	269 	78 	108 	109 
005186 	269 	78 	108 	109 
005187 	269 	78 	108 	109 
005188 	269 	78 	108 	109 
005189 	269 	78 	108 	109 
005190 	269 	78 	108 	109 
005191 	269 	78 	108 	109 
005192 	269 	78 	108 	109 
005193 	284 	85 	90 	91 
005194 	284 	85 	90 	91 
005195 	284 	85 	90 	91 
005196 	281 	66 	108 	109 
005197 	281 	66 	108 	109 
005198 	281 	66 	108 	109 
005199 	281 	66 	108 	109 
005200 	281 	66 	108 	109 
005201 	284 	75 	90 	91 
005202 	284 	85 	90 	91 
005203 	269 	78 	108 	109 
005204 	269 	78 	108 	109 
005205 	269 	78 	108 	109 
005206 	269 	78 	108 	109 
005207 	269 	78 	108 	109 
005208 	284 	85 	90 	91 
005209 	284 	85 	90 	91 
005210 	284 	85 	90 	91 
005211 	281 	78 	108 	109 
005212 	281 	78 	108 	109 
005213 	281 	78 	108 	109 
005214 	281 	78 	108 	109 
005215 	281 	78 	108 	109 
005216 	281 	78 	108 	109 
005217 	281 	78 	108 	109 
005218 	281 	78 	108 	109 
005219 	281 	78 	108 	109 
005220 	281 	78 	108 	109 
