Identity  : 	id11092
Reference : 	qznyGO76gRU
Offset    : 	-4
FV Conf   : 	17.865
ASD Conf  : 	7.423

FRAME 	X 	Y 	W 	H 
002029 	284 	55 	90 	91 
002030 	284 	55 	90 	91 
002031 	284 	55 	90 	91 
002032 	284 	45 	90 	91 
002033 	284 	45 	90 	91 
002034 	284 	45 	90 	91 
002035 	286 	62 	76 	76 
002036 	286 	62 	76 	76 
002037 	286 	62 	76 	76 
002038 	284 	55 	90 	91 
002039 	284 	55 	90 	91 
002040 	284 	55 	90 	91 
002041 	284 	55 	90 	91 
002042 	284 	55 	90 	91 
002043 	284 	55 	90 	91 
002044 	284 	65 	90 	91 
002045 	284 	65 	90 	91 
002046 	284 	65 	90 	91 
002047 	284 	65 	90 	91 
002048 	284 	65 	90 	91 
002049 	284 	65 	90 	91 
002050 	284 	75 	90 	91 
002051 	284 	75 	90 	91 
002052 	284 	75 	90 	91 
002053 	284 	75 	90 	91 
002054 	284 	75 	90 	91 
002055 	284 	75 	90 	91 
002056 	284 	75 	90 	91 
002057 	284 	75 	90 	91 
002058 	294 	75 	90 	91 
002059 	294 	75 	90 	91 
002060 	294 	75 	90 	91 
002061 	294 	75 	90 	91 
002062 	294 	65 	90 	91 
002063 	294 	65 	90 	91 
002064 	294 	75 	90 	91 
002065 	294 	75 	90 	91 
002066 	294 	75 	90 	91 
002067 	294 	75 	90 	91 
002068 	294 	75 	90 	91 
002069 	294 	75 	90 	91 
002070 	294 	75 	90 	91 
002071 	294 	75 	90 	91 
002072 	294 	75 	90 	91 
002073 	294 	75 	90 	91 
002074 	294 	75 	90 	91 
002075 	294 	75 	90 	91 
002076 	294 	75 	90 	91 
002077 	294 	75 	90 	91 
002078 	294 	75 	90 	91 
002079 	294 	65 	90 	91 
002080 	294 	65 	90 	91 
002081 	294 	65 	90 	91 
002082 	294 	65 	90 	91 
002083 	294 	65 	90 	91 
002084 	294 	65 	90 	91 
002085 	294 	65 	90 	91 
002086 	294 	65 	90 	91 
002087 	294 	75 	90 	91 
002088 	294 	75 	90 	91 
002089 	294 	75 	90 	91 
002090 	294 	75 	90 	91 
002091 	294 	75 	90 	91 
002092 	303 	79 	75 	76 
002093 	304 	75 	90 	91 
002094 	304 	75 	90 	91 
002095 	304 	75 	90 	91 
002096 	304 	75 	90 	91 
002097 	304 	75 	90 	91 
002098 	304 	75 	90 	91 
002099 	304 	75 	90 	91 
002100 	304 	75 	90 	91 
002101 	304 	75 	90 	91 
002102 	304 	75 	90 	91 
002103 	304 	75 	90 	91 
002104 	304 	75 	90 	91 
002105 	304 	75 	90 	91 
002106 	304 	75 	90 	91 
002107 	304 	75 	90 	91 
002108 	304 	75 	90 	91 
002109 	304 	65 	90 	91 
002110 	304 	65 	90 	91 
002111 	304 	65 	90 	91 
002112 	304 	65 	90 	91 
002113 	304 	65 	90 	91 
002114 	294 	65 	90 	91 
002115 	294 	65 	90 	91 
002116 	294 	65 	90 	91 
002117 	294 	65 	90 	91 
002118 	294 	65 	90 	91 
002119 	294 	65 	90 	91 
002120 	284 	65 	90 	91 
002121 	284 	65 	90 	91 
002122 	284 	65 	90 	91 
002123 	284 	65 	90 	91 
002124 	274 	65 	90 	91 
002125 	274 	65 	90 	91 
002126 	274 	65 	90 	91 
002127 	274 	65 	90 	91 
002128 	264 	65 	90 	91 
002129 	264 	65 	90 	91 
002130 	264 	65 	90 	91 
002131 	264 	65 	90 	91 
002132 	264 	65 	90 	91 
002133 	264 	65 	90 	91 
002134 	264 	65 	90 	91 
002135 	264 	65 	90 	91 
002136 	274 	65 	90 	91 
002137 	274 	65 	90 	91 
002138 	274 	65 	90 	91 
002139 	274 	65 	90 	91 
002140 	274 	65 	90 	91 
002141 	274 	65 	90 	91 
002142 	274 	65 	90 	91 
002143 	284 	65 	90 	91 
002144 	284 	65 	90 	91 
002145 	284 	65 	90 	91 
002146 	284 	65 	90 	91 
002147 	284 	65 	90 	91 
002148 	284 	65 	90 	91 
002149 	284 	65 	90 	91 
002150 	274 	65 	90 	91 
002151 	274 	65 	90 	91 
002152 	274 	65 	90 	91 
002153 	264 	65 	90 	91 
002154 	264 	65 	90 	91 
002155 	264 	65 	90 	91 
002156 	264 	65 	90 	91 
002157 	264 	65 	90 	91 
002158 	264 	65 	90 	91 
002159 	264 	65 	90 	91 
002160 	264 	65 	90 	91 
002161 	264 	65 	90 	91 
002162 	264 	65 	90 	91 
002163 	274 	65 	90 	91 
002164 	274 	65 	90 	91 
002165 	274 	65 	90 	91 
002166 	274 	65 	90 	91 
002167 	274 	65 	90 	91 
002168 	274 	65 	90 	91 
002169 	284 	65 	90 	91 
002170 	284 	65 	90 	91 
002171 	284 	65 	90 	91 
002172 	284 	65 	90 	91 
002173 	284 	65 	90 	91 
002174 	284 	65 	90 	91 
002175 	284 	65 	90 	91 
002176 	294 	65 	90 	91 
002177 	294 	65 	90 	91 
002178 	294 	65 	90 	91 
002179 	294 	65 	90 	91 
002180 	294 	75 	90 	91 
002181 	294 	75 	90 	91 
002182 	294 	75 	90 	91 
002183 	294 	75 	90 	91 
002184 	294 	75 	90 	91 
002185 	294 	75 	90 	91 
002186 	294 	75 	90 	91 
002187 	294 	75 	90 	91 
002188 	294 	75 	90 	91 
002189 	294 	75 	90 	91 
002190 	294 	75 	90 	91 
002191 	294 	75 	90 	91 
002192 	294 	75 	90 	91 
002193 	294 	75 	90 	91 
002194 	294 	75 	90 	91 
002195 	294 	75 	90 	91 
002196 	294 	75 	90 	91 
002197 	294 	75 	90 	91 
002198 	294 	75 	90 	91 
002199 	294 	75 	90 	91 
002200 	294 	75 	90 	91 
002201 	294 	75 	90 	91 
002202 	294 	75 	90 	91 
002203 	294 	75 	90 	91 
002204 	294 	75 	90 	91 
002205 	294 	75 	90 	91 
002206 	294 	75 	90 	91 
002207 	294 	75 	90 	91 
002208 	294 	75 	90 	91 
002209 	294 	75 	90 	91 
002210 	294 	75 	90 	91 
002211 	294 	75 	90 	91 
002212 	294 	75 	90 	91 
002213 	294 	75 	90 	91 
002214 	294 	75 	90 	91 
002215 	294 	75 	90 	91 
002216 	294 	75 	90 	91 
002217 	294 	75 	90 	91 
002218 	294 	75 	90 	91 
002219 	294 	75 	90 	91 
002220 	294 	75 	90 	91 
002221 	294 	75 	90 	91 
002222 	294 	75 	90 	91 
002223 	294 	75 	90 	91 
002224 	294 	75 	90 	91 
002225 	294 	75 	90 	91 
002226 	294 	75 	90 	91 
002227 	294 	75 	90 	91 
002228 	294 	75 	90 	91 
002229 	294 	75 	90 	91 
002230 	294 	75 	90 	91 
002231 	294 	75 	90 	91 
002232 	294 	75 	90 	91 
002233 	294 	75 	90 	91 
002234 	294 	75 	90 	91 
002235 	294 	75 	90 	91 
002236 	294 	75 	90 	91 
002237 	294 	75 	90 	91 
002238 	294 	75 	90 	91 
002239 	294 	75 	90 	91 
002240 	294 	75 	90 	91 
