Identity  : 	id10656
Reference : 	XmMpYvrWb-k
Offset    : 	0
FV Conf   : 	13.652
ASD Conf  : 	9.101

FRAME 	X 	Y 	W 	H 
004145 	194 	80 	130 	130 
004146 	194 	80 	130 	130 
004147 	194 	80 	130 	130 
004148 	194 	80 	130 	130 
004149 	197 	78 	109 	109 
004150 	194 	66 	130 	130 
004151 	194 	66 	130 	130 
004152 	194 	66 	130 	130 
004153 	194 	66 	130 	130 
004154 	194 	66 	130 	130 
004155 	194 	66 	130 	130 
004156 	194 	66 	130 	130 
004157 	194 	66 	130 	130 
004158 	194 	66 	130 	130 
004159 	194 	66 	130 	130 
004160 	194 	66 	130 	130 
004161 	194 	66 	130 	130 
004162 	194 	66 	130 	130 
004163 	194 	66 	130 	130 
004164 	194 	66 	130 	130 
004165 	194 	66 	130 	130 
004166 	194 	66 	130 	130 
004167 	194 	66 	130 	130 
004168 	194 	66 	130 	130 
004169 	194 	66 	130 	130 
004170 	194 	66 	130 	130 
004171 	208 	66 	130 	130 
004172 	208 	66 	130 	130 
004173 	208 	66 	130 	130 
004174 	208 	66 	130 	130 
004175 	208 	66 	130 	130 
004176 	208 	66 	130 	130 
004177 	208 	66 	130 	130 
004178 	208 	66 	130 	130 
004179 	223 	66 	130 	130 
004180 	223 	66 	130 	130 
004181 	223 	66 	130 	130 
004182 	223 	66 	130 	130 
004183 	223 	80 	130 	130 
004184 	223 	80 	130 	130 
004185 	245 	90 	109 	109 
004186 	237 	80 	130 	130 
004187 	237 	80 	130 	130 
004188 	237 	80 	130 	130 
004189 	257 	90 	109 	109 
004190 	251 	80 	130 	130 
004191 	251 	80 	130 	130 
004192 	251 	80 	130 	130 
004193 	269 	90 	108 	109 
004194 	269 	90 	108 	109 
004195 	251 	94 	130 	130 
004196 	251 	94 	130 	130 
004197 	251 	94 	130 	130 
004198 	251 	94 	130 	130 
004199 	251 	94 	130 	130 
004200 	257 	90 	109 	109 
004201 	257 	90 	109 	109 
004202 	257 	90 	109 	109 
004203 	257 	90 	109 	109 
004204 	257 	90 	109 	109 
004205 	257 	90 	109 	109 
004206 	257 	90 	109 	109 
004207 	257 	90 	109 	109 
004208 	257 	90 	109 	109 
004209 	257 	90 	109 	109 
004210 	257 	90 	109 	109 
004211 	257 	90 	109 	109 
004212 	257 	90 	109 	109 
004213 	257 	90 	109 	109 
004214 	257 	90 	109 	109 
004215 	257 	90 	109 	109 
004216 	257 	90 	109 	109 
004217 	257 	90 	109 	109 
004218 	251 	80 	130 	130 
004219 	251 	80 	130 	130 
004220 	257 	90 	109 	109 
004221 	257 	90 	109 	109 
004222 	257 	90 	109 	109 
004223 	257 	90 	109 	109 
004224 	257 	90 	109 	109 
004225 	257 	90 	109 	109 
004226 	257 	90 	109 	109 
004227 	257 	90 	109 	109 
004228 	257 	90 	109 	109 
004229 	257 	90 	109 	109 
004230 	237 	80 	130 	130 
004231 	237 	80 	130 	130 
004232 	237 	80 	130 	130 
004233 	237 	80 	130 	130 
004234 	237 	80 	130 	130 
004235 	237 	80 	130 	130 
004236 	237 	80 	130 	130 
004237 	237 	80 	130 	130 
004238 	237 	80 	130 	130 
004239 	237 	80 	130 	130 
004240 	237 	80 	130 	130 
004241 	237 	80 	130 	130 
004242 	237 	66 	130 	130 
004243 	237 	66 	130 	130 
004244 	237 	66 	130 	130 
004245 	237 	66 	130 	130 
004246 	237 	66 	130 	130 
004247 	237 	80 	130 	130 
004248 	237 	80 	130 	130 
004249 	237 	80 	130 	130 
004250 	237 	80 	130 	130 
004251 	237 	80 	130 	130 
004252 	257 	90 	109 	109 
004253 	257 	90 	109 	109 
004254 	257 	90 	109 	109 
004255 	257 	78 	109 	109 
004256 	257 	78 	109 	109 
004257 	237 	80 	130 	130 
004258 	237 	80 	130 	130 
004259 	245 	78 	109 	109 
004260 	245 	78 	109 	109 
004261 	223 	80 	130 	130 
004262 	223 	80 	130 	130 
004263 	223 	80 	130 	130 
004264 	223 	80 	130 	130 
004265 	223 	80 	130 	130 
004266 	223 	80 	130 	130 
004267 	223 	80 	130 	130 
004268 	223 	80 	130 	130 
004269 	223 	80 	130 	130 
004270 	223 	80 	130 	130 
004271 	223 	80 	130 	130 
004272 	245 	78 	109 	109 
004273 	245 	78 	109 	109 
004274 	245 	78 	109 	109 
004275 	245 	78 	109 	109 
004276 	245 	78 	109 	109 
004277 	245 	90 	109 	109 
004278 	223 	80 	130 	130 
004279 	233 	90 	109 	109 
004280 	233 	90 	109 	109 
004281 	223 	80 	130 	130 
004282 	223 	80 	130 	130 
004283 	223 	80 	130 	130 
004284 	233 	78 	109 	109 
004285 	233 	78 	109 	109 
004286 	223 	80 	130 	130 
004287 	223 	80 	130 	130 
004288 	233 	90 	109 	109 
004289 	221 	90 	109 	109 
004290 	208 	80 	130 	130 
004291 	221 	78 	109 	109 
004292 	221 	78 	109 	109 
004293 	221 	78 	109 	109 
004294 	223 	66 	130 	130 
004295 	233 	78 	109 	109 
004296 	223 	66 	130 	130 
004297 	233 	78 	109 	109 
004298 	233 	78 	109 	109 
004299 	221 	78 	109 	109 
004300 	221 	78 	109 	109 
004301 	209 	78 	109 	109 
004302 	209 	78 	109 	109 
004303 	209 	78 	109 	109 
004304 	209 	78 	109 	109 
004305 	209 	78 	109 	109 
004306 	209 	78 	109 	109 
004307 	208 	80 	130 	130 
004308 	208 	80 	130 	130 
004309 	208 	80 	130 	130 
004310 	208 	80 	130 	130 
004311 	208 	80 	130 	130 
004312 	208 	80 	130 	130 
004313 	208 	80 	130 	130 
004314 	208 	80 	130 	130 
004315 	208 	80 	130 	130 
004316 	208 	80 	130 	130 
004317 	221 	90 	109 	109 
004318 	221 	78 	109 	109 
004319 	221 	78 	109 	109 
004320 	233 	78 	109 	109 
004321 	223 	66 	130 	130 
004322 	233 	78 	109 	109 
004323 	223 	66 	130 	130 
004324 	223 	66 	130 	130 
004325 	221 	66 	109 	109 
004326 	221 	66 	109 	109 
004327 	221 	66 	109 	109 
004328 	223 	66 	130 	130 
004329 	223 	66 	130 	130 
004330 	223 	66 	130 	130 
004331 	237 	66 	130 	130 
004332 	237 	66 	130 	130 
004333 	237 	51 	130 	130 
004334 	237 	51 	130 	130 
004335 	237 	51 	130 	130 
004336 	237 	51 	130 	130 
004337 	237 	51 	130 	130 
004338 	237 	51 	130 	130 
004339 	237 	66 	130 	130 
004340 	237 	66 	130 	130 
004341 	237 	66 	130 	130 
004342 	237 	66 	130 	130 
004343 	237 	80 	130 	130 
004344 	223 	80 	130 	130 
004345 	223 	80 	130 	130 
004346 	223 	80 	130 	130 
004347 	233 	78 	109 	109 
004348 	245 	78 	109 	109 
004349 	223 	66 	130 	130 
004350 	223 	66 	130 	130 
004351 	233 	78 	109 	109 
004352 	223 	66 	130 	130 
004353 	245 	78 	109 	109 
004354 	237 	80 	130 	130 
004355 	251 	80 	130 	130 
004356 	266 	94 	130 	130 
004357 	280 	94 	130 	130 
004358 	280 	94 	130 	130 
004359 	294 	94 	130 	130 
004360 	317 	102 	108 	109 
004361 	329 	102 	108 	109 
004362 	323 	94 	130 	130 
004363 	323 	94 	130 	130 
004364 	323 	94 	130 	130 
004365 	323 	94 	130 	130 
004366 	329 	102 	108 	109 
004367 	323 	94 	130 	130 
004368 	323 	94 	130 	130 
004369 	323 	94 	130 	130 
004370 	323 	94 	130 	130 
004371 	323 	94 	130 	130 
