Identity  : 	id10820
Reference : 	OjuDpeB_1U8
Offset    : 	2
FV Conf   : 	17.642
ASD Conf  : 	8.607

FRAME 	X 	Y 	W 	H 
003108 	284 	75 	90 	91 
003109 	294 	87 	76 	76 
003110 	284 	75 	90 	91 
003111 	284 	75 	90 	91 
003112 	284 	75 	90 	91 
003113 	284 	75 	90 	91 
003114 	274 	75 	90 	91 
003115 	274 	75 	90 	91 
003116 	286 	87 	76 	76 
003117 	286 	87 	76 	76 
003118 	286 	87 	76 	76 
003119 	286 	96 	76 	75 
003120 	286 	96 	76 	75 
003121 	286 	96 	76 	75 
003122 	286 	96 	76 	75 
003123 	286 	96 	76 	75 
003124 	286 	96 	76 	75 
003125 	286 	96 	76 	75 
003126 	286 	96 	76 	75 
003127 	286 	96 	76 	75 
003128 	286 	96 	76 	75 
003129 	286 	96 	76 	75 
003130 	286 	96 	76 	75 
003131 	286 	96 	76 	75 
003132 	286 	96 	76 	75 
003133 	286 	96 	76 	75 
003134 	286 	96 	76 	75 
003135 	294 	96 	76 	75 
003136 	294 	96 	76 	75 
003137 	294 	96 	76 	75 
003138 	294 	85 	90 	91 
003139 	303 	96 	75 	75 
003140 	303 	96 	75 	75 
003141 	304 	85 	90 	91 
003142 	311 	96 	75 	75 
003143 	311 	87 	75 	76 
003144 	319 	87 	76 	76 
003145 	319 	87 	76 	76 
003146 	319 	87 	76 	76 
003147 	319 	87 	76 	76 
003148 	319 	87 	76 	76 
003149 	319 	87 	76 	76 
003150 	319 	87 	76 	76 
003151 	316 	86 	83 	84 
003152 	314 	85 	90 	91 
003153 	314 	85 	90 	91 
003154 	316 	86 	83 	84 
003155 	319 	87 	76 	76 
003156 	319 	87 	76 	76 
003157 	319 	87 	76 	76 
003158 	319 	87 	76 	76 
003159 	319 	87 	76 	76 
003160 	319 	87 	76 	76 
003161 	319 	87 	76 	76 
003162 	319 	87 	76 	76 
003163 	311 	87 	75 	76 
003164 	311 	87 	75 	76 
003165 	311 	87 	75 	76 
003166 	311 	87 	75 	76 
003167 	311 	87 	75 	76 
003168 	311 	87 	75 	76 
003169 	310 	87 	75 	76 
003170 	310 	87 	76 	77 
003171 	310 	87 	76 	77 
003172 	309 	88 	76 	77 
003173 	309 	88 	76 	77 
003174 	308 	88 	76 	77 
003175 	308 	88 	77 	78 
003176 	308 	88 	77 	78 
003177 	307 	88 	77 	78 
003178 	307 	88 	77 	78 
003179 	307 	88 	77 	78 
003180 	306 	88 	78 	79 
003181 	306 	89 	78 	79 
003182 	305 	89 	78 	79 
003183 	305 	89 	78 	79 
003184 	305 	89 	78 	79 
003185 	304 	89 	79 	80 
003186 	304 	89 	79 	80 
003187 	304 	89 	79 	80 
003188 	303 	89 	79 	80 
003189 	303 	89 	80 	81 
003190 	302 	90 	80 	81 
003191 	302 	90 	80 	81 
003192 	302 	90 	80 	81 
003193 	301 	90 	80 	81 
003194 	301 	90 	81 	82 
003195 	301 	90 	81 	82 
003196 	300 	90 	81 	82 
003197 	300 	90 	81 	82 
003198 	300 	90 	81 	82 
003199 	299 	91 	82 	83 
003200 	299 	91 	82 	83 
003201 	298 	91 	82 	83 
003202 	298 	91 	82 	83 
003203 	298 	91 	82 	83 
003204 	297 	91 	83 	84 
003205 	297 	91 	83 	84 
003206 	297 	91 	83 	84 
003207 	296 	91 	83 	84 
003208 	296 	91 	83 	84 
003209 	295 	92 	84 	85 
003210 	295 	92 	84 	85 
003211 	295 	92 	84 	85 
003212 	294 	92 	84 	85 
003213 	294 	92 	84 	85 
003214 	294 	92 	85 	86 
003215 	293 	92 	85 	86 
003216 	293 	92 	85 	86 
003217 	293 	92 	85 	86 
003218 	292 	93 	85 	86 
003219 	292 	93 	86 	87 
003220 	291 	93 	86 	87 
003221 	291 	93 	86 	87 
003222 	291 	93 	86 	87 
003223 	290 	93 	87 	88 
003224 	290 	93 	87 	88 
003225 	290 	93 	87 	88 
003226 	289 	93 	87 	88 
003227 	289 	94 	87 	88 
003228 	288 	94 	88 	89 
003229 	288 	94 	88 	89 
003230 	288 	94 	88 	89 
003231 	287 	94 	88 	89 
003232 	287 	94 	88 	89 
003233 	287 	94 	89 	90 
003234 	286 	94 	89 	90 
003235 	286 	94 	89 	90 
003236 	285 	95 	89 	90 
003237 	285 	95 	89 	90 
003238 	285 	95 	90 	91 
003239 	284 	95 	90 	91 
003240 	284 	95 	90 	91 
003241 	284 	95 	90 	91 
003242 	285 	94 	90 	91 
003243 	285 	94 	90 	91 
