Identity  : 	id10820
Reference : 	OjuDpeB_1U8
Offset    : 	2
FV Conf   : 	17.916
ASD Conf  : 	8.150

FRAME 	X 	Y 	W 	H 
004486 	303 	121 	75 	75 
004487 	314 	121 	63 	63 
004488 	314 	121 	63 	63 
004489 	311 	112 	75 	76 
004490 	311 	112 	75 	76 
004491 	311 	112 	75 	76 
004492 	311 	112 	75 	76 
004493 	311 	112 	75 	76 
004494 	311 	112 	75 	76 
004495 	311 	112 	75 	76 
004496 	311 	112 	75 	76 
004497 	311 	112 	75 	76 
004498 	311 	112 	75 	76 
004499 	311 	112 	75 	76 
004500 	303 	104 	75 	76 
004501 	303 	96 	75 	75 
004502 	303 	87 	75 	76 
004503 	303 	87 	75 	76 
004504 	294 	75 	90 	91 
004505 	294 	75 	90 	91 
004506 	294 	75 	90 	91 
004507 	294 	87 	76 	76 
004508 	294 	87 	76 	76 
004509 	294 	87 	76 	76 
004510 	294 	96 	76 	75 
004511 	294 	96 	76 	75 
004512 	294 	96 	76 	75 
004513 	284 	85 	90 	91 
004514 	294 	96 	76 	75 
004515 	294 	96 	76 	75 
004516 	294 	96 	76 	75 
004517 	294 	96 	76 	75 
004518 	294 	96 	76 	75 
004519 	294 	96 	76 	75 
004520 	294 	96 	76 	75 
004521 	294 	96 	76 	75 
004522 	294 	96 	76 	75 
004523 	294 	96 	76 	75 
004524 	294 	96 	76 	75 
004525 	294 	96 	76 	75 
004526 	294 	96 	76 	75 
004527 	284 	85 	90 	91 
004528 	284 	85 	90 	91 
004529 	294 	96 	76 	75 
004530 	294 	96 	76 	75 
004531 	294 	96 	76 	75 
004532 	294 	96 	76 	75 
004533 	294 	96 	76 	75 
004534 	294 	96 	76 	75 
004535 	294 	96 	76 	75 
004536 	294 	96 	76 	75 
004537 	294 	96 	76 	75 
004538 	294 	96 	76 	75 
004539 	303 	96 	75 	75 
004540 	303 	96 	75 	75 
004541 	303 	96 	75 	75 
004542 	294 	96 	76 	75 
004543 	294 	96 	76 	75 
004544 	294 	96 	76 	75 
004545 	294 	96 	76 	75 
004546 	294 	96 	76 	75 
004547 	294 	96 	76 	75 
004548 	294 	96 	76 	75 
004549 	294 	96 	76 	75 
004550 	294 	96 	76 	75 
004551 	303 	96 	75 	75 
004552 	303 	96 	75 	75 
004553 	303 	96 	75 	75 
004554 	311 	104 	75 	76 
004555 	311 	104 	75 	76 
004556 	311 	104 	75 	76 
004557 	311 	104 	75 	76 
004558 	311 	104 	75 	76 
004559 	311 	104 	75 	76 
004560 	311 	104 	75 	76 
004561 	311 	104 	75 	76 
004562 	303 	96 	75 	75 
004563 	303 	96 	75 	75 
004564 	294 	96 	76 	75 
004565 	294 	96 	76 	75 
004566 	294 	96 	76 	75 
004567 	294 	96 	76 	75 
004568 	294 	96 	76 	75 
004569 	294 	104 	76 	76 
004570 	294 	104 	76 	76 
004571 	294 	104 	76 	76 
004572 	294 	104 	76 	76 
004573 	294 	104 	76 	76 
004574 	294 	104 	76 	76 
004575 	294 	104 	76 	76 
004576 	294 	104 	76 	76 
004577 	294 	104 	76 	76 
004578 	294 	104 	76 	76 
004579 	294 	104 	76 	76 
004580 	294 	104 	76 	76 
004581 	294 	104 	76 	76 
004582 	294 	95 	90 	91 
004583 	294 	95 	90 	91 
004584 	294 	95 	90 	91 
004585 	294 	95 	90 	91 
004586 	294 	85 	90 	91 
004587 	294 	85 	90 	91 
004588 	294 	85 	90 	91 
004589 	294 	85 	90 	91 
004590 	284 	85 	90 	91 
004591 	294 	96 	76 	75 
004592 	284 	85 	90 	91 
004593 	294 	96 	76 	75 
004594 	294 	96 	76 	75 
004595 	294 	96 	76 	75 
004596 	294 	96 	76 	75 
004597 	294 	96 	76 	75 
004598 	294 	85 	90 	91 
004599 	294 	85 	90 	91 
004600 	294 	85 	90 	91 
004601 	303 	87 	75 	76 
004602 	303 	87 	75 	76 
004603 	303 	87 	75 	76 
004604 	303 	87 	75 	76 
004605 	303 	87 	75 	76 
004606 	303 	87 	75 	76 
004607 	303 	87 	75 	76 
004608 	281 	66 	108 	109 
004609 	294 	96 	76 	75 
004610 	294 	87 	76 	76 
004611 	284 	75 	90 	91 
004612 	294 	87 	76 	76 
004613 	294 	75 	90 	91 
004614 	294 	75 	90 	91 
004615 	294 	75 	90 	91 
004616 	294 	87 	76 	76 
004617 	294 	87 	76 	76 
004618 	284 	75 	90 	91 
004619 	294 	87 	76 	76 
004620 	284 	75 	90 	91 
004621 	284 	75 	90 	91 
004622 	284 	75 	90 	91 
004623 	284 	75 	90 	91 
004624 	284 	75 	90 	91 
004625 	284 	75 	90 	91 
004626 	294 	87 	76 	76 
004627 	294 	87 	76 	76 
004628 	284 	75 	90 	91 
004629 	294 	87 	76 	76 
004630 	284 	75 	90 	91 
004631 	284 	75 	90 	91 
004632 	284 	75 	90 	91 
004633 	284 	75 	90 	91 
004634 	294 	87 	76 	76 
004635 	294 	87 	76 	76 
004636 	294 	87 	76 	76 
004637 	294 	87 	76 	76 
004638 	294 	87 	76 	76 
004639 	294 	87 	76 	76 
004640 	294 	87 	76 	76 
004641 	284 	75 	90 	91 
004642 	284 	75 	90 	91 
004643 	284 	75 	90 	91 
004644 	284 	75 	90 	91 
004645 	284 	75 	90 	91 
004646 	294 	87 	76 	76 
004647 	294 	87 	76 	76 
004648 	294 	87 	76 	76 
004649 	294 	87 	76 	76 
004650 	294 	87 	76 	76 
004651 	281 	66 	108 	109 
004652 	294 	87 	76 	76 
004653 	284 	75 	90 	91 
004654 	284 	75 	90 	91 
004655 	284 	75 	90 	91 
004656 	284 	75 	90 	91 
004657 	294 	87 	76 	76 
004658 	284 	75 	90 	91 
004659 	284 	75 	90 	91 
004660 	284 	75 	90 	91 
004661 	294 	87 	76 	76 
004662 	284 	75 	90 	91 
004663 	294 	87 	76 	76 
004664 	294 	87 	76 	76 
004665 	294 	87 	76 	76 
004666 	284 	75 	90 	91 
004667 	294 	87 	76 	76 
004668 	294 	85 	90 	91 
004669 	294 	85 	90 	91 
004670 	294 	85 	90 	91 
004671 	303 	87 	75 	76 
004672 	303 	87 	75 	76 
004673 	303 	87 	75 	76 
004674 	294 	75 	90 	91 
004675 	294 	87 	76 	76 
004676 	294 	87 	76 	76 
004677 	284 	75 	90 	91 
004678 	294 	87 	76 	76 
004679 	284 	75 	90 	91 
004680 	284 	75 	90 	91 
004681 	286 	87 	76 	76 
004682 	284 	85 	90 	91 
004683 	286 	96 	76 	75 
004684 	284 	85 	90 	91 
004685 	284 	85 	90 	91 
004686 	294 	87 	76 	76 
004687 	294 	87 	76 	76 
004688 	294 	87 	76 	76 
004689 	294 	87 	76 	76 
004690 	294 	87 	76 	76 
004691 	294 	87 	76 	76 
004692 	294 	87 	76 	76 
004693 	284 	75 	90 	91 
004694 	294 	87 	76 	76 
004695 	284 	75 	90 	91 
004696 	284 	75 	90 	91 
004697 	284 	75 	90 	91 
004698 	284 	75 	90 	91 
004699 	284 	75 	90 	91 
004700 	294 	87 	76 	76 
004701 	294 	87 	76 	76 
004702 	294 	87 	76 	76 
004703 	294 	87 	76 	76 
004704 	294 	87 	76 	76 
004705 	294 	87 	76 	76 
004706 	294 	87 	76 	76 
004707 	294 	87 	76 	76 
004708 	294 	87 	76 	76 
004709 	294 	87 	76 	76 
004710 	294 	87 	76 	76 
004711 	294 	87 	76 	76 
004712 	294 	87 	76 	76 
004713 	294 	87 	76 	76 
004714 	294 	87 	76 	76 
004715 	284 	75 	90 	91 
004716 	294 	87 	76 	76 
004717 	294 	87 	76 	76 
004718 	294 	87 	76 	76 
004719 	294 	87 	76 	76 
004720 	294 	87 	76 	76 
004721 	294 	87 	76 	76 
004722 	294 	87 	76 	76 
004723 	294 	96 	76 	75 
004724 	294 	96 	76 	75 
004725 	303 	96 	75 	75 
004726 	303 	96 	75 	75 
004727 	303 	87 	75 	76 
004728 	303 	87 	75 	76 
004729 	303 	87 	75 	76 
004730 	281 	54 	108 	109 
004731 	281 	54 	108 	109 
004732 	281 	54 	108 	109 
004733 	303 	87 	75 	76 
004734 	303 	87 	75 	76 
004735 	303 	87 	75 	76 
004736 	294 	75 	90 	91 
004737 	294 	85 	90 	91 
004738 	281 	66 	108 	109 
004739 	281 	66 	108 	109 
004740 	284 	75 	90 	91 
004741 	294 	87 	76 	76 
004742 	300 	94 	70 	70 
004743 	307 	100 	63 	64 
004744 	294 	85 	90 	91 
004745 	294 	85 	90 	91 
004746 	307 	100 	63 	64 
004747 	294 	85 	90 	91 
004748 	294 	87 	76 	76 
004749 	294 	87 	76 	76 
004750 	294 	87 	76 	76 
004751 	294 	87 	76 	76 
004752 	294 	87 	76 	76 
004753 	294 	87 	76 	76 
004754 	294 	87 	76 	76 
004755 	294 	87 	76 	76 
004756 	294 	87 	76 	76 
004757 	284 	75 	90 	91 
004758 	284 	75 	90 	91 
004759 	284 	75 	90 	91 
004760 	284 	75 	90 	91 
004761 	294 	75 	90 	91 
004762 	284 	75 	90 	91 
004763 	284 	75 	90 	91 
004764 	284 	75 	90 	91 
004765 	284 	75 	90 	91 
004766 	284 	75 	90 	91 
004767 	284 	75 	90 	91 
004768 	284 	75 	90 	91 
004769 	294 	87 	76 	76 
004770 	294 	87 	76 	76 
004771 	294 	87 	76 	76 
004772 	294 	87 	76 	76 
004773 	303 	87 	75 	76 
004774 	294 	75 	90 	91 
004775 	294 	75 	90 	91 
004776 	294 	75 	90 	91 
004777 	294 	75 	90 	91 
004778 	303 	87 	75 	76 
004779 	294 	75 	90 	91 
004780 	294 	80 	90 	91 
004781 	294 	85 	90 	91 
004782 	294 	85 	90 	91 
004783 	294 	85 	90 	91 
004784 	294 	85 	90 	91 
004785 	294 	85 	90 	91 
004786 	294 	85 	90 	91 
004787 	294 	85 	90 	91 
004788 	303 	96 	75 	75 
004789 	303 	96 	75 	75 
004790 	303 	96 	75 	75 
004791 	294 	85 	90 	91 
004792 	294 	85 	90 	91 
004793 	294 	96 	76 	75 
004794 	294 	96 	76 	75 
004795 	294 	96 	76 	75 
004796 	294 	96 	76 	75 
004797 	294 	96 	76 	75 
004798 	294 	96 	76 	75 
004799 	294 	96 	76 	75 
004800 	284 	85 	90 	91 
004801 	284 	85 	90 	91 
004802 	284 	85 	90 	91 
004803 	284 	85 	90 	91 
004804 	284 	85 	90 	91 
004805 	284 	85 	90 	91 
004806 	294 	96 	76 	75 
004807 	294 	96 	76 	75 
004808 	294 	96 	76 	75 
004809 	294 	96 	76 	75 
004810 	294 	96 	76 	75 
004811 	294 	104 	76 	76 
004812 	294 	104 	76 	76 
004813 	294 	104 	76 	76 
004814 	294 	104 	76 	76 
004815 	294 	104 	76 	76 
004816 	294 	96 	76 	75 
004817 	294 	96 	76 	75 
004818 	294 	96 	76 	75 
004819 	289 	90 	83 	83 
004820 	284 	85 	90 	91 
004821 	284 	95 	90 	91 
004822 	284 	95 	90 	91 
004823 	286 	104 	76 	76 
004824 	286 	104 	76 	76 
004825 	286 	104 	76 	76 
004826 	286 	104 	76 	76 
004827 	286 	104 	76 	76 
004828 	286 	104 	76 	76 
004829 	286 	104 	76 	76 
004830 	286 	104 	76 	76 
004831 	286 	112 	76 	76 
004832 	286 	112 	76 	76 
004833 	286 	112 	76 	76 
004834 	286 	112 	76 	76 
004835 	286 	112 	76 	76 
004836 	286 	112 	76 	76 
004837 	286 	112 	76 	76 
004838 	286 	104 	76 	76 
004839 	286 	104 	76 	76 
004840 	286 	104 	76 	76 
004841 	286 	104 	76 	76 
004842 	286 	104 	76 	76 
004843 	294 	104 	76 	76 
004844 	294 	104 	76 	76 
004845 	294 	95 	90 	91 
004846 	294 	95 	90 	91 
004847 	303 	96 	75 	75 
004848 	303 	96 	75 	75 
004849 	303 	96 	75 	75 
004850 	303 	96 	75 	75 
004851 	294 	96 	76 	75 
004852 	294 	96 	76 	75 
004853 	294 	96 	76 	75 
004854 	294 	96 	76 	75 
004855 	294 	96 	76 	75 
004856 	284 	85 	90 	91 
004857 	284 	85 	90 	91 
004858 	284 	85 	90 	91 
004859 	294 	96 	76 	75 
004860 	294 	96 	76 	75 
004861 	294 	96 	76 	75 
004862 	294 	96 	76 	75 
004863 	294 	96 	76 	75 
004864 	294 	96 	76 	75 
004865 	294 	96 	76 	75 
004866 	294 	96 	76 	75 
004867 	294 	96 	76 	75 
004868 	294 	96 	76 	75 
004869 	294 	96 	76 	75 
004870 	294 	96 	76 	75 
004871 	294 	96 	76 	75 
004872 	294 	96 	76 	75 
004873 	294 	96 	76 	75 
004874 	294 	96 	76 	75 
004875 	294 	96 	76 	75 
004876 	294 	96 	76 	75 
004877 	294 	96 	76 	75 
004878 	294 	96 	76 	75 
004879 	294 	96 	76 	75 
004880 	294 	96 	76 	75 
004881 	294 	96 	76 	75 
004882 	294 	96 	76 	75 
004883 	294 	96 	76 	75 
004884 	294 	96 	76 	75 
004885 	294 	96 	76 	75 
004886 	294 	96 	76 	75 
004887 	294 	96 	76 	75 
004888 	294 	96 	76 	75 
004889 	294 	96 	76 	75 
004890 	294 	96 	76 	75 
004891 	294 	96 	76 	75 
004892 	294 	96 	76 	75 
004893 	294 	96 	76 	75 
004894 	294 	96 	76 	75 
004895 	294 	96 	76 	75 
004896 	294 	96 	76 	75 
004897 	294 	96 	76 	75 
004898 	294 	96 	76 	75 
004899 	284 	85 	90 	91 
004900 	284 	85 	90 	91 
004901 	284 	85 	90 	91 
004902 	284 	85 	90 	91 
004903 	284 	85 	90 	91 
004904 	294 	96 	76 	75 
004905 	294 	96 	76 	75 
004906 	294 	96 	76 	75 
004907 	294 	96 	76 	75 
004908 	294 	96 	76 	75 
004909 	303 	96 	75 	75 
004910 	303 	96 	75 	75 
004911 	303 	96 	75 	75 
004912 	303 	96 	75 	75 
004913 	294 	96 	76 	75 
004914 	294 	96 	76 	75 
004915 	294 	96 	76 	75 
004916 	294 	96 	76 	75 
004917 	294 	96 	76 	75 
004918 	294 	96 	76 	75 
004919 	284 	85 	90 	91 
004920 	294 	104 	76 	76 
004921 	294 	104 	76 	76 
004922 	294 	104 	76 	76 
004923 	294 	104 	76 	76 
004924 	294 	104 	76 	76 
004925 	294 	104 	76 	76 
004926 	294 	104 	76 	76 
004927 	294 	104 	76 	76 
004928 	294 	104 	76 	76 
004929 	294 	104 	76 	76 
004930 	294 	104 	76 	76 
004931 	294 	104 	76 	76 
004932 	294 	104 	76 	76 
004933 	294 	104 	76 	76 
004934 	294 	104 	76 	76 
004935 	294 	104 	76 	76 
004936 	294 	104 	76 	76 
004937 	294 	104 	76 	76 
004938 	294 	104 	76 	76 
004939 	294 	104 	76 	76 
004940 	294 	104 	76 	76 
004941 	294 	104 	76 	76 
004942 	294 	104 	76 	76 
004943 	294 	104 	76 	76 
004944 	294 	104 	76 	76 
004945 	294 	95 	90 	91 
004946 	303 	96 	75 	75 
004947 	303 	96 	75 	75 
004948 	303 	96 	75 	75 
004949 	303 	96 	75 	75 
004950 	303 	96 	75 	75 
004951 	303 	96 	75 	75 
004952 	303 	96 	75 	75 
004953 	303 	96 	75 	75 
004954 	303 	96 	75 	75 
004955 	303 	96 	75 	75 
004956 	294 	96 	76 	75 
004957 	294 	96 	76 	75 
004958 	294 	85 	90 	91 
004959 	294 	96 	76 	75 
004960 	294 	96 	76 	75 
004961 	294 	96 	76 	75 
004962 	294 	96 	76 	75 
004963 	294 	96 	76 	75 
004964 	294 	96 	76 	75 
004965 	294 	96 	76 	75 
004966 	294 	96 	76 	75 
004967 	294 	96 	76 	75 
004968 	294 	96 	76 	75 
004969 	303 	96 	75 	75 
004970 	294 	85 	90 	91 
004971 	294 	85 	90 	91 
004972 	303 	96 	75 	75 
004973 	303 	96 	75 	75 
004974 	303 	96 	75 	75 
004975 	294 	96 	76 	75 
004976 	294 	87 	76 	76 
004977 	286 	96 	76 	75 
004978 	286 	96 	76 	75 
004979 	286 	96 	76 	75 
004980 	274 	85 	90 	91 
004981 	274 	85 	90 	91 
004982 	274 	85 	90 	91 
004983 	274 	85 	90 	91 
004984 	274 	85 	90 	91 
004985 	286 	87 	76 	76 
004986 	286 	87 	76 	76 
004987 	286 	87 	76 	76 
004988 	286 	96 	76 	75 
004989 	286 	96 	76 	75 
004990 	286 	96 	76 	75 
004991 	286 	96 	76 	75 
004992 	286 	96 	76 	75 
004993 	286 	96 	76 	75 
004994 	294 	96 	76 	75 
004995 	286 	96 	76 	75 
004996 	286 	96 	76 	75 
004997 	286 	96 	76 	75 
004998 	286 	96 	76 	75 
004999 	286 	96 	76 	75 
005000 	286 	96 	76 	75 
005001 	286 	96 	76 	75 
005002 	286 	96 	76 	75 
005003 	286 	96 	76 	75 
005004 	286 	96 	76 	75 
005005 	286 	96 	76 	75 
005006 	286 	96 	76 	75 
005007 	286 	96 	76 	75 
005008 	284 	85 	90 	91 
005009 	284 	85 	90 	91 
005010 	284 	85 	90 	91 
005011 	284 	85 	90 	91 
005012 	286 	96 	76 	75 
005013 	286 	96 	76 	75 
005014 	286 	96 	76 	75 
005015 	284 	85 	90 	91 
005016 	294 	96 	76 	75 
005017 	294 	96 	76 	75 
005018 	294 	96 	76 	75 
005019 	294 	96 	76 	75 
005020 	284 	85 	90 	91 
005021 	284 	85 	90 	91 
005022 	284 	85 	90 	91 
005023 	284 	85 	90 	91 
005024 	284 	85 	90 	91 
005025 	284 	85 	90 	91 
005026 	284 	85 	90 	91 
005027 	294 	96 	76 	75 
005028 	284 	75 	90 	91 
005029 	284 	75 	90 	91 
005030 	294 	96 	76 	75 
005031 	294 	96 	76 	75 
005032 	294 	96 	76 	75 
005033 	294 	96 	76 	75 
005034 	294 	96 	76 	75 
005035 	294 	96 	76 	75 
005036 	294 	87 	76 	76 
005037 	294 	87 	76 	76 
005038 	294 	96 	76 	75 
