Identity  : 	id10985
Reference : 	6FDbVzf10aU
Offset    : 	0
FV Conf   : 	17.819
ASD Conf  : 	6.142

FRAME 	X 	Y 	W 	H 
008901 	281 	66 	108 	109 
008902 	281 	66 	108 	109 
008903 	281 	66 	108 	109 
008904 	281 	66 	108 	109 
008905 	281 	66 	108 	109 
008906 	281 	66 	108 	109 
008907 	281 	66 	108 	109 
008908 	281 	66 	108 	109 
008909 	281 	66 	108 	109 
008910 	281 	66 	108 	109 
008911 	281 	66 	108 	109 
008912 	281 	66 	108 	109 
008913 	294 	75 	90 	91 
008914 	281 	66 	108 	109 
008915 	281 	66 	108 	109 
008916 	281 	66 	108 	109 
008917 	281 	66 	108 	109 
008918 	281 	66 	108 	109 
008919 	281 	66 	108 	109 
008920 	281 	66 	108 	109 
008921 	284 	75 	90 	91 
008922 	284 	75 	90 	91 
008923 	284 	75 	90 	91 
008924 	281 	66 	108 	109 
008925 	281 	66 	108 	109 
008926 	281 	66 	108 	109 
008927 	281 	66 	108 	109 
008928 	281 	66 	108 	109 
008929 	281 	66 	108 	109 
008930 	281 	66 	108 	109 
008931 	281 	66 	108 	109 
008932 	281 	66 	108 	109 
008933 	281 	66 	108 	109 
008934 	281 	66 	108 	109 
008935 	284 	75 	90 	91 
008936 	284 	75 	90 	91 
008937 	284 	75 	90 	91 
008938 	284 	75 	90 	91 
008939 	281 	54 	108 	109 
008940 	281 	54 	108 	109 
008941 	281 	54 	108 	109 
008942 	281 	66 	108 	109 
008943 	294 	75 	90 	91 
008944 	304 	75 	90 	91 
008945 	304 	75 	90 	91 
008946 	314 	75 	90 	91 
008947 	314 	75 	90 	91 
008948 	305 	66 	108 	109 
008949 	305 	66 	108 	109 
008950 	314 	75 	90 	91 
008951 	323 	75 	91 	91 
008952 	323 	75 	91 	91 
008953 	323 	75 	91 	91 
008954 	317 	66 	108 	109 
008955 	317 	66 	108 	109 
008956 	317 	66 	108 	109 
008957 	317 	66 	108 	109 
008958 	317 	66 	108 	109 
008959 	329 	66 	108 	109 
008960 	329 	66 	108 	109 
008961 	329 	66 	108 	109 
008962 	329 	66 	108 	109 
008963 	329 	66 	108 	109 
008964 	329 	66 	108 	109 
008965 	333 	75 	91 	91 
008966 	333 	75 	91 	91 
008967 	333 	65 	91 	91 
008968 	333 	65 	91 	91 
008969 	333 	65 	91 	91 
008970 	333 	65 	91 	91 
008971 	333 	65 	91 	91 
008972 	329 	66 	108 	109 
008973 	333 	75 	91 	91 
008974 	333 	65 	91 	91 
008975 	333 	65 	91 	91 
008976 	333 	65 	91 	91 
008977 	317 	54 	108 	109 
008978 	317 	54 	108 	109 
008979 	323 	65 	91 	91 
008980 	323 	65 	91 	91 
008981 	314 	65 	90 	91 
008982 	314 	65 	90 	91 
008983 	314 	65 	90 	91 
008984 	314 	65 	90 	91 
008985 	305 	54 	108 	109 
008986 	304 	65 	90 	91 
008987 	304 	65 	90 	91 
008988 	304 	65 	90 	91 
008989 	305 	54 	108 	109 
008990 	314 	65 	90 	91 
008991 	314 	65 	90 	91 
008992 	314 	65 	90 	91 
008993 	314 	65 	90 	91 
008994 	305 	54 	108 	109 
008995 	314 	65 	90 	91 
008996 	305 	54 	108 	109 
008997 	293 	54 	108 	109 
008998 	293 	54 	108 	109 
008999 	293 	54 	108 	109 
009000 	293 	54 	108 	109 
009001 	293 	54 	108 	109 
009002 	293 	54 	108 	109 
009003 	293 	54 	108 	109 
009004 	281 	54 	108 	109 
009005 	281 	54 	108 	109 
009006 	281 	54 	108 	109 
009007 	281 	54 	108 	109 
009008 	281 	54 	108 	109 
009009 	293 	54 	108 	109 
009010 	293 	54 	108 	109 
009011 	294 	65 	90 	91 
009012 	294 	65 	90 	91 
009013 	294 	65 	90 	91 
009014 	281 	54 	108 	109 
009015 	281 	54 	108 	109 
009016 	281 	54 	108 	109 
009017 	281 	54 	108 	109 
009018 	281 	54 	108 	109 
009019 	293 	54 	108 	109 
009020 	293 	54 	108 	109 
009021 	293 	54 	108 	109 
009022 	293 	54 	108 	109 
009023 	293 	54 	108 	109 
009024 	293 	54 	108 	109 
009025 	293 	54 	108 	109 
009026 	293 	54 	108 	109 
009027 	293 	54 	108 	109 
009028 	293 	54 	108 	109 
009029 	293 	54 	108 	109 
009030 	293 	54 	108 	109 
009031 	293 	54 	108 	109 
009032 	293 	54 	108 	109 
009033 	293 	54 	108 	109 
009034 	293 	54 	108 	109 
009035 	293 	54 	108 	109 
009036 	293 	43 	108 	108 
009037 	293 	43 	108 	108 
009038 	293 	43 	108 	108 
009039 	281 	43 	108 	108 
009040 	281 	43 	108 	108 
009041 	281 	43 	108 	108 
009042 	281 	43 	108 	108 
009043 	281 	43 	108 	108 
