Identity  : 	id10783
Reference : 	5wjs7zYczO0
Offset    : 	-5
FV Conf   : 	17.737
ASD Conf  : 	9.355

FRAME 	X 	Y 	W 	H 
002769 	376 	78 	109 	109 
002770 	376 	78 	109 	109 
002771 	376 	66 	109 	109 
002772 	388 	78 	109 	109 
002773 	388 	66 	109 	109 
002774 	388 	66 	109 	109 
002775 	400 	66 	109 	109 
002776 	400 	66 	109 	109 
002777 	400 	66 	109 	109 
002778 	395 	51 	130 	130 
002779 	395 	51 	130 	130 
002780 	412 	66 	109 	109 
002781 	412 	66 	109 	109 
002782 	412 	66 	109 	109 
002783 	412 	66 	109 	109 
002784 	412 	66 	109 	109 
002785 	400 	66 	109 	109 
002786 	400 	66 	109 	109 
002787 	400 	66 	109 	109 
002788 	400 	66 	109 	109 
002789 	388 	66 	109 	109 
002790 	388 	66 	109 	109 
002791 	388 	66 	109 	109 
002792 	388 	66 	109 	109 
002793 	376 	66 	109 	109 
002794 	388 	78 	109 	109 
002795 	388 	78 	109 	109 
002796 	388 	78 	109 	109 
002797 	388 	78 	109 	109 
002798 	388 	78 	109 	109 
002799 	388 	78 	109 	109 
002800 	376 	66 	109 	109 
002801 	376 	66 	109 	109 
002802 	376 	66 	109 	109 
002803 	376 	78 	109 	109 
002804 	365 	66 	108 	109 
002805 	365 	78 	108 	109 
002806 	365 	78 	108 	109 
002807 	365 	78 	108 	109 
002808 	365 	78 	108 	109 
002809 	365 	78 	108 	109 
002810 	365 	78 	108 	109 
002811 	376 	78 	109 	109 
002812 	376 	78 	109 	109 
002813 	376 	78 	109 	109 
002814 	376 	78 	109 	109 
002815 	376 	78 	109 	109 
002816 	376 	78 	109 	109 
002817 	376 	78 	109 	109 
002818 	376 	78 	109 	109 
002819 	376 	78 	109 	109 
002820 	376 	78 	109 	109 
002821 	376 	78 	109 	109 
002822 	365 	78 	108 	109 
002823 	365 	66 	108 	109 
002824 	365 	66 	108 	109 
002825 	353 	66 	108 	109 
002826 	363 	75 	91 	91 
002827 	363 	85 	91 	91 
002828 	353 	75 	91 	91 
002829 	353 	75 	91 	91 
002830 	353 	85 	91 	91 
002831 	353 	85 	91 	91 
002832 	353 	85 	91 	91 
002833 	356 	85 	91 	91 
002834 	360 	85 	91 	91 
002835 	363 	85 	91 	91 
002836 	363 	85 	91 	91 
002837 	365 	78 	108 	109 
002838 	365 	78 	108 	109 
002839 	365 	78 	108 	109 
002840 	376 	78 	109 	109 
002841 	376 	78 	109 	109 
002842 	376 	78 	109 	109 
002843 	388 	78 	109 	109 
002844 	388 	78 	109 	109 
002845 	388 	78 	109 	109 
002846 	388 	78 	109 	109 
002847 	388 	78 	109 	109 
002848 	388 	78 	109 	109 
002849 	388 	78 	109 	109 
002850 	388 	78 	109 	109 
002851 	388 	78 	109 	109 
002852 	388 	78 	109 	109 
002853 	388 	78 	109 	109 
002854 	388 	78 	109 	109 
002855 	388 	78 	109 	109 
002856 	388 	78 	109 	109 
002857 	388 	78 	109 	109 
002858 	388 	78 	109 	109 
002859 	388 	78 	109 	109 
002860 	388 	78 	109 	109 
002861 	388 	78 	109 	109 
002862 	388 	78 	109 	109 
002863 	388 	78 	109 	109 
002864 	388 	78 	109 	109 
002865 	388 	78 	109 	109 
002866 	388 	78 	109 	109 
002867 	376 	78 	109 	109 
002868 	376 	78 	109 	109 
002869 	376 	78 	109 	109 
002870 	376 	78 	109 	109 
002871 	376 	78 	109 	109 
002872 	376 	78 	109 	109 
002873 	376 	78 	109 	109 
002874 	376 	78 	109 	109 
002875 	376 	78 	109 	109 
002876 	376 	78 	109 	109 
002877 	388 	78 	109 	109 
002878 	388 	78 	109 	109 
002879 	388 	78 	109 	109 
002880 	388 	78 	109 	109 
002881 	388 	78 	109 	109 
002882 	388 	78 	109 	109 
002883 	388 	78 	109 	109 
002884 	388 	78 	109 	109 
002885 	388 	78 	109 	109 
002886 	388 	78 	109 	109 
002887 	388 	78 	109 	109 
002888 	388 	78 	109 	109 
002889 	388 	78 	109 	109 
002890 	388 	78 	109 	109 
002891 	388 	78 	109 	109 
002892 	366 	66 	130 	130 
002893 	366 	66 	130 	130 
002894 	376 	78 	109 	109 
002895 	376 	78 	109 	109 
002896 	352 	66 	130 	130 
002897 	365 	78 	108 	109 
002898 	365 	78 	108 	109 
002899 	365 	78 	108 	109 
002900 	365 	78 	108 	109 
002901 	365 	78 	108 	109 
002902 	365 	78 	108 	109 
002903 	365 	78 	108 	109 
002904 	365 	78 	108 	109 
002905 	376 	78 	109 	109 
002906 	366 	66 	130 	130 
002907 	366 	66 	130 	130 
002908 	388 	66 	109 	109 
002909 	388 	66 	109 	109 
002910 	380 	51 	130 	130 
002911 	380 	51 	130 	130 
002912 	380 	51 	130 	130 
002913 	388 	66 	109 	109 
002914 	388 	66 	109 	109 
002915 	388 	66 	109 	109 
002916 	388 	66 	109 	109 
002917 	388 	66 	109 	109 
002918 	388 	66 	109 	109 
002919 	366 	66 	130 	130 
002920 	388 	78 	109 	109 
002921 	388 	78 	109 	109 
002922 	388 	78 	109 	109 
002923 	388 	66 	109 	109 
002924 	388 	66 	109 	109 
002925 	388 	66 	109 	109 
002926 	388 	66 	109 	109 
002927 	388 	66 	109 	109 
002928 	388 	66 	109 	109 
002929 	388 	66 	109 	109 
002930 	388 	78 	109 	109 
002931 	388 	78 	109 	109 
002932 	388 	78 	109 	109 
002933 	388 	78 	109 	109 
002934 	376 	78 	109 	109 
002935 	376 	78 	109 	109 
002936 	383 	85 	91 	91 
002937 	365 	78 	108 	109 
002938 	365 	78 	108 	109 
002939 	365 	78 	108 	109 
002940 	376 	78 	109 	109 
002941 	376 	78 	109 	109 
002942 	366 	66 	130 	130 
002943 	388 	78 	109 	109 
002944 	388 	78 	109 	109 
002945 	395 	80 	130 	130 
002946 	412 	90 	109 	109 
002947 	423 	94 	130 	130 
002948 	423 	94 	130 	130 
002949 	423 	94 	130 	130 
002950 	423 	94 	130 	130 
002951 	424 	102 	109 	109 
002952 	424 	102 	109 	109 
002953 	409 	80 	130 	130 
002954 	412 	90 	109 	109 
002955 	412 	90 	109 	109 
002956 	395 	80 	130 	130 
002957 	395 	80 	130 	130 
002958 	395 	80 	130 	130 
002959 	395 	80 	130 	130 
002960 	395 	80 	130 	130 
002961 	395 	80 	130 	130 
002962 	395 	80 	130 	130 
002963 	395 	80 	130 	130 
002964 	395 	80 	130 	130 
002965 	395 	80 	130 	130 
002966 	400 	90 	109 	109 
002967 	400 	90 	109 	109 
002968 	400 	90 	109 	109 
002969 	400 	90 	109 	109 
002970 	400 	90 	109 	109 
002971 	388 	78 	109 	109 
002972 	388 	78 	109 	109 
002973 	388 	78 	109 	109 
002974 	388 	78 	109 	109 
002975 	400 	90 	109 	109 
002976 	400 	90 	109 	109 
002977 	400 	90 	109 	109 
002978 	395 	80 	130 	130 
002979 	395 	80 	130 	130 
002980 	395 	80 	130 	130 
002981 	400 	78 	109 	109 
002982 	400 	78 	109 	109 
002983 	400 	78 	109 	109 
002984 	400 	78 	109 	109 
002985 	400 	90 	109 	109 
002986 	400 	90 	109 	109 
002987 	400 	90 	109 	109 
002988 	400 	90 	109 	109 
002989 	400 	90 	109 	109 
002990 	400 	78 	109 	109 
002991 	400 	78 	109 	109 
002992 	400 	78 	109 	109 
002993 	400 	78 	109 	109 
002994 	400 	78 	109 	109 
