Identity  : 	id10809
Reference : 	Sa6lxUdKq4c
Offset    : 	-4
FV Conf   : 	17.626
ASD Conf  : 	5.743

FRAME 	X 	Y 	W 	H 
004859 	180 	123 	130 	130 
004860 	180 	123 	130 	130 
004861 	180 	123 	130 	130 
004862 	180 	123 	130 	130 
004863 	180 	123 	130 	130 
004864 	180 	123 	130 	130 
004865 	180 	123 	130 	130 
004866 	180 	123 	130 	130 
004867 	180 	123 	130 	130 
004868 	180 	123 	130 	130 
004869 	180 	123 	130 	130 
004870 	180 	123 	130 	130 
004871 	180 	123 	130 	130 
004872 	180 	123 	130 	130 
004873 	180 	123 	130 	130 
004874 	180 	123 	130 	130 
004875 	180 	123 	130 	130 
004876 	180 	123 	130 	130 
004877 	180 	123 	130 	130 
004878 	180 	123 	130 	130 
004879 	180 	123 	130 	130 
004880 	180 	123 	130 	130 
004881 	180 	123 	130 	130 
004882 	180 	123 	130 	130 
004883 	180 	123 	130 	130 
004884 	180 	123 	130 	130 
004885 	197 	126 	109 	109 
004886 	203 	132 	109 	109 
004887 	209 	138 	109 	109 
004888 	194 	123 	130 	130 
004889 	194 	123 	130 	130 
004890 	209 	138 	109 	109 
004891 	209 	138 	109 	109 
004892 	209 	138 	109 	109 
004893 	209 	138 	109 	109 
004894 	209 	138 	109 	109 
004895 	209 	138 	109 	109 
004896 	209 	138 	109 	109 
004897 	209 	138 	109 	109 
004898 	209 	138 	109 	109 
004899 	209 	138 	109 	109 
004900 	209 	138 	109 	109 
004901 	194 	137 	130 	130 
004902 	194 	137 	130 	130 
004903 	194 	137 	130 	130 
004904 	194 	123 	130 	130 
004905 	194 	123 	130 	130 
004906 	194 	123 	130 	130 
004907 	194 	123 	130 	130 
004908 	194 	109 	130 	130 
004909 	194 	109 	130 	130 
004910 	194 	109 	130 	130 
004911 	194 	109 	130 	130 
004912 	194 	123 	130 	130 
004913 	194 	123 	130 	130 
004914 	194 	123 	130 	130 
004915 	194 	123 	130 	130 
004916 	197 	126 	109 	109 
004917 	180 	109 	130 	130 
004918 	197 	126 	109 	109 
004919 	180 	109 	130 	130 
004920 	180 	123 	130 	130 
004921 	197 	138 	109 	109 
004922 	197 	138 	109 	109 
004923 	197 	138 	109 	109 
004924 	180 	137 	130 	130 
004925 	185 	138 	109 	109 
004926 	185 	138 	109 	109 
004927 	185 	138 	109 	109 
004928 	185 	138 	109 	109 
004929 	185 	138 	109 	109 
004930 	185 	138 	109 	109 
004931 	185 	138 	109 	109 
004932 	185 	138 	109 	109 
004933 	185 	126 	109 	109 
004934 	180 	109 	130 	130 
004935 	180 	109 	130 	130 
004936 	185 	114 	109 	109 
004937 	185 	114 	109 	109 
004938 	180 	109 	130 	130 
004939 	185 	126 	109 	109 
004940 	185 	126 	109 	109 
004941 	185 	126 	109 	109 
004942 	185 	126 	109 	109 
004943 	185 	126 	109 	109 
004944 	165 	109 	130 	130 
004945 	165 	123 	130 	130 
004946 	165 	123 	130 	130 
004947 	165 	123 	130 	130 
004948 	165 	123 	130 	130 
004949 	180 	123 	130 	130 
004950 	180 	123 	130 	130 
004951 	180 	123 	130 	130 
004952 	180 	123 	130 	130 
004953 	180 	123 	130 	130 
004954 	180 	123 	130 	130 
004955 	185 	126 	109 	109 
004956 	185 	126 	109 	109 
004957 	185 	126 	109 	109 
004958 	185 	126 	109 	109 
004959 	180 	109 	130 	130 
004960 	180 	109 	130 	130 
004961 	185 	114 	109 	109 
004962 	185 	114 	109 	109 
004963 	185 	114 	109 	109 
004964 	185 	114 	109 	109 
004965 	173 	114 	109 	109 
004966 	173 	114 	109 	109 
004967 	173 	114 	109 	109 
004968 	173 	114 	109 	109 
004969 	173 	114 	109 	109 
004970 	173 	114 	109 	109 
004971 	173 	114 	109 	109 
004972 	161 	114 	109 	109 
004973 	161 	114 	109 	109 
004974 	161 	114 	109 	109 
004975 	150 	114 	108 	109 
004976 	150 	114 	108 	109 
004977 	137 	109 	130 	130 
004978 	137 	109 	130 	130 
004979 	137 	109 	130 	130 
004980 	138 	126 	108 	109 
004981 	138 	126 	108 	109 
004982 	138 	126 	108 	109 
004983 	138 	126 	108 	109 
004984 	138 	126 	108 	109 
004985 	150 	126 	108 	109 
004986 	150 	126 	108 	109 
004987 	150 	126 	108 	109 
004988 	150 	126 	108 	109 
004989 	161 	126 	109 	109 
004990 	173 	126 	109 	109 
004991 	173 	126 	109 	109 
004992 	173 	126 	109 	109 
004993 	185 	126 	109 	109 
004994 	185 	126 	109 	109 
004995 	180 	123 	130 	130 
004996 	194 	123 	130 	130 
004997 	194 	123 	130 	130 
004998 	194 	123 	130 	130 
004999 	194 	123 	130 	130 
005000 	208 	123 	130 	130 
005001 	208 	123 	130 	130 
