Identity  : 	id10009
Reference : 	JrwqvWr5_VE
Offset    : 	-2
FV Conf   : 	16.703
ASD Conf  : 	6.468

FRAME 	X 	Y 	W 	H 
001377 	209 	78 	109 	109 
001378 	209 	90 	109 	109 
001379 	209 	90 	109 	109 
001380 	209 	90 	109 	109 
001381 	209 	90 	109 	109 
001382 	209 	90 	109 	109 
001383 	209 	90 	109 	109 
001384 	209 	90 	109 	109 
001385 	209 	90 	109 	109 
001386 	209 	90 	109 	109 
001387 	209 	90 	109 	109 
001388 	209 	90 	109 	109 
001389 	209 	90 	109 	109 
001390 	209 	90 	109 	109 
001391 	221 	78 	109 	109 
001392 	221 	78 	109 	109 
001393 	221 	78 	109 	109 
001394 	233 	78 	109 	109 
001395 	233 	78 	109 	109 
001396 	233 	78 	109 	109 
001397 	233 	78 	109 	109 
001398 	233 	78 	109 	109 
001399 	233 	78 	109 	109 
001400 	245 	78 	109 	109 
001401 	245 	78 	109 	109 
001402 	245 	78 	109 	109 
001403 	245 	78 	109 	109 
001404 	245 	78 	109 	109 
001405 	245 	78 	109 	109 
001406 	233 	78 	109 	109 
001407 	233 	78 	109 	109 
001408 	233 	78 	109 	109 
001409 	233 	78 	109 	109 
001410 	233 	78 	109 	109 
001411 	233 	78 	109 	109 
001412 	233 	78 	109 	109 
001413 	233 	78 	109 	109 
001414 	233 	78 	109 	109 
001415 	233 	78 	109 	109 
001416 	233 	78 	109 	109 
001417 	233 	78 	109 	109 
001418 	233 	78 	109 	109 
001419 	233 	78 	109 	109 
001420 	233 	78 	109 	109 
001421 	233 	78 	109 	109 
001422 	233 	78 	109 	109 
001423 	233 	78 	109 	109 
001424 	233 	78 	109 	109 
001425 	233 	78 	109 	109 
001426 	233 	78 	109 	109 
001427 	233 	78 	109 	109 
001428 	233 	78 	109 	109 
001429 	233 	78 	109 	109 
001430 	233 	78 	109 	109 
001431 	233 	78 	109 	109 
001432 	233 	78 	109 	109 
001433 	233 	78 	109 	109 
001434 	233 	78 	109 	109 
001435 	233 	78 	109 	109 
001436 	233 	78 	109 	109 
001437 	233 	78 	109 	109 
001438 	233 	78 	109 	109 
001439 	233 	78 	109 	109 
001440 	233 	78 	109 	109 
001441 	233 	78 	109 	109 
001442 	233 	78 	109 	109 
001443 	233 	78 	109 	109 
001444 	221 	78 	109 	109 
001445 	221 	78 	109 	109 
001446 	221 	78 	109 	109 
001447 	221 	78 	109 	109 
001448 	221 	78 	109 	109 
001449 	194 	66 	130 	130 
001450 	194 	66 	130 	130 
001451 	194 	66 	130 	130 
001452 	209 	78 	109 	109 
001453 	209 	78 	109 	109 
001454 	209 	78 	109 	109 
001455 	209 	78 	109 	109 
001456 	209 	78 	109 	109 
001457 	209 	78 	109 	109 
001458 	209 	78 	109 	109 
001459 	221 	78 	109 	109 
001460 	221 	78 	109 	109 
001461 	233 	78 	109 	109 
001462 	233 	78 	109 	109 
001463 	245 	78 	109 	109 
001464 	245 	78 	109 	109 
001465 	245 	78 	109 	109 
001466 	245 	78 	109 	109 
001467 	245 	78 	109 	109 
001468 	245 	78 	109 	109 
001469 	245 	78 	109 	109 
001470 	245 	78 	109 	109 
001471 	245 	78 	109 	109 
001472 	245 	78 	109 	109 
001473 	245 	78 	109 	109 
001474 	245 	78 	109 	109 
001475 	245 	78 	109 	109 
001476 	245 	78 	109 	109 
001477 	245 	66 	109 	109 
001478 	245 	66 	109 	109 
001479 	245 	66 	109 	109 
001480 	245 	66 	109 	109 
001481 	245 	66 	109 	109 
001482 	233 	78 	109 	109 
001483 	233 	78 	109 	109 
001484 	233 	78 	109 	109 
001485 	233 	78 	109 	109 
001486 	233 	78 	109 	109 
001487 	233 	78 	109 	109 
001488 	233 	78 	109 	109 
001489 	233 	78 	109 	109 
