Identity  : 	id11105
Reference : 	XRGwBNXIhgo
Offset    : 	-2
FV Conf   : 	17.063
ASD Conf  : 	7.602

FRAME 	X 	Y 	W 	H 
000618 	122 	94 	130 	130 
000619 	122 	94 	130 	130 
000620 	122 	94 	130 	130 
000621 	122 	94 	130 	130 
000622 	122 	94 	130 	130 
000623 	122 	94 	130 	130 
000624 	122 	94 	130 	130 
000625 	122 	94 	130 	130 
000626 	122 	94 	130 	130 
000627 	122 	94 	130 	130 
000628 	122 	94 	130 	130 
000629 	122 	94 	130 	130 
000630 	122 	94 	130 	130 
000631 	122 	94 	130 	130 
000632 	122 	94 	130 	130 
000633 	122 	94 	130 	130 
000634 	122 	94 	130 	130 
000635 	122 	94 	130 	130 
000636 	122 	94 	130 	130 
000637 	122 	94 	130 	130 
000638 	122 	94 	130 	130 
000639 	122 	94 	130 	130 
000640 	122 	94 	130 	130 
000641 	122 	94 	130 	130 
000642 	122 	94 	130 	130 
000643 	122 	94 	130 	130 
000644 	122 	94 	130 	130 
000645 	122 	94 	130 	130 
000646 	122 	94 	130 	130 
000647 	122 	94 	130 	130 
000648 	122 	94 	130 	130 
000649 	122 	94 	130 	130 
000650 	122 	94 	130 	130 
000651 	122 	94 	130 	130 
000652 	122 	94 	130 	130 
000653 	122 	94 	130 	130 
000654 	122 	94 	130 	130 
000655 	122 	94 	130 	130 
000656 	122 	94 	130 	130 
000657 	122 	94 	130 	130 
000658 	122 	94 	130 	130 
000659 	122 	94 	130 	130 
000660 	122 	94 	130 	130 
000661 	122 	94 	130 	130 
000662 	122 	94 	130 	130 
000663 	122 	94 	130 	130 
000664 	122 	94 	130 	130 
000665 	122 	94 	130 	130 
000666 	122 	94 	130 	130 
000667 	122 	94 	130 	130 
000668 	122 	94 	130 	130 
000669 	122 	94 	130 	130 
000670 	122 	94 	130 	130 
000671 	122 	94 	130 	130 
000672 	122 	94 	130 	130 
000673 	122 	94 	130 	130 
000674 	122 	94 	130 	130 
000675 	122 	94 	130 	130 
000676 	122 	94 	130 	130 
000677 	122 	94 	130 	130 
000678 	122 	94 	130 	130 
000679 	122 	94 	130 	130 
000680 	122 	94 	130 	130 
000681 	122 	94 	130 	130 
000682 	122 	94 	130 	130 
000683 	122 	94 	130 	130 
000684 	122 	94 	130 	130 
000685 	122 	94 	130 	130 
000686 	122 	94 	130 	130 
000687 	122 	94 	130 	130 
000688 	122 	94 	130 	130 
000689 	122 	94 	130 	130 
000690 	122 	94 	130 	130 
000691 	122 	94 	130 	130 
000692 	122 	94 	130 	130 
000693 	122 	94 	130 	130 
000694 	122 	94 	130 	130 
000695 	122 	94 	130 	130 
000696 	122 	94 	130 	130 
000697 	122 	94 	130 	130 
000698 	122 	94 	130 	130 
000699 	122 	94 	130 	130 
000700 	122 	94 	130 	130 
000701 	122 	94 	130 	130 
000702 	122 	94 	130 	130 
000703 	122 	94 	130 	130 
000704 	122 	94 	130 	130 
000705 	122 	109 	130 	130 
000706 	122 	109 	130 	130 
000707 	122 	109 	130 	130 
000708 	122 	109 	130 	130 
000709 	122 	109 	130 	130 
000710 	122 	109 	130 	130 
000711 	122 	109 	130 	130 
000712 	122 	109 	130 	130 
000713 	122 	109 	130 	130 
000714 	122 	109 	130 	130 
000715 	122 	109 	130 	130 
000716 	122 	109 	130 	130 
000717 	122 	109 	130 	130 
000718 	122 	109 	130 	130 
000719 	122 	109 	130 	130 
000720 	122 	109 	130 	130 
000721 	122 	109 	130 	130 
000722 	122 	109 	130 	130 
000723 	122 	109 	130 	130 
000724 	122 	109 	130 	130 
000725 	122 	109 	130 	130 
000726 	122 	109 	130 	130 
000727 	122 	109 	130 	130 
000728 	122 	109 	130 	130 
000729 	122 	109 	130 	130 
000730 	122 	109 	130 	130 
000731 	122 	109 	130 	130 
000732 	122 	109 	130 	130 
000733 	122 	109 	130 	130 
000734 	122 	109 	130 	130 
000735 	122 	109 	130 	130 
000736 	122 	109 	130 	130 
000737 	122 	109 	130 	130 
000738 	122 	109 	130 	130 
000739 	122 	109 	130 	130 
000740 	122 	109 	130 	130 
000741 	122 	109 	130 	130 
000742 	122 	109 	130 	130 
000743 	122 	109 	130 	130 
000744 	122 	94 	130 	130 
000745 	122 	94 	130 	130 
000746 	122 	94 	130 	130 
000747 	122 	94 	130 	130 
000748 	122 	94 	130 	130 
000749 	122 	94 	130 	130 
000750 	113 	79 	155 	156 
000751 	113 	79 	155 	156 
000752 	122 	94 	130 	130 
000753 	122 	94 	130 	130 
000754 	122 	94 	130 	130 
000755 	122 	94 	130 	130 
000756 	122 	94 	130 	130 
000757 	122 	94 	130 	130 
000758 	122 	94 	130 	130 
000759 	122 	94 	130 	130 
000760 	113 	79 	155 	156 
000761 	113 	79 	155 	156 
000762 	113 	79 	155 	156 
000763 	137 	80 	130 	130 
000764 	137 	80 	130 	130 
000765 	137 	80 	130 	130 
000766 	137 	80 	130 	130 
000767 	137 	80 	130 	130 
000768 	137 	80 	130 	130 
000769 	137 	80 	130 	130 
000770 	137 	80 	130 	130 
000771 	137 	80 	130 	130 
000772 	137 	80 	130 	130 
000773 	137 	80 	130 	130 
000774 	137 	80 	130 	130 
000775 	137 	80 	130 	130 
000776 	122 	80 	130 	130 
000777 	122 	80 	130 	130 
000778 	122 	80 	130 	130 
000779 	122 	80 	130 	130 
000780 	122 	80 	130 	130 
000781 	122 	80 	130 	130 
000782 	113 	79 	155 	156 
000783 	122 	94 	130 	130 
000784 	122 	94 	130 	130 
000785 	122 	94 	130 	130 
000786 	122 	94 	130 	130 
000787 	122 	94 	130 	130 
000788 	122 	94 	130 	130 
000789 	122 	94 	130 	130 
000790 	122 	109 	130 	130 
000791 	122 	109 	130 	130 
000792 	122 	109 	130 	130 
000793 	122 	109 	130 	130 
000794 	122 	94 	130 	130 
000795 	122 	94 	130 	130 
000796 	122 	94 	130 	130 
000797 	122 	94 	130 	130 
000798 	122 	94 	130 	130 
000799 	122 	94 	130 	130 
000800 	122 	94 	130 	130 
000801 	122 	94 	130 	130 
000802 	122 	94 	130 	130 
000803 	122 	94 	130 	130 
000804 	122 	94 	130 	130 
000805 	122 	94 	130 	130 
000806 	122 	94 	130 	130 
000807 	122 	94 	130 	130 
000808 	122 	94 	130 	130 
000809 	122 	94 	130 	130 
000810 	122 	94 	130 	130 
000811 	122 	94 	130 	130 
000812 	122 	94 	130 	130 
000813 	122 	94 	130 	130 
000814 	122 	94 	130 	130 
000815 	122 	94 	130 	130 
000816 	122 	94 	130 	130 
000817 	122 	94 	130 	130 
000818 	122 	94 	130 	130 
000819 	122 	94 	130 	130 
000820 	122 	94 	130 	130 
000821 	122 	94 	130 	130 
000822 	122 	94 	130 	130 
000823 	122 	94 	130 	130 
000824 	122 	94 	130 	130 
000825 	122 	94 	130 	130 
000826 	122 	94 	130 	130 
000827 	122 	94 	130 	130 
000828 	122 	94 	130 	130 
000829 	122 	94 	130 	130 
000830 	122 	94 	130 	130 
000831 	122 	94 	130 	130 
000832 	122 	94 	130 	130 
000833 	122 	94 	130 	130 
000834 	113 	79 	155 	156 
000835 	113 	79 	155 	156 
000836 	122 	94 	130 	130 
000837 	113 	79 	155 	156 
000838 	137 	94 	130 	130 
000839 	137 	94 	130 	130 
000840 	137 	94 	130 	130 
000841 	137 	94 	130 	130 
000842 	137 	94 	130 	130 
000843 	137 	94 	130 	130 
000844 	137 	94 	130 	130 
000845 	137 	94 	130 	130 
000846 	137 	94 	130 	130 
000847 	137 	94 	130 	130 
000848 	137 	94 	130 	130 
000849 	137 	94 	130 	130 
000850 	137 	94 	130 	130 
000851 	137 	94 	130 	130 
000852 	137 	94 	130 	130 
000853 	137 	94 	130 	130 
000854 	137 	94 	130 	130 
000855 	137 	94 	130 	130 
000856 	137 	94 	130 	130 
000857 	137 	94 	130 	130 
000858 	137 	94 	130 	130 
000859 	137 	94 	130 	130 
000860 	137 	94 	130 	130 
000861 	137 	94 	130 	130 
000862 	137 	94 	130 	130 
000863 	137 	94 	130 	130 
000864 	137 	94 	130 	130 
000865 	137 	94 	130 	130 
000866 	137 	94 	130 	130 
000867 	137 	94 	130 	130 
000868 	137 	94 	130 	130 
000869 	137 	94 	130 	130 
000870 	113 	79 	155 	156 
000871 	122 	94 	130 	130 
000872 	122 	94 	130 	130 
000873 	122 	80 	130 	130 
000874 	122 	80 	130 	130 
000875 	122 	80 	130 	130 
000876 	122 	80 	130 	130 
000877 	122 	80 	130 	130 
000878 	122 	80 	130 	130 
000879 	122 	80 	130 	130 
000880 	122 	80 	130 	130 
000881 	122 	80 	130 	130 
000882 	122 	80 	130 	130 
000883 	122 	80 	130 	130 
000884 	122 	80 	130 	130 
000885 	122 	94 	130 	130 
000886 	122 	94 	130 	130 
000887 	122 	94 	130 	130 
000888 	122 	94 	130 	130 
000889 	122 	80 	130 	130 
000890 	122 	80 	130 	130 
000891 	113 	79 	155 	156 
000892 	122 	94 	130 	130 
000893 	122 	94 	130 	130 
000894 	122 	94 	130 	130 
000895 	122 	94 	130 	130 
000896 	122 	94 	130 	130 
000897 	122 	94 	130 	130 
000898 	122 	94 	130 	130 
000899 	122 	94 	130 	130 
000900 	122 	94 	130 	130 
000901 	122 	94 	130 	130 
000902 	122 	94 	130 	130 
000903 	122 	94 	130 	130 
000904 	122 	94 	130 	130 
000905 	122 	94 	130 	130 
000906 	122 	94 	130 	130 
000907 	113 	79 	155 	156 
000908 	113 	79 	155 	156 
000909 	137 	94 	130 	130 
000910 	137 	94 	130 	130 
000911 	137 	94 	130 	130 
000912 	137 	94 	130 	130 
000913 	137 	94 	130 	130 
000914 	137 	94 	130 	130 
000915 	137 	94 	130 	130 
000916 	137 	94 	130 	130 
000917 	137 	94 	130 	130 
000918 	137 	94 	130 	130 
000919 	137 	94 	130 	130 
000920 	137 	94 	130 	130 
000921 	137 	94 	130 	130 
000922 	122 	94 	130 	130 
000923 	122 	94 	130 	130 
000924 	122 	94 	130 	130 
000925 	122 	94 	130 	130 
000926 	122 	94 	130 	130 
000927 	113 	79 	155 	156 
000928 	113 	79 	155 	156 
000929 	113 	79 	155 	156 
000930 	137 	94 	130 	130 
000931 	137 	94 	130 	130 
000932 	137 	94 	130 	130 
000933 	137 	94 	130 	130 
000934 	137 	94 	130 	130 
000935 	137 	94 	130 	130 
000936 	122 	94 	130 	130 
000937 	122 	94 	130 	130 
000938 	122 	94 	130 	130 
000939 	122 	94 	130 	130 
000940 	122 	94 	130 	130 
000941 	122 	94 	130 	130 
000942 	122 	94 	130 	130 
000943 	122 	94 	130 	130 
000944 	122 	94 	130 	130 
000945 	122 	94 	130 	130 
000946 	122 	94 	130 	130 
000947 	122 	94 	130 	130 
000948 	122 	94 	130 	130 
000949 	122 	94 	130 	130 
000950 	122 	94 	130 	130 
000951 	122 	94 	130 	130 
000952 	122 	94 	130 	130 
000953 	122 	94 	130 	130 
000954 	122 	94 	130 	130 
000955 	122 	94 	130 	130 
000956 	122 	94 	130 	130 
000957 	122 	94 	130 	130 
000958 	122 	94 	130 	130 
000959 	122 	94 	130 	130 
000960 	122 	94 	130 	130 
000961 	122 	94 	130 	130 
000962 	122 	94 	130 	130 
000963 	122 	94 	130 	130 
000964 	122 	94 	130 	130 
000965 	122 	94 	130 	130 
000966 	122 	80 	130 	130 
000967 	122 	80 	130 	130 
000968 	122 	80 	130 	130 
000969 	122 	80 	130 	130 
000970 	122 	80 	130 	130 
000971 	95 	79 	156 	156 
000972 	95 	79 	156 	156 
000973 	122 	94 	130 	130 
000974 	122 	94 	130 	130 
000975 	122 	94 	130 	130 
000976 	122 	94 	130 	130 
000977 	122 	94 	130 	130 
000978 	122 	109 	130 	130 
000979 	122 	109 	130 	130 
000980 	122 	109 	130 	130 
000981 	122 	109 	130 	130 
000982 	122 	109 	130 	130 
000983 	122 	109 	130 	130 
000984 	122 	109 	130 	130 
000985 	122 	109 	130 	130 
000986 	122 	109 	130 	130 
000987 	122 	109 	130 	130 
000988 	122 	109 	130 	130 
000989 	122 	109 	130 	130 
000990 	122 	109 	130 	130 
000991 	122 	109 	130 	130 
000992 	122 	109 	130 	130 
000993 	122 	109 	130 	130 
000994 	122 	109 	130 	130 
000995 	122 	109 	130 	130 
000996 	122 	109 	130 	130 
000997 	122 	109 	130 	130 
