Identity  : 	id10182
Reference : 	lTZ_4zmrIMg
Offset    : 	0
FV Conf   : 	13.254
ASD Conf  : 	8.071

FRAME 	X 	Y 	W 	H 
006916 	269 	90 	108 	109 
006917 	269 	90 	108 	109 
006918 	269 	102 	108 	109 
006919 	269 	102 	108 	109 
006920 	269 	102 	108 	109 
006921 	269 	102 	108 	109 
006922 	269 	90 	108 	109 
006923 	269 	102 	108 	109 
006924 	269 	90 	108 	109 
006925 	269 	90 	108 	109 
006926 	269 	90 	108 	109 
006927 	269 	90 	108 	109 
006928 	269 	90 	108 	109 
006929 	269 	78 	108 	109 
006930 	269 	78 	108 	109 
006931 	269 	78 	108 	109 
006932 	269 	78 	108 	109 
006933 	274 	95 	90 	91 
006934 	274 	95 	90 	91 
006935 	274 	95 	90 	91 
006936 	274 	95 	90 	91 
006937 	274 	95 	90 	91 
006938 	274 	95 	90 	91 
006939 	274 	95 	90 	91 
006940 	274 	95 	90 	91 
006941 	274 	95 	90 	91 
006942 	257 	78 	109 	109 
006943 	257 	78 	109 	109 
006944 	257 	78 	109 	109 
006945 	257 	78 	109 	109 
006946 	257 	78 	109 	109 
006947 	257 	78 	109 	109 
006948 	257 	78 	109 	109 
006949 	257 	78 	109 	109 
006950 	257 	78 	109 	109 
006951 	257 	78 	109 	109 
006952 	257 	78 	109 	109 
006953 	257 	78 	109 	109 
006954 	257 	78 	109 	109 
006955 	257 	78 	109 	109 
006956 	257 	78 	109 	109 
006957 	264 	95 	90 	91 
006958 	257 	78 	109 	109 
006959 	264 	85 	90 	91 
006960 	264 	85 	90 	91 
006961 	264 	85 	90 	91 
006962 	264 	95 	90 	91 
006963 	264 	95 	90 	91 
006964 	245 	78 	109 	109 
006965 	245 	78 	109 	109 
006966 	245 	78 	109 	109 
006967 	254 	95 	90 	91 
006968 	254 	95 	90 	91 
006969 	254 	95 	90 	91 
006970 	245 	78 	109 	109 
006971 	254 	85 	90 	91 
006972 	254 	85 	90 	91 
006973 	254 	85 	90 	91 
006974 	254 	85 	90 	91 
006975 	254 	85 	90 	91 
006976 	245 	78 	109 	109 
006977 	254 	85 	90 	91 
006978 	254 	85 	90 	91 
006979 	254 	85 	90 	91 
006980 	254 	85 	90 	91 
006981 	254 	85 	90 	91 
006982 	254 	85 	90 	91 
006983 	245 	78 	109 	109 
006984 	245 	78 	109 	109 
006985 	245 	78 	109 	109 
006986 	245 	78 	109 	109 
006987 	244 	85 	90 	91 
006988 	244 	85 	90 	91 
006989 	244 	85 	90 	91 
006990 	244 	85 	90 	91 
006991 	244 	85 	90 	91 
006992 	244 	85 	90 	91 
006993 	233 	78 	109 	109 
006994 	233 	78 	109 	109 
006995 	233 	78 	109 	109 
006996 	233 	78 	109 	109 
006997 	233 	78 	109 	109 
006998 	245 	90 	109 	109 
006999 	245 	90 	109 	109 
007000 	245 	90 	109 	109 
007001 	245 	78 	109 	109 
007002 	257 	66 	109 	109 
007003 	257 	66 	109 	109 
007004 	269 	66 	108 	109 
007005 	269 	66 	108 	109 
007006 	269 	66 	108 	109 
007007 	269 	66 	108 	109 
007008 	269 	66 	108 	109 
007009 	269 	66 	108 	109 
007010 	269 	66 	108 	109 
007011 	269 	66 	108 	109 
007012 	269 	66 	108 	109 
007013 	284 	75 	90 	91 
007014 	284 	75 	90 	91 
007015 	284 	75 	90 	91 
007016 	284 	75 	90 	91 
007017 	284 	75 	90 	91 
007018 	269 	66 	108 	109 
007019 	269 	66 	108 	109 
007020 	269 	66 	108 	109 
007021 	269 	66 	108 	109 
007022 	269 	66 	108 	109 
007023 	269 	78 	108 	109 
007024 	269 	78 	108 	109 
007025 	269 	78 	108 	109 
007026 	274 	85 	90 	91 
007027 	257 	78 	109 	109 
007028 	257 	78 	109 	109 
007029 	257 	78 	109 	109 
007030 	257 	78 	109 	109 
007031 	257 	78 	109 	109 
007032 	257 	78 	109 	109 
007033 	257 	78 	109 	109 
007034 	257 	78 	109 	109 
007035 	257 	78 	109 	109 
007036 	257 	78 	109 	109 
007037 	257 	78 	109 	109 
007038 	257 	78 	109 	109 
007039 	257 	78 	109 	109 
007040 	257 	78 	109 	109 
007041 	257 	78 	109 	109 
007042 	264 	85 	90 	91 
007043 	257 	78 	109 	109 
007044 	264 	85 	90 	91 
007045 	264 	85 	90 	91 
007046 	264 	85 	90 	91 
007047 	245 	66 	109 	109 
007048 	245 	66 	109 	109 
007049 	264 	85 	90 	91 
007050 	264 	85 	90 	91 
007051 	264 	75 	90 	91 
007052 	257 	66 	109 	109 
007053 	257 	66 	109 	109 
007054 	274 	75 	90 	91 
007055 	274 	75 	90 	91 
007056 	274 	85 	90 	91 
007057 	269 	78 	108 	109 
007058 	269 	78 	108 	109 
007059 	269 	78 	108 	109 
007060 	269 	66 	108 	109 
007061 	269 	66 	108 	109 
007062 	269 	66 	108 	109 
007063 	269 	66 	108 	109 
007064 	269 	66 	108 	109 
007065 	269 	66 	108 	109 
007066 	269 	66 	108 	109 
007067 	269 	66 	108 	109 
007068 	269 	66 	108 	109 
007069 	269 	66 	108 	109 
007070 	269 	66 	108 	109 
007071 	269 	78 	108 	109 
007072 	269 	78 	108 	109 
007073 	269 	78 	108 	109 
007074 	269 	78 	108 	109 
007075 	269 	78 	108 	109 
007076 	269 	78 	108 	109 
007077 	269 	78 	108 	109 
007078 	257 	78 	109 	109 
007079 	257 	78 	109 	109 
007080 	257 	90 	109 	109 
007081 	274 	95 	90 	91 
007082 	274 	95 	90 	91 
007083 	269 	78 	108 	109 
007084 	269 	78 	108 	109 
007085 	269 	78 	108 	109 
007086 	274 	85 	90 	91 
007087 	274 	85 	90 	91 
007088 	257 	78 	109 	109 
007089 	264 	95 	90 	91 
007090 	245 	90 	109 	109 
007091 	245 	90 	109 	109 
007092 	244 	95 	90 	91 
007093 	233 	90 	109 	109 
007094 	234 	85 	90 	91 
007095 	234 	85 	90 	91 
007096 	234 	85 	90 	91 
007097 	221 	78 	109 	109 
007098 	221 	78 	109 	109 
007099 	221 	78 	109 	109 
007100 	221 	78 	109 	109 
007101 	221 	78 	109 	109 
007102 	221 	66 	109 	109 
007103 	221 	66 	109 	109 
007104 	221 	66 	109 	109 
007105 	234 	85 	90 	91 
007106 	234 	85 	90 	91 
007107 	234 	85 	90 	91 
007108 	244 	85 	90 	91 
007109 	244 	85 	90 	91 
007110 	245 	78 	109 	109 
007111 	245 	78 	109 	109 
007112 	264 	95 	90 	91 
007113 	257 	78 	109 	109 
007114 	257 	78 	109 	109 
007115 	257 	78 	109 	109 
007116 	257 	78 	109 	109 
007117 	274 	85 	90 	91 
007118 	274 	85 	90 	91 
007119 	257 	78 	109 	109 
007120 	257 	78 	109 	109 
007121 	257 	78 	109 	109 
007122 	257 	78 	109 	109 
007123 	257 	78 	109 	109 
007124 	257 	78 	109 	109 
007125 	257 	78 	109 	109 
007126 	257 	78 	109 	109 
007127 	257 	78 	109 	109 
007128 	257 	78 	109 	109 
007129 	257 	78 	109 	109 
007130 	257 	78 	109 	109 
007131 	257 	78 	109 	109 
007132 	257 	66 	109 	109 
007133 	245 	66 	109 	109 
007134 	245 	66 	109 	109 
007135 	245 	78 	109 	109 
007136 	245 	78 	109 	109 
007137 	245 	90 	109 	109 
007138 	233 	102 	109 	109 
007139 	233 	90 	109 	109 
007140 	233 	90 	109 	109 
007141 	233 	90 	109 	109 
007142 	221 	78 	109 	109 
007143 	221 	78 	109 	109 
007144 	221 	78 	109 	109 
007145 	221 	90 	109 	109 
007146 	224 	95 	91 	91 
007147 	224 	105 	91 	91 
007148 	224 	115 	91 	91 
007149 	221 	102 	109 	109 
007150 	221 	102 	109 	109 
007151 	221 	102 	109 	109 
007152 	221 	102 	109 	109 
007153 	221 	78 	109 	109 
007154 	221 	78 	109 	109 
007155 	221 	78 	109 	109 
007156 	234 	85 	90 	91 
007157 	233 	78 	109 	109 
007158 	233 	78 	109 	109 
007159 	233 	78 	109 	109 
007160 	233 	78 	109 	109 
007161 	244 	85 	90 	91 
007162 	233 	78 	109 	109 
007163 	233 	78 	109 	109 
007164 	233 	78 	109 	109 
007165 	233 	78 	109 	109 
007166 	233 	78 	109 	109 
007167 	245 	78 	109 	109 
007168 	245 	66 	109 	109 
007169 	245 	66 	109 	109 
007170 	245 	66 	109 	109 
007171 	245 	66 	109 	109 
007172 	245 	66 	109 	109 
007173 	245 	66 	109 	109 
007174 	245 	66 	109 	109 
007175 	245 	66 	109 	109 
007176 	245 	78 	109 	109 
007177 	245 	78 	109 	109 
007178 	257 	78 	109 	109 
007179 	257 	78 	109 	109 
007180 	257 	78 	109 	109 
007181 	257 	78 	109 	109 
007182 	257 	78 	109 	109 
007183 	257 	78 	109 	109 
007184 	257 	78 	109 	109 
007185 	257 	78 	109 	109 
007186 	257 	78 	109 	109 
007187 	257 	78 	109 	109 
007188 	257 	78 	109 	109 
007189 	257 	78 	109 	109 
007190 	257 	78 	109 	109 
007191 	257 	78 	109 	109 
007192 	257 	78 	109 	109 
007193 	257 	78 	109 	109 
007194 	257 	78 	109 	109 
007195 	257 	78 	109 	109 
007196 	257 	78 	109 	109 
007197 	257 	78 	109 	109 
007198 	257 	78 	109 	109 
007199 	257 	78 	109 	109 
007200 	257 	78 	109 	109 
007201 	245 	78 	109 	109 
007202 	245 	78 	109 	109 
007203 	233 	90 	109 	109 
007204 	233 	90 	109 	109 
007205 	234 	95 	90 	91 
007206 	221 	90 	109 	109 
007207 	221 	90 	109 	109 
007208 	224 	95 	91 	91 
007209 	209 	90 	109 	109 
007210 	209 	90 	109 	109 
007211 	210 	90 	108 	108 
007212 	211 	91 	107 	107 
007213 	211 	91 	106 	106 
007214 	212 	91 	105 	105 
007215 	213 	91 	104 	104 
007216 	214 	92 	103 	103 
007217 	215 	92 	102 	102 
007218 	215 	92 	101 	101 
007219 	216 	92 	100 	100 
007220 	217 	93 	100 	100 
007221 	218 	93 	99 	99 
007222 	218 	93 	98 	98 
007223 	219 	93 	97 	97 
007224 	220 	94 	96 	96 
007225 	221 	94 	95 	95 
007226 	222 	94 	94 	94 
007227 	222 	94 	93 	93 
007228 	223 	95 	92 	92 
007229 	224 	95 	91 	91 
007230 	225 	94 	91 	91 
007231 	225 	94 	91 	91 
007232 	226 	93 	91 	91 
007233 	226 	92 	91 	91 
007234 	227 	92 	91 	91 
007235 	228 	91 	91 	91 
007236 	228 	91 	91 	91 
007237 	229 	90 	90 	91 
007238 	230 	89 	90 	91 
007239 	230 	89 	90 	91 
007240 	231 	88 	90 	91 
007241 	232 	88 	90 	91 
007242 	232 	87 	90 	91 
007243 	233 	86 	90 	91 
007244 	233 	86 	90 	91 
007245 	234 	85 	90 	91 
007246 	234 	85 	90 	91 
007247 	234 	85 	90 	91 
007248 	234 	85 	90 	91 
007249 	234 	85 	90 	91 
007250 	234 	85 	90 	91 
007251 	234 	85 	90 	91 
007252 	234 	85 	90 	91 
007253 	234 	85 	90 	91 
007254 	234 	85 	90 	91 
007255 	234 	85 	90 	91 
007256 	234 	85 	90 	91 
007257 	235 	84 	91 	92 
007258 	236 	83 	92 	93 
007259 	238 	82 	93 	94 
007260 	239 	81 	94 	95 
007261 	240 	80 	95 	96 
007262 	241 	79 	96 	97 
007263 	242 	78 	97 	98 
007264 	244 	77 	98 	99 
007265 	245 	76 	99 	100 
007266 	246 	75 	100 	100 
007267 	247 	74 	101 	101 
007268 	249 	73 	102 	102 
007269 	250 	72 	103 	103 
007270 	251 	71 	104 	104 
007271 	252 	70 	105 	105 
007272 	253 	69 	106 	106 
007273 	255 	68 	107 	107 
007274 	256 	67 	108 	108 
007275 	257 	66 	109 	109 
007276 	264 	85 	90 	91 
007277 	257 	66 	109 	109 
007278 	257 	66 	109 	109 
007279 	269 	66 	108 	109 
007280 	269 	66 	108 	109 
007281 	269 	66 	108 	109 
007282 	269 	66 	108 	109 
007283 	269 	66 	108 	109 
007284 	269 	66 	108 	109 
007285 	269 	66 	108 	109 
007286 	269 	66 	108 	109 
007287 	269 	66 	108 	109 
007288 	269 	66 	108 	109 
007289 	269 	66 	108 	109 
007290 	269 	66 	108 	109 
007291 	269 	78 	108 	109 
007292 	269 	78 	108 	109 
007293 	269 	78 	108 	109 
007294 	269 	78 	108 	109 
007295 	274 	85 	90 	91 
007296 	274 	85 	90 	91 
007297 	274 	85 	90 	91 
007298 	274 	85 	90 	91 
007299 	274 	85 	90 	91 
007300 	274 	85 	90 	91 
007301 	274 	85 	90 	91 
007302 	274 	85 	90 	91 
007303 	274 	85 	90 	91 
007304 	269 	66 	108 	109 
007305 	269 	66 	108 	109 
007306 	274 	85 	90 	91 
007307 	274 	85 	90 	91 
007308 	274 	85 	90 	91 
007309 	269 	78 	108 	109 
007310 	269 	78 	108 	109 
007311 	274 	85 	90 	91 
007312 	274 	85 	90 	91 
007313 	274 	85 	90 	91 
007314 	274 	85 	90 	91 
007315 	274 	85 	90 	91 
007316 	257 	78 	109 	109 
007317 	264 	95 	90 	91 
007318 	245 	90 	109 	109 
007319 	233 	90 	109 	109 
007320 	234 	95 	90 	91 
