Identity  : 	id11022
Reference : 	BEtpH-sCXjc
Offset    : 	-1
FV Conf   : 	13.271
ASD Conf  : 	6.784

FRAME 	X 	Y 	W 	H 
003648 	194 	123 	130 	130 
003649 	194 	123 	130 	130 
003650 	194 	123 	130 	130 
003651 	194 	123 	130 	130 
003652 	194 	109 	130 	130 
003653 	194 	109 	130 	130 
003654 	180 	94 	130 	130 
003655 	180 	94 	130 	130 
003656 	180 	94 	130 	130 
003657 	180 	80 	130 	130 
003658 	180 	80 	130 	130 
003659 	181 	62 	156 	155 
003660 	181 	62 	156 	155 
003661 	194 	66 	130 	130 
003662 	194 	66 	130 	130 
003663 	181 	44 	156 	156 
003664 	181 	44 	156 	156 
003665 	194 	66 	130 	130 
003666 	180 	51 	130 	130 
003667 	180 	51 	130 	130 
003668 	180 	51 	130 	130 
003669 	180 	51 	130 	130 
003670 	180 	51 	130 	130 
003671 	165 	51 	130 	130 
003672 	165 	51 	130 	130 
003673 	165 	51 	130 	130 
003674 	165 	51 	130 	130 
003675 	165 	51 	130 	130 
003676 	165 	66 	130 	130 
003677 	165 	51 	130 	130 
003678 	165 	51 	130 	130 
003679 	165 	66 	130 	130 
003680 	180 	66 	130 	130 
003681 	180 	66 	130 	130 
003682 	180 	66 	130 	130 
003683 	180 	66 	130 	130 
003684 	180 	66 	130 	130 
003685 	181 	44 	156 	156 
003686 	194 	66 	130 	130 
003687 	194 	66 	130 	130 
003688 	194 	80 	130 	130 
003689 	194 	80 	130 	130 
003690 	194 	80 	130 	130 
003691 	180 	80 	130 	130 
003692 	180 	80 	130 	130 
003693 	180 	80 	130 	130 
003694 	180 	94 	130 	130 
003695 	180 	94 	130 	130 
003696 	180 	94 	130 	130 
003697 	180 	94 	130 	130 
003698 	180 	94 	130 	130 
003699 	180 	109 	130 	130 
003700 	180 	109 	130 	130 
003701 	180 	109 	130 	130 
003702 	194 	109 	130 	130 
003703 	194 	109 	130 	130 
003704 	194 	109 	130 	130 
003705 	194 	109 	130 	130 
003706 	194 	123 	130 	130 
003707 	180 	123 	130 	130 
003708 	180 	123 	130 	130 
003709 	180 	123 	130 	130 
003710 	180 	123 	130 	130 
003711 	180 	123 	130 	130 
003712 	180 	123 	130 	130 
003713 	180 	123 	130 	130 
003714 	180 	123 	130 	130 
003715 	180 	123 	130 	130 
003716 	180 	123 	130 	130 
003717 	180 	123 	130 	130 
003718 	180 	123 	130 	130 
003719 	180 	123 	130 	130 
003720 	180 	123 	130 	130 
003721 	180 	123 	130 	130 
003722 	180 	109 	130 	130 
003723 	194 	109 	130 	130 
003724 	180 	109 	130 	130 
003725 	180 	109 	130 	130 
003726 	180 	109 	130 	130 
003727 	180 	109 	130 	130 
003728 	180 	94 	130 	130 
003729 	180 	94 	130 	130 
003730 	194 	94 	130 	130 
003731 	180 	94 	130 	130 
003732 	180 	94 	130 	130 
003733 	180 	94 	130 	130 
003734 	180 	94 	130 	130 
003735 	180 	94 	130 	130 
003736 	180 	80 	130 	130 
003737 	180 	80 	130 	130 
003738 	180 	80 	130 	130 
003739 	180 	80 	130 	130 
003740 	180 	80 	130 	130 
003741 	180 	80 	130 	130 
003742 	180 	80 	130 	130 
003743 	180 	66 	130 	130 
003744 	180 	66 	130 	130 
003745 	180 	66 	130 	130 
003746 	180 	66 	130 	130 
003747 	180 	66 	130 	130 
003748 	180 	66 	130 	130 
003749 	180 	66 	130 	130 
003750 	165 	66 	130 	130 
003751 	165 	66 	130 	130 
003752 	165 	66 	130 	130 
003753 	165 	66 	130 	130 
003754 	165 	80 	130 	130 
003755 	165 	80 	130 	130 
003756 	165 	80 	130 	130 
003757 	165 	80 	130 	130 
003758 	165 	80 	130 	130 
003759 	165 	80 	130 	130 
003760 	165 	80 	130 	130 
003761 	165 	80 	130 	130 
003762 	165 	80 	130 	130 
003763 	165 	80 	130 	130 
003764 	165 	80 	130 	130 
003765 	165 	80 	130 	130 
003766 	165 	80 	130 	130 
003767 	165 	80 	130 	130 
003768 	165 	80 	130 	130 
003769 	165 	80 	130 	130 
003770 	151 	80 	130 	130 
003771 	151 	80 	130 	130 
003772 	151 	80 	130 	130 
003773 	137 	66 	130 	130 
003774 	113 	62 	155 	155 
003775 	122 	66 	130 	130 
003776 	122 	66 	130 	130 
003777 	122 	66 	130 	130 
003778 	95 	62 	156 	155 
003779 	108 	66 	130 	130 
003780 	108 	66 	130 	130 
003781 	108 	66 	130 	130 
003782 	108 	66 	130 	130 
003783 	108 	66 	130 	130 
003784 	108 	66 	130 	130 
003785 	78 	44 	156 	156 
003786 	78 	44 	156 	156 
003787 	78 	44 	156 	156 
003788 	78 	44 	156 	156 
003789 	108 	66 	130 	130 
003790 	108 	66 	130 	130 
003791 	108 	66 	130 	130 
003792 	108 	66 	130 	130 
003793 	108 	66 	130 	130 
003794 	108 	66 	130 	130 
003795 	108 	66 	130 	130 
003796 	95 	44 	156 	156 
003797 	95 	44 	156 	156 
003798 	95 	44 	156 	156 
003799 	122 	66 	130 	130 
003800 	122 	66 	130 	130 
003801 	113 	44 	155 	156 
003802 	137 	66 	130 	130 
003803 	137 	66 	130 	130 
003804 	137 	66 	130 	130 
003805 	137 	66 	130 	130 
003806 	137 	80 	130 	130 
003807 	137 	80 	130 	130 
003808 	130 	62 	156 	155 
003809 	130 	62 	156 	155 
003810 	151 	66 	130 	130 
003811 	151 	66 	130 	130 
003812 	151 	66 	130 	130 
003813 	151 	66 	130 	130 
003814 	151 	66 	130 	130 
003815 	151 	66 	130 	130 
003816 	151 	66 	130 	130 
003817 	151 	66 	130 	130 
003818 	151 	66 	130 	130 
003819 	151 	66 	130 	130 
003820 	151 	66 	130 	130 
003821 	147 	62 	156 	155 
003822 	165 	66 	130 	130 
003823 	165 	66 	130 	130 
003824 	165 	66 	130 	130 
003825 	165 	66 	130 	130 
003826 	165 	66 	130 	130 
003827 	165 	66 	130 	130 
003828 	165 	66 	130 	130 
003829 	165 	66 	130 	130 
003830 	151 	66 	130 	130 
003831 	151 	66 	130 	130 
003832 	151 	66 	130 	130 
003833 	151 	66 	130 	130 
003834 	151 	66 	130 	130 
003835 	151 	66 	130 	130 
003836 	151 	66 	130 	130 
003837 	165 	66 	130 	130 
003838 	165 	66 	130 	130 
003839 	165 	66 	130 	130 
003840 	165 	66 	130 	130 
