Identity  : 	id10020
Reference : 	oIn5J6YJAmQ
Offset    : 	1
FV Conf   : 	15.219
ASD Conf  : 	7.914

FRAME 	X 	Y 	W 	H 
003209 	122 	80 	130 	130 
003210 	122 	80 	130 	130 
003211 	137 	80 	130 	130 
003212 	137 	80 	130 	130 
003213 	137 	80 	130 	130 
003214 	137 	80 	130 	130 
003215 	137 	80 	130 	130 
003216 	137 	80 	130 	130 
003217 	137 	80 	130 	130 
003218 	137 	80 	130 	130 
003219 	137 	80 	130 	130 
003220 	137 	80 	130 	130 
003221 	137 	80 	130 	130 
003222 	122 	66 	130 	130 
003223 	122 	66 	130 	130 
003224 	122 	66 	130 	130 
003225 	122 	66 	130 	130 
003226 	137 	66 	130 	130 
003227 	150 	78 	108 	109 
003228 	150 	90 	108 	109 
003229 	137 	80 	130 	130 
003230 	137 	80 	130 	130 
003231 	137 	80 	130 	130 
003232 	137 	80 	130 	130 
003233 	150 	78 	108 	109 
003234 	150 	78 	108 	109 
003235 	150 	78 	108 	109 
003236 	150 	90 	108 	109 
003237 	137 	80 	130 	130 
003238 	150 	102 	108 	109 
003239 	150 	102 	108 	109 
003240 	137 	94 	130 	130 
003241 	137 	94 	130 	130 
003242 	137 	94 	130 	130 
003243 	137 	80 	130 	130 
003244 	137 	80 	130 	130 
003245 	150 	102 	108 	109 
003246 	137 	94 	130 	130 
003247 	150 	114 	108 	109 
003248 	150 	114 	108 	109 
003249 	150 	114 	108 	109 
003250 	150 	102 	108 	109 
003251 	150 	102 	108 	109 
003252 	137 	80 	130 	130 
003253 	150 	102 	108 	109 
003254 	150 	102 	108 	109 
003255 	150 	102 	108 	109 
003256 	137 	80 	130 	130 
003257 	137 	80 	130 	130 
003258 	137 	80 	130 	130 
003259 	137 	80 	130 	130 
003260 	150 	102 	108 	109 
003261 	150 	102 	108 	109 
003262 	137 	94 	130 	130 
003263 	137 	94 	130 	130 
003264 	137 	80 	130 	130 
003265 	137 	80 	130 	130 
003266 	137 	80 	130 	130 
003267 	137 	80 	130 	130 
003268 	137 	80 	130 	130 
003269 	137 	80 	130 	130 
003270 	137 	80 	130 	130 
003271 	137 	80 	130 	130 
003272 	137 	80 	130 	130 
003273 	150 	102 	108 	109 
003274 	150 	102 	108 	109 
003275 	137 	80 	130 	130 
003276 	137 	80 	130 	130 
003277 	137 	80 	130 	130 
003278 	137 	80 	130 	130 
003279 	150 	90 	108 	109 
003280 	137 	80 	130 	130 
003281 	137 	80 	130 	130 
003282 	137 	80 	130 	130 
003283 	137 	80 	130 	130 
003284 	137 	80 	130 	130 
003285 	137 	80 	130 	130 
003286 	137 	80 	130 	130 
003287 	137 	80 	130 	130 
003288 	137 	80 	130 	130 
003289 	137 	80 	130 	130 
003290 	137 	80 	130 	130 
003291 	137 	80 	130 	130 
003292 	137 	80 	130 	130 
003293 	137 	80 	130 	130 
003294 	137 	80 	130 	130 
003295 	137 	80 	130 	130 
003296 	137 	80 	130 	130 
003297 	137 	80 	130 	130 
003298 	137 	80 	130 	130 
003299 	137 	66 	130 	130 
003300 	137 	66 	130 	130 
003301 	137 	66 	130 	130 
003302 	137 	66 	130 	130 
003303 	137 	66 	130 	130 
003304 	137 	66 	130 	130 
003305 	137 	66 	130 	130 
003306 	150 	78 	108 	109 
003307 	137 	66 	130 	130 
003308 	137 	80 	130 	130 
003309 	137 	80 	130 	130 
003310 	137 	80 	130 	130 
003311 	137 	80 	130 	130 
003312 	137 	66 	130 	130 
003313 	150 	78 	108 	109 
003314 	137 	66 	130 	130 
003315 	150 	78 	108 	109 
003316 	137 	66 	130 	130 
003317 	137 	51 	130 	130 
003318 	137 	51 	130 	130 
003319 	137 	51 	130 	130 
003320 	137 	66 	130 	130 
003321 	137 	66 	130 	130 
003322 	137 	66 	130 	130 
003323 	150 	78 	108 	109 
003324 	150 	78 	108 	109 
003325 	137 	80 	130 	130 
003326 	150 	78 	108 	109 
003327 	150 	78 	108 	109 
003328 	150 	78 	108 	109 
003329 	150 	78 	108 	109 
003330 	137 	80 	130 	130 
003331 	137 	80 	130 	130 
003332 	137 	80 	130 	130 
003333 	137 	80 	130 	130 
003334 	137 	80 	130 	130 
003335 	137 	80 	130 	130 
003336 	137 	80 	130 	130 
003337 	137 	80 	130 	130 
003338 	137 	80 	130 	130 
003339 	137 	80 	130 	130 
003340 	137 	80 	130 	130 
003341 	137 	80 	130 	130 
003342 	137 	80 	130 	130 
003343 	137 	80 	130 	130 
003344 	137 	80 	130 	130 
003345 	122 	80 	130 	130 
003346 	150 	102 	108 	109 
003347 	150 	102 	108 	109 
003348 	137 	80 	130 	130 
003349 	150 	90 	108 	109 
003350 	137 	80 	130 	130 
003351 	137 	80 	130 	130 
003352 	137 	80 	130 	130 
003353 	137 	80 	130 	130 
003354 	137 	80 	130 	130 
003355 	137 	80 	130 	130 
003356 	137 	80 	130 	130 
003357 	137 	80 	130 	130 
003358 	137 	80 	130 	130 
003359 	137 	80 	130 	130 
003360 	137 	80 	130 	130 
003361 	137 	80 	130 	130 
003362 	137 	80 	130 	130 
003363 	137 	80 	130 	130 
003364 	137 	80 	130 	130 
003365 	137 	80 	130 	130 
003366 	137 	80 	130 	130 
003367 	137 	80 	130 	130 
003368 	137 	80 	130 	130 
003369 	137 	80 	130 	130 
003370 	137 	80 	130 	130 
003371 	137 	80 	130 	130 
003372 	137 	80 	130 	130 
003373 	122 	66 	130 	130 
003374 	122 	66 	130 	130 
003375 	122 	66 	130 	130 
003376 	122 	66 	130 	130 
003377 	122 	66 	130 	130 
003378 	122 	66 	130 	130 
003379 	122 	66 	130 	130 
003380 	122 	66 	130 	130 
003381 	122 	66 	130 	130 
003382 	122 	66 	130 	130 
003383 	122 	66 	130 	130 
003384 	122 	66 	130 	130 
003385 	137 	66 	130 	130 
003386 	137 	66 	130 	130 
003387 	122 	66 	130 	130 
003388 	122 	66 	130 	130 
003389 	122 	66 	130 	130 
003390 	137 	66 	130 	130 
003391 	137 	66 	130 	130 
003392 	137 	66 	130 	130 
003393 	137 	66 	130 	130 
003394 	137 	66 	130 	130 
003395 	137 	66 	130 	130 
003396 	137 	66 	130 	130 
003397 	137 	66 	130 	130 
003398 	150 	78 	108 	109 
003399 	151 	66 	130 	130 
003400 	151 	66 	130 	130 
003401 	151 	66 	130 	130 
003402 	151 	66 	130 	130 
003403 	161 	78 	109 	109 
003404 	161 	78 	109 	109 
003405 	137 	66 	130 	130 
003406 	137 	66 	130 	130 
003407 	137 	66 	130 	130 
003408 	137 	66 	130 	130 
003409 	137 	66 	130 	130 
003410 	137 	66 	130 	130 
003411 	137 	66 	130 	130 
003412 	137 	66 	130 	130 
003413 	137 	66 	130 	130 
003414 	137 	66 	130 	130 
003415 	137 	66 	130 	130 
003416 	137 	66 	130 	130 
003417 	137 	66 	130 	130 
003418 	137 	66 	130 	130 
003419 	137 	66 	130 	130 
003420 	137 	66 	130 	130 
003421 	137 	66 	130 	130 
003422 	137 	66 	130 	130 
003423 	137 	66 	130 	130 
003424 	137 	66 	130 	130 
003425 	137 	66 	130 	130 
003426 	137 	66 	130 	130 
003427 	137 	66 	130 	130 
003428 	137 	66 	130 	130 
003429 	137 	66 	130 	130 
003430 	137 	66 	130 	130 
003431 	151 	66 	130 	130 
003432 	151 	66 	130 	130 
003433 	151 	66 	130 	130 
003434 	151 	66 	130 	130 
003435 	151 	66 	130 	130 
003436 	151 	66 	130 	130 
003437 	151 	66 	130 	130 
003438 	151 	66 	130 	130 
003439 	151 	66 	130 	130 
003440 	151 	66 	130 	130 
003441 	151 	80 	130 	130 
003442 	151 	80 	130 	130 
003443 	151 	80 	130 	130 
003444 	151 	80 	130 	130 
003445 	151 	80 	130 	130 
003446 	151 	66 	130 	130 
003447 	173 	90 	109 	109 
003448 	173 	90 	109 	109 
003449 	173 	90 	109 	109 
003450 	165 	80 	130 	130 
003451 	165 	80 	130 	130 
003452 	165 	66 	130 	130 
003453 	165 	66 	130 	130 
003454 	165 	66 	130 	130 
003455 	165 	66 	130 	130 
003456 	185 	90 	109 	109 
003457 	165 	80 	130 	130 
003458 	165 	80 	130 	130 
003459 	165 	80 	130 	130 
003460 	165 	80 	130 	130 
003461 	165 	80 	130 	130 
003462 	165 	80 	130 	130 
003463 	165 	80 	130 	130 
003464 	165 	80 	130 	130 
003465 	165 	80 	130 	130 
003466 	165 	66 	130 	130 
003467 	165 	66 	130 	130 
003468 	165 	66 	130 	130 
003469 	165 	66 	130 	130 
003470 	165 	66 	130 	130 
003471 	165 	66 	130 	130 
003472 	165 	66 	130 	130 
003473 	165 	66 	130 	130 
003474 	165 	66 	130 	130 
003475 	165 	66 	130 	130 
003476 	165 	80 	130 	130 
003477 	173 	90 	109 	109 
003478 	165 	66 	130 	130 
003479 	165 	66 	130 	130 
003480 	165 	66 	130 	130 
003481 	165 	66 	130 	130 
003482 	165 	66 	130 	130 
003483 	165 	66 	130 	130 
003484 	165 	66 	130 	130 
003485 	165 	80 	130 	130 
003486 	165 	80 	130 	130 
003487 	165 	80 	130 	130 
003488 	165 	80 	130 	130 
003489 	165 	80 	130 	130 
003490 	165 	80 	130 	130 
003491 	165 	80 	130 	130 
003492 	165 	80 	130 	130 
003493 	165 	80 	130 	130 
003494 	165 	80 	130 	130 
003495 	165 	80 	130 	130 
003496 	165 	80 	130 	130 
003497 	165 	80 	130 	130 
003498 	165 	80 	130 	130 
003499 	165 	80 	130 	130 
003500 	165 	80 	130 	130 
003501 	165 	80 	130 	130 
003502 	165 	80 	130 	130 
003503 	165 	80 	130 	130 
003504 	165 	80 	130 	130 
003505 	165 	80 	130 	130 
003506 	165 	80 	130 	130 
003507 	165 	80 	130 	130 
