Identity  : 	id10486
Reference : 	TfwUMkgs2tI
Offset    : 	-4
FV Conf   : 	14.728
ASD Conf  : 	5.622

FRAME 	X 	Y 	W 	H 
003364 	197 	74 	187 	187 
003365 	188 	64 	224 	224 
003366 	188 	64 	224 	224 
003367 	218 	74 	187 	187 
003368 	218 	74 	187 	187 
003369 	218 	74 	187 	187 
003370 	188 	64 	224 	224 
003371 	188 	64 	224 	224 
003372 	188 	64 	224 	224 
003373 	197 	74 	187 	187 
003374 	197 	74 	187 	187 
003375 	197 	74 	187 	187 
003376 	197 	74 	187 	187 
003377 	197 	74 	187 	187 
003378 	197 	74 	187 	187 
003379 	197 	74 	187 	187 
003380 	197 	74 	187 	187 
003381 	197 	74 	187 	187 
003382 	197 	74 	187 	187 
003383 	188 	39 	224 	224 
003384 	188 	39 	224 	224 
003385 	197 	74 	187 	187 
003386 	188 	39 	224 	224 
003387 	188 	39 	224 	224 
003388 	197 	74 	187 	187 
003389 	197 	74 	187 	187 
003390 	197 	74 	187 	187 
003391 	197 	74 	187 	187 
003392 	197 	74 	187 	187 
003393 	197 	74 	187 	187 
003394 	197 	74 	187 	187 
003395 	197 	74 	187 	187 
003396 	197 	74 	187 	187 
003397 	197 	74 	187 	187 
003398 	197 	74 	187 	187 
003399 	197 	95 	187 	186 
003400 	177 	95 	187 	186 
003401 	177 	95 	187 	186 
003402 	177 	95 	187 	186 
003403 	177 	95 	187 	186 
003404 	177 	95 	187 	186 
003405 	177 	95 	187 	186 
003406 	177 	95 	187 	186 
003407 	177 	95 	187 	186 
003408 	177 	95 	187 	186 
003409 	177 	95 	187 	186 
003410 	177 	95 	187 	186 
003411 	177 	95 	187 	186 
003412 	163 	64 	224 	224 
003413 	163 	64 	224 	224 
003414 	163 	64 	224 	224 
003415 	163 	64 	224 	224 
003416 	163 	64 	224 	224 
003417 	163 	64 	224 	224 
003418 	163 	64 	224 	224 
003419 	163 	64 	224 	224 
003420 	163 	64 	224 	224 
003421 	163 	64 	224 	224 
003422 	163 	64 	224 	224 
003423 	163 	64 	224 	224 
003424 	163 	64 	224 	224 
003425 	163 	64 	224 	224 
003426 	163 	64 	224 	224 
003427 	163 	64 	224 	224 
003428 	163 	64 	224 	224 
003429 	177 	74 	187 	187 
003430 	177 	74 	187 	187 
003431 	163 	39 	224 	224 
003432 	163 	39 	224 	224 
003433 	177 	74 	187 	187 
003434 	163 	64 	224 	224 
003435 	163 	64 	224 	224 
003436 	163 	64 	224 	224 
003437 	163 	39 	224 	224 
003438 	163 	39 	224 	224 
003439 	163 	39 	224 	224 
003440 	163 	39 	224 	224 
003441 	177 	74 	187 	187 
003442 	177 	74 	187 	187 
003443 	177 	74 	187 	187 
003444 	177 	74 	187 	187 
003445 	177 	74 	187 	187 
003446 	177 	74 	187 	187 
003447 	177 	74 	187 	187 
003448 	177 	74 	187 	187 
003449 	177 	74 	187 	187 
003450 	177 	74 	187 	187 
003451 	177 	74 	187 	187 
003452 	177 	74 	187 	187 
003453 	177 	74 	187 	187 
003454 	177 	74 	187 	187 
003455 	177 	74 	187 	187 
003456 	177 	74 	187 	187 
003457 	177 	74 	187 	187 
003458 	177 	74 	187 	187 
003459 	177 	74 	187 	187 
003460 	177 	74 	187 	187 
003461 	177 	74 	187 	187 
003462 	177 	74 	187 	187 
003463 	177 	74 	187 	187 
003464 	177 	74 	187 	187 
003465 	177 	74 	187 	187 
003466 	177 	74 	187 	187 
003467 	181 	96 	156 	156 
003468 	177 	74 	187 	187 
003469 	177 	74 	187 	187 
003470 	177 	74 	187 	187 
003471 	177 	74 	187 	187 
003472 	177 	74 	187 	187 
003473 	177 	74 	187 	187 
003474 	177 	74 	187 	187 
003475 	177 	74 	187 	187 
003476 	177 	74 	187 	187 
003477 	177 	74 	187 	187 
003478 	177 	74 	187 	187 
003479 	177 	74 	187 	187 
003480 	177 	74 	187 	187 
003481 	163 	64 	224 	224 
003482 	163 	64 	224 	224 
003483 	163 	64 	224 	224 
003484 	163 	64 	224 	224 
003485 	197 	74 	187 	187 
003486 	197 	74 	187 	187 
003487 	197 	74 	187 	187 
003488 	197 	74 	187 	187 
003489 	197 	74 	187 	187 
003490 	163 	64 	224 	224 
003491 	177 	74 	187 	187 
003492 	177 	74 	187 	187 
003493 	177 	74 	187 	187 
003494 	177 	74 	187 	187 
003495 	177 	74 	187 	187 
003496 	163 	39 	224 	224 
003497 	197 	74 	187 	187 
003498 	197 	74 	187 	187 
003499 	197 	74 	187 	187 
003500 	197 	74 	187 	187 
003501 	188 	64 	224 	224 
003502 	188 	64 	224 	224 
003503 	188 	64 	224 	224 
003504 	188 	64 	224 	224 
003505 	188 	64 	224 	224 
003506 	188 	64 	224 	224 
003507 	188 	64 	224 	224 
003508 	188 	64 	224 	224 
003509 	188 	64 	224 	224 
003510 	188 	39 	224 	224 
003511 	188 	39 	224 	224 
003512 	188 	39 	224 	224 
003513 	188 	39 	224 	224 
003514 	197 	53 	187 	187 
003515 	188 	39 	224 	224 
003516 	188 	15 	224 	224 
003517 	188 	15 	224 	224 
003518 	218 	33 	187 	187 
003519 	218 	33 	187 	187 
003520 	212 	15 	224 	224 
003521 	239 	12 	186 	187 
003522 	239 	12 	186 	187 
003523 	239 	12 	186 	187 
003524 	249 	12 	186 	187 
003525 	259 	12 	187 	187 
003526 	259 	12 	187 	187 
003527 	259 	12 	187 	187 
003528 	259 	12 	187 	187 
003529 	259 	12 	187 	187 
003530 	259 	12 	187 	187 
003531 	259 	12 	187 	187 
003532 	259 	12 	187 	187 
003533 	259 	12 	187 	187 
003534 	259 	12 	187 	187 
003535 	239 	33 	186 	187 
003536 	239 	33 	186 	187 
003537 	218 	33 	187 	187 
