Identity  : 	id10486
Reference : 	TfwUMkgs2tI
Offset    : 	-4
FV Conf   : 	17.061
ASD Conf  : 	6.092

FRAME 	X 	Y 	W 	H 
011648 	113 	113 	155 	156 
011649 	113 	113 	155 	156 
011650 	94 	95 	187 	186 
011651 	94 	95 	187 	186 
011652 	94 	95 	187 	186 
011653 	115 	95 	187 	186 
011654 	115 	95 	187 	186 
011655 	113 	113 	155 	156 
011656 	94 	95 	187 	186 
011657 	94 	95 	187 	186 
011658 	94 	95 	187 	186 
011659 	94 	95 	187 	186 
011660 	94 	95 	187 	186 
011661 	94 	95 	187 	186 
011662 	74 	95 	186 	186 
011663 	74 	95 	186 	186 
011664 	74 	95 	186 	186 
011665 	74 	95 	186 	186 
011666 	74 	95 	186 	186 
011667 	74 	95 	186 	186 
011668 	74 	95 	186 	186 
011669 	74 	95 	186 	186 
011670 	94 	95 	187 	186 
011671 	94 	95 	187 	186 
011672 	94 	95 	187 	186 
011673 	94 	95 	187 	186 
011674 	74 	95 	186 	186 
011675 	74 	115 	186 	187 
011676 	74 	115 	186 	187 
011677 	74 	115 	186 	187 
011678 	74 	95 	186 	186 
011679 	74 	95 	186 	186 
011680 	74 	95 	186 	186 
011681 	74 	95 	186 	186 
011682 	74 	95 	186 	186 
011683 	74 	95 	186 	186 
011684 	74 	95 	186 	186 
011685 	74 	95 	186 	186 
011686 	74 	95 	186 	186 
011687 	74 	95 	186 	186 
011688 	74 	115 	186 	187 
011689 	74 	115 	186 	187 
011690 	74 	115 	186 	187 
011691 	74 	115 	186 	187 
011692 	74 	95 	186 	186 
011693 	53 	95 	187 	186 
011694 	53 	95 	187 	186 
011695 	53 	95 	187 	186 
011696 	53 	95 	187 	186 
011697 	53 	95 	187 	186 
011698 	53 	95 	187 	186 
011699 	53 	95 	187 	186 
011700 	78 	113 	156 	156 
011701 	74 	95 	186 	186 
011702 	74 	95 	186 	186 
011703 	74 	95 	186 	186 
011704 	74 	95 	186 	186 
011705 	74 	95 	186 	186 
011706 	74 	95 	186 	186 
011707 	74 	95 	186 	186 
011708 	74 	115 	186 	187 
011709 	74 	115 	186 	187 
011710 	78 	130 	156 	156 
011711 	53 	115 	187 	187 
011712 	53 	115 	187 	187 
011713 	53 	115 	187 	187 
011714 	53 	115 	187 	187 
011715 	53 	115 	187 	187 
011716 	53 	95 	187 	186 
011717 	53 	95 	187 	186 
011718 	74 	115 	186 	187 
011719 	74 	95 	186 	186 
011720 	74 	95 	186 	186 
011721 	74 	95 	186 	186 
011722 	74 	95 	186 	186 
011723 	74 	95 	186 	186 
011724 	74 	74 	186 	187 
011725 	74 	74 	186 	187 
011726 	74 	74 	186 	187 
011727 	74 	74 	186 	187 
011728 	74 	95 	186 	186 
011729 	74 	95 	186 	186 
011730 	74 	95 	186 	186 
011731 	74 	95 	186 	186 
011732 	94 	74 	187 	187 
011733 	94 	74 	187 	187 
011734 	94 	74 	187 	187 
011735 	115 	95 	187 	186 
011736 	115 	74 	187 	187 
011737 	115 	74 	187 	187 
011738 	115 	74 	187 	187 
011739 	115 	74 	187 	187 
011740 	115 	95 	187 	186 
011741 	94 	95 	187 	186 
011742 	94 	95 	187 	186 
011743 	94 	95 	187 	186 
011744 	94 	95 	187 	186 
011745 	94 	95 	187 	186 
011746 	74 	95 	186 	186 
011747 	74 	95 	186 	186 
011748 	74 	95 	186 	186 
011749 	74 	95 	186 	186 
011750 	74 	95 	186 	186 
011751 	78 	113 	156 	156 
011752 	53 	95 	187 	186 
011753 	53 	95 	187 	186 
011754 	53 	95 	187 	186 
011755 	53 	95 	187 	186 
011756 	53 	95 	187 	186 
011757 	53 	95 	187 	186 
011758 	53 	95 	187 	186 
011759 	53 	95 	187 	186 
011760 	53 	95 	187 	186 
011761 	53 	95 	187 	186 
011762 	53 	95 	187 	186 
011763 	53 	95 	187 	186 
011764 	53 	95 	187 	186 
011765 	78 	96 	156 	156 
011766 	53 	95 	187 	186 
011767 	53 	95 	187 	186 
011768 	53 	95 	187 	186 
011769 	53 	74 	187 	187 
011770 	61 	96 	156 	156 
011771 	78 	96 	156 	156 
011772 	78 	96 	156 	156 
011773 	78 	96 	156 	156 
011774 	53 	74 	187 	187 
011775 	74 	74 	186 	187 
011776 	74 	74 	186 	187 
011777 	74 	74 	186 	187 
011778 	53 	74 	187 	187 
011779 	74 	74 	186 	187 
011780 	74 	74 	186 	187 
011781 	53 	74 	187 	187 
011782 	53 	74 	187 	187 
