Identity  : 	id10238
Reference : 	OODEodUoFiY
Offset    : 	-2
FV Conf   : 	11.606
ASD Conf  : 	7.530

FRAME 	X 	Y 	W 	H 
002740 	194 	95 	91 	91 
002741 	194 	95 	91 	91 
002742 	194 	95 	91 	91 
002743 	194 	95 	91 	91 
002744 	194 	95 	91 	91 
002745 	194 	95 	91 	91 
002746 	194 	95 	91 	91 
002747 	194 	95 	91 	91 
002748 	194 	95 	91 	91 
002749 	194 	95 	91 	91 
002750 	194 	95 	91 	91 
002751 	194 	95 	91 	91 
002752 	185 	90 	109 	109 
002753 	185 	90 	109 	109 
002754 	173 	90 	109 	109 
002755 	173 	90 	109 	109 
002756 	173 	90 	109 	109 
002757 	173 	90 	109 	109 
002758 	173 	90 	109 	109 
002759 	173 	90 	109 	109 
002760 	173 	90 	109 	109 
002761 	173 	90 	109 	109 
002762 	173 	90 	109 	109 
002763 	173 	90 	109 	109 
002764 	173 	90 	109 	109 
002765 	173 	90 	109 	109 
002766 	173 	90 	109 	109 
002767 	173 	90 	109 	109 
002768 	173 	90 	109 	109 
002769 	173 	90 	109 	109 
002770 	173 	90 	109 	109 
002771 	173 	90 	109 	109 
002772 	184 	105 	91 	91 
002773 	184 	105 	91 	91 
002774 	184 	105 	91 	91 
002775 	173 	90 	109 	109 
002776 	173 	90 	109 	109 
002777 	173 	90 	109 	109 
002778 	173 	90 	109 	109 
002779 	184 	105 	91 	91 
002780 	184 	105 	91 	91 
002781 	184 	105 	91 	91 
002782 	184 	105 	91 	91 
002783 	184 	105 	91 	91 
002784 	184 	105 	91 	91 
002785 	184 	105 	91 	91 
002786 	184 	105 	91 	91 
002787 	184 	105 	91 	91 
002788 	184 	105 	91 	91 
002789 	184 	105 	91 	91 
002790 	184 	105 	91 	91 
002791 	184 	105 	91 	91 
002792 	194 	105 	91 	91 
002793 	194 	105 	91 	91 
002794 	194 	105 	91 	91 
002795 	194 	105 	91 	91 
002796 	194 	105 	91 	91 
002797 	185 	102 	109 	109 
002798 	185 	102 	109 	109 
002799 	185 	102 	109 	109 
002800 	185 	102 	109 	109 
002801 	185 	102 	109 	109 
002802 	184 	105 	91 	91 
002803 	184 	105 	91 	91 
002804 	184 	105 	91 	91 
002805 	184 	105 	91 	91 
002806 	184 	105 	91 	91 
002807 	184 	105 	91 	91 
002808 	184 	105 	91 	91 
002809 	184 	105 	91 	91 
002810 	184 	105 	91 	91 
002811 	184 	105 	91 	91 
002812 	185 	102 	109 	109 
002813 	185 	102 	109 	109 
002814 	185 	102 	109 	109 
002815 	185 	102 	109 	109 
002816 	185 	102 	109 	109 
002817 	184 	105 	91 	91 
002818 	184 	105 	91 	91 
002819 	184 	105 	91 	91 
002820 	173 	102 	109 	109 
002821 	184 	105 	91 	91 
002822 	184 	105 	91 	91 
002823 	184 	105 	91 	91 
002824 	184 	105 	91 	91 
002825 	184 	105 	91 	91 
002826 	184 	105 	91 	91 
002827 	184 	105 	91 	91 
002828 	184 	105 	91 	91 
002829 	184 	105 	91 	91 
002830 	194 	105 	91 	91 
002831 	185 	90 	109 	109 
002832 	185 	90 	109 	109 
002833 	185 	90 	109 	109 
002834 	185 	90 	109 	109 
002835 	185 	90 	109 	109 
002836 	185 	90 	109 	109 
002837 	185 	90 	109 	109 
002838 	185 	90 	109 	109 
002839 	185 	90 	109 	109 
002840 	185 	90 	109 	109 
002841 	185 	90 	109 	109 
002842 	185 	90 	109 	109 
002843 	185 	90 	109 	109 
002844 	185 	90 	109 	109 
002845 	185 	90 	109 	109 
002846 	185 	90 	109 	109 
002847 	185 	90 	109 	109 
002848 	185 	90 	109 	109 
002849 	185 	90 	109 	109 
002850 	185 	90 	109 	109 
002851 	185 	90 	109 	109 
002852 	204 	95 	91 	91 
002853 	204 	95 	91 	91 
002854 	204 	95 	91 	91 
002855 	204 	95 	91 	91 
002856 	185 	78 	109 	109 
002857 	185 	78 	109 	109 
002858 	185 	78 	109 	109 
002859 	185 	78 	109 	109 
002860 	204 	85 	91 	91 
002861 	204 	85 	91 	91 
002862 	204 	85 	91 	91 
002863 	204 	85 	91 	91 
002864 	204 	85 	91 	91 
002865 	204 	85 	91 	91 
002866 	204 	85 	91 	91 
002867 	204 	85 	91 	91 
002868 	197 	66 	109 	109 
002869 	197 	66 	109 	109 
002870 	197 	78 	109 	109 
002871 	214 	85 	91 	91 
002872 	209 	78 	109 	109 
002873 	209 	78 	109 	109 
002874 	209 	78 	109 	109 
002875 	209 	78 	109 	109 
002876 	209 	78 	109 	109 
002877 	209 	78 	109 	109 
002878 	209 	78 	109 	109 
002879 	209 	78 	109 	109 
002880 	209 	78 	109 	109 
002881 	209 	78 	109 	109 
002882 	209 	78 	109 	109 
002883 	209 	78 	109 	109 
002884 	209 	78 	109 	109 
002885 	209 	78 	109 	109 
002886 	209 	78 	109 	109 
002887 	209 	78 	109 	109 
002888 	209 	78 	109 	109 
002889 	209 	78 	109 	109 
002890 	209 	78 	109 	109 
002891 	209 	78 	109 	109 
002892 	209 	78 	109 	109 
002893 	209 	90 	109 	109 
002894 	209 	90 	109 	109 
002895 	209 	90 	109 	109 
002896 	209 	90 	109 	109 
002897 	209 	90 	109 	109 
002898 	209 	90 	109 	109 
002899 	209 	90 	109 	109 
002900 	209 	90 	109 	109 
002901 	209 	90 	109 	109 
002902 	209 	90 	109 	109 
002903 	209 	90 	109 	109 
002904 	209 	90 	109 	109 
002905 	209 	90 	109 	109 
002906 	209 	90 	109 	109 
002907 	209 	90 	109 	109 
002908 	209 	90 	109 	109 
002909 	209 	90 	109 	109 
002910 	209 	90 	109 	109 
002911 	209 	90 	109 	109 
002912 	209 	90 	109 	109 
002913 	209 	90 	109 	109 
002914 	209 	90 	109 	109 
002915 	209 	90 	109 	109 
002916 	209 	90 	109 	109 
002917 	209 	90 	109 	109 
002918 	209 	90 	109 	109 
002919 	209 	90 	109 	109 
002920 	209 	90 	109 	109 
002921 	209 	90 	109 	109 
002922 	209 	90 	109 	109 
002923 	209 	90 	109 	109 
002924 	209 	90 	109 	109 
002925 	209 	90 	109 	109 
002926 	209 	90 	109 	109 
002927 	209 	90 	109 	109 
002928 	209 	90 	109 	109 
002929 	209 	78 	109 	109 
002930 	209 	78 	109 	109 
002931 	209 	78 	109 	109 
002932 	209 	78 	109 	109 
002933 	209 	90 	109 	109 
002934 	209 	90 	109 	109 
002935 	209 	90 	109 	109 
002936 	224 	95 	91 	91 
002937 	221 	90 	109 	109 
002938 	221 	90 	109 	109 
002939 	224 	95 	91 	91 
002940 	224 	95 	91 	91 
002941 	209 	78 	109 	109 
002942 	209 	90 	109 	109 
002943 	209 	90 	109 	109 
002944 	209 	90 	109 	109 
002945 	209 	90 	109 	109 
002946 	209 	90 	109 	109 
002947 	209 	90 	109 	109 
002948 	209 	90 	109 	109 
002949 	209 	90 	109 	109 
002950 	209 	90 	109 	109 
002951 	209 	90 	109 	109 
002952 	209 	90 	109 	109 
002953 	197 	90 	109 	109 
002954 	197 	90 	109 	109 
002955 	185 	90 	109 	109 
002956 	185 	90 	109 	109 
002957 	185 	90 	109 	109 
002958 	185 	90 	109 	109 
002959 	185 	90 	109 	109 
002960 	185 	90 	109 	109 
002961 	185 	90 	109 	109 
002962 	194 	95 	91 	91 
002963 	185 	78 	109 	109 
002964 	197 	78 	109 	109 
002965 	197 	78 	109 	109 
002966 	197 	78 	109 	109 
002967 	197 	66 	109 	109 
002968 	197 	66 	109 	109 
002969 	197 	78 	109 	109 
002970 	197 	78 	109 	109 
002971 	209 	78 	109 	109 
002972 	209 	78 	109 	109 
002973 	209 	78 	109 	109 
002974 	209 	78 	109 	109 
002975 	209 	78 	109 	109 
002976 	209 	78 	109 	109 
002977 	209 	78 	109 	109 
002978 	209 	78 	109 	109 
002979 	209 	78 	109 	109 
002980 	209 	78 	109 	109 
002981 	209 	78 	109 	109 
002982 	209 	78 	109 	109 
002983 	209 	78 	109 	109 
002984 	209 	78 	109 	109 
002985 	209 	78 	109 	109 
002986 	209 	78 	109 	109 
002987 	209 	78 	109 	109 
002988 	209 	78 	109 	109 
002989 	209 	78 	109 	109 
002990 	209 	78 	109 	109 
002991 	209 	78 	109 	109 
002992 	209 	78 	109 	109 
002993 	209 	78 	109 	109 
002994 	209 	78 	109 	109 
002995 	209 	78 	109 	109 
002996 	209 	78 	109 	109 
002997 	197 	78 	109 	109 
002998 	197 	78 	109 	109 
002999 	197 	78 	109 	109 
003000 	197 	78 	109 	109 
003001 	197 	78 	109 	109 
003002 	197 	78 	109 	109 
003003 	197 	78 	109 	109 
003004 	185 	78 	109 	109 
003005 	185 	78 	109 	109 
003006 	185 	78 	109 	109 
003007 	185 	78 	109 	109 
003008 	185 	78 	109 	109 
003009 	185 	78 	109 	109 
003010 	185 	78 	109 	109 
003011 	185 	78 	109 	109 
003012 	185 	78 	109 	109 
003013 	185 	78 	109 	109 
003014 	185 	78 	109 	109 
003015 	185 	78 	109 	109 
003016 	185 	78 	109 	109 
003017 	184 	85 	91 	91 
003018 	184 	85 	91 	91 
003019 	184 	85 	91 	91 
003020 	184 	85 	91 	91 
003021 	173 	78 	109 	109 
003022 	173 	78 	109 	109 
003023 	173 	78 	109 	109 
003024 	173 	78 	109 	109 
003025 	173 	78 	109 	109 
003026 	174 	85 	91 	91 
003027 	174 	85 	91 	91 
003028 	174 	85 	91 	91 
003029 	174 	85 	91 	91 
003030 	174 	85 	91 	91 
003031 	174 	85 	91 	91 
003032 	174 	85 	91 	91 
003033 	174 	85 	91 	91 
003034 	174 	85 	91 	91 
003035 	174 	85 	91 	91 
003036 	174 	85 	91 	91 
003037 	174 	85 	91 	91 
003038 	174 	85 	91 	91 
003039 	174 	85 	91 	91 
003040 	174 	85 	91 	91 
003041 	174 	85 	91 	91 
003042 	174 	85 	91 	91 
003043 	174 	85 	91 	91 
003044 	174 	85 	91 	91 
003045 	174 	85 	91 	91 
003046 	174 	85 	91 	91 
003047 	174 	95 	91 	91 
003048 	174 	85 	91 	91 
003049 	173 	78 	109 	109 
003050 	173 	78 	109 	109 
003051 	173 	78 	109 	109 
003052 	173 	78 	109 	109 
003053 	173 	78 	109 	109 
003054 	173 	78 	109 	109 
003055 	173 	78 	109 	109 
003056 	173 	78 	109 	109 
003057 	173 	78 	109 	109 
003058 	173 	78 	109 	109 
003059 	173 	78 	109 	109 
003060 	173 	78 	109 	109 
003061 	173 	78 	109 	109 
003062 	173 	78 	109 	109 
003063 	173 	78 	109 	109 
003064 	173 	78 	109 	109 
003065 	173 	78 	109 	109 
003066 	173 	78 	109 	109 
003067 	173 	78 	109 	109 
003068 	173 	78 	109 	109 
003069 	173 	78 	109 	109 
003070 	173 	78 	109 	109 
003071 	173 	78 	109 	109 
003072 	174 	95 	91 	91 
003073 	174 	95 	91 	91 
003074 	174 	85 	91 	91 
003075 	174 	95 	91 	91 
003076 	174 	95 	91 	91 
003077 	174 	95 	91 	91 
003078 	174 	95 	91 	91 
003079 	173 	78 	109 	109 
003080 	173 	78 	109 	109 
003081 	173 	78 	109 	109 
003082 	173 	78 	109 	109 
003083 	173 	78 	109 	109 
003084 	173 	78 	109 	109 
003085 	173 	78 	109 	109 
003086 	173 	78 	109 	109 
003087 	173 	78 	109 	109 
003088 	173 	78 	109 	109 
003089 	173 	78 	109 	109 
003090 	173 	78 	109 	109 
003091 	173 	78 	109 	109 
003092 	173 	78 	109 	109 
003093 	173 	78 	109 	109 
003094 	185 	78 	109 	109 
003095 	185 	78 	109 	109 
003096 	185 	78 	109 	109 
003097 	197 	78 	109 	109 
003098 	197 	78 	109 	109 
003099 	197 	66 	109 	109 
003100 	197 	66 	109 	109 
003101 	209 	78 	109 	109 
003102 	209 	78 	109 	109 
003103 	209 	78 	109 	109 
003104 	221 	78 	109 	109 
003105 	221 	78 	109 	109 
003106 	221 	78 	109 	109 
003107 	221 	78 	109 	109 
003108 	221 	78 	109 	109 
003109 	233 	78 	109 	109 
003110 	233 	78 	109 	109 
003111 	233 	78 	109 	109 
003112 	233 	78 	109 	109 
003113 	233 	78 	109 	109 
003114 	221 	78 	109 	109 
003115 	221 	78 	109 	109 
003116 	221 	78 	109 	109 
003117 	221 	78 	109 	109 
003118 	221 	78 	109 	109 
003119 	221 	78 	109 	109 
003120 	221 	78 	109 	109 
003121 	221 	78 	109 	109 
003122 	221 	78 	109 	109 
003123 	221 	78 	109 	109 
003124 	221 	78 	109 	109 
003125 	221 	78 	109 	109 
003126 	221 	78 	109 	109 
003127 	221 	78 	109 	109 
003128 	221 	78 	109 	109 
003129 	209 	78 	109 	109 
003130 	209 	78 	109 	109 
003131 	209 	78 	109 	109 
003132 	209 	78 	109 	109 
003133 	221 	78 	109 	109 
003134 	221 	78 	109 	109 
003135 	221 	78 	109 	109 
003136 	221 	78 	109 	109 
003137 	221 	78 	109 	109 
003138 	221 	78 	109 	109 
003139 	209 	78 	109 	109 
003140 	209 	78 	109 	109 
003141 	209 	78 	109 	109 
003142 	209 	78 	109 	109 
003143 	209 	78 	109 	109 
003144 	214 	85 	91 	91 
003145 	197 	78 	109 	109 
003146 	197 	78 	109 	109 
003147 	204 	85 	91 	91 
003148 	204 	85 	91 	91 
003149 	204 	95 	91 	91 
003150 	204 	95 	91 	91 
003151 	204 	95 	91 	91 
003152 	194 	85 	91 	91 
003153 	194 	85 	91 	91 
003154 	194 	85 	91 	91 
003155 	194 	85 	91 	91 
003156 	194 	85 	91 	91 
003157 	194 	95 	91 	91 
003158 	194 	95 	91 	91 
003159 	194 	95 	91 	91 
003160 	194 	95 	91 	91 
003161 	194 	95 	91 	91 
003162 	194 	95 	91 	91 
003163 	194 	95 	91 	91 
003164 	194 	95 	91 	91 
003165 	194 	95 	91 	91 
003166 	194 	95 	91 	91 
003167 	185 	90 	109 	109 
003168 	185 	90 	109 	109 
003169 	204 	95 	91 	91 
003170 	204 	95 	91 	91 
003171 	204 	95 	91 	91 
003172 	204 	95 	91 	91 
003173 	185 	90 	109 	109 
003174 	185 	90 	109 	109 
003175 	173 	90 	109 	109 
003176 	173 	90 	109 	109 
003177 	173 	90 	109 	109 
003178 	173 	90 	109 	109 
003179 	173 	90 	109 	109 
003180 	174 	95 	91 	91 
003181 	174 	95 	91 	91 
003182 	174 	95 	91 	91 
003183 	174 	95 	91 	91 
003184 	161 	90 	109 	109 
003185 	161 	90 	109 	109 
003186 	161 	90 	109 	109 
003187 	161 	90 	109 	109 
003188 	161 	90 	109 	109 
003189 	161 	90 	109 	109 
003190 	174 	95 	91 	91 
003191 	174 	95 	91 	91 
003192 	161 	90 	109 	109 
003193 	161 	90 	109 	109 
003194 	174 	95 	91 	91 
003195 	174 	95 	91 	91 
003196 	173 	90 	109 	109 
003197 	173 	90 	109 	109 
003198 	185 	90 	109 	109 
003199 	185 	90 	109 	109 
003200 	185 	90 	109 	109 
003201 	185 	90 	109 	109 
003202 	185 	90 	109 	109 
003203 	185 	90 	109 	109 
003204 	185 	90 	109 	109 
003205 	185 	90 	109 	109 
003206 	185 	90 	109 	109 
003207 	185 	90 	109 	109 
003208 	185 	90 	109 	109 
003209 	185 	90 	109 	109 
003210 	185 	90 	109 	109 
003211 	185 	90 	109 	109 
003212 	185 	90 	109 	109 
003213 	173 	90 	109 	109 
003214 	173 	90 	109 	109 
003215 	173 	90 	109 	109 
003216 	173 	90 	109 	109 
003217 	173 	90 	109 	109 
003218 	173 	90 	109 	109 
003219 	173 	90 	109 	109 
003220 	173 	90 	109 	109 
003221 	173 	90 	109 	109 
003222 	173 	90 	109 	109 
003223 	173 	90 	109 	109 
003224 	184 	95 	91 	91 
003225 	184 	95 	91 	91 
003226 	184 	95 	91 	91 
003227 	184 	95 	91 	91 
003228 	184 	95 	91 	91 
003229 	185 	90 	109 	109 
003230 	184 	95 	91 	91 
003231 	173 	90 	109 	109 
