Identity  : 	id10148
Reference : 	St7LYcFgis8
Offset    : 	-3
FV Conf   : 	16.358
ASD Conf  : 	6.295

FRAME 	X 	Y 	W 	H 
012905 	208 	137 	130 	130 
012906 	208 	137 	130 	130 
012907 	208 	137 	130 	130 
012908 	208 	137 	130 	130 
012909 	208 	137 	130 	130 
012910 	208 	137 	130 	130 
012911 	208 	137 	130 	130 
012912 	208 	137 	130 	130 
012913 	208 	137 	130 	130 
012914 	208 	137 	130 	130 
012915 	221 	138 	109 	109 
012916 	221 	138 	109 	109 
012917 	221 	138 	109 	109 
012918 	221 	138 	109 	109 
012919 	221 	138 	109 	109 
012920 	221 	138 	109 	109 
012921 	208 	137 	130 	130 
012922 	208 	137 	130 	130 
012923 	208 	137 	130 	130 
012924 	208 	137 	130 	130 
012925 	208 	137 	130 	130 
012926 	208 	137 	130 	130 
012927 	208 	137 	130 	130 
012928 	208 	137 	130 	130 
012929 	209 	138 	109 	109 
012930 	208 	137 	130 	130 
012931 	208 	137 	130 	130 
012932 	208 	137 	130 	130 
012933 	208 	137 	130 	130 
012934 	208 	137 	130 	130 
012935 	209 	150 	109 	109 
012936 	208 	137 	130 	130 
012937 	208 	137 	130 	130 
012938 	208 	137 	130 	130 
012939 	208 	137 	130 	130 
012940 	208 	137 	130 	130 
012941 	208 	137 	130 	130 
012942 	208 	137 	130 	130 
012943 	208 	137 	130 	130 
012944 	208 	137 	130 	130 
012945 	208 	137 	130 	130 
012946 	208 	137 	130 	130 
012947 	208 	137 	130 	130 
012948 	208 	137 	130 	130 
012949 	208 	137 	130 	130 
012950 	208 	137 	130 	130 
012951 	208 	137 	130 	130 
012952 	221 	150 	109 	109 
012953 	221 	150 	109 	109 
012954 	221 	150 	109 	109 
012955 	221 	150 	109 	109 
012956 	221 	150 	109 	109 
012957 	221 	150 	109 	109 
012958 	221 	150 	109 	109 
012959 	221 	150 	109 	109 
012960 	221 	150 	109 	109 
012961 	221 	150 	109 	109 
012962 	221 	150 	109 	109 
012963 	221 	150 	109 	109 
012964 	221 	150 	109 	109 
012965 	221 	150 	109 	109 
012966 	221 	150 	109 	109 
012967 	221 	150 	109 	109 
012968 	221 	150 	109 	109 
012969 	221 	150 	109 	109 
012970 	221 	150 	109 	109 
012971 	221 	150 	109 	109 
012972 	221 	150 	109 	109 
012973 	221 	150 	109 	109 
012974 	221 	150 	109 	109 
012975 	221 	150 	109 	109 
012976 	221 	150 	109 	109 
012977 	221 	150 	109 	109 
012978 	221 	150 	109 	109 
012979 	221 	150 	109 	109 
012980 	221 	150 	109 	109 
012981 	221 	150 	109 	109 
012982 	221 	150 	109 	109 
012983 	221 	150 	109 	109 
012984 	221 	150 	109 	109 
012985 	221 	150 	109 	109 
012986 	221 	150 	109 	109 
012987 	221 	150 	109 	109 
012988 	221 	150 	109 	109 
012989 	221 	150 	109 	109 
012990 	233 	150 	109 	109 
012991 	233 	150 	109 	109 
012992 	233 	150 	109 	109 
012993 	233 	150 	109 	109 
012994 	233 	150 	109 	109 
012995 	233 	150 	109 	109 
012996 	233 	150 	109 	109 
012997 	233 	150 	109 	109 
012998 	233 	150 	109 	109 
012999 	233 	150 	109 	109 
013000 	233 	150 	109 	109 
013001 	233 	150 	109 	109 
013002 	233 	150 	109 	109 
013003 	233 	150 	109 	109 
013004 	233 	150 	109 	109 
013005 	233 	150 	109 	109 
013006 	233 	150 	109 	109 
013007 	221 	150 	109 	109 
013008 	221 	150 	109 	109 
013009 	234 	155 	90 	90 
013010 	221 	150 	109 	109 
013011 	221 	150 	109 	109 
013012 	221 	150 	109 	109 
013013 	221 	150 	109 	109 
