Identity  : 	id10148
Reference : 	St7LYcFgis8
Offset    : 	-2
FV Conf   : 	22.506
ASD Conf  : 	5.971

FRAME 	X 	Y 	W 	H 
042147 	180 	123 	130 	130 
042148 	180 	123 	130 	130 
042149 	180 	123 	130 	130 
042150 	180 	123 	130 	130 
042151 	180 	123 	130 	130 
042152 	180 	123 	130 	130 
042153 	180 	123 	130 	130 
042154 	180 	109 	130 	130 
042155 	180 	123 	130 	130 
042156 	180 	123 	130 	130 
042157 	180 	123 	130 	130 
042158 	180 	123 	130 	130 
042159 	180 	123 	130 	130 
042160 	180 	123 	130 	130 
042161 	180 	123 	130 	130 
042162 	180 	123 	130 	130 
042163 	180 	123 	130 	130 
042164 	180 	109 	130 	130 
042165 	180 	123 	130 	130 
042166 	180 	123 	130 	130 
042167 	180 	123 	130 	130 
042168 	180 	123 	130 	130 
042169 	180 	123 	130 	130 
042170 	180 	123 	130 	130 
042171 	180 	123 	130 	130 
042172 	180 	123 	130 	130 
042173 	180 	123 	130 	130 
042174 	180 	123 	130 	130 
042175 	180 	123 	130 	130 
042176 	180 	123 	130 	130 
042177 	180 	123 	130 	130 
042178 	180 	123 	130 	130 
042179 	180 	123 	130 	130 
042180 	180 	123 	130 	130 
042181 	180 	123 	130 	130 
042182 	180 	123 	130 	130 
042183 	180 	123 	130 	130 
042184 	180 	123 	130 	130 
042185 	180 	123 	130 	130 
042186 	180 	123 	130 	130 
042187 	180 	123 	130 	130 
042188 	180 	123 	130 	130 
042189 	180 	123 	130 	130 
042190 	180 	123 	130 	130 
042191 	185 	138 	109 	109 
042192 	185 	138 	109 	109 
042193 	180 	123 	130 	130 
042194 	180 	123 	130 	130 
042195 	180 	123 	130 	130 
042196 	180 	123 	130 	130 
042197 	180 	123 	130 	130 
042198 	180 	123 	130 	130 
042199 	180 	123 	130 	130 
042200 	180 	123 	130 	130 
042201 	180 	123 	130 	130 
042202 	180 	123 	130 	130 
042203 	180 	123 	130 	130 
042204 	180 	123 	130 	130 
042205 	180 	123 	130 	130 
042206 	180 	123 	130 	130 
042207 	180 	123 	130 	130 
042208 	180 	123 	130 	130 
042209 	180 	123 	130 	130 
042210 	180 	123 	130 	130 
042211 	180 	123 	130 	130 
042212 	180 	123 	130 	130 
042213 	180 	123 	130 	130 
042214 	180 	123 	130 	130 
042215 	180 	123 	130 	130 
042216 	180 	123 	130 	130 
042217 	180 	123 	130 	130 
042218 	180 	123 	130 	130 
042219 	180 	123 	130 	130 
042220 	180 	123 	130 	130 
042221 	180 	123 	130 	130 
042222 	180 	123 	130 	130 
042223 	180 	123 	130 	130 
042224 	185 	126 	109 	109 
042225 	185 	126 	109 	109 
042226 	185 	126 	109 	109 
042227 	185 	126 	109 	109 
042228 	185 	126 	109 	109 
042229 	185 	126 	109 	109 
042230 	185 	126 	109 	109 
042231 	185 	126 	109 	109 
042232 	185 	126 	109 	109 
042233 	185 	126 	109 	109 
042234 	185 	126 	109 	109 
042235 	185 	126 	109 	109 
042236 	185 	126 	109 	109 
042237 	185 	126 	109 	109 
042238 	185 	126 	109 	109 
042239 	185 	126 	109 	109 
042240 	185 	126 	109 	109 
042241 	185 	126 	109 	109 
042242 	180 	109 	130 	130 
042243 	185 	126 	109 	109 
042244 	185 	126 	109 	109 
042245 	185 	126 	109 	109 
042246 	180 	123 	130 	130 
042247 	180 	123 	130 	130 
042248 	180 	123 	130 	130 
042249 	185 	138 	109 	109 
042250 	180 	123 	130 	130 
042251 	180 	123 	130 	130 
042252 	180 	123 	130 	130 
042253 	185 	138 	109 	109 
042254 	185 	138 	109 	109 
042255 	165 	137 	130 	130 
042256 	165 	137 	130 	130 
042257 	173 	150 	109 	109 
042258 	151 	137 	130 	130 
042259 	151 	137 	130 	130 
042260 	151 	137 	130 	130 
042261 	151 	137 	130 	130 
042262 	151 	137 	130 	130 
042263 	151 	137 	130 	130 
042264 	161 	150 	109 	109 
042265 	161 	150 	109 	109 
042266 	151 	137 	130 	130 
042267 	151 	137 	130 	130 
042268 	151 	137 	130 	130 
042269 	151 	137 	130 	130 
042270 	165 	123 	130 	130 
042271 	185 	138 	109 	109 
042272 	180 	123 	130 	130 
042273 	180 	123 	130 	130 
042274 	180 	123 	130 	130 
042275 	180 	123 	130 	130 
042276 	180 	123 	130 	130 
042277 	180 	123 	130 	130 
042278 	180 	123 	130 	130 
042279 	180 	123 	130 	130 
042280 	180 	123 	130 	130 
042281 	180 	123 	130 	130 
042282 	180 	123 	130 	130 
042283 	180 	123 	130 	130 
042284 	180 	123 	130 	130 
042285 	180 	123 	130 	130 
042286 	180 	123 	130 	130 
042287 	180 	123 	130 	130 
042288 	185 	138 	109 	109 
042289 	185 	138 	109 	109 
042290 	185 	138 	109 	109 
042291 	185 	138 	109 	109 
042292 	165 	123 	130 	130 
042293 	165 	123 	130 	130 
042294 	165 	123 	130 	130 
042295 	165 	123 	130 	130 
042296 	173 	126 	109 	109 
042297 	173 	126 	109 	109 
042298 	173 	126 	109 	109 
042299 	173 	126 	109 	109 
042300 	173 	126 	109 	109 
042301 	173 	126 	109 	109 
042302 	173 	126 	109 	109 
042303 	173 	126 	109 	109 
042304 	173 	126 	109 	109 
042305 	173 	126 	109 	109 
042306 	173 	126 	109 	109 
042307 	173 	126 	109 	109 
042308 	165 	109 	130 	130 
042309 	165 	109 	130 	130 
042310 	173 	126 	109 	109 
042311 	173 	126 	109 	109 
042312 	173 	126 	109 	109 
042313 	173 	126 	109 	109 
042314 	173 	114 	109 	109 
042315 	173 	114 	109 	109 
042316 	173 	114 	109 	109 
042317 	173 	114 	109 	109 
042318 	173 	114 	109 	109 
