Identity  : 	id10148
Reference : 	St7LYcFgis8
Offset    : 	-2
FV Conf   : 	22.002
ASD Conf  : 	6.695

FRAME 	X 	Y 	W 	H 
052695 	197 	126 	109 	109 
052696 	197 	126 	109 	109 
052697 	197 	126 	109 	109 
052698 	197 	126 	109 	109 
052699 	197 	126 	109 	109 
052700 	197 	126 	109 	109 
052701 	197 	126 	109 	109 
052702 	197 	126 	109 	109 
052703 	197 	126 	109 	109 
052704 	197 	126 	109 	109 
052705 	197 	126 	109 	109 
052706 	197 	126 	109 	109 
052707 	197 	126 	109 	109 
052708 	197 	126 	109 	109 
052709 	197 	126 	109 	109 
052710 	185 	126 	109 	109 
052711 	185 	126 	109 	109 
052712 	185 	126 	109 	109 
052713 	185 	126 	109 	109 
052714 	185 	126 	109 	109 
052715 	185 	126 	109 	109 
052716 	185 	126 	109 	109 
052717 	185 	126 	109 	109 
052718 	173 	126 	109 	109 
052719 	173 	126 	109 	109 
052720 	173 	126 	109 	109 
052721 	173 	126 	109 	109 
052722 	173 	126 	109 	109 
052723 	173 	126 	109 	109 
052724 	173 	126 	109 	109 
052725 	185 	126 	109 	109 
052726 	185 	126 	109 	109 
052727 	185 	126 	109 	109 
052728 	185 	126 	109 	109 
052729 	185 	126 	109 	109 
052730 	185 	126 	109 	109 
052731 	185 	126 	109 	109 
052732 	185 	126 	109 	109 
052733 	185 	126 	109 	109 
052734 	185 	126 	109 	109 
052735 	185 	126 	109 	109 
052736 	185 	126 	109 	109 
052737 	185 	126 	109 	109 
052738 	185 	126 	109 	109 
052739 	185 	126 	109 	109 
052740 	185 	126 	109 	109 
052741 	185 	126 	109 	109 
052742 	185 	126 	109 	109 
052743 	185 	126 	109 	109 
052744 	185 	126 	109 	109 
052745 	185 	126 	109 	109 
052746 	185 	126 	109 	109 
052747 	185 	126 	109 	109 
052748 	173 	126 	109 	109 
052749 	173 	126 	109 	109 
052750 	173 	126 	109 	109 
052751 	173 	126 	109 	109 
052752 	173 	126 	109 	109 
052753 	173 	126 	109 	109 
052754 	173 	126 	109 	109 
052755 	185 	126 	109 	109 
052756 	185 	126 	109 	109 
052757 	185 	126 	109 	109 
052758 	185 	126 	109 	109 
052759 	185 	126 	109 	109 
052760 	185 	126 	109 	109 
052761 	185 	126 	109 	109 
052762 	185 	126 	109 	109 
052763 	185 	126 	109 	109 
052764 	185 	126 	109 	109 
052765 	197 	126 	109 	109 
052766 	197 	126 	109 	109 
052767 	197 	126 	109 	109 
052768 	197 	126 	109 	109 
052769 	197 	126 	109 	109 
052770 	197 	126 	109 	109 
052771 	197 	126 	109 	109 
052772 	197 	126 	109 	109 
052773 	197 	126 	109 	109 
052774 	197 	126 	109 	109 
052775 	197 	126 	109 	109 
052776 	197 	126 	109 	109 
052777 	197 	126 	109 	109 
052778 	197 	126 	109 	109 
052779 	197 	126 	109 	109 
052780 	197 	126 	109 	109 
052781 	197 	126 	109 	109 
052782 	197 	126 	109 	109 
052783 	197 	126 	109 	109 
052784 	197 	126 	109 	109 
052785 	197 	126 	109 	109 
052786 	197 	126 	109 	109 
052787 	197 	126 	109 	109 
052788 	197 	126 	109 	109 
052789 	197 	126 	109 	109 
052790 	197 	126 	109 	109 
052791 	197 	126 	109 	109 
052792 	197 	126 	109 	109 
052793 	197 	126 	109 	109 
052794 	197 	126 	109 	109 
052795 	197 	126 	109 	109 
052796 	197 	126 	109 	109 
052797 	197 	126 	109 	109 
052798 	197 	126 	109 	109 
052799 	197 	126 	109 	109 
052800 	197 	126 	109 	109 
052801 	197 	126 	109 	109 
052802 	197 	126 	109 	109 
052803 	197 	126 	109 	109 
052804 	197 	126 	109 	109 
052805 	197 	126 	109 	109 
052806 	197 	126 	109 	109 
052807 	197 	126 	109 	109 
052808 	197 	126 	109 	109 
052809 	197 	126 	109 	109 
052810 	197 	126 	109 	109 
052811 	197 	126 	109 	109 
052812 	197 	126 	109 	109 
052813 	197 	126 	109 	109 
052814 	197 	126 	109 	109 
052815 	197 	126 	109 	109 
052816 	197 	126 	109 	109 
052817 	197 	126 	109 	109 
052818 	197 	126 	109 	109 
052819 	197 	126 	109 	109 
052820 	197 	126 	109 	109 
052821 	197 	126 	109 	109 
