Identity  : 	id10148
Reference : 	St7LYcFgis8
Offset    : 	-1
FV Conf   : 	21.377
ASD Conf  : 	8.584

FRAME 	X 	Y 	W 	H 
064269 	197 	138 	109 	109 
064270 	188 	138 	120 	120 
064271 	180 	137 	130 	130 
064272 	180 	137 	130 	130 
064273 	180 	137 	130 	130 
064274 	180 	137 	130 	130 
064275 	180 	137 	130 	130 
064276 	180 	137 	130 	130 
064277 	180 	137 	130 	130 
064278 	180 	137 	130 	130 
064279 	180 	137 	130 	130 
064280 	180 	137 	130 	130 
064281 	180 	137 	130 	130 
064282 	185 	138 	109 	109 
064283 	185 	138 	109 	109 
064284 	180 	123 	130 	130 
064285 	180 	123 	130 	130 
064286 	180 	123 	130 	130 
064287 	185 	126 	109 	109 
064288 	165 	123 	130 	130 
064289 	165 	123 	130 	130 
064290 	165 	123 	130 	130 
064291 	151 	123 	130 	130 
064292 	151 	123 	130 	130 
064293 	151 	123 	130 	130 
064294 	151 	123 	130 	130 
064295 	173 	126 	109 	109 
064296 	173 	126 	109 	109 
064297 	173 	126 	109 	109 
064298 	173 	126 	109 	109 
064299 	165 	123 	130 	130 
064300 	165 	109 	130 	130 
064301 	165 	109 	130 	130 
064302 	165 	109 	130 	130 
064303 	165 	109 	130 	130 
064304 	165 	123 	130 	130 
064305 	185 	126 	109 	109 
064306 	185 	126 	109 	109 
064307 	185 	126 	109 	109 
064308 	185 	126 	109 	109 
064309 	185 	126 	109 	109 
064310 	180 	123 	130 	130 
064311 	180 	123 	130 	130 
064312 	180 	123 	130 	130 
064313 	180 	123 	130 	130 
064314 	197 	126 	109 	109 
064315 	197 	138 	109 	109 
064316 	197 	138 	109 	109 
064317 	197 	138 	109 	109 
064318 	197 	138 	109 	109 
064319 	197 	138 	109 	109 
064320 	194 	123 	130 	130 
064321 	194 	123 	130 	130 
064322 	194 	123 	130 	130 
064323 	194 	123 	130 	130 
064324 	194 	123 	130 	130 
064325 	194 	123 	130 	130 
064326 	194 	123 	130 	130 
064327 	194 	123 	130 	130 
064328 	194 	123 	130 	130 
064329 	194 	123 	130 	130 
064330 	194 	123 	130 	130 
064331 	194 	123 	130 	130 
064332 	194 	123 	130 	130 
064333 	194 	123 	130 	130 
064334 	194 	123 	130 	130 
064335 	194 	123 	130 	130 
064336 	194 	109 	130 	130 
064337 	194 	109 	130 	130 
064338 	194 	109 	130 	130 
064339 	194 	123 	130 	130 
064340 	197 	126 	109 	109 
064341 	197 	126 	109 	109 
064342 	197 	126 	109 	109 
064343 	180 	123 	130 	130 
064344 	180 	123 	130 	130 
064345 	180 	123 	130 	130 
064346 	180 	123 	130 	130 
064347 	180 	123 	130 	130 
064348 	180 	123 	130 	130 
064349 	180 	123 	130 	130 
064350 	180 	123 	130 	130 
064351 	183 	124 	126 	126 
064352 	187 	124 	122 	122 
064353 	190 	125 	117 	117 
064354 	194 	125 	113 	113 
064355 	197 	126 	109 	109 
064356 	197 	126 	109 	109 
064357 	197 	126 	109 	109 
064358 	197 	126 	109 	109 
064359 	197 	126 	109 	109 
064360 	180 	123 	130 	130 
064361 	180 	123 	130 	130 
064362 	180 	123 	130 	130 
064363 	180 	123 	130 	130 
064364 	180 	123 	130 	130 
064365 	185 	126 	109 	109 
064366 	185 	126 	109 	109 
064367 	185 	126 	109 	109 
064368 	185 	126 	109 	109 
064369 	185 	126 	109 	109 
064370 	180 	123 	130 	130 
064371 	180 	123 	130 	130 
064372 	180 	123 	130 	130 
064373 	180 	123 	130 	130 
064374 	180 	123 	130 	130 
064375 	180 	123 	130 	130 
064376 	180 	123 	130 	130 
064377 	180 	123 	130 	130 
064378 	180 	123 	130 	130 
064379 	180 	123 	130 	130 
064380 	180 	123 	130 	130 
064381 	180 	123 	130 	130 
064382 	180 	123 	130 	130 
064383 	180 	123 	130 	130 
064384 	180 	123 	130 	130 
064385 	180 	123 	130 	130 
064386 	180 	123 	130 	130 
064387 	186 	128 	123 	123 
064388 	191 	133 	116 	116 
064389 	197 	138 	109 	109 
064390 	197 	138 	109 	109 
064391 	197 	138 	109 	109 
064392 	197 	138 	109 	109 
064393 	197 	138 	109 	109 
064394 	197 	138 	109 	109 
064395 	197 	138 	109 	109 
064396 	197 	138 	109 	109 
064397 	197 	138 	109 	109 
064398 	197 	138 	109 	109 
064399 	197 	138 	109 	109 
064400 	196 	133 	116 	116 
064401 	195 	128 	123 	123 
064402 	194 	123 	130 	130 
064403 	196 	130 	120 	120 
064404 	197 	138 	109 	109 
064405 	194 	123 	130 	130 
064406 	194 	123 	130 	130 
064407 	197 	138 	109 	109 
064408 	194 	123 	130 	130 
064409 	194 	123 	130 	130 
064410 	194 	123 	130 	130 
064411 	194 	123 	130 	130 
064412 	194 	123 	130 	130 
064413 	194 	123 	130 	130 
064414 	194 	123 	130 	130 
064415 	194 	123 	130 	130 
064416 	194 	123 	130 	130 
064417 	194 	123 	130 	130 
064418 	194 	123 	130 	130 
064419 	194 	123 	130 	130 
064420 	194 	123 	130 	130 
