Identity  : 	id10017
Reference : 	Px9R6A3XKDM
Offset    : 	1
FV Conf   : 	20.794
ASD Conf  : 	5.718

FRAME 	X 	Y 	W 	H 
001214 	245 	90 	109 	109 
001215 	245 	90 	109 	109 
001216 	245 	90 	109 	109 
001217 	245 	90 	109 	109 
001218 	245 	90 	109 	109 
001219 	245 	90 	109 	109 
001220 	245 	90 	109 	109 
001221 	245 	90 	109 	109 
001222 	245 	90 	109 	109 
001223 	249 	86 	109 	109 
001224 	253 	82 	109 	109 
001225 	257 	78 	109 	109 
001226 	257 	78 	109 	109 
001227 	245 	78 	109 	109 
001228 	245 	78 	109 	109 
001229 	257 	90 	109 	109 
001230 	257 	90 	109 	109 
001231 	257 	90 	109 	109 
001232 	257 	90 	109 	109 
001233 	257 	90 	109 	109 
001234 	257 	90 	109 	109 
001235 	257 	90 	109 	109 
001236 	257 	90 	109 	109 
001237 	257 	90 	109 	109 
001238 	257 	90 	109 	109 
001239 	257 	90 	109 	109 
001240 	257 	90 	109 	109 
001241 	257 	90 	109 	109 
001242 	257 	90 	109 	109 
001243 	257 	90 	109 	109 
001244 	257 	90 	109 	109 
001245 	257 	90 	109 	109 
001246 	257 	90 	109 	109 
001247 	257 	90 	109 	109 
001248 	257 	90 	109 	109 
001249 	257 	90 	109 	109 
001250 	257 	90 	109 	109 
001251 	257 	90 	109 	109 
001252 	257 	90 	109 	109 
001253 	257 	90 	109 	109 
001254 	257 	90 	109 	109 
001255 	257 	90 	109 	109 
001256 	257 	90 	109 	109 
001257 	257 	90 	109 	109 
001258 	257 	90 	109 	109 
001259 	257 	90 	109 	109 
001260 	257 	90 	109 	109 
001261 	257 	90 	109 	109 
001262 	257 	90 	109 	109 
001263 	257 	90 	109 	109 
001264 	257 	90 	109 	109 
001265 	257 	90 	109 	109 
001266 	269 	90 	108 	109 
001267 	269 	90 	108 	109 
001268 	269 	90 	108 	109 
001269 	269 	90 	108 	109 
001270 	269 	90 	108 	109 
001271 	269 	90 	108 	109 
001272 	257 	90 	109 	109 
001273 	257 	90 	109 	109 
001274 	257 	90 	109 	109 
001275 	257 	90 	109 	109 
001276 	257 	90 	109 	109 
001277 	245 	78 	109 	109 
001278 	245 	78 	109 	109 
001279 	245 	78 	109 	109 
001280 	245 	78 	109 	109 
001281 	245 	78 	109 	109 
001282 	233 	78 	109 	109 
001283 	233 	78 	109 	109 
001284 	233 	78 	109 	109 
001285 	233 	78 	109 	109 
001286 	233 	78 	109 	109 
001287 	233 	78 	109 	109 
001288 	233 	78 	109 	109 
001289 	233 	78 	109 	109 
001290 	233 	78 	109 	109 
001291 	233 	78 	109 	109 
001292 	233 	78 	109 	109 
001293 	233 	78 	109 	109 
001294 	233 	78 	109 	109 
001295 	233 	78 	109 	109 
001296 	233 	78 	109 	109 
001297 	233 	78 	109 	109 
001298 	233 	78 	109 	109 
001299 	233 	78 	109 	109 
001300 	233 	78 	109 	109 
001301 	233 	78 	109 	109 
001302 	233 	78 	109 	109 
001303 	233 	78 	109 	109 
001304 	233 	78 	109 	109 
001305 	233 	78 	109 	109 
001306 	233 	78 	109 	109 
001307 	233 	78 	109 	109 
001308 	233 	78 	109 	109 
001309 	233 	78 	109 	109 
001310 	233 	78 	109 	109 
001311 	233 	78 	109 	109 
001312 	233 	78 	109 	109 
001313 	233 	78 	109 	109 
001314 	233 	78 	109 	109 
001315 	233 	78 	109 	109 
001316 	233 	90 	109 	109 
001317 	244 	95 	90 	91 
001318 	244 	95 	90 	91 
001319 	244 	95 	90 	91 
001320 	233 	78 	109 	109 
001321 	233 	78 	109 	109 
001322 	233 	78 	109 	109 
001323 	233 	78 	109 	109 
001324 	233 	78 	109 	109 
001325 	233 	78 	109 	109 
001326 	233 	78 	109 	109 
001327 	233 	78 	109 	109 
001328 	233 	78 	109 	109 
001329 	233 	78 	109 	109 
001330 	233 	78 	109 	109 
001331 	233 	78 	109 	109 
001332 	233 	78 	109 	109 
001333 	233 	78 	109 	109 
001334 	233 	78 	109 	109 
001335 	233 	78 	109 	109 
001336 	233 	78 	109 	109 
001337 	233 	78 	109 	109 
001338 	233 	78 	109 	109 
001339 	233 	90 	109 	109 
001340 	233 	90 	109 	109 
001341 	233 	90 	109 	109 
001342 	236 	93 	109 	109 
001343 	239 	96 	109 	109 
001344 	242 	99 	109 	109 
001345 	245 	102 	109 	109 
001346 	239 	96 	109 	109 
001347 	233 	90 	109 	109 
001348 	233 	90 	109 	109 
