Identity  : 	id10020
Reference : 	NCFG73oAvUE
Offset    : 	-4
FV Conf   : 	13.807
ASD Conf  : 	7.457

FRAME 	X 	Y 	W 	H 
000142 	221 	90 	109 	109 
000143 	221 	90 	109 	109 
000144 	221 	90 	109 	109 
000145 	221 	90 	109 	109 
000146 	221 	90 	109 	109 
000147 	221 	90 	109 	109 
000148 	221 	90 	109 	109 
000149 	221 	90 	109 	109 
000150 	221 	90 	109 	109 
000151 	221 	90 	109 	109 
000152 	221 	90 	109 	109 
000153 	221 	90 	109 	109 
000154 	221 	90 	109 	109 
000155 	221 	90 	109 	109 
000156 	221 	90 	109 	109 
000157 	221 	90 	109 	109 
000158 	221 	90 	109 	109 
000159 	221 	90 	109 	109 
000160 	221 	90 	109 	109 
000161 	221 	90 	109 	109 
000162 	209 	90 	109 	109 
000163 	209 	90 	109 	109 
000164 	209 	90 	109 	109 
000165 	209 	90 	109 	109 
000166 	209 	90 	109 	109 
000167 	209 	90 	109 	109 
000168 	209 	90 	109 	109 
000169 	209 	90 	109 	109 
000170 	209 	90 	109 	109 
000171 	209 	90 	109 	109 
000172 	209 	90 	109 	109 
000173 	197 	90 	109 	109 
000174 	197 	90 	109 	109 
000175 	180 	80 	130 	130 
000176 	185 	90 	109 	109 
000177 	185 	90 	109 	109 
000178 	185 	90 	109 	109 
000179 	185 	90 	109 	109 
000180 	165 	80 	130 	130 
000181 	165 	80 	130 	130 
000182 	165 	80 	130 	130 
000183 	165 	80 	130 	130 
000184 	165 	80 	130 	130 
000185 	185 	90 	109 	109 
000186 	185 	90 	109 	109 
000187 	185 	90 	109 	109 
000188 	185 	90 	109 	109 
000189 	185 	90 	109 	109 
000190 	185 	90 	109 	109 
000191 	185 	90 	109 	109 
000192 	185 	90 	109 	109 
000193 	185 	90 	109 	109 
000194 	185 	90 	109 	109 
000195 	165 	80 	130 	130 
000196 	165 	80 	130 	130 
000197 	165 	80 	130 	130 
000198 	165 	80 	130 	130 
000199 	165 	80 	130 	130 
000200 	165 	80 	130 	130 
000201 	165 	80 	130 	130 
000202 	185 	90 	109 	109 
000203 	185 	90 	109 	109 
000204 	185 	90 	109 	109 
000205 	185 	90 	109 	109 
000206 	185 	90 	109 	109 
000207 	185 	90 	109 	109 
000208 	185 	90 	109 	109 
000209 	165 	80 	130 	130 
000210 	165 	80 	130 	130 
000211 	165 	80 	130 	130 
000212 	165 	80 	130 	130 
000213 	165 	80 	130 	130 
000214 	165 	80 	130 	130 
000215 	165 	80 	130 	130 
000216 	165 	80 	130 	130 
000217 	165 	80 	130 	130 
000218 	165 	80 	130 	130 
000219 	185 	90 	109 	109 
000220 	185 	90 	109 	109 
000221 	185 	90 	109 	109 
000222 	165 	80 	130 	130 
000223 	165 	80 	130 	130 
000224 	165 	80 	130 	130 
000225 	185 	90 	109 	109 
000226 	185 	90 	109 	109 
000227 	185 	90 	109 	109 
000228 	185 	90 	109 	109 
000229 	185 	90 	109 	109 
000230 	185 	90 	109 	109 
000231 	185 	90 	109 	109 
000232 	185 	90 	109 	109 
000233 	185 	90 	109 	109 
000234 	180 	80 	130 	130 
000235 	185 	90 	109 	109 
000236 	185 	90 	109 	109 
000237 	185 	90 	109 	109 
000238 	180 	80 	130 	130 
000239 	180 	80 	130 	130 
000240 	185 	102 	109 	109 
000241 	185 	102 	109 	109 
000242 	185 	102 	109 	109 
000243 	185 	102 	109 	109 
000244 	185 	102 	109 	109 
000245 	185 	102 	109 	109 
000246 	185 	102 	109 	109 
000247 	185 	102 	109 	109 
000248 	185 	102 	109 	109 
000249 	185 	90 	109 	109 
000250 	180 	80 	130 	130 
000251 	180 	80 	130 	130 
