Identity  : 	id10020
Reference : 	NCFG73oAvUE
Offset    : 	-1
FV Conf   : 	16.676
ASD Conf  : 	6.845

FRAME 	X 	Y 	W 	H 
005632 	185 	102 	109 	109 
005633 	185 	102 	109 	109 
005634 	185 	102 	109 	109 
005635 	185 	102 	109 	109 
005636 	185 	102 	109 	109 
005637 	185 	102 	109 	109 
005638 	185 	102 	109 	109 
005639 	185 	102 	109 	109 
005640 	185 	102 	109 	109 
005641 	185 	102 	109 	109 
005642 	185 	102 	109 	109 
005643 	185 	102 	109 	109 
005644 	185 	102 	109 	109 
005645 	165 	80 	130 	130 
005646 	165 	80 	130 	130 
005647 	165 	80 	130 	130 
005648 	173 	102 	109 	109 
005649 	173 	102 	109 	109 
005650 	161 	102 	109 	109 
005651 	161 	102 	109 	109 
005652 	161 	102 	109 	109 
005653 	161 	102 	109 	109 
005654 	161 	102 	109 	109 
005655 	161 	114 	109 	109 
005656 	161 	114 	109 	109 
005657 	161 	114 	109 	109 
005658 	161 	114 	109 	109 
005659 	161 	114 	109 	109 
005660 	151 	94 	130 	130 
005661 	151 	94 	130 	130 
005662 	151 	94 	130 	130 
005663 	151 	94 	130 	130 
005664 	151 	94 	130 	130 
005665 	151 	94 	130 	130 
005666 	151 	94 	130 	130 
005667 	151 	94 	130 	130 
005668 	151 	94 	130 	130 
005669 	151 	94 	130 	130 
005670 	161 	102 	109 	109 
005671 	161 	102 	109 	109 
005672 	161 	102 	109 	109 
005673 	161 	102 	109 	109 
005674 	161 	102 	109 	109 
005675 	151 	80 	130 	130 
005676 	151 	80 	130 	130 
005677 	173 	90 	109 	109 
005678 	173 	90 	109 	109 
005679 	173 	90 	109 	109 
005680 	173 	90 	109 	109 
005681 	173 	90 	109 	109 
005682 	173 	90 	109 	109 
005683 	173 	90 	109 	109 
005684 	173 	90 	109 	109 
005685 	165 	80 	130 	130 
005686 	165 	80 	130 	130 
005687 	165 	80 	130 	130 
005688 	165 	80 	130 	130 
005689 	165 	80 	130 	130 
005690 	165 	80 	130 	130 
005691 	165 	80 	130 	130 
005692 	165 	80 	130 	130 
005693 	165 	80 	130 	130 
005694 	185 	90 	109 	109 
005695 	185 	90 	109 	109 
005696 	185 	90 	109 	109 
005697 	185 	90 	109 	109 
005698 	185 	90 	109 	109 
005699 	185 	90 	109 	109 
005700 	185 	90 	109 	109 
005701 	185 	90 	109 	109 
005702 	185 	90 	109 	109 
005703 	185 	90 	109 	109 
005704 	185 	90 	109 	109 
005705 	185 	90 	109 	109 
005706 	185 	90 	109 	109 
005707 	185 	90 	109 	109 
005708 	185 	90 	109 	109 
005709 	185 	90 	109 	109 
005710 	185 	90 	109 	109 
005711 	185 	90 	109 	109 
005712 	185 	90 	109 	109 
005713 	185 	90 	109 	109 
005714 	185 	90 	109 	109 
005715 	185 	90 	109 	109 
005716 	185 	90 	109 	109 
005717 	180 	80 	130 	130 
005718 	180 	80 	130 	130 
005719 	180 	80 	130 	130 
005720 	197 	90 	109 	109 
005721 	180 	80 	130 	130 
005722 	197 	90 	109 	109 
005723 	197 	90 	109 	109 
005724 	197 	90 	109 	109 
005725 	197 	90 	109 	109 
005726 	197 	90 	109 	109 
005727 	197 	90 	109 	109 
005728 	197 	90 	109 	109 
005729 	197 	90 	109 	109 
005730 	197 	90 	109 	109 
005731 	197 	90 	109 	109 
005732 	197 	90 	109 	109 
005733 	197 	90 	109 	109 
005734 	197 	90 	109 	109 
005735 	197 	90 	109 	109 
005736 	197 	90 	109 	109 
005737 	197 	90 	109 	109 
005738 	197 	90 	109 	109 
005739 	197 	90 	109 	109 
005740 	197 	90 	109 	109 
