Identity  : 	id10352
Reference : 	2XldzP7L294
Offset    : 	-3
FV Conf   : 	14.017
ASD Conf  : 	9.972

FRAME 	X 	Y 	W 	H 
006139 	452 	96 	75 	75 
006140 	452 	96 	75 	75 
006141 	452 	96 	75 	75 
006142 	460 	96 	76 	75 
006143 	460 	96 	76 	75 
006144 	452 	96 	75 	75 
006145 	452 	96 	75 	75 
006146 	452 	96 	75 	75 
006147 	443 	85 	90 	91 
006148 	453 	85 	90 	91 
006149 	453 	85 	90 	91 
006150 	443 	85 	90 	91 
006151 	443 	85 	90 	91 
006152 	443 	85 	90 	91 
006153 	443 	85 	90 	91 
006154 	443 	85 	90 	91 
006155 	443 	85 	90 	91 
006156 	443 	85 	90 	91 
006157 	443 	85 	90 	91 
006158 	443 	85 	90 	91 
006159 	443 	85 	90 	91 
006160 	443 	85 	90 	91 
006161 	443 	85 	90 	91 
006162 	443 	85 	90 	91 
006163 	443 	85 	90 	91 
006164 	452 	96 	75 	75 
006165 	452 	96 	75 	75 
006166 	452 	96 	75 	75 
006167 	460 	96 	76 	75 
006168 	460 	96 	76 	75 
006169 	452 	96 	75 	75 
006170 	452 	96 	75 	75 
006171 	460 	96 	76 	75 
006172 	460 	96 	76 	75 
006173 	460 	96 	76 	75 
006174 	460 	96 	76 	75 
006175 	460 	96 	76 	75 
006176 	460 	96 	76 	75 
006177 	460 	96 	76 	75 
006178 	460 	96 	76 	75 
006179 	453 	95 	90 	91 
006180 	453 	95 	90 	91 
006181 	453 	95 	90 	91 
006182 	463 	95 	90 	91 
006183 	463 	95 	90 	91 
006184 	463 	95 	90 	91 
006185 	463 	95 	90 	91 
006186 	463 	95 	90 	91 
006187 	463 	95 	90 	91 
006188 	463 	95 	90 	91 
006189 	463 	95 	90 	91 
006190 	463 	95 	90 	91 
006191 	468 	96 	76 	75 
006192 	463 	85 	90 	91 
006193 	463 	85 	90 	91 
006194 	463 	85 	90 	91 
006195 	463 	85 	90 	91 
006196 	463 	85 	90 	91 
006197 	463 	85 	90 	91 
006198 	463 	85 	90 	91 
006199 	463 	85 	90 	91 
006200 	468 	87 	76 	76 
006201 	463 	85 	90 	91 
006202 	463 	85 	90 	91 
006203 	463 	85 	90 	91 
006204 	463 	85 	90 	91 
006205 	463 	85 	90 	91 
006206 	463 	85 	90 	91 
006207 	463 	85 	90 	91 
006208 	463 	85 	90 	91 
006209 	463 	85 	90 	91 
006210 	463 	85 	90 	91 
006211 	463 	85 	90 	91 
006212 	463 	85 	90 	91 
006213 	463 	85 	90 	91 
006214 	463 	85 	90 	91 
006215 	463 	85 	90 	91 
006216 	463 	85 	90 	91 
006217 	463 	75 	90 	91 
006218 	463 	75 	90 	91 
006219 	463 	75 	90 	91 
006220 	463 	75 	90 	91 
006221 	463 	75 	90 	91 
006222 	463 	75 	90 	91 
006223 	463 	85 	90 	91 
006224 	463 	85 	90 	91 
006225 	463 	85 	90 	91 
006226 	453 	85 	90 	91 
006227 	453 	85 	90 	91 
006228 	453 	85 	90 	91 
006229 	453 	85 	90 	91 
006230 	453 	85 	90 	91 
006231 	453 	85 	90 	91 
006232 	453 	85 	90 	91 
006233 	453 	85 	90 	91 
006234 	453 	85 	90 	91 
006235 	453 	85 	90 	91 
006236 	453 	85 	90 	91 
006237 	453 	85 	90 	91 
006238 	453 	85 	90 	91 
006239 	463 	85 	90 	91 
006240 	463 	85 	90 	91 
006241 	463 	85 	90 	91 
006242 	463 	85 	90 	91 
006243 	468 	87 	76 	76 
006244 	468 	87 	76 	76 
006245 	468 	87 	76 	76 
006246 	468 	87 	76 	76 
006247 	460 	87 	76 	76 
006248 	460 	87 	76 	76 
006249 	460 	87 	76 	76 
006250 	460 	87 	76 	76 
006251 	460 	87 	76 	76 
006252 	468 	87 	76 	76 
006253 	468 	87 	76 	76 
006254 	463 	85 	90 	91 
006255 	463 	85 	90 	91 
006256 	463 	85 	90 	91 
006257 	463 	85 	90 	91 
006258 	463 	85 	90 	91 
006259 	463 	85 	90 	91 
006260 	468 	87 	76 	76 
006261 	463 	85 	90 	91 
006262 	468 	87 	76 	76 
006263 	453 	85 	90 	91 
006264 	453 	85 	90 	91 
006265 	453 	85 	90 	91 
006266 	453 	85 	90 	91 
006267 	453 	85 	90 	91 
006268 	453 	85 	90 	91 
006269 	453 	85 	90 	91 
006270 	453 	85 	90 	91 
006271 	453 	85 	90 	91 
006272 	453 	85 	90 	91 
006273 	453 	85 	90 	91 
006274 	453 	85 	90 	91 
006275 	453 	85 	90 	91 
006276 	453 	85 	90 	91 
006277 	453 	85 	90 	91 
006278 	463 	85 	90 	91 
006279 	463 	85 	90 	91 
006280 	463 	85 	90 	91 
006281 	463 	85 	90 	91 
006282 	468 	87 	76 	76 
006283 	463 	75 	90 	91 
006284 	463 	75 	90 	91 
006285 	463 	75 	90 	91 
006286 	463 	75 	90 	91 
006287 	463 	75 	90 	91 
006288 	463 	75 	90 	91 
006289 	463 	75 	90 	91 
006290 	463 	75 	90 	91 
006291 	463 	75 	90 	91 
006292 	463 	75 	90 	91 
006293 	463 	75 	90 	91 
006294 	463 	75 	90 	91 
006295 	463 	75 	90 	91 
006296 	463 	75 	90 	91 
006297 	477 	79 	75 	76 
006298 	477 	79 	75 	76 
006299 	473 	75 	90 	91 
006300 	473 	75 	90 	91 
006301 	473 	75 	90 	91 
006302 	473 	75 	90 	91 
006303 	473 	75 	90 	91 
006304 	485 	79 	76 	76 
006305 	483 	75 	90 	91 
006306 	483 	75 	90 	91 
006307 	483 	75 	90 	91 
006308 	483 	75 	90 	91 
006309 	483 	75 	90 	91 
006310 	483 	75 	90 	91 
006311 	485 	87 	76 	76 
006312 	485 	87 	76 	76 
006313 	473 	75 	90 	91 
006314 	473 	75 	90 	91 
006315 	473 	75 	90 	91 
006316 	477 	87 	75 	76 
006317 	477 	87 	75 	76 
006318 	473 	75 	90 	91 
006319 	477 	79 	75 	76 
006320 	477 	79 	75 	76 
006321 	477 	79 	75 	76 
006322 	473 	75 	90 	91 
006323 	473 	75 	90 	91 
006324 	473 	75 	90 	91 
006325 	473 	75 	90 	91 
006326 	473 	75 	90 	91 
006327 	473 	75 	90 	91 
006328 	473 	75 	90 	91 
006329 	473 	75 	90 	91 
006330 	473 	75 	90 	91 
006331 	473 	75 	90 	91 
006332 	473 	75 	90 	91 
