Identity  : 	id10352
Reference : 	2XldzP7L294
Offset    : 	-3
FV Conf   : 	15.326
ASD Conf  : 	7.762

FRAME 	X 	Y 	W 	H 
008723 	444 	79 	75 	76 
008724 	444 	79 	75 	76 
008725 	444 	79 	75 	76 
008726 	444 	79 	75 	76 
008727 	444 	79 	75 	76 
008728 	444 	79 	75 	76 
008729 	444 	79 	75 	76 
008730 	444 	79 	75 	76 
008731 	444 	79 	75 	76 
008732 	444 	79 	75 	76 
008733 	433 	75 	91 	91 
008734 	433 	75 	91 	91 
008735 	435 	71 	76 	75 
008736 	435 	71 	76 	75 
008737 	435 	71 	76 	75 
008738 	435 	71 	76 	75 
008739 	435 	71 	76 	75 
008740 	435 	71 	76 	75 
008741 	435 	71 	76 	75 
008742 	435 	71 	76 	75 
008743 	433 	55 	91 	91 
008744 	433 	55 	91 	91 
008745 	433 	55 	91 	91 
008746 	433 	55 	91 	91 
008747 	433 	65 	91 	91 
008748 	433 	65 	91 	91 
008749 	433 	65 	91 	91 
008750 	435 	71 	76 	75 
008751 	435 	71 	76 	75 
008752 	435 	71 	76 	75 
008753 	435 	71 	76 	75 
008754 	435 	71 	76 	75 
008755 	435 	71 	76 	75 
008756 	435 	71 	76 	75 
008757 	435 	79 	76 	76 
008758 	435 	79 	76 	76 
008759 	435 	79 	76 	76 
008760 	435 	79 	76 	76 
008761 	433 	65 	91 	91 
008762 	433 	65 	91 	91 
008763 	433 	65 	91 	91 
008764 	435 	79 	76 	76 
008765 	435 	79 	76 	76 
008766 	435 	79 	76 	76 
008767 	435 	79 	76 	76 
008768 	435 	79 	76 	76 
008769 	423 	65 	91 	91 
008770 	423 	65 	91 	91 
008771 	423 	65 	91 	91 
008772 	423 	65 	91 	91 
008773 	423 	65 	91 	91 
008774 	423 	65 	91 	91 
008775 	423 	65 	91 	91 
008776 	423 	65 	91 	91 
008777 	423 	65 	91 	91 
008778 	423 	65 	91 	91 
008779 	423 	65 	91 	91 
008780 	423 	75 	91 	91 
008781 	423 	75 	91 	91 
008782 	423 	75 	91 	91 
008783 	423 	75 	91 	91 
008784 	423 	75 	91 	91 
008785 	423 	75 	91 	91 
008786 	423 	75 	91 	91 
008787 	423 	75 	91 	91 
008788 	423 	75 	91 	91 
008789 	423 	75 	91 	91 
008790 	423 	75 	91 	91 
008791 	423 	75 	91 	91 
008792 	423 	75 	91 	91 
008793 	423 	75 	91 	91 
008794 	423 	75 	91 	91 
008795 	423 	75 	91 	91 
008796 	423 	75 	91 	91 
008797 	423 	75 	91 	91 
008798 	423 	75 	91 	91 
008799 	423 	75 	91 	91 
008800 	423 	75 	91 	91 
008801 	423 	75 	91 	91 
008802 	423 	75 	91 	91 
008803 	423 	75 	91 	91 
008804 	423 	75 	91 	91 
008805 	423 	75 	91 	91 
008806 	433 	75 	91 	91 
008807 	433 	75 	91 	91 
008808 	433 	75 	91 	91 
008809 	433 	75 	91 	91 
008810 	433 	75 	91 	91 
008811 	433 	75 	91 	91 
008812 	433 	75 	91 	91 
008813 	433 	75 	91 	91 
008814 	433 	75 	91 	91 
008815 	433 	75 	91 	91 
008816 	433 	75 	91 	91 
008817 	423 	75 	91 	91 
008818 	423 	75 	91 	91 
008819 	423 	75 	91 	91 
008820 	423 	75 	91 	91 
008821 	423 	75 	91 	91 
008822 	423 	85 	91 	91 
008823 	423 	85 	91 	91 
008824 	423 	85 	91 	91 
008825 	423 	85 	91 	91 
008826 	423 	85 	91 	91 
008827 	423 	85 	91 	91 
008828 	423 	85 	91 	91 
008829 	423 	85 	91 	91 
008830 	423 	85 	91 	91 
008831 	423 	85 	91 	91 
008832 	423 	85 	91 	91 
008833 	423 	85 	91 	91 
008834 	423 	85 	91 	91 
008835 	423 	85 	91 	91 
008836 	423 	85 	91 	91 
008837 	433 	85 	91 	91 
008838 	433 	85 	91 	91 
008839 	433 	85 	91 	91 
008840 	433 	85 	91 	91 
008841 	433 	85 	91 	91 
008842 	444 	96 	75 	75 
008843 	443 	85 	90 	91 
008844 	443 	85 	90 	91 
008845 	443 	85 	90 	91 
008846 	443 	85 	90 	91 
008847 	443 	85 	90 	91 
008848 	453 	85 	90 	91 
008849 	453 	85 	90 	91 
008850 	453 	85 	90 	91 
008851 	453 	85 	90 	91 
008852 	452 	96 	75 	75 
008853 	452 	96 	75 	75 
008854 	452 	96 	75 	75 
008855 	452 	96 	75 	75 
008856 	452 	96 	75 	75 
008857 	452 	96 	75 	75 
008858 	443 	95 	90 	91 
008859 	444 	96 	75 	75 
008860 	444 	96 	75 	75 
008861 	444 	96 	75 	75 
008862 	433 	85 	91 	91 
008863 	433 	85 	91 	91 
008864 	433 	85 	91 	91 
008865 	433 	85 	91 	91 
008866 	433 	85 	91 	91 
008867 	433 	85 	91 	91 
008868 	433 	85 	91 	91 
008869 	433 	85 	91 	91 
008870 	433 	85 	91 	91 
008871 	433 	85 	91 	91 
008872 	433 	85 	91 	91 
008873 	433 	85 	91 	91 
008874 	444 	96 	75 	75 
008875 	444 	96 	75 	75 
008876 	452 	96 	75 	75 
008877 	452 	96 	75 	75 
008878 	452 	96 	75 	75 
008879 	452 	96 	75 	75 
008880 	452 	96 	75 	75 
008881 	452 	96 	75 	75 
008882 	452 	96 	75 	75 
008883 	452 	96 	75 	75 
008884 	452 	96 	75 	75 
008885 	443 	85 	90 	91 
008886 	444 	96 	75 	75 
008887 	444 	96 	75 	75 
008888 	433 	85 	91 	91 
008889 	433 	85 	91 	91 
008890 	433 	85 	91 	91 
008891 	433 	85 	91 	91 
008892 	435 	96 	76 	75 
008893 	433 	85 	91 	91 
008894 	433 	85 	91 	91 
008895 	433 	85 	91 	91 
008896 	433 	85 	91 	91 
008897 	433 	85 	91 	91 
008898 	433 	85 	91 	91 
008899 	433 	85 	91 	91 
008900 	423 	85 	91 	91 
008901 	423 	85 	91 	91 
008902 	423 	85 	91 	91 
008903 	423 	85 	91 	91 
008904 	423 	85 	91 	91 
008905 	423 	85 	91 	91 
008906 	435 	87 	76 	76 
008907 	435 	87 	76 	76 
008908 	433 	85 	91 	91 
008909 	433 	85 	91 	91 
008910 	433 	85 	91 	91 
008911 	444 	87 	75 	76 
008912 	443 	85 	90 	91 
008913 	443 	85 	90 	91 
008914 	443 	85 	90 	91 
008915 	443 	85 	90 	91 
008916 	443 	85 	90 	91 
008917 	443 	85 	90 	91 
008918 	443 	85 	90 	91 
008919 	443 	85 	90 	91 
008920 	443 	85 	90 	91 
008921 	443 	85 	90 	91 
008922 	443 	85 	90 	91 
008923 	443 	85 	90 	91 
008924 	443 	85 	90 	91 
008925 	443 	85 	90 	91 
008926 	443 	85 	90 	91 
008927 	443 	85 	90 	91 
008928 	443 	85 	90 	91 
008929 	443 	85 	90 	91 
008930 	443 	85 	90 	91 
008931 	443 	85 	90 	91 
008932 	443 	85 	90 	91 
008933 	443 	85 	90 	91 
008934 	443 	85 	90 	91 
008935 	443 	85 	90 	91 
008936 	443 	85 	90 	91 
008937 	443 	85 	90 	91 
008938 	443 	85 	90 	91 
008939 	443 	85 	90 	91 
008940 	443 	85 	90 	91 
008941 	443 	85 	90 	91 
008942 	444 	87 	75 	76 
008943 	444 	87 	75 	76 
008944 	444 	87 	75 	76 
008945 	433 	85 	91 	91 
008946 	433 	85 	91 	91 
008947 	444 	87 	75 	76 
008948 	444 	87 	75 	76 
008949 	443 	85 	90 	91 
008950 	443 	85 	90 	91 
008951 	443 	85 	90 	91 
008952 	443 	85 	90 	91 
008953 	443 	85 	90 	91 
008954 	443 	85 	90 	91 
008955 	453 	85 	90 	91 
008956 	453 	85 	90 	91 
008957 	453 	85 	90 	91 
008958 	453 	85 	90 	91 
008959 	443 	85 	90 	91 
008960 	443 	85 	90 	91 
008961 	443 	85 	90 	91 
008962 	443 	85 	90 	91 
008963 	443 	85 	90 	91 
008964 	443 	85 	90 	91 
008965 	443 	85 	90 	91 
008966 	443 	85 	90 	91 
008967 	443 	85 	90 	91 
008968 	452 	96 	75 	75 
008969 	452 	96 	75 	75 
008970 	452 	96 	75 	75 
008971 	452 	96 	75 	75 
008972 	452 	96 	75 	75 
008973 	443 	95 	90 	91 
008974 	443 	95 	90 	91 
008975 	443 	95 	90 	91 
008976 	443 	95 	90 	91 
008977 	443 	95 	90 	91 
008978 	443 	95 	90 	91 
008979 	443 	95 	90 	91 
008980 	443 	95 	90 	91 
008981 	443 	95 	90 	91 
008982 	443 	95 	90 	91 
008983 	444 	96 	75 	75 
008984 	444 	96 	75 	75 
008985 	433 	85 	91 	91 
008986 	433 	85 	91 	91 
008987 	433 	85 	91 	91 
008988 	433 	85 	91 	91 
008989 	433 	75 	91 	91 
008990 	433 	75 	91 	91 
008991 	433 	75 	91 	91 
008992 	433 	75 	91 	91 
008993 	433 	75 	91 	91 
008994 	433 	75 	91 	91 
008995 	433 	75 	91 	91 
008996 	444 	87 	75 	76 
008997 	444 	87 	75 	76 
008998 	443 	85 	90 	91 
008999 	443 	85 	90 	91 
009000 	443 	85 	90 	91 
009001 	452 	87 	75 	76 
009002 	452 	87 	75 	76 
009003 	452 	87 	75 	76 
009004 	452 	87 	75 	76 
009005 	452 	87 	75 	76 
009006 	452 	87 	75 	76 
009007 	443 	75 	90 	91 
009008 	444 	87 	75 	76 
009009 	433 	75 	91 	91 
009010 	433 	75 	91 	91 
009011 	433 	75 	91 	91 
009012 	433 	75 	91 	91 
009013 	433 	75 	91 	91 
009014 	433 	75 	91 	91 
009015 	433 	75 	91 	91 
009016 	444 	87 	75 	76 
009017 	433 	75 	91 	91 
009018 	433 	75 	91 	91 
009019 	433 	75 	91 	91 
009020 	433 	75 	91 	91 
009021 	435 	79 	76 	76 
009022 	423 	65 	91 	91 
009023 	423 	65 	91 	91 
009024 	423 	65 	91 	91 
009025 	423 	65 	91 	91 
009026 	423 	65 	91 	91 
009027 	423 	65 	91 	91 
009028 	423 	65 	91 	91 
009029 	435 	79 	76 	76 
009030 	435 	79 	76 	76 
009031 	435 	79 	76 	76 
009032 	435 	87 	76 	76 
009033 	435 	87 	76 	76 
009034 	435 	79 	76 	76 
009035 	435 	79 	76 	76 
009036 	435 	79 	76 	76 
009037 	435 	79 	76 	76 
009038 	435 	79 	76 	76 
009039 	433 	75 	91 	91 
009040 	433 	75 	91 	91 
009041 	444 	79 	75 	76 
009042 	443 	75 	90 	91 
009043 	443 	75 	90 	91 
009044 	452 	79 	75 	76 
009045 	452 	79 	75 	76 
009046 	453 	75 	90 	91 
009047 	453 	75 	90 	91 
009048 	452 	79 	75 	76 
009049 	452 	79 	75 	76 
009050 	452 	79 	75 	76 
009051 	452 	79 	75 	76 
009052 	452 	79 	75 	76 
009053 	452 	79 	75 	76 
009054 	452 	79 	75 	76 
009055 	452 	79 	75 	76 
009056 	452 	79 	75 	76 
009057 	452 	79 	75 	76 
009058 	452 	79 	75 	76 
009059 	452 	79 	75 	76 
009060 	452 	79 	75 	76 
009061 	452 	79 	75 	76 
009062 	452 	79 	75 	76 
009063 	452 	79 	75 	76 
009064 	443 	75 	90 	91 
009065 	444 	79 	75 	76 
009066 	444 	79 	75 	76 
009067 	444 	79 	75 	76 
009068 	433 	65 	91 	91 
009069 	433 	65 	91 	91 
009070 	435 	79 	76 	76 
009071 	435 	79 	76 	76 
009072 	435 	79 	76 	76 
009073 	433 	65 	91 	91 
009074 	433 	65 	91 	91 
009075 	435 	79 	76 	76 
009076 	435 	79 	76 	76 
009077 	435 	79 	76 	76 
009078 	423 	65 	91 	91 
009079 	423 	65 	91 	91 
009080 	413 	65 	91 	91 
009081 	413 	65 	91 	91 
009082 	413 	65 	91 	91 
009083 	413 	75 	91 	91 
009084 	413 	75 	91 	91 
009085 	413 	75 	91 	91 
009086 	413 	75 	91 	91 
009087 	413 	75 	91 	91 
009088 	413 	75 	91 	91 
009089 	413 	75 	91 	91 
009090 	413 	75 	91 	91 
009091 	413 	75 	91 	91 
009092 	427 	87 	76 	76 
009093 	423 	75 	91 	91 
009094 	423 	75 	91 	91 
009095 	423 	75 	91 	91 
009096 	423 	75 	91 	91 
009097 	423 	75 	91 	91 
009098 	423 	75 	91 	91 
009099 	423 	75 	91 	91 
009100 	433 	75 	91 	91 
009101 	433 	75 	91 	91 
009102 	433 	75 	91 	91 
009103 	433 	75 	91 	91 
009104 	433 	75 	91 	91 
009105 	433 	75 	91 	91 
009106 	433 	75 	91 	91 
009107 	433 	75 	91 	91 
009108 	433 	75 	91 	91 
009109 	433 	75 	91 	91 
009110 	433 	75 	91 	91 
009111 	444 	79 	75 	76 
009112 	444 	79 	75 	76 
009113 	433 	75 	91 	91 
009114 	433 	75 	91 	91 
009115 	433 	75 	91 	91 
009116 	433 	75 	91 	91 
009117 	433 	75 	91 	91 
009118 	433 	75 	91 	91 
009119 	433 	65 	91 	91 
009120 	433 	75 	91 	91 
009121 	433 	75 	91 	91 
009122 	435 	79 	76 	76 
009123 	435 	79 	76 	76 
009124 	423 	65 	91 	91 
009125 	423 	65 	91 	91 
009126 	423 	65 	91 	91 
009127 	423 	65 	91 	91 
009128 	423 	65 	91 	91 
009129 	423 	65 	91 	91 
009130 	423 	65 	91 	91 
009131 	423 	65 	91 	91 
009132 	423 	65 	91 	91 
009133 	423 	65 	91 	91 
009134 	423 	65 	91 	91 
009135 	423 	65 	91 	91 
009136 	433 	65 	91 	91 
009137 	435 	79 	76 	76 
009138 	433 	75 	91 	91 
009139 	433 	75 	91 	91 
009140 	433 	65 	91 	91 
009141 	433 	65 	91 	91 
009142 	433 	65 	91 	91 
009143 	433 	65 	91 	91 
009144 	433 	65 	91 	91 
009145 	433 	65 	91 	91 
009146 	433 	65 	91 	91 
009147 	433 	65 	91 	91 
009148 	433 	65 	91 	91 
009149 	433 	65 	91 	91 
009150 	433 	65 	91 	91 
009151 	433 	65 	91 	91 
009152 	433 	65 	91 	91 
009153 	433 	65 	91 	91 
009154 	433 	65 	91 	91 
009155 	433 	65 	91 	91 
009156 	433 	65 	91 	91 
009157 	433 	65 	91 	91 
009158 	433 	65 	91 	91 
009159 	433 	65 	91 	91 
009160 	433 	65 	91 	91 
009161 	444 	79 	75 	76 
009162 	444 	79 	75 	76 
009163 	433 	65 	91 	91 
009164 	433 	65 	91 	91 
009165 	433 	65 	91 	91 
009166 	433 	65 	91 	91 
009167 	433 	65 	91 	91 
009168 	433 	75 	91 	91 
009169 	433 	75 	91 	91 
009170 	433 	75 	91 	91 
009171 	433 	75 	91 	91 
009172 	433 	75 	91 	91 
009173 	433 	75 	91 	91 
009174 	433 	75 	91 	91 
009175 	433 	75 	91 	91 
009176 	433 	85 	91 	91 
009177 	433 	75 	91 	91 
009178 	433 	75 	91 	91 
009179 	433 	75 	91 	91 
009180 	433 	75 	91 	91 
009181 	433 	75 	91 	91 
009182 	433 	75 	91 	91 
009183 	433 	85 	91 	91 
009184 	433 	75 	91 	91 
009185 	433 	75 	91 	91 
009186 	433 	75 	91 	91 
009187 	433 	75 	91 	91 
009188 	433 	75 	91 	91 
009189 	433 	75 	91 	91 
009190 	433 	75 	91 	91 
009191 	433 	75 	91 	91 
009192 	433 	75 	91 	91 
009193 	433 	75 	91 	91 
009194 	433 	75 	91 	91 
009195 	433 	75 	91 	91 
009196 	433 	75 	91 	91 
009197 	433 	75 	91 	91 
009198 	433 	75 	91 	91 
009199 	433 	75 	91 	91 
009200 	433 	75 	91 	91 
009201 	433 	75 	91 	91 
009202 	433 	75 	91 	91 
009203 	433 	75 	91 	91 
009204 	433 	75 	91 	91 
009205 	433 	75 	91 	91 
009206 	433 	75 	91 	91 
009207 	433 	75 	91 	91 
009208 	433 	75 	91 	91 
009209 	433 	75 	91 	91 
009210 	433 	75 	91 	91 
009211 	433 	75 	91 	91 
009212 	433 	75 	91 	91 
009213 	433 	75 	91 	91 
009214 	433 	75 	91 	91 
009215 	433 	75 	91 	91 
009216 	433 	75 	91 	91 
009217 	433 	75 	91 	91 
009218 	433 	75 	91 	91 
009219 	433 	75 	91 	91 
009220 	444 	87 	75 	76 
009221 	433 	75 	91 	91 
009222 	444 	87 	75 	76 
009223 	443 	85 	90 	91 
009224 	443 	85 	90 	91 
009225 	443 	75 	90 	91 
009226 	443 	75 	90 	91 
009227 	443 	75 	90 	91 
009228 	443 	75 	90 	91 
009229 	443 	75 	90 	91 
009230 	443 	75 	90 	91 
009231 	443 	75 	90 	91 
009232 	443 	85 	90 	91 
009233 	443 	85 	90 	91 
009234 	443 	85 	90 	91 
009235 	433 	75 	91 	91 
009236 	433 	75 	91 	91 
009237 	433 	75 	91 	91 
009238 	433 	65 	91 	91 
009239 	433 	65 	91 	91 
009240 	433 	65 	91 	91 
009241 	433 	75 	91 	91 
009242 	433 	75 	91 	91 
009243 	433 	75 	91 	91 
009244 	433 	75 	91 	91 
009245 	433 	75 	91 	91 
009246 	423 	75 	91 	91 
009247 	423 	75 	91 	91 
009248 	423 	75 	91 	91 
009249 	423 	75 	91 	91 
009250 	423 	75 	91 	91 
009251 	423 	75 	91 	91 
009252 	423 	75 	91 	91 
009253 	423 	75 	91 	91 
009254 	423 	75 	91 	91 
009255 	423 	75 	91 	91 
009256 	423 	75 	91 	91 
009257 	433 	75 	91 	91 
009258 	433 	75 	91 	91 
009259 	433 	75 	91 	91 
009260 	433 	75 	91 	91 
009261 	433 	75 	91 	91 
009262 	433 	75 	91 	91 
009263 	423 	75 	91 	91 
009264 	423 	75 	91 	91 
009265 	413 	75 	91 	91 
009266 	419 	79 	75 	76 
009267 	403 	65 	91 	91 
009268 	410 	79 	76 	76 
009269 	410 	79 	76 	76 
009270 	403 	75 	91 	91 
009271 	403 	75 	91 	91 
009272 	403 	75 	91 	91 
009273 	413 	75 	91 	91 
009274 	413 	75 	91 	91 
009275 	413 	75 	91 	91 
009276 	413 	75 	91 	91 
009277 	413 	75 	91 	91 
009278 	413 	75 	91 	91 
009279 	413 	75 	91 	91 
009280 	423 	75 	91 	91 
009281 	423 	75 	91 	91 
009282 	423 	75 	91 	91 
009283 	423 	75 	91 	91 
009284 	435 	79 	76 	76 
009285 	433 	75 	91 	91 
009286 	433 	65 	91 	91 
009287 	433 	65 	91 	91 
009288 	433 	65 	91 	91 
009289 	433 	65 	91 	91 
009290 	433 	65 	91 	91 
009291 	433 	65 	91 	91 
009292 	433 	65 	91 	91 
009293 	433 	65 	91 	91 
009294 	433 	65 	91 	91 
009295 	433 	65 	91 	91 
009296 	433 	65 	91 	91 
009297 	433 	65 	91 	91 
009298 	433 	75 	91 	91 
009299 	433 	75 	91 	91 
009300 	433 	75 	91 	91 
009301 	433 	75 	91 	91 
009302 	433 	75 	91 	91 
009303 	433 	75 	91 	91 
009304 	433 	75 	91 	91 
009305 	433 	75 	91 	91 
009306 	433 	75 	91 	91 
009307 	433 	75 	91 	91 
009308 	433 	75 	91 	91 
009309 	433 	75 	91 	91 
009310 	433 	75 	91 	91 
009311 	433 	75 	91 	91 
009312 	433 	75 	91 	91 
009313 	433 	75 	91 	91 
009314 	433 	75 	91 	91 
009315 	433 	75 	91 	91 
009316 	443 	75 	90 	91 
009317 	443 	75 	90 	91 
009318 	443 	75 	90 	91 
009319 	443 	65 	90 	91 
009320 	443 	75 	90 	91 
009321 	452 	79 	75 	76 
009322 	452 	79 	75 	76 
009323 	452 	79 	75 	76 
009324 	453 	75 	90 	91 
009325 	453 	75 	90 	91 
009326 	453 	75 	90 	91 
009327 	453 	75 	90 	91 
009328 	453 	75 	90 	91 
009329 	453 	75 	90 	91 
009330 	453 	75 	90 	91 
009331 	453 	75 	90 	91 
009332 	453 	75 	90 	91 
009333 	453 	75 	90 	91 
009334 	453 	75 	90 	91 
009335 	453 	75 	90 	91 
009336 	453 	75 	90 	91 
009337 	453 	75 	90 	91 
009338 	453 	75 	90 	91 
009339 	453 	75 	90 	91 
009340 	453 	75 	90 	91 
009341 	453 	75 	90 	91 
009342 	453 	75 	90 	91 
009343 	460 	87 	76 	76 
009344 	460 	87 	76 	76 
009345 	460 	87 	76 	76 
009346 	460 	87 	76 	76 
009347 	460 	87 	76 	76 
009348 	460 	87 	76 	76 
009349 	453 	85 	90 	91 
009350 	453 	85 	90 	91 
009351 	460 	87 	76 	76 
009352 	460 	87 	76 	76 
009353 	460 	87 	76 	76 
009354 	460 	87 	76 	76 
009355 	460 	87 	76 	76 
009356 	460 	87 	76 	76 
009357 	453 	85 	90 	91 
009358 	453 	85 	90 	91 
009359 	460 	96 	76 	75 
009360 	460 	96 	76 	75 
009361 	460 	96 	76 	75 
009362 	453 	95 	90 	91 
009363 	460 	96 	76 	75 
009364 	460 	96 	76 	75 
009365 	460 	96 	76 	75 
009366 	460 	96 	76 	75 
009367 	460 	96 	76 	75 
009368 	460 	96 	76 	75 
009369 	460 	96 	76 	75 
009370 	453 	95 	90 	91 
009371 	453 	95 	90 	91 
009372 	453 	95 	90 	91 
009373 	453 	95 	90 	91 
009374 	453 	95 	90 	91 
009375 	453 	95 	90 	91 
009376 	453 	95 	90 	91 
009377 	453 	85 	90 	91 
009378 	453 	85 	90 	91 
009379 	453 	85 	90 	91 
009380 	453 	75 	90 	91 
009381 	453 	75 	90 	91 
009382 	452 	79 	75 	76 
009383 	452 	79 	75 	76 
009384 	452 	79 	75 	76 
009385 	443 	65 	90 	91 
009386 	443 	65 	90 	91 
009387 	443 	65 	90 	91 
009388 	443 	65 	90 	91 
009389 	443 	65 	90 	91 
009390 	443 	65 	90 	91 
009391 	443 	65 	90 	91 
009392 	443 	65 	90 	91 
009393 	443 	65 	90 	91 
009394 	443 	75 	90 	91 
009395 	443 	75 	90 	91 
009396 	443 	75 	90 	91 
009397 	443 	75 	90 	91 
009398 	443 	75 	90 	91 
009399 	443 	75 	90 	91 
009400 	443 	75 	90 	91 
009401 	443 	75 	90 	91 
009402 	452 	79 	75 	76 
009403 	452 	79 	75 	76 
009404 	452 	79 	75 	76 
009405 	452 	79 	75 	76 
009406 	443 	75 	90 	91 
009407 	443 	75 	90 	91 
009408 	443 	75 	90 	91 
009409 	443 	75 	90 	91 
009410 	443 	75 	90 	91 
009411 	443 	75 	90 	91 
009412 	443 	75 	90 	91 
009413 	443 	75 	90 	91 
009414 	443 	75 	90 	91 
009415 	443 	75 	90 	91 
009416 	443 	75 	90 	91 
009417 	443 	75 	90 	91 
009418 	452 	79 	75 	76 
009419 	452 	79 	75 	76 
009420 	453 	75 	90 	91 
009421 	453 	75 	90 	91 
009422 	453 	75 	90 	91 
009423 	453 	75 	90 	91 
009424 	460 	87 	76 	76 
009425 	460 	87 	76 	76 
009426 	460 	87 	76 	76 
009427 	468 	87 	76 	76 
009428 	463 	85 	90 	91 
009429 	463 	85 	90 	91 
009430 	468 	87 	76 	76 
009431 	460 	87 	76 	76 
009432 	460 	87 	76 	76 
009433 	453 	75 	90 	91 
009434 	453 	75 	90 	91 
009435 	453 	75 	90 	91 
009436 	443 	75 	90 	91 
009437 	453 	75 	90 	91 
009438 	453 	75 	90 	91 
009439 	453 	75 	90 	91 
009440 	453 	75 	90 	91 
009441 	453 	75 	90 	91 
009442 	453 	75 	90 	91 
009443 	453 	75 	90 	91 
009444 	453 	75 	90 	91 
009445 	452 	79 	75 	76 
009446 	443 	75 	90 	91 
009447 	443 	75 	90 	91 
009448 	443 	75 	90 	91 
009449 	443 	75 	90 	91 
009450 	443 	75 	90 	91 
009451 	433 	75 	91 	91 
009452 	433 	75 	91 	91 
009453 	433 	75 	91 	91 
009454 	433 	75 	91 	91 
009455 	433 	75 	91 	91 
009456 	444 	79 	75 	76 
009457 	443 	75 	90 	91 
009458 	443 	75 	90 	91 
009459 	443 	75 	90 	91 
009460 	443 	75 	90 	91 
009461 	443 	75 	90 	91 
009462 	443 	75 	90 	91 
009463 	443 	75 	90 	91 
009464 	443 	75 	90 	91 
009465 	443 	75 	90 	91 
009466 	443 	75 	90 	91 
009467 	443 	75 	90 	91 
009468 	443 	75 	90 	91 
009469 	443 	75 	90 	91 
009470 	443 	75 	90 	91 
009471 	452 	79 	75 	76 
009472 	452 	79 	75 	76 
009473 	452 	79 	75 	76 
009474 	452 	79 	75 	76 
009475 	443 	75 	90 	91 
009476 	443 	75 	90 	91 
009477 	443 	75 	90 	91 
009478 	443 	75 	90 	91 
009479 	443 	75 	90 	91 
009480 	443 	75 	90 	91 
009481 	443 	75 	90 	91 
009482 	443 	75 	90 	91 
009483 	443 	75 	90 	91 
009484 	443 	75 	90 	91 
009485 	443 	75 	90 	91 
009486 	443 	75 	90 	91 
009487 	443 	75 	90 	91 
009488 	443 	75 	90 	91 
009489 	443 	75 	90 	91 
009490 	452 	87 	75 	76 
009491 	453 	85 	90 	91 
009492 	443 	75 	90 	91 
009493 	443 	75 	90 	91 
009494 	443 	75 	90 	91 
009495 	443 	75 	90 	91 
009496 	443 	75 	90 	91 
009497 	443 	75 	90 	91 
009498 	443 	75 	90 	91 
009499 	443 	75 	90 	91 
009500 	452 	87 	75 	76 
009501 	452 	87 	75 	76 
009502 	443 	75 	90 	91 
009503 	443 	75 	90 	91 
009504 	443 	75 	90 	91 
009505 	443 	75 	90 	91 
009506 	443 	75 	90 	91 
009507 	452 	87 	75 	76 
009508 	452 	87 	75 	76 
009509 	452 	87 	75 	76 
009510 	452 	87 	75 	76 
009511 	443 	75 	90 	91 
009512 	452 	87 	75 	76 
009513 	443 	75 	90 	91 
009514 	443 	75 	90 	91 
009515 	443 	75 	90 	91 
009516 	452 	87 	75 	76 
009517 	452 	87 	75 	76 
009518 	452 	87 	75 	76 
009519 	453 	85 	90 	91 
009520 	453 	85 	90 	91 
009521 	453 	85 	90 	91 
009522 	453 	85 	90 	91 
009523 	452 	87 	75 	76 
009524 	452 	87 	75 	76 
009525 	443 	75 	90 	91 
009526 	443 	85 	90 	91 
009527 	443 	85 	90 	91 
009528 	453 	85 	90 	91 
009529 	453 	85 	90 	91 
009530 	453 	85 	90 	91 
009531 	453 	85 	90 	91 
009532 	453 	85 	90 	91 
009533 	453 	85 	90 	91 
009534 	453 	85 	90 	91 
009535 	453 	85 	90 	91 
009536 	453 	85 	90 	91 
009537 	453 	85 	90 	91 
009538 	453 	85 	90 	91 
009539 	453 	75 	90 	91 
009540 	453 	85 	90 	91 
009541 	453 	85 	90 	91 
009542 	452 	87 	75 	76 
009543 	443 	75 	90 	91 
009544 	443 	75 	90 	91 
009545 	443 	75 	90 	91 
009546 	443 	75 	90 	91 
009547 	443 	75 	90 	91 
009548 	443 	75 	90 	91 
009549 	443 	75 	90 	91 
009550 	443 	75 	90 	91 
009551 	443 	75 	90 	91 
009552 	443 	75 	90 	91 
009553 	443 	75 	90 	91 
009554 	443 	75 	90 	91 
009555 	443 	75 	90 	91 
009556 	443 	75 	90 	91 
009557 	443 	75 	90 	91 
009558 	443 	75 	90 	91 
009559 	443 	75 	90 	91 
009560 	452 	79 	75 	76 
009561 	452 	79 	75 	76 
009562 	436 	54 	109 	109 
009563 	443 	65 	90 	91 
009564 	443 	65 	90 	91 
009565 	443 	75 	90 	91 
009566 	443 	75 	90 	91 
009567 	443 	75 	90 	91 
009568 	443 	75 	90 	91 
009569 	443 	75 	90 	91 
009570 	443 	75 	90 	91 
009571 	443 	75 	90 	91 
009572 	443 	85 	90 	91 
009573 	443 	85 	90 	91 
009574 	443 	85 	90 	91 
009575 	443 	85 	90 	91 
