Identity  : 	id11211
Reference : 	suSnxN1Wm8c
Offset    : 	-6
FV Conf   : 	17.853
ASD Conf  : 	7.287

FRAME 	X 	Y 	W 	H 
004561 	237 	80 	130 	130 
004562 	223 	80 	130 	130 
004563 	223 	80 	130 	130 
004564 	223 	80 	130 	130 
004565 	223 	80 	130 	130 
004566 	223 	80 	130 	130 
004567 	245 	90 	109 	109 
004568 	245 	90 	109 	109 
004569 	245 	90 	109 	109 
004570 	245 	90 	109 	109 
004571 	245 	90 	109 	109 
004572 	245 	90 	109 	109 
004573 	245 	90 	109 	109 
004574 	245 	90 	109 	109 
004575 	237 	80 	130 	130 
004576 	237 	80 	130 	130 
004577 	237 	80 	130 	130 
004578 	257 	90 	109 	109 
004579 	257 	90 	109 	109 
004580 	257 	90 	109 	109 
004581 	257 	90 	109 	109 
004582 	257 	90 	109 	109 
004583 	251 	80 	130 	130 
004584 	251 	80 	130 	130 
004585 	251 	80 	130 	130 
004586 	251 	80 	130 	130 
004587 	251 	80 	130 	130 
004588 	251 	80 	130 	130 
004589 	251 	80 	130 	130 
004590 	251 	80 	130 	130 
004591 	251 	80 	130 	130 
004592 	251 	80 	130 	130 
004593 	251 	80 	130 	130 
004594 	251 	80 	130 	130 
004595 	251 	80 	130 	130 
004596 	251 	80 	130 	130 
004597 	251 	80 	130 	130 
004598 	251 	80 	130 	130 
004599 	251 	80 	130 	130 
004600 	251 	80 	130 	130 
004601 	251 	80 	130 	130 
004602 	251 	80 	130 	130 
004603 	251 	80 	130 	130 
004604 	251 	80 	130 	130 
004605 	251 	80 	130 	130 
004606 	251 	80 	130 	130 
004607 	251 	80 	130 	130 
004608 	251 	80 	130 	130 
004609 	251 	80 	130 	130 
004610 	251 	80 	130 	130 
004611 	251 	80 	130 	130 
004612 	269 	90 	108 	109 
004613 	269 	90 	108 	109 
004614 	269 	90 	108 	109 
004615 	269 	90 	108 	109 
004616 	269 	90 	108 	109 
004617 	269 	90 	108 	109 
004618 	269 	90 	108 	109 
004619 	269 	90 	108 	109 
004620 	269 	90 	108 	109 
004621 	269 	90 	108 	109 
004622 	269 	90 	108 	109 
004623 	269 	90 	108 	109 
004624 	269 	90 	108 	109 
004625 	269 	90 	108 	109 
004626 	269 	90 	108 	109 
004627 	269 	90 	108 	109 
004628 	269 	90 	108 	109 
004629 	269 	90 	108 	109 
004630 	269 	90 	108 	109 
004631 	269 	90 	108 	109 
004632 	269 	90 	108 	109 
004633 	269 	90 	108 	109 
004634 	269 	90 	108 	109 
004635 	266 	80 	130 	130 
004636 	266 	80 	130 	130 
004637 	266 	80 	130 	130 
004638 	266 	80 	130 	130 
004639 	266 	80 	130 	130 
004640 	266 	80 	130 	130 
004641 	266 	80 	130 	130 
004642 	266 	80 	130 	130 
004643 	266 	80 	130 	130 
004644 	266 	80 	130 	130 
004645 	266 	80 	130 	130 
004646 	266 	80 	130 	130 
004647 	266 	80 	130 	130 
004648 	266 	80 	130 	130 
004649 	266 	80 	130 	130 
004650 	266 	80 	130 	130 
004651 	266 	80 	130 	130 
004652 	266 	80 	130 	130 
004653 	266 	80 	130 	130 
004654 	266 	80 	130 	130 
004655 	266 	80 	130 	130 
004656 	266 	80 	130 	130 
004657 	266 	80 	130 	130 
004658 	266 	80 	130 	130 
004659 	266 	80 	130 	130 
004660 	266 	80 	130 	130 
