Identity  : 	id11211
Reference : 	suSnxN1Wm8c
Offset    : 	-6
FV Conf   : 	15.900
ASD Conf  : 	6.738

FRAME 	X 	Y 	W 	H 
020287 	293 	78 	108 	109 
020288 	293 	78 	108 	109 
020289 	293 	78 	108 	109 
020290 	293 	78 	108 	109 
020291 	293 	78 	108 	109 
020292 	280 	66 	130 	130 
020293 	280 	66 	130 	130 
020294 	280 	66 	130 	130 
020295 	280 	66 	130 	130 
020296 	280 	66 	130 	130 
020297 	280 	66 	130 	130 
020298 	280 	66 	130 	130 
020299 	280 	66 	130 	130 
020300 	280 	66 	130 	130 
020301 	280 	66 	130 	130 
020302 	280 	66 	130 	130 
020303 	280 	66 	130 	130 
020304 	280 	66 	130 	130 
020305 	280 	66 	130 	130 
020306 	280 	66 	130 	130 
020307 	280 	66 	130 	130 
020308 	280 	66 	130 	130 
020309 	280 	66 	130 	130 
020310 	280 	66 	130 	130 
020311 	280 	66 	130 	130 
020312 	280 	66 	130 	130 
020313 	280 	66 	130 	130 
020314 	280 	66 	130 	130 
020315 	293 	78 	108 	109 
020316 	294 	80 	130 	130 
020317 	294 	80 	130 	130 
020318 	294 	80 	130 	130 
020319 	305 	78 	108 	109 
020320 	305 	78 	108 	109 
020321 	305 	78 	108 	109 
020322 	305 	78 	108 	109 
020323 	305 	78 	108 	109 
020324 	317 	78 	108 	109 
020325 	317 	78 	108 	109 
020326 	317 	78 	108 	109 
020327 	317 	78 	108 	109 
020328 	317 	78 	108 	109 
020329 	309 	80 	130 	130 
020330 	317 	78 	108 	109 
020331 	317 	78 	108 	109 
020332 	309 	80 	130 	130 
020333 	309 	80 	130 	130 
020334 	309 	80 	130 	130 
020335 	309 	80 	130 	130 
020336 	309 	80 	130 	130 
020337 	309 	80 	130 	130 
020338 	317 	78 	108 	109 
020339 	317 	78 	108 	109 
020340 	317 	78 	108 	109 
020341 	317 	78 	108 	109 
020342 	317 	78 	108 	109 
020343 	309 	66 	130 	130 
020344 	309 	66 	130 	130 
020345 	309 	66 	130 	130 
020346 	309 	66 	130 	130 
020347 	309 	66 	130 	130 
020348 	329 	66 	108 	109 
020349 	323 	51 	130 	130 
020350 	323 	51 	130 	130 
020351 	337 	51 	130 	130 
020352 	337 	51 	130 	130 
020353 	337 	51 	130 	130 
020354 	352 	51 	130 	130 
020355 	352 	51 	130 	130 
020356 	365 	66 	108 	109 
020357 	352 	66 	130 	130 
020358 	366 	66 	130 	130 
020359 	376 	66 	109 	109 
020360 	366 	66 	130 	130 
020361 	366 	66 	130 	130 
020362 	366 	66 	130 	130 
020363 	366 	66 	130 	130 
020364 	366 	66 	130 	130 
020365 	366 	66 	130 	130 
020366 	366 	66 	130 	130 
020367 	352 	66 	130 	130 
020368 	352 	66 	130 	130 
020369 	352 	66 	130 	130 
020370 	353 	78 	108 	109 
020371 	337 	51 	130 	130 
020372 	323 	66 	130 	130 
020373 	323 	66 	130 	130 
020374 	309 	66 	130 	130 
020375 	309 	66 	130 	130 
020376 	317 	78 	108 	109 
020377 	317 	78 	108 	109 
020378 	312 	76 	112 	113 
020379 	308 	73 	117 	117 
020380 	303 	71 	121 	122 
020381 	299 	68 	126 	126 
020382 	294 	66 	130 	130 
020383 	294 	66 	130 	130 
020384 	294 	66 	130 	130 
020385 	305 	78 	108 	109 
020386 	294 	66 	130 	130 
020387 	294 	66 	130 	130 
020388 	294 	66 	130 	130 
020389 	294 	66 	130 	130 
020390 	294 	66 	130 	130 
020391 	294 	66 	130 	130 
020392 	294 	66 	130 	130 
020393 	294 	66 	130 	130 
020394 	294 	66 	130 	130 
020395 	294 	66 	130 	130 
020396 	294 	66 	130 	130 
020397 	294 	66 	130 	130 
020398 	294 	66 	130 	130 
020399 	294 	66 	130 	130 
020400 	294 	66 	130 	130 
020401 	294 	66 	130 	130 
020402 	294 	66 	130 	130 
020403 	294 	66 	130 	130 
020404 	294 	66 	130 	130 
020405 	294 	66 	130 	130 
020406 	294 	66 	130 	130 
020407 	294 	66 	130 	130 
020408 	294 	66 	130 	130 
020409 	294 	66 	130 	130 
020410 	294 	66 	130 	130 
020411 	294 	66 	130 	130 
020412 	294 	66 	130 	130 
020413 	294 	66 	130 	130 
020414 	294 	66 	130 	130 
020415 	297 	69 	130 	130 
020416 	300 	72 	130 	130 
020417 	303 	74 	130 	130 
020418 	306 	77 	130 	130 
020419 	309 	80 	130 	130 
020420 	309 	80 	130 	130 
020421 	309 	80 	130 	130 
020422 	323 	80 	130 	130 
020423 	341 	78 	108 	109 
020424 	341 	78 	108 	109 
020425 	337 	66 	130 	130 
020426 	337 	66 	130 	130 
020427 	337 	66 	130 	130 
020428 	352 	66 	130 	130 
020429 	352 	66 	130 	130 
020430 	352 	66 	130 	130 
020431 	352 	66 	130 	130 
020432 	352 	66 	130 	130 
020433 	352 	66 	130 	130 
020434 	352 	66 	130 	130 
