Identity  : 	id10104
Reference : 	PW63XHWhPZM
Offset    : 	-3
FV Conf   : 	15.005
ASD Conf  : 	6.426

FRAME 	X 	Y 	W 	H 
002446 	156 	95 	187 	186 
002447 	156 	95 	187 	186 
002448 	156 	95 	187 	186 
002449 	156 	95 	187 	186 
002450 	156 	95 	187 	186 
002451 	156 	95 	187 	186 
002452 	156 	95 	187 	186 
002453 	156 	95 	187 	186 
002454 	181 	113 	156 	156 
002455 	181 	113 	156 	156 
002456 	181 	113 	156 	156 
002457 	181 	113 	156 	156 
002458 	181 	113 	156 	156 
002459 	181 	113 	156 	156 
002460 	181 	96 	156 	156 
002461 	181 	113 	156 	156 
002462 	181 	113 	156 	156 
002463 	181 	113 	156 	156 
002464 	181 	113 	156 	156 
002465 	181 	113 	156 	156 
002466 	181 	113 	156 	156 
002467 	181 	113 	156 	156 
002468 	181 	96 	156 	156 
002469 	181 	96 	156 	156 
002470 	181 	96 	156 	156 
002471 	181 	113 	156 	156 
002472 	181 	113 	156 	156 
002473 	181 	113 	156 	156 
002474 	181 	113 	156 	156 
002475 	181 	113 	156 	156 
002476 	181 	113 	156 	156 
002477 	181 	113 	156 	156 
002478 	181 	113 	156 	156 
002479 	181 	113 	156 	156 
002480 	199 	113 	155 	156 
002481 	199 	113 	155 	156 
002482 	199 	113 	155 	156 
002483 	199 	113 	155 	156 
002484 	216 	113 	156 	156 
002485 	216 	113 	156 	156 
002486 	216 	113 	156 	156 
002487 	216 	130 	156 	156 
002488 	216 	130 	156 	156 
002489 	216 	130 	156 	156 
002490 	216 	130 	156 	156 
002491 	216 	130 	156 	156 
002492 	216 	130 	156 	156 
002493 	216 	130 	156 	156 
002494 	216 	130 	156 	156 
002495 	216 	130 	156 	156 
002496 	216 	130 	156 	156 
002497 	216 	130 	156 	156 
002498 	216 	130 	156 	156 
002499 	216 	130 	156 	156 
002500 	216 	130 	156 	156 
002501 	216 	130 	156 	156 
002502 	216 	130 	156 	156 
002503 	216 	130 	156 	156 
002504 	216 	130 	156 	156 
002505 	216 	130 	156 	156 
002506 	216 	130 	156 	156 
002507 	216 	130 	156 	156 
002508 	216 	130 	156 	156 
002509 	216 	130 	156 	156 
002510 	216 	130 	156 	156 
002511 	216 	113 	156 	156 
002512 	216 	113 	156 	156 
002513 	216 	113 	156 	156 
002514 	216 	113 	156 	156 
002515 	216 	113 	156 	156 
002516 	216 	113 	156 	156 
002517 	216 	113 	156 	156 
002518 	216 	113 	156 	156 
002519 	216 	113 	156 	156 
002520 	216 	113 	156 	156 
002521 	216 	113 	156 	156 
002522 	216 	113 	156 	156 
002523 	216 	113 	156 	156 
002524 	216 	113 	156 	156 
002525 	216 	113 	156 	156 
002526 	216 	113 	156 	156 
002527 	216 	113 	156 	156 
002528 	216 	113 	156 	156 
002529 	216 	113 	156 	156 
002530 	216 	113 	156 	156 
002531 	216 	113 	156 	156 
002532 	216 	113 	156 	156 
002533 	216 	113 	156 	156 
002534 	216 	113 	156 	156 
002535 	216 	113 	156 	156 
002536 	216 	113 	156 	156 
002537 	216 	113 	156 	156 
002538 	216 	113 	156 	156 
002539 	216 	113 	156 	156 
002540 	216 	113 	156 	156 
002541 	216 	113 	156 	156 
002542 	216 	113 	156 	156 
002543 	216 	113 	156 	156 
002544 	216 	113 	156 	156 
002545 	216 	113 	156 	156 
002546 	216 	113 	156 	156 
002547 	216 	113 	156 	156 
002548 	216 	130 	156 	156 
002549 	216 	113 	156 	156 
002550 	216 	113 	156 	156 
002551 	216 	113 	156 	156 
002552 	216 	113 	156 	156 
002553 	216 	113 	156 	156 
002554 	216 	113 	156 	156 
002555 	216 	113 	156 	156 
002556 	216 	113 	156 	156 
002557 	216 	113 	156 	156 
002558 	216 	113 	156 	156 
002559 	216 	113 	156 	156 
002560 	216 	113 	156 	156 
002561 	216 	113 	156 	156 
002562 	216 	113 	156 	156 
002563 	216 	130 	156 	156 
002564 	216 	113 	156 	156 
002565 	216 	113 	156 	156 
002566 	216 	113 	156 	156 
002567 	216 	113 	156 	156 
002568 	216 	113 	156 	156 
002569 	216 	113 	156 	156 
002570 	216 	113 	156 	156 
002571 	216 	113 	156 	156 
002572 	216 	113 	156 	156 
002573 	216 	113 	156 	156 
002574 	216 	113 	156 	156 
002575 	216 	113 	156 	156 
002576 	216 	113 	156 	156 
002577 	216 	113 	156 	156 
002578 	216 	113 	156 	156 
002579 	216 	113 	156 	156 
002580 	216 	113 	156 	156 
002581 	216 	113 	156 	156 
002582 	216 	113 	156 	156 
002583 	216 	113 	156 	156 
002584 	216 	113 	156 	156 
002585 	216 	113 	156 	156 
002586 	216 	113 	156 	156 
002587 	216 	113 	156 	156 
002588 	216 	113 	156 	156 
002589 	216 	113 	156 	156 
002590 	216 	113 	156 	156 
002591 	216 	113 	156 	156 
002592 	216 	113 	156 	156 
002593 	216 	113 	156 	156 
002594 	216 	113 	156 	156 
002595 	199 	113 	155 	156 
002596 	199 	113 	155 	156 
002597 	199 	113 	155 	156 
002598 	199 	113 	155 	156 
002599 	199 	113 	155 	156 
002600 	199 	130 	155 	156 
002601 	177 	115 	187 	187 
002602 	177 	115 	187 	187 
002603 	177 	115 	187 	187 
002604 	181 	113 	156 	156 
002605 	181 	113 	156 	156 
002606 	181 	113 	156 	156 
002607 	156 	95 	187 	186 
002608 	156 	95 	187 	186 
002609 	156 	95 	187 	186 
002610 	181 	113 	156 	156 
002611 	181 	113 	156 	156 
002612 	181 	113 	156 	156 
002613 	181 	113 	156 	156 
002614 	181 	113 	156 	156 
002615 	181 	113 	156 	156 
002616 	181 	113 	156 	156 
002617 	177 	95 	187 	186 
002618 	177 	95 	187 	186 
002619 	177 	95 	187 	186 
002620 	199 	113 	155 	156 
002621 	199 	113 	155 	156 
002622 	199 	113 	155 	156 
002623 	199 	113 	155 	156 
002624 	199 	113 	155 	156 
002625 	199 	113 	155 	156 
002626 	199 	113 	155 	156 
002627 	181 	113 	156 	156 
002628 	181 	113 	156 	156 
002629 	181 	113 	156 	156 
002630 	181 	113 	156 	156 
002631 	181 	113 	156 	156 
002632 	181 	113 	156 	156 
002633 	164 	113 	156 	156 
002634 	164 	113 	156 	156 
002635 	164 	113 	156 	156 
002636 	164 	113 	156 	156 
002637 	181 	113 	156 	156 
002638 	181 	113 	156 	156 
002639 	181 	113 	156 	156 
002640 	181 	113 	156 	156 
002641 	181 	113 	156 	156 
002642 	181 	113 	156 	156 
002643 	181 	113 	156 	156 
002644 	181 	113 	156 	156 
002645 	181 	113 	156 	156 
002646 	181 	113 	156 	156 
002647 	181 	113 	156 	156 
002648 	181 	113 	156 	156 
002649 	181 	113 	156 	156 
002650 	181 	113 	156 	156 
002651 	164 	113 	156 	156 
002652 	164 	113 	156 	156 
002653 	164 	113 	156 	156 
002654 	164 	113 	156 	156 
002655 	164 	113 	156 	156 
002656 	164 	113 	156 	156 
002657 	164 	96 	156 	156 
002658 	164 	96 	156 	156 
002659 	164 	96 	156 	156 
002660 	164 	96 	156 	156 
002661 	164 	96 	156 	156 
002662 	164 	96 	156 	156 
002663 	164 	96 	156 	156 
002664 	164 	96 	156 	156 
002665 	164 	113 	156 	156 
002666 	164 	96 	156 	156 
002667 	164 	96 	156 	156 
002668 	164 	113 	156 	156 
002669 	164 	113 	156 	156 
002670 	164 	96 	156 	156 
002671 	164 	113 	156 	156 
002672 	164 	113 	156 	156 
002673 	164 	113 	156 	156 
002674 	164 	113 	156 	156 
002675 	164 	96 	156 	156 
002676 	164 	96 	156 	156 
002677 	164 	96 	156 	156 
002678 	164 	96 	156 	156 
002679 	164 	96 	156 	156 
002680 	164 	96 	156 	156 
002681 	164 	113 	156 	156 
002682 	164 	96 	156 	156 
002683 	164 	96 	156 	156 
002684 	164 	113 	156 	156 
002685 	164 	96 	156 	156 
002686 	164 	96 	156 	156 
002687 	164 	96 	156 	156 
002688 	164 	96 	156 	156 
002689 	164 	96 	156 	156 
002690 	164 	96 	156 	156 
002691 	164 	96 	156 	156 
002692 	164 	96 	156 	156 
002693 	164 	96 	156 	156 
002694 	164 	96 	156 	156 
002695 	164 	96 	156 	156 
002696 	164 	96 	156 	156 
002697 	164 	96 	156 	156 
002698 	164 	96 	156 	156 
002699 	164 	96 	156 	156 
002700 	164 	96 	156 	156 
002701 	164 	96 	156 	156 
002702 	164 	96 	156 	156 
002703 	164 	96 	156 	156 
002704 	164 	96 	156 	156 
002705 	164 	96 	156 	156 
002706 	164 	96 	156 	156 
002707 	164 	96 	156 	156 
002708 	164 	96 	156 	156 
002709 	164 	96 	156 	156 
002710 	156 	95 	187 	186 
002711 	164 	96 	156 	156 
002712 	164 	96 	156 	156 
