Identity  : 	id10685
Reference : 	tVQv5Zxmhxg
Offset    : 	0
FV Conf   : 	14.670
ASD Conf  : 	7.299

FRAME 	X 	Y 	W 	H 
001865 	194 	85 	91 	91 
001866 	194 	85 	91 	91 
001867 	194 	85 	91 	91 
001868 	194 	85 	91 	91 
001869 	204 	85 	91 	91 
001870 	204 	85 	91 	91 
001871 	204 	85 	91 	91 
001872 	204 	85 	91 	91 
001873 	204 	85 	91 	91 
001874 	204 	85 	91 	91 
001875 	204 	85 	91 	91 
001876 	197 	66 	109 	109 
001877 	204 	85 	91 	91 
001878 	204 	85 	91 	91 
001879 	197 	66 	109 	109 
001880 	204 	75 	91 	91 
001881 	204 	85 	91 	91 
001882 	194 	85 	91 	91 
001883 	194 	85 	91 	91 
001884 	194 	85 	91 	91 
001885 	184 	85 	91 	91 
001886 	184 	85 	91 	91 
001887 	174 	85 	91 	91 
001888 	174 	85 	91 	91 
001889 	164 	85 	91 	91 
001890 	150 	78 	108 	109 
001891 	154 	85 	91 	91 
001892 	138 	78 	108 	109 
001893 	138 	78 	108 	109 
001894 	138 	78 	108 	109 
001895 	138 	78 	108 	109 
001896 	138 	78 	108 	109 
001897 	144 	85 	91 	91 
001898 	144 	85 	91 	91 
001899 	144 	85 	91 	91 
001900 	144 	85 	91 	91 
001901 	144 	85 	91 	91 
001902 	144 	85 	91 	91 
001903 	144 	85 	91 	91 
001904 	138 	78 	108 	109 
001905 	138 	78 	108 	109 
001906 	138 	78 	108 	109 
001907 	138 	78 	108 	109 
001908 	138 	78 	108 	109 
001909 	144 	95 	91 	91 
001910 	144 	95 	91 	91 
001911 	144 	95 	91 	91 
001912 	144 	95 	91 	91 
001913 	144 	95 	91 	91 
001914 	144 	95 	91 	91 
001915 	144 	95 	91 	91 
001916 	138 	78 	108 	109 
001917 	126 	90 	108 	109 
001918 	126 	90 	108 	109 
001919 	126 	90 	108 	109 
001920 	126 	90 	108 	109 
001921 	126 	90 	108 	109 
001922 	126 	90 	108 	109 
001923 	114 	90 	108 	109 
001924 	124 	95 	91 	91 
001925 	126 	78 	108 	109 
001926 	126 	78 	108 	109 
001927 	126 	78 	108 	109 
001928 	134 	95 	91 	91 
001929 	126 	90 	108 	109 
001930 	126 	90 	108 	109 
001931 	134 	95 	91 	91 
001932 	134 	95 	91 	91 
001933 	134 	95 	91 	91 
001934 	126 	90 	108 	109 
001935 	134 	95 	91 	91 
001936 	134 	95 	91 	91 
001937 	126 	90 	108 	109 
001938 	134 	95 	91 	91 
001939 	134 	95 	91 	91 
001940 	134 	95 	91 	91 
001941 	134 	95 	91 	91 
001942 	126 	90 	108 	109 
001943 	126 	90 	108 	109 
001944 	134 	95 	91 	91 
001945 	134 	95 	91 	91 
001946 	126 	90 	108 	109 
001947 	126 	78 	108 	109 
001948 	126 	78 	108 	109 
001949 	134 	85 	91 	91 
001950 	134 	85 	91 	91 
001951 	126 	78 	108 	109 
001952 	126 	90 	108 	109 
001953 	126 	90 	108 	109 
001954 	126 	90 	108 	109 
001955 	126 	90 	108 	109 
001956 	126 	90 	108 	109 
001957 	126 	90 	108 	109 
001958 	126 	90 	108 	109 
001959 	126 	90 	108 	109 
001960 	134 	95 	91 	91 
001961 	134 	95 	91 	91 
001962 	134 	95 	91 	91 
001963 	126 	90 	108 	109 
001964 	134 	95 	91 	91 
001965 	134 	95 	91 	91 
001966 	134 	95 	91 	91 
001967 	134 	95 	91 	91 
001968 	134 	95 	91 	91 
001969 	126 	90 	108 	109 
001970 	126 	90 	108 	109 
001971 	126 	90 	108 	109 
001972 	134 	95 	91 	91 
001973 	134 	95 	91 	91 
001974 	134 	95 	91 	91 
001975 	134 	95 	91 	91 
001976 	134 	95 	91 	91 
001977 	134 	95 	91 	91 
001978 	134 	95 	91 	91 
001979 	134 	95 	91 	91 
001980 	134 	95 	91 	91 
001981 	126 	90 	108 	109 
001982 	134 	95 	91 	91 
001983 	134 	95 	91 	91 
001984 	134 	95 	91 	91 
001985 	134 	95 	91 	91 
001986 	134 	95 	91 	91 
001987 	134 	95 	91 	91 
001988 	134 	95 	91 	91 
001989 	134 	95 	91 	91 
001990 	134 	95 	91 	91 
001991 	144 	85 	91 	91 
001992 	134 	95 	91 	91 
001993 	134 	95 	91 	91 
001994 	134 	95 	91 	91 
001995 	134 	95 	91 	91 
001996 	134 	95 	91 	91 
001997 	134 	95 	91 	91 
001998 	134 	95 	91 	91 
001999 	134 	95 	91 	91 
002000 	138 	78 	108 	109 
002001 	144 	85 	91 	91 
002002 	144 	85 	91 	91 
002003 	144 	85 	91 	91 
002004 	138 	78 	108 	109 
002005 	144 	85 	91 	91 
002006 	144 	95 	91 	91 
002007 	144 	95 	91 	91 
002008 	144 	85 	91 	91 
002009 	144 	95 	91 	91 
002010 	144 	85 	91 	91 
002011 	144 	85 	91 	91 
002012 	138 	78 	108 	109 
002013 	138 	78 	108 	109 
002014 	144 	95 	91 	91 
002015 	134 	95 	91 	91 
002016 	134 	95 	91 	91 
002017 	134 	95 	91 	91 
002018 	134 	95 	91 	91 
002019 	134 	95 	91 	91 
002020 	134 	95 	91 	91 
002021 	126 	78 	108 	109 
002022 	126 	90 	108 	109 
002023 	134 	95 	91 	91 
002024 	134 	95 	91 	91 
002025 	134 	95 	91 	91 
002026 	126 	78 	108 	109 
002027 	126 	78 	108 	109 
002028 	124 	95 	91 	91 
002029 	124 	95 	91 	91 
002030 	124 	95 	91 	91 
002031 	124 	95 	91 	91 
002032 	124 	95 	91 	91 
002033 	124 	95 	91 	91 
002034 	124 	95 	91 	91 
002035 	124 	95 	91 	91 
002036 	114 	90 	108 	109 
002037 	114 	90 	108 	109 
002038 	114 	90 	108 	109 
002039 	124 	95 	91 	91 
002040 	124 	95 	91 	91 
002041 	124 	95 	91 	91 
002042 	124 	95 	91 	91 
002043 	124 	95 	91 	91 
002044 	124 	95 	91 	91 
002045 	124 	95 	91 	91 
002046 	124 	95 	91 	91 
002047 	124 	95 	91 	91 
002048 	134 	95 	91 	91 
002049 	134 	95 	91 	91 
002050 	134 	95 	91 	91 
002051 	134 	95 	91 	91 
002052 	134 	95 	91 	91 
002053 	134 	95 	91 	91 
002054 	134 	95 	91 	91 
002055 	134 	95 	91 	91 
002056 	134 	95 	91 	91 
002057 	134 	95 	91 	91 
002058 	134 	95 	91 	91 
002059 	134 	95 	91 	91 
002060 	134 	95 	91 	91 
002061 	144 	95 	91 	91 
002062 	144 	95 	91 	91 
002063 	144 	85 	91 	91 
002064 	144 	85 	91 	91 
002065 	144 	85 	91 	91 
002066 	144 	85 	91 	91 
002067 	154 	85 	91 	91 
002068 	154 	85 	91 	91 
002069 	154 	85 	91 	91 
002070 	154 	85 	91 	91 
002071 	154 	85 	91 	91 
002072 	154 	85 	91 	91 
002073 	154 	85 	91 	91 
002074 	154 	85 	91 	91 
002075 	154 	85 	91 	91 
002076 	154 	85 	91 	91 
002077 	154 	85 	91 	91 
002078 	154 	85 	91 	91 
002079 	150 	78 	108 	109 
002080 	164 	85 	91 	91 
002081 	164 	85 	91 	91 
002082 	164 	85 	91 	91 
002083 	164 	85 	91 	91 
002084 	164 	85 	91 	91 
002085 	164 	85 	91 	91 
002086 	164 	85 	91 	91 
002087 	164 	85 	91 	91 
002088 	154 	85 	91 	91 
002089 	154 	85 	91 	91 
002090 	154 	85 	91 	91 
002091 	154 	85 	91 	91 
002092 	154 	85 	91 	91 
002093 	154 	85 	91 	91 
002094 	154 	85 	91 	91 
002095 	154 	85 	91 	91 
002096 	154 	85 	91 	91 
002097 	154 	85 	91 	91 
002098 	154 	85 	91 	91 
002099 	154 	85 	91 	91 
002100 	154 	85 	91 	91 
002101 	154 	85 	91 	91 
002102 	154 	85 	91 	91 
002103 	154 	85 	91 	91 
002104 	154 	85 	91 	91 
002105 	154 	85 	91 	91 
002106 	154 	85 	91 	91 
002107 	154 	85 	91 	91 
002108 	154 	85 	91 	91 
002109 	154 	85 	91 	91 
002110 	154 	85 	91 	91 
002111 	154 	85 	91 	91 
002112 	154 	85 	91 	91 
002113 	154 	85 	91 	91 
002114 	154 	85 	91 	91 
002115 	154 	85 	91 	91 
002116 	154 	85 	91 	91 
002117 	154 	85 	91 	91 
002118 	154 	85 	91 	91 
002119 	154 	85 	91 	91 
002120 	154 	85 	91 	91 
002121 	154 	85 	91 	91 
002122 	154 	85 	91 	91 
002123 	154 	85 	91 	91 
002124 	154 	85 	91 	91 
002125 	154 	85 	91 	91 
002126 	154 	85 	91 	91 
002127 	154 	85 	91 	91 
002128 	154 	85 	91 	91 
002129 	154 	85 	91 	91 
002130 	154 	85 	91 	91 
002131 	154 	85 	91 	91 
002132 	154 	85 	91 	91 
002133 	138 	78 	108 	109 
002134 	138 	78 	108 	109 
002135 	138 	78 	108 	109 
002136 	154 	85 	91 	91 
002137 	138 	78 	108 	109 
002138 	138 	78 	108 	109 
002139 	138 	78 	108 	109 
002140 	138 	78 	108 	109 
002141 	138 	78 	108 	109 
002142 	138 	78 	108 	109 
002143 	138 	78 	108 	109 
002144 	138 	78 	108 	109 
002145 	138 	78 	108 	109 
002146 	138 	78 	108 	109 
002147 	138 	78 	108 	109 
002148 	138 	78 	108 	109 
002149 	138 	78 	108 	109 
002150 	138 	78 	108 	109 
002151 	138 	78 	108 	109 
002152 	138 	78 	108 	109 
002153 	138 	78 	108 	109 
002154 	138 	78 	108 	109 
002155 	138 	78 	108 	109 
002156 	138 	78 	108 	109 
002157 	138 	78 	108 	109 
002158 	144 	85 	91 	91 
002159 	138 	78 	108 	109 
002160 	144 	85 	91 	91 
002161 	144 	85 	91 	91 
002162 	144 	85 	91 	91 
002163 	144 	85 	91 	91 
002164 	144 	85 	91 	91 
002165 	144 	85 	91 	91 
002166 	144 	85 	91 	91 
002167 	144 	85 	91 	91 
002168 	144 	85 	91 	91 
002169 	144 	85 	91 	91 
002170 	144 	85 	91 	91 
002171 	144 	85 	91 	91 
002172 	144 	85 	91 	91 
002173 	144 	85 	91 	91 
002174 	144 	85 	91 	91 
002175 	144 	85 	91 	91 
002176 	144 	85 	91 	91 
002177 	144 	85 	91 	91 
002178 	138 	78 	108 	109 
002179 	138 	78 	108 	109 
002180 	138 	78 	108 	109 
002181 	144 	85 	91 	91 
002182 	138 	78 	108 	109 
002183 	138 	78 	108 	109 
002184 	138 	78 	108 	109 
002185 	138 	78 	108 	109 
002186 	138 	78 	108 	109 
002187 	138 	78 	108 	109 
002188 	138 	78 	108 	109 
002189 	144 	85 	91 	91 
002190 	144 	85 	91 	91 
002191 	138 	78 	108 	109 
002192 	144 	85 	91 	91 
002193 	138 	78 	108 	109 
002194 	138 	78 	108 	109 
002195 	144 	85 	91 	91 
002196 	138 	78 	108 	109 
002197 	138 	78 	108 	109 
002198 	138 	78 	108 	109 
002199 	154 	85 	91 	91 
002200 	154 	85 	91 	91 
002201 	154 	85 	91 	91 
002202 	154 	85 	91 	91 
002203 	154 	85 	91 	91 
002204 	154 	85 	91 	91 
002205 	150 	78 	108 	109 
002206 	150 	78 	108 	109 
002207 	150 	78 	108 	109 
002208 	150 	78 	108 	109 
002209 	150 	78 	108 	109 
002210 	150 	78 	108 	109 
002211 	150 	78 	108 	109 
002212 	164 	95 	91 	91 
002213 	164 	95 	91 	91 
002214 	164 	95 	91 	91 
002215 	164 	95 	91 	91 
002216 	164 	95 	91 	91 
002217 	164 	85 	91 	91 
002218 	164 	85 	91 	91 
002219 	164 	85 	91 	91 
002220 	164 	85 	91 	91 
002221 	164 	85 	91 	91 
002222 	164 	85 	91 	91 
002223 	164 	85 	91 	91 
002224 	164 	85 	91 	91 
002225 	164 	85 	91 	91 
002226 	164 	85 	91 	91 
002227 	164 	85 	91 	91 
002228 	164 	85 	91 	91 
002229 	150 	78 	108 	109 
002230 	150 	78 	108 	109 
002231 	150 	78 	108 	109 
002232 	150 	78 	108 	109 
002233 	150 	78 	108 	109 
002234 	150 	78 	108 	109 
002235 	164 	95 	91 	91 
002236 	164 	85 	91 	91 
002237 	164 	85 	91 	91 
002238 	164 	95 	91 	91 
002239 	164 	95 	91 	91 
002240 	164 	95 	91 	91 
002241 	161 	78 	109 	109 
002242 	161 	78 	109 	109 
002243 	161 	78 	109 	109 
002244 	164 	95 	91 	91 
002245 	161 	90 	109 	109 
002246 	161 	90 	109 	109 
