Identity  : 	id11057
Reference : 	LhKdc0KyPFo
Offset    : 	-1
FV Conf   : 	12.820
ASD Conf  : 	5.962

FRAME 	X 	Y 	W 	H 
001895 	194 	45 	91 	91 
001896 	194 	45 	91 	91 
001897 	194 	55 	91 	91 
001898 	203 	54 	76 	76 
001899 	203 	62 	76 	76 
001900 	203 	62 	76 	76 
001901 	203 	62 	76 	76 
001902 	204 	55 	91 	91 
001903 	204 	55 	91 	91 
001904 	204 	55 	91 	91 
001905 	204 	55 	91 	91 
001906 	203 	62 	76 	76 
001907 	204 	55 	91 	91 
001908 	211 	62 	76 	76 
001909 	204 	55 	91 	91 
001910 	204 	55 	91 	91 
001911 	204 	55 	91 	91 
001912 	204 	55 	91 	91 
001913 	204 	55 	91 	91 
001914 	204 	55 	91 	91 
001915 	204 	55 	91 	91 
001916 	204 	55 	91 	91 
001917 	204 	55 	91 	91 
001918 	204 	55 	91 	91 
001919 	204 	55 	91 	91 
001920 	204 	55 	91 	91 
001921 	204 	55 	91 	91 
001922 	204 	55 	91 	91 
001923 	204 	55 	91 	91 
001924 	203 	62 	76 	76 
001925 	203 	62 	76 	76 
001926 	194 	55 	91 	91 
001927 	194 	55 	91 	91 
001928 	194 	55 	91 	91 
001929 	194 	55 	91 	91 
001930 	194 	55 	91 	91 
001931 	194 	55 	91 	91 
001932 	194 	65 	91 	91 
001933 	194 	65 	91 	91 
001934 	195 	71 	75 	75 
001935 	195 	62 	75 	76 
001936 	184 	55 	91 	91 
001937 	184 	55 	91 	91 
001938 	184 	55 	91 	91 
001939 	184 	55 	91 	91 
001940 	184 	55 	91 	91 
001941 	184 	55 	91 	91 
001942 	184 	55 	91 	91 
001943 	184 	55 	91 	91 
001944 	184 	55 	91 	91 
001945 	184 	55 	91 	91 
001946 	184 	55 	91 	91 
001947 	184 	55 	91 	91 
001948 	184 	55 	91 	91 
001949 	184 	55 	91 	91 
001950 	184 	55 	91 	91 
001951 	184 	55 	91 	91 
001952 	184 	55 	91 	91 
001953 	184 	55 	91 	91 
001954 	184 	55 	91 	91 
001955 	184 	55 	91 	91 
001956 	184 	55 	91 	91 
001957 	184 	55 	91 	91 
001958 	184 	55 	91 	91 
001959 	184 	55 	91 	91 
001960 	184 	55 	91 	91 
001961 	184 	55 	91 	91 
001962 	184 	55 	91 	91 
001963 	184 	55 	91 	91 
001964 	184 	55 	91 	91 
001965 	184 	55 	91 	91 
001966 	184 	55 	91 	91 
001967 	184 	55 	91 	91 
001968 	184 	55 	91 	91 
001969 	184 	55 	91 	91 
001970 	184 	55 	91 	91 
001971 	184 	55 	91 	91 
001972 	184 	55 	91 	91 
001973 	184 	55 	91 	91 
001974 	184 	55 	91 	91 
001975 	184 	55 	91 	91 
001976 	184 	55 	91 	91 
001977 	184 	55 	91 	91 
001978 	184 	55 	91 	91 
001979 	184 	55 	91 	91 
001980 	184 	55 	91 	91 
001981 	184 	55 	91 	91 
001982 	184 	55 	91 	91 
001983 	184 	55 	91 	91 
001984 	184 	55 	91 	91 
001985 	184 	55 	91 	91 
001986 	184 	55 	91 	91 
001987 	184 	55 	91 	91 
001988 	184 	55 	91 	91 
001989 	184 	55 	91 	91 
001990 	184 	55 	91 	91 
001991 	184 	55 	91 	91 
001992 	184 	55 	91 	91 
001993 	184 	55 	91 	91 
001994 	184 	55 	91 	91 
001995 	184 	55 	91 	91 
001996 	184 	55 	91 	91 
001997 	184 	55 	91 	91 
001998 	184 	55 	91 	91 
001999 	184 	55 	91 	91 
002000 	184 	55 	91 	91 
002001 	184 	55 	91 	91 
002002 	184 	55 	91 	91 
002003 	184 	55 	91 	91 
002004 	184 	55 	91 	91 
002005 	184 	55 	91 	91 
002006 	184 	55 	91 	91 
002007 	184 	55 	91 	91 
002008 	184 	55 	91 	91 
002009 	184 	55 	91 	91 
002010 	184 	55 	91 	91 
002011 	195 	62 	75 	76 
002012 	195 	62 	75 	76 
002013 	195 	62 	75 	76 
002014 	195 	62 	75 	76 
002015 	195 	62 	75 	76 
002016 	195 	62 	75 	76 
002017 	184 	55 	91 	91 
002018 	195 	62 	75 	76 
002019 	195 	62 	75 	76 
002020 	195 	62 	75 	76 
002021 	195 	62 	75 	76 
002022 	195 	62 	75 	76 
002023 	195 	62 	75 	76 
002024 	195 	62 	75 	76 
002025 	195 	62 	75 	76 
002026 	195 	62 	75 	76 
002027 	195 	62 	75 	76 
002028 	195 	62 	75 	76 
002029 	195 	62 	75 	76 
002030 	195 	62 	75 	76 
002031 	195 	62 	75 	76 
002032 	184 	55 	91 	91 
002033 	184 	55 	91 	91 
002034 	184 	55 	91 	91 
002035 	184 	55 	91 	91 
002036 	184 	55 	91 	91 
002037 	184 	55 	91 	91 
002038 	184 	55 	91 	91 
002039 	184 	55 	91 	91 
002040 	184 	55 	91 	91 
002041 	184 	55 	91 	91 
002042 	184 	55 	91 	91 
002043 	184 	65 	91 	91 
002044 	184 	65 	91 	91 
002045 	186 	62 	76 	76 
002046 	186 	71 	76 	75 
002047 	186 	71 	76 	75 
002048 	184 	65 	91 	91 
002049 	184 	65 	91 	91 
002050 	195 	79 	75 	76 
002051 	195 	79 	75 	76 
002052 	195 	79 	75 	76 
002053 	195 	79 	75 	76 
002054 	195 	79 	75 	76 
002055 	203 	79 	76 	76 
002056 	203 	79 	76 	76 
002057 	203 	79 	76 	76 
002058 	203 	79 	76 	76 
002059 	203 	79 	76 	76 
002060 	211 	79 	76 	76 
002061 	211 	79 	76 	76 
002062 	211 	79 	76 	76 
002063 	211 	79 	76 	76 
002064 	211 	79 	76 	76 
002065 	211 	79 	76 	76 
002066 	211 	79 	76 	76 
002067 	211 	79 	76 	76 
002068 	211 	79 	76 	76 
002069 	211 	79 	76 	76 
002070 	211 	79 	76 	76 
002071 	211 	79 	76 	76 
002072 	211 	79 	76 	76 
002073 	211 	79 	76 	76 
002074 	211 	79 	76 	76 
002075 	211 	79 	76 	76 
002076 	211 	79 	76 	76 
002077 	211 	79 	76 	76 
002078 	211 	79 	76 	76 
002079 	211 	79 	76 	76 
002080 	211 	79 	76 	76 
002081 	211 	79 	76 	76 
002082 	211 	79 	76 	76 
002083 	211 	79 	76 	76 
002084 	211 	79 	76 	76 
002085 	211 	79 	76 	76 
002086 	211 	79 	76 	76 
002087 	211 	79 	76 	76 
002088 	211 	79 	76 	76 
002089 	220 	79 	75 	76 
002090 	220 	79 	75 	76 
002091 	220 	79 	75 	76 
002092 	220 	79 	75 	76 
002093 	220 	79 	75 	76 
002094 	220 	79 	75 	76 
002095 	220 	79 	75 	76 
002096 	220 	79 	75 	76 
002097 	220 	79 	75 	76 
002098 	211 	79 	76 	76 
002099 	211 	79 	76 	76 
002100 	211 	79 	76 	76 
002101 	211 	79 	76 	76 
002102 	211 	79 	76 	76 
002103 	211 	79 	76 	76 
002104 	211 	79 	76 	76 
002105 	211 	79 	76 	76 
002106 	211 	79 	76 	76 
002107 	211 	79 	76 	76 
002108 	211 	79 	76 	76 
002109 	211 	79 	76 	76 
002110 	211 	79 	76 	76 
002111 	211 	79 	76 	76 
002112 	211 	79 	76 	76 
002113 	211 	79 	76 	76 
002114 	211 	79 	76 	76 
002115 	211 	79 	76 	76 
