Identity  : 	id10045
Reference : 	bwpDvDAnWn0
Offset    : 	-4
FV Conf   : 	16.564
ASD Conf  : 	5.525

FRAME 	X 	Y 	W 	H 
001298 	356 	114 	63 	63 
001299 	356 	114 	63 	63 
001300 	356 	114 	63 	63 
001301 	356 	114 	63 	63 
001302 	356 	114 	63 	63 
001303 	356 	114 	63 	63 
001304 	362 	114 	64 	63 
001305 	362 	114 	64 	63 
001306 	362 	107 	64 	63 
001307 	362 	107 	64 	63 
001308 	362 	107 	64 	63 
001309 	362 	107 	64 	63 
001310 	352 	104 	76 	76 
001311 	352 	104 	76 	76 
001312 	362 	114 	64 	63 
001313 	362 	107 	64 	63 
001314 	362 	107 	64 	63 
001315 	362 	107 	64 	63 
001316 	362 	107 	64 	63 
001317 	362 	107 	64 	63 
001318 	362 	107 	64 	63 
001319 	362 	107 	64 	63 
001320 	362 	107 	64 	63 
001321 	362 	107 	64 	63 
001322 	362 	107 	64 	63 
001323 	362 	107 	64 	63 
001324 	362 	107 	64 	63 
001325 	362 	107 	64 	63 
001326 	362 	107 	64 	63 
001327 	362 	107 	64 	63 
001328 	362 	107 	64 	63 
001329 	362 	107 	64 	63 
001330 	362 	107 	64 	63 
001331 	362 	107 	64 	63 
001332 	362 	107 	64 	63 
001333 	362 	107 	64 	63 
001334 	362 	107 	64 	63 
001335 	362 	114 	64 	63 
001336 	362 	114 	64 	63 
001337 	362 	114 	64 	63 
001338 	362 	114 	64 	63 
001339 	362 	114 	64 	63 
001340 	362 	114 	64 	63 
001341 	362 	114 	64 	63 
001342 	362 	114 	64 	63 
001343 	362 	114 	64 	63 
001344 	362 	114 	64 	63 
001345 	362 	114 	64 	63 
001346 	362 	114 	64 	63 
001347 	362 	114 	64 	63 
001348 	362 	114 	64 	63 
001349 	362 	114 	64 	63 
001350 	369 	114 	64 	63 
001351 	369 	114 	64 	63 
001352 	369 	114 	64 	63 
001353 	369 	114 	64 	63 
001354 	369 	114 	64 	63 
001355 	369 	114 	64 	63 
001356 	369 	114 	64 	63 
001357 	369 	114 	64 	63 
001358 	369 	114 	64 	63 
001359 	369 	114 	64 	63 
001360 	369 	114 	64 	63 
001361 	369 	114 	64 	63 
001362 	369 	114 	64 	63 
001363 	369 	114 	64 	63 
001364 	369 	114 	64 	63 
001365 	369 	114 	64 	63 
001366 	369 	114 	64 	63 
001367 	369 	114 	64 	63 
001368 	369 	114 	64 	63 
001369 	369 	114 	64 	63 
001370 	369 	114 	64 	63 
001371 	369 	114 	64 	63 
001372 	369 	114 	64 	63 
001373 	369 	114 	64 	63 
001374 	369 	114 	64 	63 
001375 	369 	114 	64 	63 
001376 	369 	114 	64 	63 
001377 	369 	114 	64 	63 
001378 	369 	114 	64 	63 
001379 	369 	114 	64 	63 
001380 	369 	114 	64 	63 
001381 	369 	114 	64 	63 
001382 	369 	114 	64 	63 
001383 	369 	114 	64 	63 
001384 	362 	114 	64 	63 
001385 	362 	114 	64 	63 
001386 	362 	114 	64 	63 
001387 	362 	114 	64 	63 
001388 	362 	114 	64 	63 
001389 	362 	114 	64 	63 
001390 	362 	114 	64 	63 
001391 	362 	114 	64 	63 
001392 	362 	114 	64 	63 
001393 	362 	114 	64 	63 
001394 	362 	114 	64 	63 
001395 	362 	114 	64 	63 
001396 	362 	114 	64 	63 
001397 	369 	114 	64 	63 
001398 	362 	114 	64 	63 
001399 	362 	114 	64 	63 
001400 	362 	114 	64 	63 
001401 	369 	114 	64 	63 
001402 	369 	114 	64 	63 
001403 	369 	114 	64 	63 
001404 	369 	114 	64 	63 
001405 	369 	114 	64 	63 
001406 	362 	114 	64 	63 
001407 	362 	114 	64 	63 
001408 	362 	114 	64 	63 
001409 	362 	114 	64 	63 
001410 	362 	114 	64 	63 
001411 	362 	114 	64 	63 
001412 	362 	114 	64 	63 
001413 	362 	114 	64 	63 
001414 	362 	114 	64 	63 
001415 	362 	114 	64 	63 
001416 	362 	114 	64 	63 
001417 	362 	114 	64 	63 
001418 	362 	114 	64 	63 
001419 	362 	114 	64 	63 
001420 	362 	114 	64 	63 
001421 	362 	114 	64 	63 
001422 	362 	114 	64 	63 
001423 	362 	114 	64 	63 
001424 	362 	114 	64 	63 
001425 	362 	114 	64 	63 
001426 	362 	114 	64 	63 
001427 	362 	114 	64 	63 
001428 	362 	114 	64 	63 
001429 	362 	114 	64 	63 
001430 	362 	114 	64 	63 
001431 	362 	114 	64 	63 
001432 	362 	114 	64 	63 
001433 	362 	114 	64 	63 
001434 	362 	114 	64 	63 
001435 	362 	114 	64 	63 
001436 	362 	114 	64 	63 
001437 	362 	114 	64 	63 
001438 	362 	114 	64 	63 
001439 	362 	114 	64 	63 
001440 	362 	114 	64 	63 
001441 	362 	114 	64 	63 
001442 	369 	114 	64 	63 
001443 	369 	114 	64 	63 
001444 	362 	114 	64 	63 
001445 	362 	114 	64 	63 
001446 	362 	114 	64 	63 
001447 	362 	114 	64 	63 
001448 	362 	114 	64 	63 
001449 	362 	114 	64 	63 
001450 	362 	114 	64 	63 
001451 	362 	114 	64 	63 
001452 	362 	114 	64 	63 
001453 	362 	114 	64 	63 
001454 	362 	114 	64 	63 
001455 	362 	114 	64 	63 
001456 	362 	114 	64 	63 
001457 	362 	114 	64 	63 
001458 	362 	114 	64 	63 
001459 	362 	114 	64 	63 
001460 	362 	114 	64 	63 
001461 	362 	114 	64 	63 
001462 	362 	114 	64 	63 
001463 	362 	114 	64 	63 
001464 	362 	114 	64 	63 
001465 	362 	107 	64 	63 
001466 	362 	114 	64 	63 
001467 	362 	114 	64 	63 
001468 	362 	107 	64 	63 
001469 	371 	112 	53 	53 
001470 	369 	114 	64 	63 
001471 	369 	114 	64 	63 
001472 	369 	114 	64 	63 
001473 	369 	114 	64 	63 
001474 	369 	114 	64 	63 
001475 	369 	114 	64 	63 
001476 	369 	114 	64 	63 
001477 	369 	114 	64 	63 
001478 	369 	114 	64 	63 
001479 	369 	114 	64 	63 
001480 	369 	114 	64 	63 
001481 	369 	114 	64 	63 
001482 	369 	114 	64 	63 
001483 	369 	114 	64 	63 
001484 	369 	114 	64 	63 
001485 	369 	114 	64 	63 
001486 	369 	114 	64 	63 
001487 	369 	114 	64 	63 
001488 	369 	114 	64 	63 
001489 	369 	114 	64 	63 
001490 	369 	114 	64 	63 
001491 	369 	114 	64 	63 
001492 	369 	114 	64 	63 
001493 	369 	114 	64 	63 
001494 	369 	114 	64 	63 
001495 	369 	114 	64 	63 
001496 	369 	114 	64 	63 
001497 	369 	114 	64 	63 
001498 	369 	114 	64 	63 
