Identity  : 	id10045
Reference : 	bwpDvDAnWn0
Offset    : 	-4
FV Conf   : 	14.652
ASD Conf  : 	6.011

FRAME 	X 	Y 	W 	H 
023136 	308 	130 	52 	52 
023137 	308 	130 	52 	52 
023138 	308 	130 	52 	52 
023139 	308 	130 	52 	52 
023140 	308 	130 	52 	52 
023141 	308 	130 	52 	52 
023142 	308 	130 	52 	52 
023143 	308 	130 	52 	52 
023144 	308 	124 	52 	53 
023145 	308 	124 	52 	53 
023146 	308 	124 	52 	53 
023147 	308 	124 	52 	53 
023148 	308 	124 	52 	53 
023149 	308 	124 	52 	53 
023150 	308 	124 	52 	53 
023151 	308 	124 	52 	53 
023152 	308 	124 	52 	53 
023153 	308 	124 	52 	53 
023154 	308 	124 	52 	53 
023155 	308 	124 	52 	53 
023156 	300 	114 	63 	63 
023157 	308 	124 	52 	53 
023158 	308 	124 	52 	53 
023159 	308 	124 	52 	53 
023160 	308 	130 	52 	52 
023161 	308 	124 	52 	53 
023162 	308 	124 	52 	53 
023163 	308 	124 	52 	53 
023164 	308 	130 	52 	52 
023165 	308 	130 	52 	52 
023166 	308 	130 	52 	52 
023167 	308 	130 	52 	52 
023168 	300 	121 	63 	63 
023169 	300 	121 	63 	63 
023170 	308 	130 	52 	52 
023171 	308 	130 	52 	52 
023172 	308 	130 	52 	52 
023173 	308 	130 	52 	52 
023174 	308 	130 	52 	52 
023175 	308 	130 	52 	52 
023176 	300 	121 	63 	63 
023177 	300 	121 	63 	63 
023178 	308 	130 	52 	52 
023179 	300 	128 	63 	63 
023180 	308 	130 	52 	52 
023181 	300 	121 	63 	63 
023182 	308 	130 	52 	52 
023183 	308 	130 	52 	52 
023184 	308 	130 	52 	52 
023185 	308 	130 	52 	52 
023186 	308 	130 	52 	52 
023187 	308 	130 	52 	52 
023188 	308 	130 	52 	52 
023189 	308 	130 	52 	52 
023190 	308 	130 	52 	52 
023191 	308 	130 	52 	52 
023192 	308 	130 	52 	52 
023193 	308 	130 	52 	52 
023194 	308 	130 	52 	52 
023195 	307 	128 	63 	63 
023196 	307 	128 	63 	63 
023197 	307 	128 	63 	63 
023198 	307 	128 	63 	63 
023199 	307 	128 	63 	63 
023200 	307 	128 	63 	63 
023201 	307 	128 	63 	63 
023202 	313 	135 	53 	53 
023203 	313 	135 	53 	53 
023204 	313 	135 	53 	53 
023205 	313 	135 	53 	53 
023206 	313 	130 	53 	52 
023207 	313 	130 	53 	52 
023208 	313 	130 	53 	52 
023209 	313 	130 	53 	52 
023210 	313 	130 	53 	52 
023211 	313 	130 	53 	52 
023212 	313 	130 	53 	52 
023213 	313 	130 	53 	52 
023214 	313 	130 	53 	52 
023215 	313 	130 	53 	52 
023216 	313 	130 	53 	52 
023217 	313 	130 	53 	52 
023218 	313 	130 	53 	52 
023219 	313 	130 	53 	52 
023220 	313 	130 	53 	52 
023221 	313 	130 	53 	52 
023222 	313 	130 	53 	52 
023223 	313 	130 	53 	52 
023224 	313 	130 	53 	52 
023225 	313 	130 	53 	52 
023226 	313 	130 	53 	52 
023227 	313 	130 	53 	52 
023228 	313 	130 	53 	52 
023229 	313 	130 	53 	52 
023230 	313 	130 	53 	52 
023231 	313 	130 	53 	52 
023232 	313 	130 	53 	52 
023233 	313 	130 	53 	52 
023234 	313 	130 	53 	52 
023235 	313 	130 	53 	52 
023236 	313 	130 	53 	52 
023237 	313 	130 	53 	52 
023238 	313 	130 	53 	52 
