Identity  : 	id11131
Reference : 	1VA8kfUrwsU
Offset    : 	-2
FV Conf   : 	20.412
ASD Conf  : 	7.617

FRAME 	X 	Y 	W 	H 
002913 	363 	85 	91 	91 
002914 	363 	85 	91 	91 
002915 	363 	85 	91 	91 
002916 	363 	85 	91 	91 
002917 	363 	85 	91 	91 
002918 	363 	85 	91 	91 
002919 	363 	85 	91 	91 
002920 	363 	85 	91 	91 
002921 	363 	85 	91 	91 
002922 	363 	85 	91 	91 
002923 	363 	85 	91 	91 
002924 	363 	85 	91 	91 
002925 	363 	85 	91 	91 
002926 	363 	85 	91 	91 
002927 	363 	85 	91 	91 
002928 	363 	85 	91 	91 
002929 	363 	85 	91 	91 
002930 	363 	85 	91 	91 
002931 	363 	85 	91 	91 
002932 	363 	85 	91 	91 
002933 	363 	75 	91 	91 
002934 	363 	75 	91 	91 
002935 	363 	75 	91 	91 
002936 	363 	75 	91 	91 
002937 	363 	75 	91 	91 
002938 	363 	75 	91 	91 
002939 	363 	75 	91 	91 
002940 	363 	75 	91 	91 
002941 	363 	75 	91 	91 
002942 	363 	75 	91 	91 
002943 	373 	75 	91 	91 
002944 	363 	75 	91 	91 
002945 	377 	87 	76 	76 
002946 	377 	87 	76 	76 
002947 	373 	85 	91 	91 
002948 	373 	85 	91 	91 
002949 	373 	85 	91 	91 
002950 	373 	85 	91 	91 
002951 	373 	85 	91 	91 
002952 	363 	85 	91 	91 
002953 	363 	85 	91 	91 
002954 	363 	85 	91 	91 
002955 	363 	85 	91 	91 
002956 	363 	85 	91 	91 
002957 	363 	85 	91 	91 
002958 	363 	85 	91 	91 
002959 	363 	85 	91 	91 
002960 	363 	85 	91 	91 
002961 	363 	85 	91 	91 
002962 	363 	85 	91 	91 
002963 	363 	85 	91 	91 
002964 	363 	85 	91 	91 
002965 	363 	85 	91 	91 
002966 	363 	85 	91 	91 
002967 	363 	85 	91 	91 
002968 	363 	85 	91 	91 
002969 	363 	85 	91 	91 
002970 	363 	85 	91 	91 
002971 	363 	85 	91 	91 
002972 	363 	85 	91 	91 
002973 	363 	85 	91 	91 
002974 	363 	85 	91 	91 
002975 	363 	85 	91 	91 
002976 	363 	85 	91 	91 
002977 	363 	85 	91 	91 
002978 	363 	85 	91 	91 
002979 	363 	85 	91 	91 
002980 	363 	85 	91 	91 
002981 	363 	85 	91 	91 
002982 	363 	85 	91 	91 
002983 	363 	85 	91 	91 
002984 	363 	85 	91 	91 
002985 	363 	85 	91 	91 
002986 	363 	85 	91 	91 
002987 	363 	85 	91 	91 
002988 	363 	85 	91 	91 
002989 	363 	85 	91 	91 
002990 	363 	85 	91 	91 
002991 	363 	85 	91 	91 
002992 	363 	85 	91 	91 
002993 	363 	85 	91 	91 
002994 	363 	85 	91 	91 
002995 	363 	85 	91 	91 
002996 	363 	85 	91 	91 
002997 	363 	85 	91 	91 
002998 	373 	85 	91 	91 
002999 	373 	85 	91 	91 
003000 	373 	85 	91 	91 
003001 	373 	85 	91 	91 
003002 	373 	85 	91 	91 
003003 	373 	85 	91 	91 
003004 	373 	85 	91 	91 
003005 	373 	85 	91 	91 
003006 	373 	85 	91 	91 
003007 	363 	85 	91 	91 
003008 	363 	85 	91 	91 
003009 	363 	85 	91 	91 
003010 	363 	85 	91 	91 
003011 	363 	85 	91 	91 
003012 	363 	85 	91 	91 
003013 	353 	85 	91 	91 
003014 	353 	85 	91 	91 
003015 	353 	85 	91 	91 
003016 	353 	75 	91 	91 
003017 	369 	87 	76 	76 
003018 	363 	85 	91 	91 
003019 	363 	85 	91 	91 
003020 	363 	85 	91 	91 
003021 	363 	85 	91 	91 
003022 	363 	85 	91 	91 
003023 	363 	85 	91 	91 
003024 	363 	85 	91 	91 
003025 	363 	85 	91 	91 
003026 	363 	85 	91 	91 
003027 	363 	85 	91 	91 
003028 	363 	85 	91 	91 
003029 	363 	85 	91 	91 
003030 	363 	85 	91 	91 
003031 	363 	85 	91 	91 
003032 	363 	85 	91 	91 
003033 	363 	85 	91 	91 
003034 	363 	85 	91 	91 
003035 	363 	85 	91 	91 
003036 	353 	85 	91 	91 
003037 	353 	85 	91 	91 
003038 	353 	85 	91 	91 
003039 	353 	85 	91 	91 
003040 	353 	85 	91 	91 
003041 	353 	85 	91 	91 
003042 	353 	85 	91 	91 
003043 	363 	85 	91 	91 
003044 	363 	85 	91 	91 
003045 	363 	85 	91 	91 
003046 	363 	85 	91 	91 
003047 	363 	85 	91 	91 
003048 	363 	85 	91 	91 
003049 	373 	85 	91 	91 
003050 	373 	85 	91 	91 
003051 	373 	85 	91 	91 
003052 	373 	85 	91 	91 
003053 	373 	85 	91 	91 
003054 	373 	85 	91 	91 
003055 	373 	85 	91 	91 
003056 	363 	85 	91 	91 
003057 	363 	85 	91 	91 
003058 	363 	85 	91 	91 
003059 	353 	85 	91 	91 
003060 	353 	85 	91 	91 
003061 	353 	85 	91 	91 
003062 	353 	85 	91 	91 
003063 	353 	85 	91 	91 
003064 	353 	85 	91 	91 
003065 	353 	85 	91 	91 
003066 	353 	85 	91 	91 
003067 	353 	85 	91 	91 
003068 	363 	85 	91 	91 
003069 	363 	85 	91 	91 
003070 	363 	85 	91 	91 
003071 	363 	85 	91 	91 
003072 	363 	85 	91 	91 
003073 	363 	85 	91 	91 
003074 	363 	85 	91 	91 
003075 	363 	85 	91 	91 
003076 	363 	85 	91 	91 
003077 	363 	85 	91 	91 
003078 	363 	85 	91 	91 
003079 	363 	85 	91 	91 
003080 	363 	85 	91 	91 
003081 	363 	85 	91 	91 
003082 	363 	85 	91 	91 
003083 	363 	85 	91 	91 
003084 	363 	85 	91 	91 
003085 	363 	85 	91 	91 
003086 	363 	85 	91 	91 
003087 	363 	85 	91 	91 
003088 	363 	85 	91 	91 
003089 	363 	85 	91 	91 
003090 	363 	75 	91 	91 
003091 	363 	75 	91 	91 
003092 	363 	75 	91 	91 
003093 	373 	75 	91 	91 
003094 	373 	75 	91 	91 
003095 	373 	75 	91 	91 
003096 	373 	75 	91 	91 
003097 	373 	75 	91 	91 
003098 	373 	75 	91 	91 
003099 	373 	85 	91 	91 
003100 	373 	85 	91 	91 
003101 	373 	85 	91 	91 
003102 	377 	87 	76 	76 
003103 	363 	85 	91 	91 
003104 	363 	85 	91 	91 
003105 	363 	85 	91 	91 
003106 	363 	85 	91 	91 
003107 	363 	85 	91 	91 
003108 	363 	85 	91 	91 
003109 	363 	85 	91 	91 
003110 	363 	85 	91 	91 
003111 	363 	85 	91 	91 
003112 	363 	75 	91 	91 
003113 	363 	75 	91 	91 
003114 	363 	85 	91 	91 
003115 	363 	75 	91 	91 
003116 	363 	85 	91 	91 
003117 	363 	85 	91 	91 
003118 	363 	75 	91 	91 
003119 	363 	85 	91 	91 
003120 	363 	85 	91 	91 
003121 	363 	85 	91 	91 
003122 	363 	85 	91 	91 
003123 	363 	85 	91 	91 
003124 	363 	85 	91 	91 
003125 	363 	85 	91 	91 
003126 	363 	85 	91 	91 
003127 	363 	85 	91 	91 
003128 	353 	85 	91 	91 
003129 	353 	85 	91 	91 
003130 	353 	85 	91 	91 
003131 	353 	85 	91 	91 
003132 	353 	85 	91 	91 
003133 	353 	85 	91 	91 
003134 	353 	85 	91 	91 
003135 	353 	85 	91 	91 
003136 	353 	85 	91 	91 
003137 	353 	85 	91 	91 
003138 	353 	85 	91 	91 
003139 	363 	85 	91 	91 
003140 	363 	85 	91 	91 
003141 	363 	85 	91 	91 
003142 	363 	85 	91 	91 
003143 	363 	85 	91 	91 
003144 	373 	85 	91 	91 
003145 	373 	85 	91 	91 
003146 	383 	85 	91 	91 
003147 	383 	85 	91 	91 
003148 	383 	85 	91 	91 
003149 	383 	85 	91 	91 
003150 	383 	85 	91 	91 
003151 	383 	85 	91 	91 
003152 	383 	85 	91 	91 
003153 	383 	95 	91 	91 
003154 	373 	95 	91 	91 
003155 	373 	95 	91 	91 
003156 	373 	95 	91 	91 
003157 	373 	95 	91 	91 
003158 	373 	95 	91 	91 
003159 	373 	85 	91 	91 
003160 	373 	85 	91 	91 
003161 	373 	85 	91 	91 
003162 	373 	85 	91 	91 
003163 	377 	87 	76 	76 
003164 	363 	75 	91 	91 
003165 	363 	75 	91 	91 
003166 	363 	75 	91 	91 
003167 	363 	75 	91 	91 
003168 	363 	85 	91 	91 
003169 	363 	85 	91 	91 
003170 	363 	85 	91 	91 
003171 	363 	85 	91 	91 
003172 	363 	85 	91 	91 
003173 	363 	85 	91 	91 
003174 	363 	95 	91 	91 
003175 	363 	95 	91 	91 
003176 	363 	95 	91 	91 
003177 	363 	95 	91 	91 
003178 	363 	95 	91 	91 
003179 	363 	95 	91 	91 
003180 	363 	95 	91 	91 
003181 	363 	95 	91 	91 
003182 	373 	95 	91 	91 
003183 	373 	95 	91 	91 
003184 	373 	85 	91 	91 
003185 	373 	95 	91 	91 
003186 	373 	95 	91 	91 
003187 	373 	95 	91 	91 
003188 	373 	95 	91 	91 
003189 	363 	95 	91 	91 
003190 	363 	105 	91 	91 
003191 	363 	105 	91 	91 
003192 	363 	105 	91 	91 
003193 	353 	95 	91 	91 
003194 	353 	95 	91 	91 
003195 	353 	95 	91 	91 
003196 	353 	95 	91 	91 
003197 	363 	85 	91 	91 
003198 	363 	85 	91 	91 
003199 	363 	85 	91 	91 
003200 	373 	85 	91 	91 
003201 	373 	85 	91 	91 
003202 	373 	85 	91 	91 
003203 	373 	85 	91 	91 
003204 	373 	95 	91 	91 
003205 	373 	95 	91 	91 
003206 	373 	95 	91 	91 
003207 	373 	95 	91 	91 
003208 	373 	95 	91 	91 
003209 	363 	95 	91 	91 
003210 	363 	95 	91 	91 
003211 	363 	95 	91 	91 
003212 	363 	95 	91 	91 
003213 	363 	95 	91 	91 
003214 	363 	95 	91 	91 
003215 	363 	95 	91 	91 
003216 	363 	95 	91 	91 
003217 	363 	95 	91 	91 
003218 	363 	95 	91 	91 
003219 	363 	95 	91 	91 
003220 	363 	95 	91 	91 
003221 	363 	85 	91 	91 
003222 	363 	85 	91 	91 
003223 	363 	85 	91 	91 
003224 	363 	85 	91 	91 
003225 	363 	85 	91 	91 
003226 	363 	85 	91 	91 
003227 	363 	85 	91 	91 
003228 	363 	85 	91 	91 
003229 	363 	85 	91 	91 
003230 	353 	75 	91 	91 
003231 	353 	75 	91 	91 
003232 	353 	75 	91 	91 
003233 	353 	75 	91 	91 
003234 	353 	85 	91 	91 
003235 	353 	85 	91 	91 
003236 	353 	85 	91 	91 
003237 	353 	85 	91 	91 
003238 	363 	85 	91 	91 
003239 	363 	85 	91 	91 
003240 	363 	85 	91 	91 
003241 	363 	85 	91 	91 
003242 	363 	85 	91 	91 
003243 	363 	85 	91 	91 
003244 	363 	85 	91 	91 
003245 	363 	85 	91 	91 
003246 	363 	85 	91 	91 
003247 	363 	85 	91 	91 
003248 	363 	85 	91 	91 
003249 	363 	85 	91 	91 
003250 	363 	85 	91 	91 
003251 	363 	85 	91 	91 
003252 	363 	85 	91 	91 
003253 	363 	85 	91 	91 
003254 	363 	85 	91 	91 
003255 	363 	85 	91 	91 
003256 	363 	85 	91 	91 
003257 	363 	85 	91 	91 
003258 	363 	85 	91 	91 
003259 	363 	85 	91 	91 
003260 	363 	85 	91 	91 
003261 	363 	85 	91 	91 
003262 	363 	85 	91 	91 
003263 	363 	85 	91 	91 
003264 	363 	85 	91 	91 
003265 	363 	85 	91 	91 
003266 	363 	85 	91 	91 
003267 	363 	85 	91 	91 
003268 	363 	85 	91 	91 
003269 	363 	85 	91 	91 
003270 	363 	85 	91 	91 
003271 	363 	85 	91 	91 
003272 	363 	85 	91 	91 
003273 	363 	85 	91 	91 
003274 	363 	85 	91 	91 
003275 	353 	85 	91 	91 
003276 	353 	85 	91 	91 
003277 	353 	85 	91 	91 
003278 	353 	85 	91 	91 
003279 	343 	85 	91 	91 
003280 	343 	85 	91 	91 
003281 	343 	85 	91 	91 
003282 	343 	85 	91 	91 
003283 	343 	85 	91 	91 
003284 	361 	96 	75 	75 
003285 	353 	95 	91 	91 
003286 	363 	95 	91 	91 
003287 	363 	95 	91 	91 
003288 	363 	95 	91 	91 
003289 	363 	95 	91 	91 
003290 	363 	95 	91 	91 
003291 	363 	95 	91 	91 
003292 	363 	95 	91 	91 
003293 	363 	95 	91 	91 
003294 	363 	95 	91 	91 
003295 	353 	95 	91 	91 
003296 	353 	95 	91 	91 
003297 	353 	95 	91 	91 
003298 	343 	95 	91 	91 
003299 	343 	95 	91 	91 
003300 	353 	95 	91 	91 
003301 	353 	95 	91 	91 
003302 	353 	95 	91 	91 
003303 	353 	95 	91 	91 
003304 	353 	95 	91 	91 
003305 	363 	95 	91 	91 
003306 	363 	95 	91 	91 
003307 	363 	95 	91 	91 
003308 	363 	95 	91 	91 
003309 	363 	95 	91 	91 
003310 	363 	95 	91 	91 
003311 	363 	95 	91 	91 
003312 	353 	95 	91 	91 
003313 	353 	95 	91 	91 
003314 	353 	95 	91 	91 
003315 	353 	95 	91 	91 
003316 	353 	95 	91 	91 
003317 	353 	95 	91 	91 
003318 	353 	95 	91 	91 
003319 	363 	95 	91 	91 
003320 	363 	95 	91 	91 
003321 	363 	95 	91 	91 
003322 	373 	95 	91 	91 
003323 	373 	95 	91 	91 
003324 	373 	95 	91 	91 
003325 	373 	95 	91 	91 
003326 	373 	95 	91 	91 
003327 	363 	95 	91 	91 
003328 	363 	95 	91 	91 
003329 	363 	95 	91 	91 
003330 	363 	95 	91 	91 
003331 	363 	95 	91 	91 
003332 	363 	95 	91 	91 
003333 	363 	95 	91 	91 
003334 	363 	95 	91 	91 
003335 	363 	95 	91 	91 
003336 	363 	95 	91 	91 
003337 	363 	95 	91 	91 
003338 	363 	95 	91 	91 
003339 	363 	95 	91 	91 
003340 	363 	95 	91 	91 
003341 	363 	105 	91 	91 
003342 	363 	105 	91 	91 
003343 	363 	105 	91 	91 
003344 	363 	105 	91 	91 
003345 	353 	105 	91 	91 
003346 	353 	105 	91 	91 
003347 	353 	105 	91 	91 
003348 	353 	105 	91 	91 
003349 	353 	105 	91 	91 
003350 	353 	105 	91 	91 
003351 	369 	121 	76 	75 
003352 	353 	105 	91 	91 
003353 	369 	121 	76 	75 
003354 	353 	115 	91 	91 
003355 	369 	121 	76 	75 
003356 	369 	121 	76 	75 
003357 	363 	115 	91 	91 
003358 	363 	115 	91 	91 
003359 	363 	115 	91 	91 
003360 	363 	115 	91 	91 
003361 	363 	115 	91 	91 
003362 	363 	105 	91 	91 
003363 	363 	105 	91 	91 
003364 	363 	95 	91 	91 
003365 	373 	85 	91 	91 
003366 	373 	85 	91 	91 
003367 	373 	75 	91 	91 
003368 	373 	75 	91 	91 
003369 	373 	75 	91 	91 
003370 	373 	85 	91 	91 
003371 	363 	85 	91 	91 
003372 	363 	85 	91 	91 
003373 	363 	95 	91 	91 
003374 	363 	95 	91 	91 
003375 	363 	95 	91 	91 
003376 	363 	85 	91 	91 
003377 	363 	85 	91 	91 
003378 	363 	85 	91 	91 
003379 	363 	85 	91 	91 
003380 	363 	75 	91 	91 
003381 	363 	75 	91 	91 
003382 	363 	75 	91 	91 
003383 	363 	75 	91 	91 
003384 	363 	85 	91 	91 
003385 	363 	85 	91 	91 
003386 	363 	85 	91 	91 
003387 	363 	85 	91 	91 
003388 	363 	85 	91 	91 
003389 	363 	95 	91 	91 
003390 	363 	95 	91 	91 
003391 	363 	95 	91 	91 
003392 	363 	95 	91 	91 
003393 	363 	95 	91 	91 
003394 	363 	95 	91 	91 
003395 	363 	95 	91 	91 
003396 	363 	95 	91 	91 
003397 	363 	95 	91 	91 
003398 	363 	85 	91 	91 
003399 	363 	85 	91 	91 
003400 	363 	85 	91 	91 
003401 	363 	85 	91 	91 
003402 	363 	85 	91 	91 
003403 	363 	85 	91 	91 
003404 	363 	85 	91 	91 
003405 	363 	85 	91 	91 
003406 	363 	85 	91 	91 
003407 	363 	85 	91 	91 
003408 	363 	85 	91 	91 
003409 	363 	85 	91 	91 
003410 	363 	85 	91 	91 
003411 	373 	85 	91 	91 
003412 	373 	85 	91 	91 
003413 	373 	85 	91 	91 
003414 	373 	85 	91 	91 
003415 	363 	85 	91 	91 
003416 	363 	85 	91 	91 
003417 	363 	85 	91 	91 
003418 	363 	85 	91 	91 
003419 	363 	85 	91 	91 
003420 	363 	85 	91 	91 
003421 	363 	85 	91 	91 
003422 	363 	85 	91 	91 
003423 	363 	85 	91 	91 
003424 	363 	85 	91 	91 
003425 	363 	85 	91 	91 
003426 	363 	85 	91 	91 
003427 	363 	95 	91 	91 
003428 	363 	95 	91 	91 
003429 	363 	95 	91 	91 
003430 	363 	95 	91 	91 
003431 	363 	95 	91 	91 
003432 	363 	95 	91 	91 
003433 	363 	95 	91 	91 
003434 	363 	85 	91 	91 
003435 	363 	85 	91 	91 
003436 	363 	85 	91 	91 
003437 	363 	85 	91 	91 
003438 	363 	85 	91 	91 
003439 	363 	85 	91 	91 
003440 	363 	85 	91 	91 
003441 	363 	85 	91 	91 
003442 	363 	85 	91 	91 
003443 	363 	85 	91 	91 
003444 	363 	85 	91 	91 
003445 	363 	75 	91 	91 
003446 	363 	75 	91 	91 
003447 	363 	75 	91 	91 
003448 	363 	75 	91 	91 
003449 	363 	75 	91 	91 
003450 	363 	75 	91 	91 
003451 	363 	75 	91 	91 
003452 	363 	75 	91 	91 
003453 	363 	85 	91 	91 
003454 	363 	85 	91 	91 
003455 	363 	85 	91 	91 
003456 	363 	95 	91 	91 
003457 	363 	95 	91 	91 
003458 	363 	95 	91 	91 
003459 	363 	95 	91 	91 
003460 	363 	95 	91 	91 
003461 	363 	95 	91 	91 
003462 	363 	95 	91 	91 
003463 	363 	95 	91 	91 
003464 	363 	95 	91 	91 
003465 	363 	95 	91 	91 
003466 	363 	95 	91 	91 
003467 	363 	95 	91 	91 
003468 	363 	95 	91 	91 
003469 	363 	95 	91 	91 
003470 	363 	95 	91 	91 
003471 	363 	95 	91 	91 
003472 	363 	95 	91 	91 
003473 	363 	95 	91 	91 
003474 	363 	95 	91 	91 
003475 	363 	95 	91 	91 
003476 	363 	95 	91 	91 
003477 	363 	95 	91 	91 
003478 	363 	95 	91 	91 
003479 	363 	95 	91 	91 
003480 	363 	95 	91 	91 
003481 	363 	95 	91 	91 
003482 	363 	95 	91 	91 
003483 	363 	85 	91 	91 
003484 	363 	85 	91 	91 
003485 	363 	85 	91 	91 
003486 	373 	85 	91 	91 
003487 	373 	85 	91 	91 
003488 	373 	85 	91 	91 
003489 	373 	85 	91 	91 
003490 	373 	85 	91 	91 
003491 	373 	85 	91 	91 
003492 	373 	85 	91 	91 
003493 	363 	85 	91 	91 
003494 	363 	75 	91 	91 
003495 	363 	85 	91 	91 
003496 	353 	75 	91 	91 
003497 	353 	75 	91 	91 
003498 	341 	66 	108 	109 
003499 	341 	66 	108 	109 
003500 	341 	66 	108 	109 
003501 	343 	85 	91 	91 
003502 	343 	85 	91 	91 
003503 	353 	85 	91 	91 
003504 	353 	85 	91 	91 
003505 	353 	85 	91 	91 
003506 	363 	85 	91 	91 
003507 	363 	95 	91 	91 
003508 	363 	85 	91 	91 
003509 	363 	85 	91 	91 
003510 	363 	95 	91 	91 
003511 	363 	85 	91 	91 
003512 	363 	85 	91 	91 
003513 	363 	85 	91 	91 
003514 	363 	85 	91 	91 
003515 	363 	85 	91 	91 
003516 	363 	85 	91 	91 
003517 	363 	85 	91 	91 
003518 	363 	85 	91 	91 
003519 	363 	85 	91 	91 
003520 	363 	85 	91 	91 
003521 	363 	85 	91 	91 
003522 	363 	85 	91 	91 
003523 	363 	85 	91 	91 
003524 	363 	85 	91 	91 
003525 	363 	85 	91 	91 
003526 	363 	85 	91 	91 
003527 	363 	85 	91 	91 
003528 	363 	85 	91 	91 
003529 	363 	85 	91 	91 
003530 	363 	85 	91 	91 
003531 	353 	85 	91 	91 
003532 	353 	85 	91 	91 
003533 	353 	85 	91 	91 
003534 	353 	85 	91 	91 
003535 	353 	85 	91 	91 
003536 	353 	85 	91 	91 
003537 	353 	85 	91 	91 
003538 	363 	85 	91 	91 
003539 	363 	85 	91 	91 
003540 	363 	85 	91 	91 
003541 	353 	85 	91 	91 
003542 	353 	85 	91 	91 
003543 	353 	85 	91 	91 
003544 	353 	85 	91 	91 
003545 	353 	85 	91 	91 
003546 	353 	85 	91 	91 
003547 	353 	85 	91 	91 
003548 	353 	85 	91 	91 
003549 	353 	85 	91 	91 
003550 	353 	78 	108 	109 
003551 	363 	95 	91 	91 
003552 	363 	95 	91 	91 
003553 	363 	95 	91 	91 
003554 	363 	95 	91 	91 
003555 	373 	95 	91 	91 
003556 	373 	95 	91 	91 
003557 	373 	95 	91 	91 
003558 	373 	95 	91 	91 
003559 	373 	95 	91 	91 
003560 	373 	95 	91 	91 
003561 	363 	85 	91 	91 
003562 	363 	85 	91 	91 
003563 	363 	85 	91 	91 
003564 	363 	85 	91 	91 
003565 	369 	96 	76 	75 
003566 	353 	85 	91 	91 
003567 	353 	85 	91 	91 
003568 	353 	85 	91 	91 
003569 	353 	85 	91 	91 
003570 	353 	85 	91 	91 
003571 	353 	85 	91 	91 
003572 	353 	85 	91 	91 
003573 	353 	85 	91 	91 
003574 	353 	85 	91 	91 
003575 	353 	85 	91 	91 
003576 	353 	85 	91 	91 
003577 	353 	85 	91 	91 
003578 	353 	85 	91 	91 
003579 	353 	85 	91 	91 
003580 	353 	85 	91 	91 
003581 	353 	85 	91 	91 
003582 	369 	96 	76 	75 
003583 	369 	96 	76 	75 
003584 	353 	85 	91 	91 
003585 	353 	85 	91 	91 
003586 	353 	85 	91 	91 
003587 	353 	85 	91 	91 
003588 	353 	85 	91 	91 
003589 	353 	85 	91 	91 
003590 	353 	85 	91 	91 
003591 	353 	85 	91 	91 
003592 	353 	85 	91 	91 
003593 	353 	85 	91 	91 
003594 	353 	85 	91 	91 
003595 	353 	85 	91 	91 
003596 	353 	95 	91 	91 
003597 	363 	95 	91 	91 
003598 	369 	96 	76 	75 
003599 	363 	85 	91 	91 
003600 	353 	78 	108 	109 
003601 	363 	85 	91 	91 
003602 	363 	85 	91 	91 
003603 	363 	85 	91 	91 
003604 	363 	85 	91 	91 
003605 	363 	85 	91 	91 
003606 	363 	85 	91 	91 
003607 	363 	85 	91 	91 
003608 	363 	85 	91 	91 
003609 	363 	85 	91 	91 
003610 	373 	85 	91 	91 
003611 	363 	85 	91 	91 
003612 	373 	85 	91 	91 
003613 	373 	85 	91 	91 
003614 	363 	85 	91 	91 
003615 	373 	85 	91 	91 
003616 	363 	85 	91 	91 
003617 	363 	85 	91 	91 
003618 	363 	85 	91 	91 
003619 	373 	85 	91 	91 
003620 	373 	95 	91 	91 
003621 	373 	95 	91 	91 
003622 	373 	95 	91 	91 
003623 	373 	95 	91 	91 
003624 	363 	95 	91 	91 
003625 	377 	104 	76 	76 
003626 	363 	95 	91 	91 
003627 	363 	95 	91 	91 
003628 	363 	95 	91 	91 
003629 	363 	95 	91 	91 
003630 	363 	95 	91 	91 
003631 	363 	95 	91 	91 
003632 	363 	95 	91 	91 
003633 	363 	95 	91 	91 
003634 	363 	95 	91 	91 
003635 	363 	95 	91 	91 
003636 	363 	95 	91 	91 
003637 	363 	95 	91 	91 
003638 	363 	95 	91 	91 
003639 	363 	95 	91 	91 
003640 	363 	95 	91 	91 
003641 	363 	95 	91 	91 
003642 	363 	95 	91 	91 
003643 	363 	95 	91 	91 
003644 	363 	95 	91 	91 
003645 	363 	95 	91 	91 
003646 	363 	95 	91 	91 
003647 	363 	95 	91 	91 
003648 	363 	95 	91 	91 
003649 	363 	95 	91 	91 
003650 	363 	95 	91 	91 
003651 	363 	95 	91 	91 
003652 	363 	95 	91 	91 
003653 	363 	95 	91 	91 
003654 	363 	95 	91 	91 
003655 	363 	95 	91 	91 
003656 	363 	95 	91 	91 
003657 	363 	95 	91 	91 
003658 	363 	95 	91 	91 
003659 	363 	95 	91 	91 
003660 	363 	95 	91 	91 
003661 	363 	95 	91 	91 
003662 	363 	85 	91 	91 
003663 	363 	85 	91 	91 
003664 	363 	85 	91 	91 
003665 	363 	85 	91 	91 
003666 	363 	85 	91 	91 
003667 	363 	85 	91 	91 
003668 	363 	85 	91 	91 
003669 	363 	75 	91 	91 
003670 	363 	75 	91 	91 
003671 	363 	75 	91 	91 
003672 	363 	75 	91 	91 
003673 	363 	75 	91 	91 
003674 	363 	75 	91 	91 
003675 	363 	85 	91 	91 
003676 	363 	85 	91 	91 
003677 	363 	85 	91 	91 
003678 	363 	85 	91 	91 
003679 	363 	85 	91 	91 
003680 	362 	85 	92 	92 
003681 	362 	85 	92 	92 
003682 	361 	85 	92 	92 
003683 	361 	84 	92 	93 
003684 	361 	84 	93 	93 
003685 	360 	84 	93 	93 
003686 	360 	84 	93 	94 
003687 	360 	84 	94 	94 
003688 	359 	84 	94 	94 
003689 	359 	84 	94 	94 
003690 	358 	84 	95 	95 
003691 	358 	83 	95 	95 
003692 	358 	83 	95 	95 
003693 	357 	83 	95 	96 
003694 	357 	83 	96 	96 
003695 	356 	83 	96 	96 
003696 	356 	83 	96 	97 
003697 	356 	83 	97 	97 
003698 	355 	83 	97 	97 
003699 	355 	82 	97 	98 
003700 	355 	82 	98 	98 
003701 	354 	82 	98 	98 
003702 	354 	82 	98 	99 
003703 	353 	82 	98 	99 
003704 	353 	82 	99 	99 
003705 	353 	82 	99 	100 
003706 	352 	82 	99 	100 
003707 	352 	81 	100 	100 
003708 	351 	81 	100 	100 
003709 	351 	81 	100 	101 
003710 	351 	81 	101 	101 
003711 	350 	81 	101 	101 
003712 	350 	81 	101 	102 
003713 	349 	81 	101 	102 
003714 	349 	81 	102 	102 
003715 	349 	80 	102 	103 
003716 	348 	80 	102 	103 
003717 	348 	80 	103 	103 
003718 	348 	80 	103 	104 
003719 	347 	80 	103 	104 
003720 	347 	80 	104 	104 
003721 	346 	80 	104 	105 
003722 	346 	80 	104 	105 
003723 	346 	79 	104 	105 
003724 	345 	79 	105 	106 
003725 	345 	79 	105 	106 
003726 	344 	79 	105 	106 
003727 	344 	79 	106 	106 
003728 	344 	79 	106 	107 
003729 	343 	79 	106 	107 
003730 	343 	79 	107 	107 
003731 	343 	78 	107 	108 
003732 	342 	78 	107 	108 
003733 	342 	78 	107 	108 
003734 	341 	78 	108 	109 
003735 	341 	78 	108 	109 
003736 	341 	78 	108 	109 
003737 	341 	78 	108 	109 
003738 	341 	78 	108 	109 
003739 	341 	78 	108 	109 
003740 	341 	78 	108 	109 
003741 	341 	78 	108 	109 
003742 	341 	78 	108 	109 
003743 	341 	78 	108 	109 
003744 	341 	78 	108 	109 
003745 	341 	78 	108 	109 
003746 	341 	78 	108 	109 
003747 	340 	77 	108 	109 
003748 	340 	77 	108 	109 
003749 	340 	77 	108 	109 
003750 	340 	77 	108 	109 
003751 	340 	77 	108 	109 
003752 	340 	77 	108 	109 
003753 	340 	77 	108 	109 
003754 	340 	77 	108 	109 
003755 	340 	77 	108 	109 
003756 	340 	77 	108 	109 
003757 	340 	77 	108 	109 
003758 	340 	77 	108 	109 
003759 	340 	77 	108 	109 
003760 	340 	77 	108 	109 
003761 	340 	77 	108 	109 
003762 	340 	77 	108 	109 
003763 	340 	77 	108 	109 
003764 	340 	77 	108 	109 
003765 	340 	77 	108 	109 
003766 	340 	77 	108 	109 
003767 	340 	77 	108 	109 
003768 	340 	77 	108 	109 
003769 	340 	76 	108 	109 
003770 	339 	76 	108 	109 
003771 	339 	76 	108 	109 
003772 	339 	76 	108 	109 
003773 	339 	76 	108 	109 
003774 	339 	76 	108 	109 
003775 	339 	76 	108 	109 
003776 	339 	76 	108 	109 
003777 	339 	76 	108 	109 
003778 	339 	76 	108 	109 
003779 	339 	76 	108 	109 
003780 	339 	76 	108 	109 
003781 	339 	76 	108 	109 
003782 	339 	76 	108 	109 
003783 	339 	76 	108 	109 
003784 	339 	76 	108 	109 
003785 	339 	76 	108 	109 
003786 	339 	76 	108 	109 
003787 	339 	76 	108 	109 
003788 	339 	76 	108 	109 
003789 	339 	76 	108 	109 
003790 	339 	76 	108 	109 
003791 	339 	76 	108 	109 
003792 	338 	75 	108 	109 
003793 	338 	75 	108 	109 
003794 	338 	75 	108 	109 
003795 	338 	75 	108 	109 
003796 	338 	75 	108 	109 
003797 	338 	75 	108 	109 
003798 	338 	75 	108 	109 
003799 	338 	75 	108 	109 
003800 	338 	75 	108 	109 
003801 	338 	75 	108 	109 
003802 	338 	75 	108 	109 
003803 	338 	75 	108 	109 
003804 	338 	75 	108 	109 
003805 	338 	75 	108 	109 
003806 	338 	75 	108 	109 
003807 	338 	75 	108 	109 
003808 	338 	75 	108 	109 
003809 	338 	75 	108 	109 
003810 	338 	75 	108 	109 
003811 	338 	75 	108 	109 
003812 	338 	75 	108 	109 
003813 	338 	75 	108 	109 
003814 	338 	75 	108 	109 
003815 	337 	74 	108 	109 
003816 	337 	74 	108 	109 
003817 	337 	74 	108 	109 
003818 	337 	74 	108 	109 
003819 	337 	74 	108 	109 
003820 	337 	74 	108 	109 
003821 	337 	74 	108 	109 
003822 	337 	74 	108 	109 
003823 	337 	74 	108 	109 
003824 	337 	74 	108 	109 
003825 	337 	74 	108 	109 
003826 	337 	74 	108 	109 
003827 	337 	74 	108 	109 
003828 	337 	74 	108 	109 
003829 	337 	74 	108 	109 
003830 	337 	74 	108 	109 
003831 	337 	74 	108 	109 
003832 	337 	74 	108 	109 
003833 	337 	74 	108 	109 
003834 	337 	74 	108 	109 
003835 	337 	74 	108 	109 
003836 	337 	74 	108 	109 
003837 	336 	74 	108 	109 
003838 	336 	73 	108 	109 
003839 	336 	73 	108 	109 
003840 	336 	73 	108 	109 
003841 	336 	73 	108 	109 
003842 	336 	73 	108 	109 
003843 	336 	73 	108 	109 
003844 	336 	73 	108 	109 
003845 	336 	73 	108 	109 
003846 	336 	73 	108 	109 
003847 	336 	73 	108 	109 
003848 	336 	73 	108 	109 
003849 	336 	73 	108 	109 
003850 	336 	73 	108 	109 
003851 	336 	73 	108 	109 
003852 	336 	73 	108 	109 
003853 	336 	73 	108 	109 
003854 	336 	73 	108 	109 
