Identity  : 	id11131
Reference : 	1VA8kfUrwsU
Offset    : 	-2
FV Conf   : 	18.948
ASD Conf  : 	8.171

FRAME 	X 	Y 	W 	H 
005989 	353 	85 	91 	91 
005990 	353 	85 	91 	91 
005991 	353 	85 	91 	91 
005992 	353 	85 	91 	91 
005993 	353 	85 	91 	91 
005994 	353 	85 	91 	91 
005995 	353 	85 	91 	91 
005996 	353 	85 	91 	91 
005997 	353 	85 	91 	91 
005998 	341 	66 	108 	109 
005999 	341 	66 	108 	109 
006000 	341 	66 	108 	109 
006001 	341 	66 	108 	109 
006002 	341 	66 	108 	109 
006003 	353 	85 	91 	91 
006004 	353 	85 	91 	91 
006005 	353 	85 	91 	91 
006006 	353 	85 	91 	91 
006007 	353 	85 	91 	91 
006008 	353 	85 	91 	91 
006009 	353 	85 	91 	91 
006010 	353 	85 	91 	91 
006011 	353 	85 	91 	91 
006012 	353 	85 	91 	91 
006013 	353 	85 	91 	91 
006014 	353 	85 	91 	91 
006015 	353 	75 	91 	91 
006016 	353 	75 	91 	91 
006017 	353 	75 	91 	91 
006018 	353 	75 	91 	91 
006019 	353 	75 	91 	91 
006020 	353 	75 	91 	91 
006021 	353 	75 	91 	91 
006022 	353 	75 	91 	91 
006023 	353 	75 	91 	91 
006024 	353 	75 	91 	91 
006025 	353 	75 	91 	91 
006026 	363 	85 	91 	91 
006027 	363 	85 	91 	91 
006028 	363 	85 	91 	91 
006029 	363 	85 	91 	91 
006030 	353 	75 	91 	91 
006031 	353 	75 	91 	91 
006032 	353 	75 	91 	91 
006033 	353 	75 	91 	91 
006034 	353 	75 	91 	91 
006035 	369 	87 	76 	76 
006036 	363 	85 	91 	91 
006037 	363 	85 	91 	91 
006038 	363 	85 	91 	91 
006039 	363 	85 	91 	91 
006040 	363 	85 	91 	91 
006041 	363 	75 	91 	91 
006042 	363 	75 	91 	91 
006043 	377 	87 	76 	76 
006044 	377 	87 	76 	76 
006045 	373 	85 	91 	91 
006046 	373 	85 	91 	91 
006047 	373 	85 	91 	91 
006048 	373 	85 	91 	91 
006049 	373 	85 	91 	91 
006050 	373 	85 	91 	91 
006051 	373 	85 	91 	91 
006052 	373 	85 	91 	91 
006053 	373 	85 	91 	91 
006054 	373 	85 	91 	91 
006055 	373 	85 	91 	91 
006056 	373 	85 	91 	91 
006057 	373 	85 	91 	91 
006058 	373 	85 	91 	91 
006059 	363 	85 	91 	91 
006060 	363 	85 	91 	91 
006061 	363 	85 	91 	91 
006062 	363 	85 	91 	91 
006063 	363 	85 	91 	91 
006064 	363 	85 	91 	91 
006065 	363 	85 	91 	91 
006066 	363 	85 	91 	91 
006067 	363 	85 	91 	91 
006068 	363 	85 	91 	91 
006069 	363 	85 	91 	91 
006070 	363 	75 	91 	91 
006071 	363 	75 	91 	91 
006072 	363 	75 	91 	91 
006073 	363 	75 	91 	91 
006074 	363 	75 	91 	91 
006075 	363 	85 	91 	91 
006076 	363 	85 	91 	91 
006077 	363 	85 	91 	91 
006078 	363 	85 	91 	91 
006079 	363 	85 	91 	91 
006080 	363 	85 	91 	91 
006081 	363 	85 	91 	91 
006082 	363 	85 	91 	91 
006083 	363 	85 	91 	91 
006084 	353 	75 	91 	91 
006085 	353 	85 	91 	91 
006086 	353 	85 	91 	91 
006087 	343 	75 	91 	91 
006088 	343 	75 	91 	91 
006089 	343 	75 	91 	91 
006090 	343 	75 	91 	91 
006091 	343 	75 	91 	91 
006092 	338 	75 	91 	91 
006093 	333 	75 	91 	91 
006094 	333 	75 	91 	91 
006095 	333 	75 	91 	91 
006096 	333 	80 	91 	91 
006097 	333 	85 	91 	91 
006098 	333 	85 	91 	91 
006099 	333 	85 	91 	91 
006100 	333 	85 	91 	91 
006101 	333 	85 	91 	91 
006102 	333 	85 	91 	91 
006103 	333 	85 	91 	91 
006104 	333 	85 	91 	91 
006105 	333 	85 	91 	91 
006106 	333 	85 	91 	91 
006107 	333 	85 	91 	91 
006108 	336 	96 	75 	75 
006109 	333 	85 	91 	91 
006110 	317 	78 	108 	109 
006111 	333 	85 	91 	91 
006112 	333 	85 	91 	91 
006113 	333 	85 	91 	91 
006114 	333 	85 	91 	91 
006115 	333 	85 	91 	91 
006116 	333 	85 	91 	91 
006117 	333 	85 	91 	91 
006118 	333 	85 	91 	91 
006119 	333 	85 	91 	91 
006120 	333 	85 	91 	91 
006121 	333 	85 	91 	91 
006122 	317 	66 	108 	109 
006123 	317 	66 	108 	109 
006124 	317 	66 	108 	109 
006125 	333 	85 	91 	91 
006126 	333 	85 	91 	91 
006127 	333 	85 	91 	91 
006128 	343 	85 	91 	91 
006129 	343 	85 	91 	91 
006130 	343 	85 	91 	91 
006131 	343 	95 	91 	91 
006132 	343 	95 	91 	91 
006133 	343 	95 	91 	91 
006134 	333 	95 	91 	91 
006135 	344 	104 	76 	76 
006136 	333 	95 	91 	91 
006137 	329 	78 	108 	109 
006138 	329 	78 	108 	109 
006139 	329 	78 	108 	109 
006140 	329 	78 	108 	109 
006141 	329 	78 	108 	109 
006142 	343 	95 	91 	91 
006143 	343 	95 	91 	91 
006144 	343 	95 	91 	91 
006145 	343 	95 	91 	91 
006146 	343 	95 	91 	91 
006147 	343 	95 	91 	91 
006148 	343 	95 	91 	91 
006149 	343 	95 	91 	91 
006150 	343 	95 	91 	91 
006151 	343 	95 	91 	91 
006152 	343 	95 	91 	91 
006153 	343 	95 	91 	91 
006154 	343 	95 	91 	91 
006155 	343 	95 	91 	91 
006156 	343 	95 	91 	91 
006157 	343 	95 	91 	91 
006158 	343 	95 	91 	91 
006159 	343 	95 	91 	91 
006160 	343 	95 	91 	91 
006161 	343 	95 	91 	91 
006162 	343 	95 	91 	91 
006163 	343 	95 	91 	91 
006164 	343 	85 	91 	91 
006165 	343 	85 	91 	91 
006166 	343 	85 	91 	91 
006167 	343 	85 	91 	91 
006168 	343 	85 	91 	91 
006169 	343 	85 	91 	91 
006170 	343 	85 	91 	91 
006171 	343 	85 	91 	91 
006172 	343 	85 	91 	91 
006173 	343 	85 	91 	91 
006174 	343 	85 	91 	91 
006175 	343 	85 	91 	91 
006176 	343 	85 	91 	91 
006177 	343 	85 	91 	91 
006178 	343 	85 	91 	91 
006179 	343 	85 	91 	91 
006180 	343 	85 	91 	91 
006181 	343 	85 	91 	91 
006182 	343 	85 	91 	91 
006183 	353 	85 	91 	91 
006184 	353 	85 	91 	91 
006185 	353 	85 	91 	91 
006186 	341 	66 	108 	109 
006187 	343 	75 	91 	91 
006188 	343 	75 	91 	91 
006189 	343 	75 	91 	91 
006190 	343 	75 	91 	91 
006191 	343 	75 	91 	91 
006192 	343 	85 	91 	91 
006193 	343 	85 	91 	91 
006194 	343 	85 	91 	91 
006195 	343 	85 	91 	91 
006196 	343 	85 	91 	91 
006197 	343 	85 	91 	91 
006198 	343 	85 	91 	91 
006199 	343 	85 	91 	91 
006200 	343 	95 	91 	91 
006201 	343 	95 	91 	91 
006202 	343 	95 	91 	91 
006203 	343 	95 	91 	91 
006204 	343 	95 	91 	91 
006205 	343 	95 	91 	91 
006206 	343 	85 	91 	91 
006207 	343 	85 	91 	91 
006208 	343 	85 	91 	91 
006209 	343 	85 	91 	91 
006210 	343 	85 	91 	91 
006211 	343 	85 	91 	91 
006212 	343 	85 	91 	91 
006213 	343 	85 	91 	91 
006214 	343 	85 	91 	91 
006215 	343 	85 	91 	91 
006216 	343 	85 	91 	91 
006217 	343 	85 	91 	91 
006218 	343 	85 	91 	91 
006219 	343 	85 	91 	91 
006220 	343 	85 	91 	91 
006221 	329 	66 	108 	109 
006222 	329 	66 	108 	109 
006223 	343 	75 	91 	91 
006224 	343 	75 	91 	91 
006225 	343 	75 	91 	91 
006226 	343 	75 	91 	91 
006227 	353 	75 	91 	91 
006228 	353 	75 	91 	91 
006229 	353 	75 	91 	91 
006230 	353 	75 	91 	91 
006231 	353 	75 	91 	91 
006232 	353 	75 	91 	91 
006233 	353 	75 	91 	91 
006234 	353 	75 	91 	91 
006235 	353 	75 	91 	91 
006236 	353 	75 	91 	91 
006237 	353 	75 	91 	91 
006238 	353 	75 	91 	91 
006239 	353 	75 	91 	91 
006240 	353 	85 	91 	91 
006241 	353 	85 	91 	91 
006242 	353 	85 	91 	91 
006243 	353 	85 	91 	91 
006244 	353 	85 	91 	91 
006245 	353 	85 	91 	91 
006246 	343 	75 	91 	91 
006247 	343 	75 	91 	91 
006248 	343 	75 	91 	91 
006249 	343 	75 	91 	91 
006250 	343 	75 	91 	91 
006251 	343 	85 	91 	91 
006252 	343 	85 	91 	91 
006253 	343 	85 	91 	91 
006254 	343 	85 	91 	91 
006255 	343 	85 	91 	91 
006256 	343 	85 	91 	91 
006257 	343 	85 	91 	91 
006258 	343 	85 	91 	91 
006259 	343 	85 	91 	91 
006260 	353 	85 	91 	91 
006261 	353 	85 	91 	91 
006262 	343 	75 	91 	91 
006263 	343 	75 	91 	91 
006264 	343 	75 	91 	91 
006265 	343 	75 	91 	91 
006266 	343 	75 	91 	91 
006267 	343 	75 	91 	91 
006268 	343 	75 	91 	91 
006269 	343 	75 	91 	91 
006270 	343 	75 	91 	91 
006271 	353 	85 	91 	91 
006272 	353 	85 	91 	91 
006273 	353 	85 	91 	91 
006274 	353 	85 	91 	91 
006275 	353 	85 	91 	91 
006276 	353 	85 	91 	91 
006277 	353 	85 	91 	91 
006278 	353 	85 	91 	91 
006279 	361 	96 	75 	75 
006280 	361 	96 	75 	75 
006281 	361 	96 	75 	75 
006282 	353 	85 	91 	91 
006283 	353 	85 	91 	91 
006284 	353 	85 	91 	91 
006285 	353 	85 	91 	91 
006286 	353 	85 	91 	91 
006287 	353 	85 	91 	91 
006288 	353 	85 	91 	91 
006289 	353 	85 	91 	91 
006290 	353 	85 	91 	91 
006291 	353 	85 	91 	91 
006292 	353 	85 	91 	91 
006293 	353 	85 	91 	91 
006294 	353 	85 	91 	91 
006295 	353 	85 	91 	91 
006296 	353 	85 	91 	91 
006297 	353 	85 	91 	91 
006298 	353 	85 	91 	91 
006299 	353 	85 	91 	91 
006300 	353 	85 	91 	91 
006301 	353 	85 	91 	91 
006302 	353 	85 	91 	91 
006303 	353 	85 	91 	91 
006304 	353 	85 	91 	91 
006305 	353 	85 	91 	91 
006306 	353 	85 	91 	91 
006307 	353 	85 	91 	91 
006308 	353 	85 	91 	91 
006309 	353 	85 	91 	91 
006310 	353 	85 	91 	91 
006311 	353 	85 	91 	91 
006312 	353 	85 	91 	91 
006313 	341 	66 	108 	109 
006314 	341 	66 	108 	109 
006315 	343 	75 	91 	91 
006316 	343 	75 	91 	91 
006317 	343 	75 	91 	91 
006318 	343 	75 	91 	91 
006319 	343 	75 	91 	91 
006320 	343 	75 	91 	91 
006321 	343 	75 	91 	91 
006322 	343 	75 	91 	91 
006323 	343 	75 	91 	91 
006324 	343 	75 	91 	91 
006325 	343 	75 	91 	91 
006326 	343 	75 	91 	91 
006327 	343 	75 	91 	91 
006328 	343 	85 	91 	91 
006329 	343 	85 	91 	91 
006330 	343 	85 	91 	91 
006331 	343 	85 	91 	91 
006332 	343 	85 	91 	91 
006333 	343 	85 	91 	91 
006334 	353 	95 	91 	91 
006335 	341 	78 	108 	109 
006336 	353 	95 	91 	91 
006337 	353 	95 	91 	91 
006338 	353 	95 	91 	91 
006339 	353 	95 	91 	91 
006340 	353 	95 	91 	91 
006341 	353 	95 	91 	91 
006342 	353 	95 	91 	91 
006343 	353 	85 	91 	91 
006344 	353 	95 	91 	91 
006345 	353 	95 	91 	91 
006346 	353 	95 	91 	91 
006347 	353 	95 	91 	91 
006348 	353 	95 	91 	91 
006349 	353 	95 	91 	91 
006350 	353 	95 	91 	91 
006351 	353 	95 	91 	91 
006352 	353 	95 	91 	91 
006353 	341 	78 	108 	109 
006354 	341 	78 	108 	109 
006355 	341 	78 	108 	109 
006356 	343 	85 	91 	91 
006357 	343 	85 	91 	91 
006358 	343 	85 	91 	91 
006359 	353 	85 	91 	91 
006360 	353 	85 	91 	91 
006361 	353 	85 	91 	91 
006362 	343 	85 	91 	91 
006363 	343 	85 	91 	91 
006364 	343 	85 	91 	91 
006365 	343 	85 	91 	91 
006366 	343 	85 	91 	91 
006367 	343 	85 	91 	91 
006368 	343 	75 	91 	91 
006369 	343 	75 	91 	91 
006370 	343 	75 	91 	91 
006371 	343 	75 	91 	91 
006372 	343 	75 	91 	91 
006373 	343 	85 	91 	91 
006374 	343 	85 	91 	91 
006375 	353 	85 	91 	91 
006376 	353 	85 	91 	91 
006377 	353 	85 	91 	91 
006378 	353 	85 	91 	91 
006379 	353 	85 	91 	91 
006380 	353 	85 	91 	91 
006381 	353 	85 	91 	91 
006382 	353 	85 	91 	91 
006383 	353 	85 	91 	91 
006384 	343 	85 	91 	91 
006385 	343 	85 	91 	91 
006386 	343 	85 	91 	91 
006387 	343 	85 	91 	91 
006388 	343 	85 	91 	91 
006389 	343 	85 	91 	91 
006390 	343 	85 	91 	91 
006391 	343 	85 	91 	91 
006392 	343 	85 	91 	91 
006393 	343 	85 	91 	91 
006394 	343 	85 	91 	91 
006395 	343 	85 	91 	91 
006396 	343 	85 	91 	91 
006397 	343 	85 	91 	91 
006398 	343 	85 	91 	91 
006399 	343 	85 	91 	91 
006400 	343 	85 	91 	91 
006401 	343 	85 	91 	91 
006402 	343 	85 	91 	91 
006403 	343 	85 	91 	91 
006404 	343 	85 	91 	91 
006405 	343 	85 	91 	91 
006406 	343 	85 	91 	91 
006407 	343 	85 	91 	91 
006408 	343 	85 	91 	91 
006409 	343 	85 	91 	91 
006410 	343 	85 	91 	91 
006411 	343 	85 	91 	91 
006412 	343 	85 	91 	91 
006413 	343 	85 	91 	91 
006414 	343 	85 	91 	91 
006415 	343 	85 	91 	91 
006416 	343 	85 	91 	91 
006417 	343 	85 	91 	91 
006418 	343 	85 	91 	91 
006419 	343 	85 	91 	91 
006420 	343 	85 	91 	91 
006421 	343 	85 	91 	91 
006422 	343 	85 	91 	91 
006423 	341 	78 	108 	109 
006424 	353 	85 	91 	91 
006425 	353 	85 	91 	91 
006426 	353 	85 	91 	91 
006427 	353 	85 	91 	91 
006428 	343 	85 	91 	91 
006429 	333 	85 	91 	91 
006430 	333 	85 	91 	91 
006431 	333 	85 	91 	91 
006432 	333 	85 	91 	91 
006433 	333 	85 	91 	91 
006434 	333 	85 	91 	91 
006435 	317 	78 	108 	109 
006436 	317 	78 	108 	109 
006437 	323 	85 	91 	91 
006438 	317 	78 	108 	109 
006439 	317 	78 	108 	109 
006440 	323 	85 	91 	91 
006441 	323 	85 	91 	91 
006442 	323 	85 	91 	91 
006443 	323 	85 	91 	91 
006444 	317 	78 	108 	109 
006445 	317 	78 	108 	109 
006446 	317 	78 	108 	109 
006447 	317 	78 	108 	109 
006448 	317 	78 	108 	109 
006449 	333 	85 	91 	91 
006450 	333 	85 	91 	91 
006451 	333 	85 	91 	91 
006452 	333 	85 	91 	91 
006453 	333 	85 	91 	91 
006454 	333 	85 	91 	91 
006455 	333 	85 	91 	91 
006456 	333 	85 	91 	91 
006457 	333 	75 	91 	91 
006458 	329 	66 	108 	109 
006459 	343 	75 	91 	91 
006460 	353 	75 	91 	91 
006461 	353 	75 	91 	91 
006462 	353 	75 	91 	91 
006463 	353 	75 	91 	91 
006464 	363 	85 	91 	91 
006465 	363 	85 	91 	91 
006466 	363 	85 	91 	91 
006467 	363 	85 	91 	91 
006468 	363 	85 	91 	91 
006469 	363 	95 	91 	91 
006470 	363 	95 	91 	91 
006471 	363 	95 	91 	91 
006472 	363 	95 	91 	91 
006473 	363 	95 	91 	91 
006474 	363 	95 	91 	91 
006475 	363 	95 	91 	91 
006476 	363 	95 	91 	91 
006477 	363 	95 	91 	91 
006478 	363 	95 	91 	91 
006479 	363 	95 	91 	91 
006480 	363 	95 	91 	91 
006481 	363 	95 	91 	91 
006482 	363 	95 	91 	91 
006483 	363 	95 	91 	91 
006484 	363 	95 	91 	91 
006485 	363 	95 	91 	91 
006486 	363 	95 	91 	91 
006487 	363 	95 	91 	91 
006488 	363 	95 	91 	91 
006489 	363 	95 	91 	91 
006490 	363 	95 	91 	91 
006491 	363 	95 	91 	91 
006492 	363 	95 	91 	91 
006493 	363 	95 	91 	91 
006494 	353 	95 	91 	91 
006495 	353 	95 	91 	91 
006496 	353 	95 	91 	91 
006497 	353 	95 	91 	91 
006498 	353 	95 	91 	91 
006499 	353 	85 	91 	91 
006500 	353 	85 	91 	91 
006501 	353 	85 	91 	91 
006502 	353 	75 	91 	91 
006503 	353 	75 	91 	91 
006504 	343 	75 	91 	91 
006505 	343 	75 	91 	91 
006506 	343 	75 	91 	91 
006507 	343 	75 	91 	91 
006508 	329 	66 	108 	109 
006509 	344 	87 	76 	76 
006510 	333 	85 	91 	91 
006511 	333 	85 	91 	91 
006512 	333 	95 	91 	91 
006513 	333 	95 	91 	91 
006514 	323 	95 	91 	91 
006515 	323 	95 	91 	91 
006516 	323 	95 	91 	91 
006517 	323 	85 	91 	91 
006518 	323 	85 	91 	91 
006519 	323 	85 	91 	91 
006520 	323 	85 	91 	91 
006521 	323 	85 	91 	91 
006522 	323 	85 	91 	91 
006523 	323 	85 	91 	91 
006524 	323 	85 	91 	91 
006525 	323 	85 	91 	91 
006526 	323 	85 	91 	91 
006527 	323 	85 	91 	91 
006528 	323 	85 	91 	91 
006529 	323 	85 	91 	91 
006530 	323 	85 	91 	91 
006531 	323 	85 	91 	91 
006532 	323 	85 	91 	91 
006533 	323 	85 	91 	91 
006534 	323 	85 	91 	91 
006535 	323 	85 	91 	91 
006536 	323 	85 	91 	91 
006537 	323 	85 	91 	91 
006538 	323 	85 	91 	91 
006539 	323 	85 	91 	91 
006540 	323 	85 	91 	91 
006541 	323 	85 	91 	91 
006542 	323 	85 	91 	91 
006543 	323 	85 	91 	91 
006544 	323 	85 	91 	91 
006545 	327 	96 	76 	75 
006546 	327 	96 	76 	75 
006547 	323 	85 	91 	91 
006548 	323 	85 	91 	91 
006549 	323 	85 	91 	91 
006550 	323 	75 	91 	91 
006551 	336 	87 	75 	76 
006552 	336 	87 	75 	76 
006553 	336 	87 	75 	76 
006554 	333 	75 	91 	91 
006555 	333 	75 	91 	91 
006556 	333 	75 	91 	91 
006557 	343 	85 	91 	91 
006558 	343 	85 	91 	91 
006559 	343 	75 	91 	91 
006560 	343 	75 	91 	91 
006561 	353 	75 	91 	91 
006562 	353 	75 	91 	91 
006563 	353 	75 	91 	91 
006564 	353 	75 	91 	91 
006565 	363 	75 	91 	91 
006566 	363 	75 	91 	91 
006567 	363 	75 	91 	91 
006568 	363 	75 	91 	91 
006569 	363 	75 	91 	91 
006570 	363 	75 	91 	91 
006571 	363 	75 	91 	91 
006572 	363 	85 	91 	91 
006573 	363 	85 	91 	91 
006574 	363 	85 	91 	91 
006575 	363 	85 	91 	91 
006576 	363 	85 	91 	91 
006577 	363 	85 	91 	91 
006578 	363 	85 	91 	91 
006579 	363 	85 	91 	91 
006580 	363 	85 	91 	91 
006581 	363 	85 	91 	91 
006582 	363 	85 	91 	91 
006583 	363 	85 	91 	91 
006584 	363 	85 	91 	91 
006585 	363 	85 	91 	91 
006586 	363 	85 	91 	91 
006587 	363 	85 	91 	91 
006588 	363 	85 	91 	91 
006589 	363 	85 	91 	91 
006590 	363 	85 	91 	91 
006591 	363 	85 	91 	91 
006592 	363 	85 	91 	91 
006593 	363 	85 	91 	91 
006594 	363 	85 	91 	91 
006595 	363 	85 	91 	91 
006596 	363 	85 	91 	91 
006597 	363 	85 	91 	91 
006598 	363 	85 	91 	91 
006599 	363 	85 	91 	91 
006600 	363 	85 	91 	91 
006601 	363 	85 	91 	91 
006602 	363 	85 	91 	91 
006603 	363 	85 	91 	91 
006604 	363 	85 	91 	91 
006605 	363 	85 	91 	91 
006606 	363 	85 	91 	91 
006607 	363 	85 	91 	91 
006608 	363 	85 	91 	91 
006609 	363 	95 	91 	91 
006610 	363 	95 	91 	91 
006611 	363 	95 	91 	91 
006612 	363 	95 	91 	91 
006613 	363 	95 	91 	91 
006614 	363 	95 	91 	91 
006615 	363 	95 	91 	91 
006616 	363 	95 	91 	91 
006617 	363 	95 	91 	91 
006618 	363 	95 	91 	91 
006619 	363 	95 	91 	91 
006620 	363 	95 	91 	91 
006621 	363 	95 	91 	91 
006622 	363 	95 	91 	91 
006623 	363 	95 	91 	91 
006624 	363 	95 	91 	91 
006625 	363 	95 	91 	91 
006626 	363 	95 	91 	91 
006627 	363 	95 	91 	91 
006628 	363 	95 	91 	91 
006629 	363 	95 	91 	91 
006630 	363 	95 	91 	91 
006631 	363 	95 	91 	91 
006632 	363 	95 	91 	91 
006633 	363 	95 	91 	91 
006634 	363 	95 	91 	91 
006635 	363 	95 	91 	91 
006636 	363 	95 	91 	91 
006637 	363 	95 	91 	91 
006638 	363 	95 	91 	91 
006639 	363 	85 	91 	91 
006640 	363 	85 	91 	91 
006641 	363 	85 	91 	91 
006642 	363 	85 	91 	91 
006643 	363 	85 	91 	91 
006644 	363 	85 	91 	91 
006645 	363 	75 	91 	91 
006646 	363 	75 	91 	91 
006647 	363 	75 	91 	91 
006648 	363 	75 	91 	91 
006649 	363 	75 	91 	91 
006650 	363 	85 	91 	91 
006651 	363 	85 	91 	91 
006652 	363 	85 	91 	91 
006653 	363 	95 	91 	91 
006654 	363 	95 	91 	91 
006655 	353 	95 	91 	91 
006656 	353 	105 	91 	91 
006657 	353 	105 	91 	91 
006658 	353 	105 	91 	91 
006659 	353 	105 	91 	91 
006660 	353 	105 	91 	91 
006661 	353 	95 	91 	91 
006662 	353 	95 	91 	91 
006663 	353 	95 	91 	91 
006664 	353 	95 	91 	91 
006665 	353 	95 	91 	91 
006666 	353 	85 	91 	91 
006667 	353 	85 	91 	91 
006668 	353 	85 	91 	91 
006669 	353 	85 	91 	91 
006670 	353 	95 	91 	91 
006671 	353 	95 	91 	91 
006672 	353 	95 	91 	91 
006673 	353 	95 	91 	91 
006674 	353 	95 	91 	91 
006675 	353 	95 	91 	91 
006676 	353 	95 	91 	91 
006677 	353 	95 	91 	91 
006678 	353 	95 	91 	91 
006679 	353 	95 	91 	91 
006680 	353 	95 	91 	91 
006681 	353 	95 	91 	91 
006682 	353 	95 	91 	91 
006683 	353 	95 	91 	91 
006684 	353 	95 	91 	91 
006685 	353 	95 	91 	91 
006686 	353 	95 	91 	91 
006687 	353 	95 	91 	91 
006688 	353 	95 	91 	91 
006689 	353 	95 	91 	91 
006690 	353 	95 	91 	91 
006691 	353 	95 	91 	91 
006692 	353 	95 	91 	91 
006693 	353 	95 	91 	91 
006694 	353 	95 	91 	91 
006695 	353 	95 	91 	91 
006696 	353 	95 	91 	91 
006697 	353 	95 	91 	91 
006698 	353 	95 	91 	91 
006699 	353 	95 	91 	91 
006700 	353 	95 	91 	91 
006701 	353 	95 	91 	91 
006702 	353 	95 	91 	91 
006703 	353 	95 	91 	91 
006704 	353 	95 	91 	91 
006705 	353 	95 	91 	91 
006706 	353 	95 	91 	91 
006707 	353 	95 	91 	91 
006708 	353 	95 	91 	91 
006709 	353 	95 	91 	91 
006710 	353 	95 	91 	91 
006711 	353 	95 	91 	91 
006712 	353 	95 	91 	91 
006713 	353 	95 	91 	91 
006714 	353 	95 	91 	91 
006715 	353 	95 	91 	91 
