Identity  : 	id11149
Reference : 	dPuUe_XVELQ
Offset    : 	1
FV Conf   : 	22.092
ASD Conf  : 	8.019

FRAME 	X 	Y 	W 	H 
004583 	267 	44 	156 	156 
004584 	267 	44 	156 	156 
004585 	267 	44 	156 	156 
004586 	267 	44 	156 	156 
004587 	267 	44 	156 	156 
004588 	294 	66 	130 	130 
004589 	294 	66 	130 	130 
004590 	294 	66 	130 	130 
004591 	285 	44 	155 	156 
004592 	285 	44 	155 	156 
004593 	285 	44 	155 	156 
004594 	285 	44 	155 	156 
004595 	285 	44 	155 	156 
004596 	285 	44 	155 	156 
004597 	285 	44 	155 	156 
004598 	285 	44 	155 	156 
004599 	285 	44 	155 	156 
004600 	285 	44 	155 	156 
004601 	267 	44 	156 	156 
004602 	267 	44 	156 	156 
004603 	250 	27 	156 	156 
004604 	250 	27 	156 	156 
004605 	250 	27 	156 	156 
004606 	250 	27 	156 	156 
004607 	250 	27 	156 	156 
004608 	250 	27 	156 	156 
004609 	250 	27 	156 	156 
004610 	250 	27 	156 	156 
004611 	250 	27 	156 	156 
004612 	250 	27 	156 	156 
004613 	250 	44 	156 	156 
004614 	250 	44 	156 	156 
004615 	250 	44 	156 	156 
004616 	250 	44 	156 	156 
004617 	250 	44 	156 	156 
004618 	250 	44 	156 	156 
004619 	250 	44 	156 	156 
004620 	250 	62 	156 	155 
004621 	250 	44 	156 	156 
004622 	267 	62 	156 	155 
004623 	267 	44 	156 	156 
004624 	267 	44 	156 	156 
004625 	267 	44 	156 	156 
004626 	267 	44 	156 	156 
004627 	267 	44 	156 	156 
004628 	267 	62 	156 	155 
004629 	267 	62 	156 	155 
004630 	267 	62 	156 	155 
004631 	267 	62 	156 	155 
004632 	267 	62 	156 	155 
004633 	267 	62 	156 	155 
004634 	267 	62 	156 	155 
004635 	267 	62 	156 	155 
004636 	267 	62 	156 	155 
004637 	267 	62 	156 	155 
004638 	250 	79 	156 	156 
004639 	250 	79 	156 	156 
004640 	250 	79 	156 	156 
004641 	250 	79 	156 	156 
004642 	250 	79 	156 	156 
004643 	250 	79 	156 	156 
004644 	250 	79 	156 	156 
004645 	239 	53 	186 	187 
004646 	250 	62 	156 	155 
004647 	250 	62 	156 	155 
004648 	250 	62 	156 	155 
004649 	250 	62 	156 	155 
004650 	250 	62 	156 	155 
004651 	250 	62 	156 	155 
004652 	250 	62 	156 	155 
004653 	267 	62 	156 	155 
004654 	267 	62 	156 	155 
004655 	267 	62 	156 	155 
004656 	267 	62 	156 	155 
004657 	267 	62 	156 	155 
004658 	267 	62 	156 	155 
004659 	267 	62 	156 	155 
004660 	267 	62 	156 	155 
004661 	267 	62 	156 	155 
004662 	267 	62 	156 	155 
004663 	250 	62 	156 	155 
004664 	250 	62 	156 	155 
004665 	250 	62 	156 	155 
004666 	250 	62 	156 	155 
004667 	250 	62 	156 	155 
004668 	250 	62 	156 	155 
004669 	250 	62 	156 	155 
004670 	250 	62 	156 	155 
004671 	250 	62 	156 	155 
004672 	250 	62 	156 	155 
004673 	250 	62 	156 	155 
004674 	250 	62 	156 	155 
004675 	250 	62 	156 	155 
004676 	250 	62 	156 	155 
004677 	250 	62 	156 	155 
004678 	250 	62 	156 	155 
004679 	250 	62 	156 	155 
004680 	250 	62 	156 	155 
004681 	250 	62 	156 	155 
004682 	250 	62 	156 	155 
004683 	250 	62 	156 	155 
004684 	250 	62 	156 	155 
004685 	250 	62 	156 	155 
004686 	250 	62 	156 	155 
004687 	250 	62 	156 	155 
004688 	250 	62 	156 	155 
004689 	250 	62 	156 	155 
004690 	250 	62 	156 	155 
004691 	250 	62 	156 	155 
004692 	250 	62 	156 	155 
004693 	250 	44 	156 	156 
004694 	250 	44 	156 	156 
004695 	250 	44 	156 	156 
004696 	250 	44 	156 	156 
004697 	250 	44 	156 	156 
004698 	250 	44 	156 	156 
004699 	250 	62 	156 	155 
004700 	250 	62 	156 	155 
004701 	250 	44 	156 	156 
004702 	250 	62 	156 	155 
004703 	250 	62 	156 	155 
004704 	267 	62 	156 	155 
004705 	267 	62 	156 	155 
004706 	267 	62 	156 	155 
004707 	267 	62 	156 	155 
004708 	267 	62 	156 	155 
004709 	267 	62 	156 	155 
004710 	267 	62 	156 	155 
004711 	267 	62 	156 	155 
004712 	267 	62 	156 	155 
004713 	267 	62 	156 	155 
004714 	267 	62 	156 	155 
004715 	267 	62 	156 	155 
004716 	267 	62 	156 	155 
004717 	267 	62 	156 	155 
004718 	267 	62 	156 	155 
004719 	267 	62 	156 	155 
004720 	267 	62 	156 	155 
004721 	267 	62 	156 	155 
004722 	285 	62 	155 	155 
004723 	285 	62 	155 	155 
004724 	285 	62 	155 	155 
004725 	285 	62 	155 	155 
004726 	285 	62 	155 	155 
004727 	285 	62 	155 	155 
004728 	285 	62 	155 	155 
004729 	285 	62 	155 	155 
004730 	285 	62 	155 	155 
004731 	285 	62 	155 	155 
004732 	285 	62 	155 	155 
004733 	267 	62 	156 	155 
004734 	267 	62 	156 	155 
004735 	267 	62 	156 	155 
004736 	267 	62 	156 	155 
004737 	267 	62 	156 	155 
004738 	267 	62 	156 	155 
004739 	267 	62 	156 	155 
004740 	267 	62 	156 	155 
004741 	267 	62 	156 	155 
004742 	267 	62 	156 	155 
004743 	267 	62 	156 	155 
004744 	267 	62 	156 	155 
004745 	250 	62 	156 	155 
004746 	266 	66 	130 	130 
004747 	250 	62 	156 	155 
004748 	250 	44 	156 	156 
004749 	250 	44 	156 	156 
004750 	250 	44 	156 	156 
004751 	250 	44 	156 	156 
004752 	250 	44 	156 	156 
004753 	250 	44 	156 	156 
004754 	250 	44 	156 	156 
004755 	250 	62 	156 	155 
004756 	250 	62 	156 	155 
004757 	250 	62 	156 	155 
004758 	250 	62 	156 	155 
004759 	250 	62 	156 	155 
004760 	250 	62 	156 	155 
004761 	250 	62 	156 	155 
004762 	233 	62 	156 	155 
004763 	233 	62 	156 	155 
004764 	218 	53 	187 	187 
004765 	218 	53 	187 	187 
004766 	233 	62 	156 	155 
004767 	233 	62 	156 	155 
004768 	250 	79 	156 	156 
004769 	250 	79 	156 	156 
004770 	250 	79 	156 	156 
004771 	250 	79 	156 	156 
004772 	250 	79 	156 	156 
004773 	250 	79 	156 	156 
004774 	250 	62 	156 	155 
004775 	250 	62 	156 	155 
004776 	250 	62 	156 	155 
004777 	250 	62 	156 	155 
004778 	250 	62 	156 	155 
004779 	250 	62 	156 	155 
004780 	250 	62 	156 	155 
004781 	250 	62 	156 	155 
004782 	250 	62 	156 	155 
004783 	250 	62 	156 	155 
004784 	267 	62 	156 	155 
004785 	267 	62 	156 	155 
004786 	267 	62 	156 	155 
004787 	267 	62 	156 	155 
004788 	267 	62 	156 	155 
004789 	267 	62 	156 	155 
004790 	267 	62 	156 	155 
004791 	267 	62 	156 	155 
004792 	267 	62 	156 	155 
004793 	267 	62 	156 	155 
004794 	267 	62 	156 	155 
004795 	267 	62 	156 	155 
004796 	267 	62 	156 	155 
004797 	267 	62 	156 	155 
004798 	267 	62 	156 	155 
004799 	267 	62 	156 	155 
004800 	267 	62 	156 	155 
004801 	267 	62 	156 	155 
004802 	267 	62 	156 	155 
004803 	267 	62 	156 	155 
004804 	267 	62 	156 	155 
004805 	267 	62 	156 	155 
004806 	267 	62 	156 	155 
004807 	267 	62 	156 	155 
004808 	267 	62 	156 	155 
004809 	267 	62 	156 	155 
004810 	267 	62 	156 	155 
004811 	267 	62 	156 	155 
004812 	267 	62 	156 	155 
004813 	250 	44 	156 	156 
004814 	250 	44 	156 	156 
004815 	250 	44 	156 	156 
