Identity  : 	id10204
Reference : 	msMH5u5fCm0
Offset    : 	-4
FV Conf   : 	15.009
ASD Conf  : 	6.918

FRAME 	X 	Y 	W 	H 
000432 	173 	102 	109 	109 
000433 	173 	102 	109 	109 
000434 	173 	102 	109 	109 
000435 	173 	102 	109 	109 
000436 	173 	102 	109 	109 
000437 	173 	102 	109 	109 
000438 	173 	102 	109 	109 
000439 	173 	102 	109 	109 
000440 	173 	102 	109 	109 
000441 	173 	102 	109 	109 
000442 	173 	102 	109 	109 
000443 	173 	102 	109 	109 
000444 	173 	102 	109 	109 
000445 	173 	102 	109 	109 
000446 	173 	114 	109 	109 
000447 	173 	114 	109 	109 
000448 	173 	114 	109 	109 
000449 	173 	114 	109 	109 
000450 	173 	114 	109 	109 
000451 	173 	114 	109 	109 
000452 	173 	114 	109 	109 
000453 	173 	114 	109 	109 
000454 	173 	114 	109 	109 
000455 	173 	114 	109 	109 
000456 	173 	114 	109 	109 
000457 	173 	114 	109 	109 
000458 	173 	114 	109 	109 
000459 	173 	114 	109 	109 
000460 	173 	114 	109 	109 
000461 	173 	114 	109 	109 
000462 	173 	114 	109 	109 
000463 	173 	114 	109 	109 
000464 	173 	114 	109 	109 
000465 	165 	109 	130 	130 
000466 	173 	114 	109 	109 
000467 	165 	109 	130 	130 
000468 	173 	114 	109 	109 
000469 	173 	114 	109 	109 
000470 	173 	114 	109 	109 
000471 	173 	114 	109 	109 
000472 	173 	114 	109 	109 
000473 	173 	114 	109 	109 
000474 	165 	109 	130 	130 
000475 	173 	126 	109 	109 
000476 	173 	126 	109 	109 
000477 	165 	123 	130 	130 
000478 	165 	123 	130 	130 
000479 	185 	126 	109 	109 
000480 	185 	126 	109 	109 
000481 	180 	123 	130 	130 
000482 	197 	126 	109 	109 
000483 	197 	126 	109 	109 
000484 	197 	126 	109 	109 
000485 	197 	126 	109 	109 
000486 	197 	126 	109 	109 
000487 	209 	126 	109 	109 
000488 	209 	126 	109 	109 
000489 	209 	126 	109 	109 
000490 	209 	126 	109 	109 
000491 	209 	126 	109 	109 
000492 	194 	109 	130 	130 
000493 	194 	109 	130 	130 
000494 	197 	114 	109 	109 
000495 	197 	114 	109 	109 
000496 	180 	109 	130 	130 
000497 	185 	126 	109 	109 
000498 	185 	126 	109 	109 
000499 	185 	126 	109 	109 
000500 	185 	126 	109 	109 
000501 	185 	126 	109 	109 
000502 	185 	126 	109 	109 
000503 	185 	126 	109 	109 
000504 	180 	109 	130 	130 
000505 	180 	109 	130 	130 
000506 	180 	109 	130 	130 
000507 	197 	114 	109 	109 
000508 	197 	114 	109 	109 
000509 	197 	114 	109 	109 
000510 	197 	126 	109 	109 
000511 	197 	126 	109 	109 
000512 	197 	114 	109 	109 
000513 	197 	114 	109 	109 
000514 	197 	114 	109 	109 
000515 	197 	114 	109 	109 
000516 	197 	114 	109 	109 
000517 	197 	114 	109 	109 
000518 	197 	114 	109 	109 
000519 	197 	114 	109 	109 
000520 	197 	114 	109 	109 
000521 	209 	114 	109 	109 
000522 	209 	114 	109 	109 
000523 	209 	114 	109 	109 
000524 	197 	114 	109 	109 
000525 	197 	114 	109 	109 
000526 	180 	109 	130 	130 
000527 	185 	114 	109 	109 
000528 	185 	126 	109 	109 
000529 	185 	114 	109 	109 
000530 	185 	114 	109 	109 
000531 	185 	114 	109 	109 
000532 	185 	114 	109 	109 
000533 	185 	114 	109 	109 
000534 	185 	114 	109 	109 
000535 	185 	114 	109 	109 
000536 	185 	114 	109 	109 
000537 	185 	114 	109 	109 
000538 	185 	114 	109 	109 
000539 	185 	114 	109 	109 
000540 	185 	114 	109 	109 
000541 	180 	109 	130 	130 
000542 	180 	109 	130 	130 
000543 	180 	109 	130 	130 
000544 	180 	109 	130 	130 
000545 	185 	126 	109 	109 
000546 	185 	126 	109 	109 
