Identity  : 	id10663
Reference : 	gAEvH3h0iTU
Offset    : 	4
FV Conf   : 	17.526
ASD Conf  : 	5.955

FRAME 	X 	Y 	W 	H 
000988 	120 	87 	76 	76 
000989 	120 	87 	76 	76 
000990 	120 	87 	76 	76 
000991 	120 	87 	76 	76 
000992 	120 	87 	76 	76 
000993 	114 	75 	91 	91 
000994 	120 	87 	76 	76 
000995 	120 	87 	76 	76 
000996 	120 	87 	76 	76 
000997 	120 	87 	76 	76 
000998 	120 	87 	76 	76 
000999 	120 	79 	76 	76 
001000 	124 	75 	91 	91 
001001 	128 	79 	76 	76 
001002 	128 	79 	76 	76 
001003 	128 	79 	76 	76 
001004 	128 	79 	76 	76 
001005 	128 	79 	76 	76 
001006 	124 	75 	91 	91 
001007 	128 	79 	76 	76 
001008 	128 	79 	76 	76 
001009 	128 	79 	76 	76 
001010 	128 	79 	76 	76 
001011 	128 	79 	76 	76 
001012 	128 	79 	76 	76 
001013 	120 	79 	76 	76 
001014 	120 	79 	76 	76 
001015 	120 	79 	76 	76 
001016 	120 	79 	76 	76 
001017 	120 	79 	76 	76 
001018 	120 	79 	76 	76 
001019 	120 	79 	76 	76 
001020 	120 	79 	76 	76 
001021 	120 	79 	76 	76 
001022 	120 	79 	76 	76 
001023 	120 	79 	76 	76 
001024 	120 	79 	76 	76 
001025 	120 	79 	76 	76 
001026 	120 	79 	76 	76 
001027 	120 	79 	76 	76 
001028 	120 	79 	76 	76 
001029 	128 	79 	76 	76 
001030 	124 	75 	91 	91 
001031 	128 	79 	76 	76 
001032 	128 	79 	76 	76 
001033 	128 	79 	76 	76 
001034 	128 	79 	76 	76 
001035 	128 	79 	76 	76 
001036 	120 	79 	76 	76 
001037 	120 	79 	76 	76 
001038 	120 	79 	76 	76 
001039 	120 	79 	76 	76 
001040 	120 	79 	76 	76 
001041 	120 	79 	76 	76 
001042 	120 	79 	76 	76 
001043 	120 	79 	76 	76 
001044 	120 	79 	76 	76 
001045 	120 	79 	76 	76 
001046 	120 	79 	76 	76 
001047 	120 	79 	76 	76 
001048 	120 	79 	76 	76 
001049 	120 	79 	76 	76 
001050 	120 	79 	76 	76 
001051 	120 	79 	76 	76 
001052 	120 	79 	76 	76 
001053 	120 	79 	76 	76 
001054 	120 	79 	76 	76 
001055 	120 	79 	76 	76 
001056 	112 	79 	75 	76 
001057 	112 	79 	75 	76 
001058 	112 	79 	75 	76 
001059 	112 	79 	75 	76 
001060 	112 	79 	75 	76 
001061 	112 	79 	75 	76 
001062 	112 	79 	75 	76 
001063 	112 	79 	75 	76 
001064 	112 	79 	75 	76 
001065 	112 	79 	75 	76 
001066 	112 	79 	75 	76 
001067 	112 	79 	75 	76 
001068 	112 	79 	75 	76 
001069 	112 	79 	75 	76 
001070 	112 	79 	75 	76 
001071 	112 	79 	75 	76 
001072 	120 	79 	76 	76 
001073 	120 	79 	76 	76 
001074 	120 	79 	76 	76 
001075 	120 	87 	76 	76 
001076 	120 	87 	76 	76 
001077 	120 	87 	76 	76 
001078 	120 	87 	76 	76 
001079 	120 	87 	76 	76 
001080 	120 	87 	76 	76 
001081 	120 	87 	76 	76 
001082 	120 	87 	76 	76 
001083 	120 	87 	76 	76 
001084 	120 	87 	76 	76 
001085 	120 	87 	76 	76 
001086 	114 	75 	91 	91 
001087 	114 	75 	91 	91 
001088 	120 	79 	76 	76 
001089 	120 	79 	76 	76 
001090 	120 	79 	76 	76 
001091 	112 	79 	75 	76 
001092 	112 	79 	75 	76 
001093 	112 	79 	75 	76 
001094 	112 	79 	75 	76 
001095 	112 	79 	75 	76 
001096 	112 	79 	75 	76 
