Identity  : 	id10190
Reference : 	_2WqRsc6Bz0
Offset    : 	-1
FV Conf   : 	27.868
ASD Conf  : 	6.612

FRAME 	X 	Y 	W 	H 
003616 	300 	66 	63 	63 
003617 	294 	54 	76 	76 
003618 	307 	66 	63 	63 
003619 	307 	66 	63 	63 
003620 	307 	66 	63 	63 
003621 	303 	62 	75 	76 
003622 	314 	66 	63 	63 
003623 	311 	62 	75 	76 
003624 	311 	62 	75 	76 
003625 	311 	62 	75 	76 
003626 	311 	62 	75 	76 
003627 	319 	62 	76 	76 
003628 	319 	62 	76 	76 
003629 	319 	62 	76 	76 
003630 	319 	62 	76 	76 
003631 	319 	62 	76 	76 
003632 	319 	71 	76 	75 
003633 	311 	71 	75 	75 
003634 	311 	71 	75 	75 
003635 	311 	71 	75 	75 
003636 	311 	71 	75 	75 
003637 	311 	71 	75 	75 
003638 	311 	71 	75 	75 
003639 	311 	71 	75 	75 
003640 	311 	71 	75 	75 
003641 	311 	71 	75 	75 
003642 	311 	71 	75 	75 
003643 	314 	80 	63 	63 
003644 	314 	80 	63 	63 
003645 	303 	71 	75 	75 
003646 	303 	71 	75 	75 
003647 	303 	71 	75 	75 
003648 	303 	71 	75 	75 
003649 	303 	71 	75 	75 
003650 	311 	62 	75 	76 
003651 	311 	62 	75 	76 
003652 	311 	62 	75 	76 
003653 	311 	62 	75 	76 
003654 	311 	62 	75 	76 
003655 	311 	62 	75 	76 
003656 	311 	62 	75 	76 
003657 	311 	62 	75 	76 
003658 	311 	62 	75 	76 
003659 	311 	62 	75 	76 
003660 	311 	62 	75 	76 
003661 	311 	62 	75 	76 
003662 	311 	62 	75 	76 
003663 	311 	62 	75 	76 
003664 	311 	62 	75 	76 
003665 	311 	62 	75 	76 
003666 	311 	62 	75 	76 
003667 	311 	62 	75 	76 
003668 	311 	62 	75 	76 
003669 	311 	71 	75 	75 
003670 	311 	71 	75 	75 
003671 	311 	71 	75 	75 
003672 	319 	71 	76 	75 
003673 	319 	71 	76 	75 
003674 	319 	71 	76 	75 
003675 	311 	71 	75 	75 
003676 	311 	71 	75 	75 
003677 	311 	71 	75 	75 
003678 	311 	71 	75 	75 
003679 	311 	71 	75 	75 
003680 	311 	71 	75 	75 
003681 	311 	71 	75 	75 
003682 	311 	71 	75 	75 
003683 	311 	71 	75 	75 
003684 	311 	71 	75 	75 
003685 	311 	71 	75 	75 
003686 	311 	71 	75 	75 
003687 	311 	71 	75 	75 
003688 	311 	71 	75 	75 
003689 	311 	71 	75 	75 
003690 	311 	71 	75 	75 
003691 	311 	71 	75 	75 
003692 	311 	71 	75 	75 
003693 	314 	73 	63 	63 
003694 	303 	62 	75 	76 
003695 	303 	62 	75 	76 
003696 	303 	62 	75 	76 
003697 	307 	66 	63 	63 
003698 	303 	62 	75 	76 
003699 	303 	62 	75 	76 
003700 	303 	62 	75 	76 
003701 	303 	62 	75 	76 
003702 	294 	62 	76 	76 
003703 	294 	62 	76 	76 
003704 	294 	62 	76 	76 
003705 	294 	62 	76 	76 
003706 	294 	62 	76 	76 
003707 	294 	62 	76 	76 
003708 	294 	62 	76 	76 
003709 	307 	66 	63 	63 
003710 	303 	54 	75 	76 
003711 	307 	59 	63 	63 
003712 	294 	54 	76 	76 
003713 	294 	54 	76 	76 
003714 	294 	54 	76 	76 
003715 	294 	54 	76 	76 
003716 	294 	54 	76 	76 
003717 	300 	66 	63 	63 
003718 	300 	66 	63 	63 
003719 	294 	62 	76 	76 
003720 	294 	62 	76 	76 
003721 	294 	62 	76 	76 
003722 	294 	62 	76 	76 
003723 	294 	62 	76 	76 
003724 	294 	62 	76 	76 
003725 	294 	62 	76 	76 
003726 	294 	62 	76 	76 
003727 	303 	62 	75 	76 
003728 	303 	62 	75 	76 
003729 	303 	62 	75 	76 
003730 	303 	62 	75 	76 
003731 	303 	62 	75 	76 
003732 	303 	62 	75 	76 
003733 	303 	62 	75 	76 
003734 	303 	62 	75 	76 
003735 	311 	62 	75 	76 
003736 	311 	62 	75 	76 
003737 	311 	62 	75 	76 
