Identity  : 	id10484
Reference : 	qBrXmKPpFYY
Offset    : 	-2
FV Conf   : 	16.960
ASD Conf  : 	7.093

FRAME 	X 	Y 	W 	H 
005459 	208 	80 	130 	130 
005460 	208 	80 	130 	130 
005461 	208 	80 	130 	130 
005462 	194 	66 	130 	130 
005463 	194 	80 	130 	130 
005464 	194 	66 	130 	130 
005465 	194 	80 	130 	130 
005466 	194 	80 	130 	130 
005467 	194 	80 	130 	130 
005468 	194 	80 	130 	130 
005469 	194 	80 	130 	130 
005470 	194 	80 	130 	130 
005471 	194 	80 	130 	130 
005472 	194 	80 	130 	130 
005473 	194 	80 	130 	130 
005474 	194 	80 	130 	130 
005475 	194 	80 	130 	130 
005476 	194 	80 	130 	130 
005477 	194 	66 	130 	130 
005478 	208 	66 	130 	130 
005479 	208 	66 	130 	130 
005480 	208 	66 	130 	130 
005481 	208 	80 	130 	130 
005482 	208 	80 	130 	130 
005483 	208 	66 	130 	130 
005484 	208 	66 	130 	130 
005485 	199 	62 	155 	155 
005486 	199 	62 	155 	155 
005487 	199 	62 	155 	155 
005488 	208 	80 	130 	130 
005489 	208 	66 	130 	130 
005490 	208 	66 	130 	130 
005491 	208 	66 	130 	130 
005492 	208 	66 	130 	130 
005493 	208 	66 	130 	130 
005494 	194 	66 	130 	130 
005495 	194 	66 	130 	130 
005496 	194 	66 	130 	130 
005497 	194 	66 	130 	130 
005498 	194 	66 	130 	130 
005499 	194 	66 	130 	130 
005500 	194 	66 	130 	130 
005501 	194 	66 	130 	130 
005502 	194 	66 	130 	130 
005503 	194 	66 	130 	130 
005504 	194 	66 	130 	130 
005505 	194 	66 	130 	130 
005506 	194 	66 	130 	130 
005507 	194 	66 	130 	130 
005508 	194 	66 	130 	130 
005509 	194 	66 	130 	130 
005510 	194 	66 	130 	130 
005511 	194 	66 	130 	130 
005512 	194 	66 	130 	130 
005513 	194 	66 	130 	130 
005514 	194 	66 	130 	130 
005515 	194 	66 	130 	130 
005516 	194 	66 	130 	130 
005517 	194 	66 	130 	130 
005518 	194 	66 	130 	130 
005519 	194 	66 	130 	130 
005520 	194 	66 	130 	130 
005521 	194 	66 	130 	130 
005522 	194 	66 	130 	130 
005523 	194 	66 	130 	130 
005524 	194 	66 	130 	130 
005525 	194 	66 	130 	130 
005526 	194 	66 	130 	130 
005527 	194 	66 	130 	130 
005528 	194 	66 	130 	130 
005529 	194 	66 	130 	130 
005530 	208 	66 	130 	130 
005531 	208 	66 	130 	130 
005532 	208 	66 	130 	130 
005533 	208 	66 	130 	130 
005534 	208 	66 	130 	130 
005535 	208 	66 	130 	130 
005536 	208 	66 	130 	130 
005537 	208 	66 	130 	130 
005538 	208 	66 	130 	130 
005539 	208 	66 	130 	130 
005540 	208 	66 	130 	130 
005541 	208 	66 	130 	130 
005542 	208 	66 	130 	130 
005543 	208 	66 	130 	130 
005544 	208 	66 	130 	130 
005545 	208 	66 	130 	130 
005546 	208 	66 	130 	130 
005547 	208 	66 	130 	130 
005548 	208 	66 	130 	130 
005549 	208 	66 	130 	130 
005550 	208 	66 	130 	130 
005551 	208 	66 	130 	130 
005552 	208 	66 	130 	130 
005553 	208 	66 	130 	130 
005554 	208 	66 	130 	130 
005555 	208 	66 	130 	130 
005556 	208 	66 	130 	130 
005557 	208 	66 	130 	130 
005558 	208 	66 	130 	130 
005559 	208 	66 	130 	130 
005560 	208 	66 	130 	130 
005561 	208 	66 	130 	130 
005562 	208 	66 	130 	130 
005563 	208 	66 	130 	130 
005564 	208 	66 	130 	130 
005565 	208 	66 	130 	130 
005566 	208 	66 	130 	130 
005567 	208 	66 	130 	130 
005568 	208 	66 	130 	130 
005569 	208 	66 	130 	130 
005570 	208 	66 	130 	130 
005571 	208 	66 	130 	130 
005572 	208 	66 	130 	130 
005573 	208 	66 	130 	130 
005574 	208 	66 	130 	130 
005575 	208 	66 	130 	130 
005576 	208 	66 	130 	130 
005577 	223 	66 	130 	130 
005578 	223 	66 	130 	130 
005579 	223 	66 	130 	130 
005580 	223 	66 	130 	130 
005581 	223 	66 	130 	130 
005582 	223 	66 	130 	130 
005583 	208 	66 	130 	130 
005584 	208 	66 	130 	130 
005585 	208 	66 	130 	130 
005586 	208 	66 	130 	130 
005587 	208 	66 	130 	130 
005588 	208 	66 	130 	130 
005589 	208 	66 	130 	130 
005590 	208 	66 	130 	130 
005591 	208 	66 	130 	130 
005592 	208 	66 	130 	130 
005593 	208 	66 	130 	130 
005594 	208 	66 	130 	130 
005595 	208 	66 	130 	130 
005596 	208 	66 	130 	130 
005597 	208 	66 	130 	130 
005598 	208 	66 	130 	130 
005599 	208 	66 	130 	130 
005600 	208 	66 	130 	130 
005601 	208 	66 	130 	130 
005602 	208 	66 	130 	130 
005603 	208 	66 	130 	130 
005604 	208 	66 	130 	130 
005605 	208 	66 	130 	130 
005606 	208 	66 	130 	130 
005607 	208 	66 	130 	130 
005608 	208 	66 	130 	130 
005609 	208 	66 	130 	130 
005610 	208 	66 	130 	130 
005611 	208 	66 	130 	130 
005612 	208 	66 	130 	130 
005613 	208 	66 	130 	130 
005614 	208 	66 	130 	130 
005615 	208 	66 	130 	130 
005616 	208 	66 	130 	130 
005617 	208 	66 	130 	130 
005618 	208 	66 	130 	130 
005619 	208 	66 	130 	130 
005620 	194 	66 	130 	130 
005621 	194 	66 	130 	130 
005622 	194 	66 	130 	130 
005623 	194 	66 	130 	130 
005624 	194 	66 	130 	130 
005625 	194 	66 	130 	130 
005626 	194 	66 	130 	130 
005627 	194 	66 	130 	130 
005628 	194 	66 	130 	130 
005629 	194 	66 	130 	130 
005630 	194 	66 	130 	130 
005631 	208 	66 	130 	130 
005632 	208 	66 	130 	130 
005633 	208 	66 	130 	130 
005634 	208 	66 	130 	130 
005635 	208 	66 	130 	130 
005636 	208 	66 	130 	130 
005637 	208 	66 	130 	130 
005638 	208 	66 	130 	130 
005639 	208 	66 	130 	130 
005640 	208 	66 	130 	130 
005641 	208 	66 	130 	130 
005642 	208 	66 	130 	130 
005643 	208 	66 	130 	130 
005644 	208 	66 	130 	130 
005645 	208 	66 	130 	130 
005646 	194 	66 	130 	130 
005647 	194 	66 	130 	130 
005648 	194 	66 	130 	130 
005649 	194 	66 	130 	130 
005650 	194 	66 	130 	130 
005651 	194 	66 	130 	130 
005652 	194 	66 	130 	130 
005653 	194 	66 	130 	130 
005654 	194 	66 	130 	130 
005655 	194 	66 	130 	130 
005656 	194 	66 	130 	130 
005657 	194 	66 	130 	130 
005658 	194 	66 	130 	130 
