Identity  : 	id10484
Reference : 	qBrXmKPpFYY
Offset    : 	-2
FV Conf   : 	15.615
ASD Conf  : 	6.842

FRAME 	X 	Y 	W 	H 
014055 	180 	80 	130 	130 
014056 	180 	80 	130 	130 
014057 	180 	80 	130 	130 
014058 	180 	80 	130 	130 
014059 	180 	80 	130 	130 
014060 	180 	80 	130 	130 
014061 	180 	80 	130 	130 
014062 	185 	102 	109 	109 
014063 	165 	80 	130 	130 
014064 	165 	80 	130 	130 
014065 	165 	80 	130 	130 
014066 	165 	80 	130 	130 
014067 	165 	80 	130 	130 
014068 	165 	80 	130 	130 
014069 	165 	80 	130 	130 
014070 	165 	80 	130 	130 
014071 	165 	80 	130 	130 
014072 	165 	80 	130 	130 
014073 	165 	80 	130 	130 
014074 	165 	80 	130 	130 
014075 	165 	80 	130 	130 
014076 	165 	80 	130 	130 
014077 	165 	80 	130 	130 
014078 	180 	80 	130 	130 
014079 	180 	80 	130 	130 
014080 	180 	80 	130 	130 
014081 	194 	80 	130 	130 
014082 	194 	80 	130 	130 
014083 	194 	80 	130 	130 
014084 	194 	80 	130 	130 
014085 	194 	80 	130 	130 
014086 	194 	80 	130 	130 
014087 	194 	80 	130 	130 
014088 	194 	80 	130 	130 
014089 	194 	80 	130 	130 
014090 	194 	80 	130 	130 
014091 	180 	80 	130 	130 
014092 	180 	80 	130 	130 
014093 	180 	80 	130 	130 
014094 	180 	80 	130 	130 
014095 	180 	80 	130 	130 
014096 	180 	80 	130 	130 
014097 	180 	80 	130 	130 
014098 	180 	80 	130 	130 
014099 	180 	80 	130 	130 
014100 	180 	80 	130 	130 
014101 	165 	80 	130 	130 
014102 	165 	80 	130 	130 
014103 	165 	80 	130 	130 
014104 	165 	80 	130 	130 
014105 	165 	80 	130 	130 
014106 	165 	80 	130 	130 
014107 	165 	80 	130 	130 
014108 	165 	80 	130 	130 
014109 	165 	80 	130 	130 
014110 	165 	80 	130 	130 
014111 	165 	80 	130 	130 
014112 	165 	80 	130 	130 
014113 	165 	80 	130 	130 
014114 	165 	80 	130 	130 
014115 	151 	80 	130 	130 
014116 	151 	80 	130 	130 
014117 	151 	80 	130 	130 
014118 	151 	80 	130 	130 
014119 	151 	80 	130 	130 
014120 	151 	80 	130 	130 
014121 	151 	80 	130 	130 
014122 	151 	80 	130 	130 
014123 	151 	80 	130 	130 
014124 	151 	80 	130 	130 
014125 	151 	80 	130 	130 
014126 	151 	80 	130 	130 
014127 	151 	80 	130 	130 
014128 	151 	80 	130 	130 
014129 	151 	80 	130 	130 
014130 	151 	80 	130 	130 
014131 	151 	80 	130 	130 
014132 	151 	80 	130 	130 
014133 	165 	80 	130 	130 
014134 	165 	80 	130 	130 
014135 	165 	80 	130 	130 
014136 	165 	80 	130 	130 
014137 	165 	80 	130 	130 
014138 	165 	80 	130 	130 
014139 	165 	80 	130 	130 
014140 	165 	80 	130 	130 
014141 	165 	80 	130 	130 
014142 	180 	80 	130 	130 
014143 	180 	80 	130 	130 
014144 	180 	80 	130 	130 
014145 	180 	80 	130 	130 
014146 	197 	90 	109 	109 
014147 	194 	66 	130 	130 
014148 	194 	66 	130 	130 
014149 	194 	66 	130 	130 
014150 	194 	66 	130 	130 
014151 	194 	66 	130 	130 
014152 	194 	66 	130 	130 
014153 	194 	66 	130 	130 
014154 	194 	66 	130 	130 
014155 	180 	80 	130 	130 
014156 	180 	80 	130 	130 
014157 	180 	80 	130 	130 
014158 	180 	80 	130 	130 
014159 	180 	66 	130 	130 
014160 	180 	66 	130 	130 
014161 	180 	80 	130 	130 
014162 	180 	80 	130 	130 
014163 	180 	66 	130 	130 
014164 	194 	66 	130 	130 
014165 	180 	80 	130 	130 
014166 	180 	66 	130 	130 
014167 	180 	80 	130 	130 
014168 	180 	80 	130 	130 
014169 	180 	66 	130 	130 
014170 	180 	66 	130 	130 
014171 	180 	80 	130 	130 
