Identity  : 	id10016
Reference : 	5xGJYiNH2Jw
Offset    : 	-2
FV Conf   : 	16.019
ASD Conf  : 	8.343

FRAME 	X 	Y 	W 	H 
002641 	197 	102 	109 	109 
002642 	194 	94 	130 	130 
002643 	197 	114 	109 	109 
002644 	180 	109 	130 	130 
002645 	180 	109 	130 	130 
002646 	165 	109 	130 	130 
002647 	165 	109 	130 	130 
002648 	165 	109 	130 	130 
002649 	173 	126 	109 	109 
002650 	173 	126 	109 	109 
002651 	173 	126 	109 	109 
002652 	161 	126 	109 	109 
002653 	161 	126 	109 	109 
002654 	161 	126 	109 	109 
002655 	161 	126 	109 	109 
002656 	161 	126 	109 	109 
002657 	161 	126 	109 	109 
002658 	161 	126 	109 	109 
002659 	161 	126 	109 	109 
002660 	161 	126 	109 	109 
002661 	161 	126 	109 	109 
002662 	161 	126 	109 	109 
002663 	161 	126 	109 	109 
002664 	161 	126 	109 	109 
002665 	161 	126 	109 	109 
002666 	161 	126 	109 	109 
002667 	161 	126 	109 	109 
002668 	161 	126 	109 	109 
002669 	161 	126 	109 	109 
002670 	161 	126 	109 	109 
002671 	161 	126 	109 	109 
002672 	161 	126 	109 	109 
002673 	161 	126 	109 	109 
002674 	161 	126 	109 	109 
002675 	161 	126 	109 	109 
002676 	161 	126 	109 	109 
002677 	161 	126 	109 	109 
002678 	161 	126 	109 	109 
002679 	161 	126 	109 	109 
002680 	161 	126 	109 	109 
002681 	161 	126 	109 	109 
002682 	161 	126 	109 	109 
002683 	161 	126 	109 	109 
002684 	161 	126 	109 	109 
002685 	161 	126 	109 	109 
002686 	161 	126 	109 	109 
002687 	161 	126 	109 	109 
002688 	161 	126 	109 	109 
002689 	161 	126 	109 	109 
002690 	161 	126 	109 	109 
002691 	161 	126 	109 	109 
002692 	161 	126 	109 	109 
002693 	173 	126 	109 	109 
002694 	173 	126 	109 	109 
002695 	161 	126 	109 	109 
002696 	173 	126 	109 	109 
002697 	161 	126 	109 	109 
002698 	161 	126 	109 	109 
002699 	161 	126 	109 	109 
002700 	173 	126 	109 	109 
002701 	173 	126 	109 	109 
002702 	173 	126 	109 	109 
002703 	173 	126 	109 	109 
002704 	173 	126 	109 	109 
002705 	161 	126 	109 	109 
002706 	161 	126 	109 	109 
002707 	161 	126 	109 	109 
002708 	161 	126 	109 	109 
002709 	173 	126 	109 	109 
002710 	173 	126 	109 	109 
002711 	161 	126 	109 	109 
002712 	161 	126 	109 	109 
002713 	161 	126 	109 	109 
002714 	161 	126 	109 	109 
002715 	161 	126 	109 	109 
002716 	161 	126 	109 	109 
002717 	173 	126 	109 	109 
002718 	173 	126 	109 	109 
002719 	173 	126 	109 	109 
002720 	173 	126 	109 	109 
002721 	173 	126 	109 	109 
002722 	173 	126 	109 	109 
002723 	173 	126 	109 	109 
002724 	161 	126 	109 	109 
002725 	161 	126 	109 	109 
002726 	161 	126 	109 	109 
002727 	173 	126 	109 	109 
002728 	173 	126 	109 	109 
002729 	173 	126 	109 	109 
002730 	165 	109 	130 	130 
002731 	173 	126 	109 	109 
002732 	165 	109 	130 	130 
002733 	165 	109 	130 	130 
002734 	161 	126 	109 	109 
002735 	151 	109 	130 	130 
002736 	151 	109 	130 	130 
002737 	161 	114 	109 	109 
002738 	161 	114 	109 	109 
002739 	173 	114 	109 	109 
002740 	173 	114 	109 	109 
002741 	173 	114 	109 	109 
002742 	173 	114 	109 	109 
002743 	173 	114 	109 	109 
002744 	173 	114 	109 	109 
002745 	173 	114 	109 	109 
002746 	173 	114 	109 	109 
002747 	173 	114 	109 	109 
002748 	173 	114 	109 	109 
002749 	173 	114 	109 	109 
002750 	173 	114 	109 	109 
002751 	173 	114 	109 	109 
002752 	173 	114 	109 	109 
002753 	173 	114 	109 	109 
002754 	173 	114 	109 	109 
002755 	173 	114 	109 	109 
002756 	173 	114 	109 	109 
002757 	173 	114 	109 	109 
002758 	173 	114 	109 	109 
002759 	173 	114 	109 	109 
002760 	173 	114 	109 	109 
