Identity  : 	id10016
Reference : 	5xGJYiNH2Jw
Offset    : 	-2
FV Conf   : 	13.702
ASD Conf  : 	6.364

FRAME 	X 	Y 	W 	H 
004520 	138 	102 	108 	109 
004521 	138 	102 	108 	109 
004522 	138 	102 	108 	109 
004523 	138 	102 	108 	109 
004524 	138 	102 	108 	109 
004525 	138 	102 	108 	109 
004526 	138 	102 	108 	109 
004527 	138 	102 	108 	109 
004528 	138 	102 	108 	109 
004529 	144 	115 	91 	91 
004530 	138 	114 	108 	109 
004531 	138 	114 	108 	109 
004532 	138 	114 	108 	109 
004533 	138 	114 	108 	109 
004534 	138 	114 	108 	109 
004535 	138 	114 	108 	109 
004536 	138 	114 	108 	109 
004537 	150 	126 	108 	109 
004538 	150 	126 	108 	109 
004539 	150 	126 	108 	109 
004540 	150 	126 	108 	109 
004541 	150 	126 	108 	109 
004542 	150 	126 	108 	109 
004543 	150 	126 	108 	109 
004544 	150 	126 	108 	109 
004545 	150 	126 	108 	109 
004546 	138 	126 	108 	109 
004547 	138 	126 	108 	109 
004548 	138 	126 	108 	109 
004549 	138 	126 	108 	109 
004550 	138 	126 	108 	109 
004551 	138 	126 	108 	109 
004552 	138 	126 	108 	109 
004553 	138 	126 	108 	109 
004554 	138 	126 	108 	109 
004555 	138 	138 	108 	109 
004556 	138 	138 	108 	109 
004557 	138 	138 	108 	109 
004558 	138 	138 	108 	109 
004559 	138 	138 	108 	109 
004560 	138 	138 	108 	109 
004561 	138 	138 	108 	109 
004562 	138 	138 	108 	109 
004563 	138 	138 	108 	109 
004564 	138 	138 	108 	109 
004565 	138 	138 	108 	109 
004566 	138 	138 	108 	109 
004567 	138 	138 	108 	109 
004568 	138 	138 	108 	109 
004569 	138 	138 	108 	109 
004570 	138 	138 	108 	109 
004571 	138 	138 	108 	109 
004572 	138 	138 	108 	109 
004573 	138 	138 	108 	109 
004574 	138 	138 	108 	109 
004575 	138 	138 	108 	109 
004576 	138 	138 	108 	109 
004577 	138 	138 	108 	109 
004578 	138 	138 	108 	109 
004579 	138 	138 	108 	109 
004580 	138 	138 	108 	109 
004581 	138 	138 	108 	109 
004582 	138 	138 	108 	109 
004583 	138 	138 	108 	109 
004584 	138 	138 	108 	109 
004585 	138 	138 	108 	109 
004586 	138 	138 	108 	109 
004587 	138 	138 	108 	109 
004588 	138 	138 	108 	109 
004589 	138 	138 	108 	109 
004590 	138 	138 	108 	109 
004591 	138 	138 	108 	109 
004592 	138 	138 	108 	109 
004593 	138 	138 	108 	109 
004594 	138 	138 	108 	109 
004595 	138 	138 	108 	109 
004596 	138 	138 	108 	109 
004597 	138 	138 	108 	109 
004598 	138 	138 	108 	109 
004599 	138 	138 	108 	109 
004600 	138 	138 	108 	109 
004601 	138 	138 	108 	109 
004602 	138 	138 	108 	109 
004603 	138 	138 	108 	109 
004604 	138 	138 	108 	109 
004605 	138 	138 	108 	109 
004606 	138 	138 	108 	109 
004607 	138 	138 	108 	109 
004608 	138 	138 	108 	109 
004609 	138 	138 	108 	109 
004610 	138 	138 	108 	109 
004611 	138 	138 	108 	109 
004612 	138 	138 	108 	109 
004613 	138 	138 	108 	109 
004614 	138 	138 	108 	109 
004615 	138 	138 	108 	109 
004616 	138 	138 	108 	109 
004617 	138 	138 	108 	109 
004618 	138 	138 	108 	109 
004619 	138 	138 	108 	109 
004620 	138 	138 	108 	109 
004621 	150 	126 	108 	109 
004622 	150 	126 	108 	109 
004623 	164 	135 	91 	90 
004624 	154 	135 	91 	90 
004625 	154 	135 	91 	90 
004626 	161 	126 	109 	109 
004627 	161 	126 	109 	109 
004628 	154 	135 	91 	90 
004629 	154 	135 	91 	90 
004630 	154 	135 	91 	90 
004631 	154 	135 	91 	90 
004632 	154 	135 	91 	90 
004633 	154 	135 	91 	90 
004634 	154 	135 	91 	90 
004635 	154 	135 	91 	90 
004636 	154 	135 	91 	90 
004637 	154 	135 	91 	90 
004638 	154 	135 	91 	90 
004639 	154 	135 	91 	90 
004640 	154 	135 	91 	90 
004641 	154 	135 	91 	90 
004642 	154 	135 	91 	90 
004643 	154 	135 	91 	90 
004644 	154 	135 	91 	90 
004645 	154 	135 	91 	90 
