Identity  : 	id10016
Reference : 	5xGJYiNH2Jw
Offset    : 	-2
FV Conf   : 	13.702
ASD Conf  : 	7.862

FRAME 	X 	Y 	W 	H 
004670 	154 	135 	91 	90 
004671 	154 	135 	91 	90 
004672 	154 	135 	91 	90 
004673 	154 	135 	91 	90 
004674 	154 	135 	91 	90 
004675 	154 	135 	91 	90 
004676 	154 	135 	91 	90 
004677 	154 	135 	91 	90 
004678 	154 	135 	91 	90 
004679 	154 	135 	91 	90 
004680 	154 	135 	91 	90 
004681 	154 	135 	91 	90 
004682 	154 	135 	91 	90 
004683 	154 	135 	91 	90 
004684 	154 	135 	91 	90 
004685 	154 	135 	91 	90 
004686 	154 	135 	91 	90 
004687 	164 	135 	91 	90 
004688 	164 	135 	91 	90 
004689 	161 	126 	109 	109 
004690 	174 	135 	91 	90 
004691 	174 	135 	91 	90 
004692 	174 	135 	91 	90 
004693 	174 	135 	91 	90 
004694 	173 	114 	109 	109 
004695 	173 	114 	109 	109 
004696 	173 	114 	109 	109 
004697 	173 	114 	109 	109 
004698 	185 	114 	109 	109 
004699 	185 	114 	109 	109 
004700 	185 	114 	109 	109 
004701 	197 	114 	109 	109 
004702 	197 	114 	109 	109 
004703 	197 	114 	109 	109 
004704 	197 	114 	109 	109 
004705 	197 	114 	109 	109 
004706 	197 	114 	109 	109 
004707 	197 	114 	109 	109 
004708 	197 	114 	109 	109 
004709 	197 	114 	109 	109 
004710 	197 	114 	109 	109 
004711 	197 	114 	109 	109 
004712 	197 	114 	109 	109 
004713 	197 	114 	109 	109 
004714 	197 	114 	109 	109 
004715 	185 	114 	109 	109 
004716 	185 	114 	109 	109 
004717 	185 	114 	109 	109 
004718 	185 	114 	109 	109 
004719 	185 	114 	109 	109 
004720 	185 	114 	109 	109 
004721 	173 	114 	109 	109 
004722 	173 	114 	109 	109 
004723 	161 	114 	109 	109 
004724 	161 	114 	109 	109 
004725 	161 	126 	109 	109 
004726 	174 	125 	91 	90 
004727 	174 	125 	91 	90 
004728 	174 	125 	91 	90 
004729 	174 	125 	91 	90 
004730 	161 	114 	109 	109 
004731 	161 	126 	109 	109 
004732 	161 	126 	109 	109 
004733 	161 	126 	109 	109 
004734 	161 	126 	109 	109 
004735 	161 	126 	109 	109 
004736 	161 	126 	109 	109 
004737 	161 	126 	109 	109 
004738 	161 	126 	109 	109 
004739 	161 	126 	109 	109 
004740 	161 	126 	109 	109 
004741 	164 	135 	91 	90 
004742 	164 	135 	91 	90 
004743 	164 	135 	91 	90 
004744 	161 	126 	109 	109 
004745 	161 	126 	109 	109 
004746 	161 	126 	109 	109 
004747 	161 	126 	109 	109 
004748 	161 	126 	109 	109 
004749 	161 	126 	109 	109 
004750 	161 	126 	109 	109 
004751 	161 	126 	109 	109 
004752 	161 	126 	109 	109 
004753 	161 	126 	109 	109 
004754 	161 	126 	109 	109 
004755 	161 	126 	109 	109 
004756 	164 	135 	91 	90 
004757 	164 	135 	91 	90 
004758 	164 	135 	91 	90 
004759 	164 	135 	91 	90 
004760 	164 	135 	91 	90 
004761 	164 	135 	91 	90 
004762 	161 	126 	109 	109 
004763 	161 	126 	109 	109 
004764 	161 	126 	109 	109 
004765 	161 	126 	109 	109 
004766 	161 	126 	109 	109 
004767 	161 	126 	109 	109 
004768 	161 	126 	109 	109 
004769 	161 	126 	109 	109 
004770 	161 	126 	109 	109 
004771 	161 	126 	109 	109 
004772 	161 	126 	109 	109 
004773 	161 	126 	109 	109 
004774 	161 	126 	109 	109 
004775 	161 	126 	109 	109 
004776 	161 	126 	109 	109 
004777 	161 	126 	109 	109 
004778 	174 	125 	91 	90 
004779 	174 	125 	91 	90 
004780 	174 	125 	91 	90 
004781 	174 	125 	91 	90 
004782 	174 	125 	91 	90 
004783 	174 	125 	91 	90 
004784 	161 	114 	109 	109 
004785 	161 	114 	109 	109 
004786 	161 	114 	109 	109 
004787 	161 	102 	109 	109 
004788 	161 	114 	109 	109 
004789 	174 	125 	91 	90 
004790 	173 	114 	109 	109 
004791 	173 	114 	109 	109 
004792 	173 	102 	109 	109 
004793 	173 	102 	109 	109 
004794 	173 	102 	109 	109 
004795 	173 	102 	109 	109 
004796 	173 	102 	109 	109 
004797 	173 	102 	109 	109 
004798 	185 	114 	109 	109 
004799 	185 	114 	109 	109 
004800 	197 	114 	109 	109 
004801 	197 	114 	109 	109 
004802 	197 	114 	109 	109 
004803 	197 	114 	109 	109 
004804 	180 	109 	130 	130 
004805 	180 	109 	130 	130 
004806 	197 	114 	109 	109 
004807 	197 	114 	109 	109 
004808 	185 	114 	109 	109 
004809 	185 	114 	109 	109 
004810 	185 	114 	109 	109 
004811 	185 	114 	109 	109 
004812 	185 	114 	109 	109 
004813 	185 	114 	109 	109 
004814 	185 	114 	109 	109 
004815 	185 	114 	109 	109 
004816 	185 	114 	109 	109 
004817 	185 	102 	109 	109 
004818 	185 	102 	109 	109 
004819 	185 	102 	109 	109 
004820 	185 	102 	109 	109 
004821 	185 	102 	109 	109 
004822 	185 	102 	109 	109 
004823 	185 	102 	109 	109 
004824 	185 	90 	109 	109 
004825 	185 	90 	109 	109 
004826 	185 	90 	109 	109 
004827 	185 	90 	109 	109 
004828 	185 	90 	109 	109 
004829 	185 	78 	109 	109 
004830 	185 	78 	109 	109 
004831 	185 	78 	109 	109 
004832 	185 	78 	109 	109 
004833 	185 	78 	109 	109 
004834 	185 	78 	109 	109 
004835 	185 	66 	109 	109 
004836 	185 	66 	109 	109 
004837 	185 	66 	109 	109 
004838 	185 	66 	109 	109 
004839 	185 	66 	109 	109 
004840 	185 	66 	109 	109 
004841 	185 	66 	109 	109 
004842 	185 	66 	109 	109 
004843 	185 	66 	109 	109 
004844 	185 	66 	109 	109 
004845 	185 	66 	109 	109 
004846 	185 	66 	109 	109 
004847 	185 	66 	109 	109 
004848 	185 	66 	109 	109 
004849 	185 	66 	109 	109 
004850 	185 	78 	109 	109 
004851 	185 	78 	109 	109 
004852 	185 	78 	109 	109 
004853 	185 	78 	109 	109 
004854 	184 	85 	91 	91 
004855 	184 	85 	91 	91 
004856 	184 	85 	91 	91 
004857 	173 	78 	109 	109 
