Identity  : 	id10016
Reference : 	5xGJYiNH2Jw
Offset    : 	-2
FV Conf   : 	13.493
ASD Conf  : 	6.102

FRAME 	X 	Y 	W 	H 
008128 	138 	90 	108 	109 
008129 	138 	90 	108 	109 
008130 	138 	90 	108 	109 
008131 	138 	90 	108 	109 
008132 	138 	90 	108 	109 
008133 	138 	90 	108 	109 
008134 	138 	90 	108 	109 
008135 	138 	90 	108 	109 
008136 	138 	90 	108 	109 
008137 	154 	105 	91 	91 
008138 	154 	105 	91 	91 
008139 	154 	105 	91 	91 
008140 	154 	105 	91 	91 
008141 	154 	105 	91 	91 
008142 	154 	105 	91 	91 
008143 	154 	105 	91 	91 
008144 	154 	105 	91 	91 
008145 	154 	105 	91 	91 
008146 	154 	105 	91 	91 
008147 	154 	105 	91 	91 
008148 	154 	105 	91 	91 
008149 	154 	105 	91 	91 
008150 	154 	105 	91 	91 
008151 	154 	105 	91 	91 
008152 	154 	105 	91 	91 
008153 	154 	105 	91 	91 
008154 	154 	105 	91 	91 
008155 	150 	102 	108 	109 
008156 	150 	102 	108 	109 
008157 	150 	102 	108 	109 
008158 	150 	102 	108 	109 
008159 	150 	102 	108 	109 
008160 	150 	102 	108 	109 
008161 	164 	105 	91 	91 
008162 	164 	108 	91 	91 
008163 	164 	112 	91 	91 
008164 	164 	115 	91 	91 
008165 	164 	120 	91 	90 
008166 	164 	125 	91 	90 
008167 	164 	125 	91 	90 
008168 	164 	125 	91 	90 
008169 	162 	126 	100 	100 
008170 	161 	126 	109 	109 
008171 	161 	126 	109 	109 
008172 	161 	126 	109 	109 
008173 	151 	109 	130 	130 
008174 	151 	109 	130 	130 
008175 	164 	125 	91 	90 
008176 	164 	125 	91 	90 
008177 	164 	125 	91 	90 
008178 	164 	125 	91 	90 
008179 	164 	125 	91 	90 
008180 	164 	125 	91 	90 
008181 	150 	114 	108 	109 
008182 	150 	114 	108 	109 
008183 	150 	114 	108 	109 
008184 	150 	126 	108 	109 
008185 	150 	126 	108 	109 
008186 	150 	126 	108 	109 
008187 	150 	126 	108 	109 
008188 	154 	125 	91 	90 
008189 	150 	114 	108 	109 
008190 	154 	125 	91 	90 
008191 	154 	125 	91 	90 
008192 	154 	125 	91 	90 
008193 	154 	125 	91 	90 
008194 	154 	125 	91 	90 
008195 	150 	114 	108 	109 
008196 	150 	114 	108 	109 
008197 	150 	114 	108 	109 
008198 	164 	115 	91 	91 
008199 	161 	102 	109 	109 
008200 	161 	90 	109 	109 
008201 	161 	90 	109 	109 
008202 	173 	90 	109 	109 
008203 	173 	90 	109 	109 
008204 	173 	90 	109 	109 
008205 	173 	78 	109 	109 
008206 	173 	78 	109 	109 
008207 	185 	78 	109 	109 
008208 	185 	78 	109 	109 
008209 	185 	78 	109 	109 
008210 	185 	78 	109 	109 
008211 	185 	78 	109 	109 
008212 	185 	78 	109 	109 
008213 	185 	78 	109 	109 
008214 	185 	78 	109 	109 
008215 	185 	78 	109 	109 
008216 	185 	78 	109 	109 
008217 	185 	78 	109 	109 
008218 	185 	66 	109 	109 
008219 	185 	66 	109 	109 
008220 	185 	66 	109 	109 
008221 	185 	66 	109 	109 
008222 	185 	66 	109 	109 
008223 	185 	66 	109 	109 
008224 	185 	66 	109 	109 
008225 	173 	66 	109 	109 
008226 	173 	54 	109 	109 
008227 	184 	65 	91 	91 
008228 	173 	54 	109 	109 
008229 	173 	66 	109 	109 
008230 	184 	65 	91 	91 
008231 	184 	65 	91 	91 
008232 	185 	54 	109 	109 
008233 	185 	54 	109 	109 
008234 	185 	54 	109 	109 
008235 	185 	54 	109 	109 
008236 	185 	66 	109 	109 
008237 	185 	66 	109 	109 
008238 	185 	54 	109 	109 
008239 	185 	54 	109 	109 
008240 	184 	65 	91 	91 
008241 	173 	54 	109 	109 
008242 	173 	66 	109 	109 
008243 	173 	66 	109 	109 
008244 	173 	66 	109 	109 
008245 	173 	66 	109 	109 
008246 	173 	66 	109 	109 
008247 	173 	66 	109 	109 
008248 	173 	66 	109 	109 
008249 	173 	66 	109 	109 
008250 	173 	66 	109 	109 
008251 	173 	66 	109 	109 
008252 	173 	66 	109 	109 
008253 	173 	66 	109 	109 
008254 	173 	66 	109 	109 
008255 	173 	66 	109 	109 
008256 	173 	66 	109 	109 
008257 	185 	66 	109 	109 
008258 	185 	66 	109 	109 
008259 	185 	66 	109 	109 
008260 	185 	54 	109 	109 
008261 	185 	54 	109 	109 
008262 	185 	54 	109 	109 
008263 	185 	54 	109 	109 
008264 	185 	54 	109 	109 
008265 	173 	54 	109 	109 
008266 	173 	54 	109 	109 
008267 	173 	54 	109 	109 
008268 	173 	54 	109 	109 
008269 	173 	66 	109 	109 
008270 	173 	66 	109 	109 
008271 	173 	66 	109 	109 
008272 	173 	66 	109 	109 
008273 	173 	66 	109 	109 
008274 	173 	66 	109 	109 
008275 	185 	66 	109 	109 
008276 	185 	66 	109 	109 
008277 	185 	66 	109 	109 
008278 	185 	66 	109 	109 
008279 	185 	66 	109 	109 
008280 	185 	66 	109 	109 
008281 	185 	66 	109 	109 
008282 	185 	66 	109 	109 
008283 	185 	66 	109 	109 
008284 	173 	66 	109 	109 
008285 	173 	78 	109 	109 
008286 	161 	78 	109 	109 
008287 	161 	78 	109 	109 
008288 	150 	90 	108 	109 
008289 	150 	90 	108 	109 
008290 	150 	90 	108 	109 
008291 	150 	90 	108 	109 
008292 	150 	90 	108 	109 
008293 	161 	90 	109 	109 
008294 	161 	90 	109 	109 
008295 	161 	90 	109 	109 
008296 	150 	102 	108 	109 
008297 	150 	102 	108 	109 
008298 	150 	102 	108 	109 
008299 	138 	114 	108 	109 
008300 	138 	102 	108 	109 
008301 	138 	114 	108 	109 
008302 	138 	114 	108 	109 
008303 	138 	114 	108 	109 
008304 	138 	114 	108 	109 
008305 	138 	114 	108 	109 
008306 	138 	114 	108 	109 
008307 	138 	114 	108 	109 
008308 	138 	114 	108 	109 
008309 	138 	114 	108 	109 
008310 	138 	114 	108 	109 
008311 	138 	114 	108 	109 
008312 	138 	114 	108 	109 
008313 	138 	114 	108 	109 
008314 	138 	114 	108 	109 
008315 	138 	114 	108 	109 
008316 	138 	114 	108 	109 
008317 	138 	114 	108 	109 
008318 	138 	114 	108 	109 
008319 	138 	114 	108 	109 
008320 	138 	114 	108 	109 
008321 	138 	114 	108 	109 
008322 	138 	114 	108 	109 
008323 	138 	114 	108 	109 
008324 	138 	114 	108 	109 
008325 	138 	114 	108 	109 
008326 	138 	114 	108 	109 
008327 	138 	114 	108 	109 
008328 	138 	126 	108 	109 
008329 	138 	126 	108 	109 
008330 	138 	126 	108 	109 
008331 	138 	126 	108 	109 
008332 	138 	126 	108 	109 
008333 	138 	126 	108 	109 
008334 	138 	126 	108 	109 
008335 	138 	126 	108 	109 
008336 	138 	126 	108 	109 
008337 	138 	126 	108 	109 
008338 	138 	126 	108 	109 
008339 	138 	126 	108 	109 
008340 	138 	126 	108 	109 
008341 	138 	126 	108 	109 
008342 	138 	126 	108 	109 
008343 	138 	126 	108 	109 
008344 	138 	126 	108 	109 
008345 	138 	126 	108 	109 
008346 	138 	126 	108 	109 
008347 	138 	126 	108 	109 
008348 	138 	126 	108 	109 
