Identity  : 	id10970
Reference : 	eKkz_sTJbqc
Offset    : 	-1
FV Conf   : 	15.356
ASD Conf  : 	7.251

FRAME 	X 	Y 	W 	H 
000076 	188 	89 	224 	224 
000077 	197 	115 	187 	187 
000078 	163 	89 	224 	224 
000079 	177 	115 	187 	187 
000080 	163 	89 	224 	224 
000081 	177 	115 	187 	187 
000082 	177 	115 	187 	187 
000083 	177 	115 	187 	187 
000084 	177 	115 	187 	187 
000085 	177 	115 	187 	187 
000086 	177 	115 	187 	187 
000087 	177 	115 	187 	187 
000088 	163 	89 	224 	224 
000089 	163 	89 	224 	224 
000090 	163 	89 	224 	224 
000091 	177 	115 	187 	187 
000092 	163 	89 	224 	224 
000093 	163 	89 	224 	224 
000094 	163 	89 	224 	224 
000095 	163 	89 	224 	224 
000096 	163 	89 	224 	224 
000097 	163 	89 	224 	224 
000098 	163 	89 	224 	224 
000099 	163 	89 	224 	224 
000100 	163 	89 	224 	224 
000101 	177 	115 	187 	187 
000102 	177 	115 	187 	187 
000103 	177 	115 	187 	187 
000104 	138 	89 	224 	224 
000105 	138 	89 	224 	224 
000106 	138 	89 	224 	224 
000107 	156 	95 	187 	186 
000108 	156 	95 	187 	186 
000109 	156 	95 	187 	186 
000110 	177 	95 	187 	186 
000111 	177 	95 	187 	186 
000112 	177 	95 	187 	186 
000113 	177 	95 	187 	186 
000114 	177 	95 	187 	186 
000115 	177 	95 	187 	186 
000116 	177 	95 	187 	186 
000117 	177 	95 	187 	186 
000118 	177 	95 	187 	186 
000119 	177 	95 	187 	186 
000120 	163 	89 	224 	224 
000121 	163 	89 	224 	224 
000122 	163 	89 	224 	224 
000123 	163 	89 	224 	224 
000124 	163 	89 	224 	224 
000125 	197 	95 	187 	186 
000126 	197 	115 	187 	187 
000127 	188 	89 	224 	224 
000128 	218 	115 	187 	187 
000129 	218 	115 	187 	187 
000130 	212 	89 	224 	224 
000131 	239 	115 	186 	187 
000132 	239 	115 	186 	187 
000133 	237 	89 	224 	224 
000134 	237 	89 	224 	224 
000135 	237 	89 	224 	224 
000136 	237 	89 	224 	224 
000137 	237 	89 	224 	224 
000138 	237 	89 	224 	224 
000139 	237 	89 	224 	224 
000140 	237 	89 	224 	224 
000141 	239 	115 	186 	187 
000142 	239 	115 	186 	187 
000143 	239 	115 	186 	187 
000144 	239 	115 	186 	187 
000145 	237 	89 	224 	224 
000146 	237 	89 	224 	224 
000147 	237 	89 	224 	224 
000148 	237 	89 	224 	224 
000149 	237 	89 	224 	224 
000150 	237 	89 	224 	224 
000151 	239 	115 	186 	187 
000152 	237 	89 	224 	224 
000153 	237 	89 	224 	224 
000154 	237 	89 	224 	224 
000155 	237 	89 	224 	224 
000156 	237 	89 	224 	224 
000157 	237 	89 	224 	224 
000158 	237 	89 	224 	224 
000159 	237 	89 	224 	224 
000160 	237 	89 	224 	224 
000161 	237 	89 	224 	224 
000162 	237 	89 	224 	224 
000163 	237 	89 	224 	224 
000164 	237 	89 	224 	224 
000165 	239 	115 	186 	187 
000166 	239 	115 	186 	187 
000167 	212 	89 	224 	224 
000168 	212 	89 	224 	224 
000169 	212 	89 	224 	224 
000170 	212 	89 	224 	224 
000171 	239 	115 	186 	187 
000172 	212 	89 	224 	224 
000173 	212 	89 	224 	224 
000174 	212 	89 	224 	224 
000175 	218 	115 	187 	187 
000176 	218 	115 	187 	187 
000177 	218 	115 	187 	187 
000178 	218 	115 	187 	187 
000179 	212 	89 	224 	224 
000180 	212 	89 	224 	224 
000181 	212 	89 	224 	224 
000182 	212 	89 	224 	224 
000183 	239 	136 	186 	187 
000184 	239 	115 	186 	187 
000185 	239 	136 	186 	187 
000186 	239 	136 	186 	187 
000187 	239 	136 	186 	187 
000188 	239 	136 	186 	187 
000189 	239 	136 	186 	187 
000190 	239 	136 	186 	187 
000191 	239 	136 	186 	187 
000192 	239 	136 	186 	187 
000193 	239 	136 	186 	187 
000194 	239 	115 	186 	187 
000195 	239 	136 	186 	187 
000196 	239 	136 	186 	187 
000197 	239 	136 	186 	187 
