Identity  : 	id10495
Reference : 	9qTm-FJKThw
Offset    : 	-2
FV Conf   : 	19.640
ASD Conf  : 	7.447

FRAME 	X 	Y 	W 	H 
000389 	388 	66 	109 	109 
000390 	388 	66 	109 	109 
000391 	388 	66 	109 	109 
000392 	388 	66 	109 	109 
000393 	388 	66 	109 	109 
000394 	388 	66 	109 	109 
000395 	388 	66 	109 	109 
000396 	388 	66 	109 	109 
000397 	388 	66 	109 	109 
000398 	388 	66 	109 	109 
000399 	388 	66 	109 	109 
000400 	388 	78 	109 	109 
000401 	388 	78 	109 	109 
000402 	388 	66 	109 	109 
000403 	388 	78 	109 	109 
000404 	388 	66 	109 	109 
000405 	388 	66 	109 	109 
000406 	388 	66 	109 	109 
000407 	388 	66 	109 	109 
000408 	388 	66 	109 	109 
000409 	388 	78 	109 	109 
000410 	388 	78 	109 	109 
000411 	388 	66 	109 	109 
000412 	388 	66 	109 	109 
000413 	388 	66 	109 	109 
000414 	388 	66 	109 	109 
000415 	388 	66 	109 	109 
000416 	388 	66 	109 	109 
000417 	388 	66 	109 	109 
000418 	388 	66 	109 	109 
000419 	388 	66 	109 	109 
000420 	388 	66 	109 	109 
000421 	380 	51 	130 	130 
000422 	380 	51 	130 	130 
000423 	380 	51 	130 	130 
000424 	388 	66 	109 	109 
000425 	388 	66 	109 	109 
000426 	388 	66 	109 	109 
000427 	388 	66 	109 	109 
000428 	388 	66 	109 	109 
000429 	366 	51 	130 	130 
000430 	366 	51 	130 	130 
000431 	366 	51 	130 	130 
000432 	376 	66 	109 	109 
000433 	376 	66 	109 	109 
000434 	376 	66 	109 	109 
000435 	376 	66 	109 	109 
000436 	376 	66 	109 	109 
000437 	376 	66 	109 	109 
000438 	376 	66 	109 	109 
000439 	376 	66 	109 	109 
000440 	376 	66 	109 	109 
000441 	376 	66 	109 	109 
000442 	376 	66 	109 	109 
000443 	366 	51 	130 	130 
000444 	388 	66 	109 	109 
000445 	388 	66 	109 	109 
000446 	388 	66 	109 	109 
000447 	388 	66 	109 	109 
000448 	388 	66 	109 	109 
000449 	388 	66 	109 	109 
000450 	388 	66 	109 	109 
000451 	380 	51 	130 	130 
000452 	380 	51 	130 	130 
000453 	380 	51 	130 	130 
000454 	388 	66 	109 	109 
000455 	388 	66 	109 	109 
000456 	388 	66 	109 	109 
000457 	388 	66 	109 	109 
000458 	388 	66 	109 	109 
000459 	388 	66 	109 	109 
000460 	388 	66 	109 	109 
000461 	388 	66 	109 	109 
000462 	388 	66 	109 	109 
000463 	388 	66 	109 	109 
000464 	388 	66 	109 	109 
000465 	388 	66 	109 	109 
000466 	380 	51 	130 	130 
000467 	388 	66 	109 	109 
000468 	388 	66 	109 	109 
000469 	388 	66 	109 	109 
000470 	388 	66 	109 	109 
000471 	388 	66 	109 	109 
000472 	388 	66 	109 	109 
000473 	388 	66 	109 	109 
000474 	388 	66 	109 	109 
000475 	388 	66 	109 	109 
000476 	388 	66 	109 	109 
000477 	388 	66 	109 	109 
000478 	388 	66 	109 	109 
000479 	388 	66 	109 	109 
000480 	388 	66 	109 	109 
000481 	388 	66 	109 	109 
000482 	388 	66 	109 	109 
000483 	388 	78 	109 	109 
000484 	388 	78 	109 	109 
000485 	376 	78 	109 	109 
000486 	376 	78 	109 	109 
000487 	380 	66 	130 	130 
000488 	380 	66 	130 	130 
000489 	380 	66 	130 	130 
000490 	380 	66 	130 	130 
000491 	380 	66 	130 	130 
000492 	388 	78 	109 	109 
000493 	388 	78 	109 	109 
000494 	388 	82 	109 	109 
000495 	388 	86 	109 	109 
000496 	388 	90 	109 	109 
000497 	388 	90 	109 	109 
000498 	388 	90 	109 	109 
000499 	388 	90 	109 	109 
000500 	388 	90 	109 	109 
000501 	388 	90 	109 	109 
000502 	388 	90 	109 	109 
000503 	388 	90 	109 	109 
000504 	388 	90 	109 	109 
000505 	388 	90 	109 	109 
000506 	388 	90 	109 	109 
000507 	388 	90 	109 	109 
000508 	388 	90 	109 	109 
000509 	366 	80 	130 	130 
000510 	366 	80 	130 	130 
000511 	366 	80 	130 	130 
000512 	366 	80 	130 	130 
