Identity  : 	id10481
Reference : 	eMXrG1gdHgQ
Offset    : 	2
FV Conf   : 	15.356
ASD Conf  : 	4.902

FRAME 	X 	Y 	W 	H 
002163 	233 	102 	109 	109 
002164 	233 	102 	109 	109 
002165 	233 	102 	109 	109 
002166 	221 	102 	109 	109 
002167 	221 	102 	109 	109 
002168 	221 	102 	109 	109 
002169 	221 	102 	109 	109 
002170 	221 	102 	109 	109 
002171 	221 	102 	109 	109 
002172 	221 	102 	109 	109 
002173 	221 	102 	109 	109 
002174 	209 	102 	109 	109 
002175 	209 	102 	109 	109 
002176 	209 	90 	109 	109 
002177 	209 	90 	109 	109 
002178 	209 	90 	109 	109 
002179 	209 	90 	109 	109 
002180 	194 	80 	130 	130 
002181 	194 	80 	130 	130 
002182 	194 	80 	130 	130 
002183 	194 	80 	130 	130 
002184 	194 	80 	130 	130 
002185 	194 	80 	130 	130 
002186 	194 	80 	130 	130 
002187 	194 	80 	130 	130 
002188 	209 	78 	109 	109 
002189 	209 	78 	109 	109 
002190 	209 	78 	109 	109 
002191 	194 	80 	130 	130 
002192 	194 	80 	130 	130 
002193 	194 	80 	130 	130 
002194 	194 	80 	130 	130 
002195 	209 	90 	109 	109 
002196 	209 	90 	109 	109 
002197 	221 	90 	109 	109 
002198 	221 	90 	109 	109 
002199 	221 	90 	109 	109 
002200 	221 	90 	109 	109 
002201 	221 	90 	109 	109 
002202 	221 	90 	109 	109 
002203 	221 	90 	109 	109 
002204 	221 	90 	109 	109 
002205 	221 	90 	109 	109 
002206 	221 	90 	109 	109 
002207 	221 	90 	109 	109 
002208 	221 	90 	109 	109 
002209 	221 	90 	109 	109 
002210 	221 	90 	109 	109 
002211 	221 	90 	109 	109 
002212 	221 	90 	109 	109 
002213 	221 	90 	109 	109 
002214 	221 	90 	109 	109 
002215 	221 	90 	109 	109 
002216 	221 	90 	109 	109 
002217 	221 	90 	109 	109 
002218 	221 	90 	109 	109 
002219 	221 	90 	109 	109 
002220 	221 	102 	109 	109 
002221 	221 	102 	109 	109 
002222 	221 	102 	109 	109 
002223 	221 	102 	109 	109 
002224 	221 	102 	109 	109 
002225 	221 	102 	109 	109 
002226 	221 	102 	109 	109 
002227 	221 	102 	109 	109 
002228 	221 	102 	109 	109 
002229 	221 	102 	109 	109 
002230 	221 	102 	109 	109 
002231 	221 	102 	109 	109 
002232 	221 	102 	109 	109 
002233 	221 	102 	109 	109 
002234 	221 	102 	109 	109 
002235 	221 	102 	109 	109 
002236 	221 	102 	109 	109 
002237 	221 	102 	109 	109 
002238 	221 	102 	109 	109 
002239 	221 	102 	109 	109 
002240 	221 	102 	109 	109 
002241 	221 	102 	109 	109 
002242 	221 	102 	109 	109 
002243 	221 	102 	109 	109 
002244 	221 	102 	109 	109 
002245 	221 	102 	109 	109 
002246 	221 	102 	109 	109 
002247 	221 	102 	109 	109 
002248 	221 	102 	109 	109 
002249 	221 	102 	109 	109 
002250 	221 	102 	109 	109 
002251 	221 	102 	109 	109 
002252 	221 	102 	109 	109 
002253 	221 	102 	109 	109 
002254 	221 	102 	109 	109 
002255 	221 	102 	109 	109 
002256 	221 	102 	109 	109 
002257 	221 	102 	109 	109 
002258 	221 	102 	109 	109 
002259 	221 	102 	109 	109 
002260 	221 	102 	109 	109 
002261 	221 	102 	109 	109 
002262 	221 	102 	109 	109 
002263 	221 	102 	109 	109 
002264 	221 	102 	109 	109 
002265 	209 	102 	109 	109 
002266 	209 	102 	109 	109 
002267 	209 	102 	109 	109 
002268 	209 	102 	109 	109 
002269 	209 	102 	109 	109 
002270 	209 	102 	109 	109 
002271 	209 	102 	109 	109 
002272 	209 	102 	109 	109 
002273 	209 	102 	109 	109 
002274 	209 	102 	109 	109 
002275 	209 	102 	109 	109 
002276 	209 	102 	109 	109 
002277 	209 	102 	109 	109 
002278 	209 	102 	109 	109 
002279 	209 	102 	109 	109 
002280 	209 	102 	109 	109 
002281 	209 	102 	109 	109 
002282 	209 	102 	109 	109 
002283 	209 	102 	109 	109 
002284 	209 	102 	109 	109 
002285 	209 	102 	109 	109 
002286 	209 	102 	109 	109 
002287 	209 	102 	109 	109 
002288 	209 	102 	109 	109 
002289 	209 	102 	109 	109 
002290 	209 	102 	109 	109 
002291 	209 	102 	109 	109 
002292 	209 	102 	109 	109 
002293 	209 	102 	109 	109 
002294 	209 	102 	109 	109 
002295 	209 	102 	109 	109 
002296 	209 	102 	109 	109 
002297 	209 	102 	109 	109 
002298 	209 	102 	109 	109 
002299 	209 	102 	109 	109 
002300 	209 	102 	109 	109 
002301 	209 	90 	109 	109 
002302 	209 	90 	109 	109 
002303 	209 	90 	109 	109 
002304 	209 	90 	109 	109 
002305 	224 	105 	91 	91 
002306 	224 	105 	91 	91 
002307 	224 	105 	91 	91 
002308 	224 	105 	91 	91 
002309 	224 	105 	91 	91 
002310 	221 	90 	109 	109 
002311 	209 	90 	109 	109 
002312 	209 	90 	109 	109 
002313 	209 	90 	109 	109 
002314 	209 	90 	109 	109 
002315 	209 	90 	109 	109 
002316 	209 	90 	109 	109 
002317 	209 	90 	109 	109 
002318 	209 	90 	109 	109 
002319 	209 	90 	109 	109 
002320 	209 	90 	109 	109 
002321 	209 	90 	109 	109 
002322 	209 	90 	109 	109 
002323 	209 	90 	109 	109 
002324 	209 	102 	109 	109 
002325 	209 	102 	109 	109 
002326 	209 	102 	109 	109 
002327 	209 	102 	109 	109 
002328 	209 	102 	109 	109 
002329 	209 	102 	109 	109 
002330 	209 	102 	109 	109 
002331 	209 	102 	109 	109 
002332 	209 	102 	109 	109 
002333 	209 	102 	109 	109 
002334 	209 	102 	109 	109 
002335 	194 	94 	130 	130 
