Identity  : 	id10244
Reference : 	d1E3UEC0hpg
Offset    : 	-3
FV Conf   : 	19.889
ASD Conf  : 	6.814

FRAME 	X 	Y 	W 	H 
004621 	194 	73 	98 	98 
004622 	193 	73 	98 	98 
004623 	193 	73 	98 	98 
004624 	193 	73 	98 	98 
004625 	193 	73 	98 	98 
004626 	193 	73 	98 	98 
004627 	193 	73 	98 	98 
004628 	193 	73 	98 	98 
004629 	193 	73 	98 	98 
004630 	193 	73 	98 	98 
004631 	193 	72 	98 	98 
004632 	192 	72 	98 	98 
004633 	192 	72 	98 	98 
004634 	192 	72 	98 	98 
004635 	192 	72 	98 	98 
004636 	192 	72 	98 	98 
004637 	192 	72 	98 	98 
004638 	192 	72 	98 	98 
004639 	192 	72 	99 	99 
004640 	192 	72 	99 	99 
004641 	192 	72 	99 	99 
004642 	192 	72 	99 	99 
004643 	191 	72 	99 	99 
004644 	191 	72 	99 	99 
004645 	191 	72 	99 	99 
004646 	191 	72 	99 	99 
004647 	191 	72 	99 	99 
004648 	191 	72 	99 	99 
004649 	191 	71 	99 	99 
004650 	191 	71 	99 	99 
004651 	191 	71 	99 	99 
004652 	191 	71 	99 	99 
004653 	191 	71 	99 	99 
004654 	190 	71 	99 	99 
004655 	190 	71 	99 	99 
004656 	190 	71 	99 	99 
004657 	190 	71 	99 	99 
004658 	190 	71 	99 	99 
004659 	190 	71 	99 	99 
004660 	190 	71 	99 	99 
004661 	190 	71 	99 	99 
004662 	190 	71 	99 	99 
004663 	190 	71 	99 	99 
004664 	189 	71 	99 	99 
004665 	189 	71 	99 	99 
004666 	189 	71 	99 	99 
004667 	189 	70 	99 	99 
004668 	189 	70 	99 	99 
004669 	189 	70 	99 	99 
004670 	189 	70 	100 	100 
004671 	189 	70 	100 	100 
004672 	189 	70 	100 	100 
004673 	189 	70 	100 	100 
004674 	189 	70 	100 	100 
004675 	188 	70 	100 	100 
004676 	188 	70 	100 	100 
004677 	188 	70 	100 	100 
004678 	188 	70 	100 	100 
004679 	188 	70 	100 	100 
004680 	188 	70 	100 	100 
004681 	188 	70 	100 	100 
004682 	188 	70 	100 	100 
004683 	188 	70 	100 	100 
004684 	188 	70 	100 	100 
004685 	188 	70 	100 	100 
004686 	187 	69 	100 	100 
004687 	187 	69 	100 	100 
004688 	187 	69 	100 	100 
004689 	187 	69 	100 	100 
004690 	187 	69 	100 	100 
004691 	187 	69 	100 	100 
004692 	187 	69 	100 	100 
004693 	187 	69 	100 	100 
004694 	187 	69 	100 	100 
004695 	187 	69 	100 	100 
004696 	186 	69 	100 	100 
004697 	186 	69 	100 	100 
004698 	186 	69 	100 	100 
004699 	186 	69 	100 	100 
004700 	186 	69 	100 	100 
004701 	186 	69 	101 	101 
004702 	186 	69 	101 	101 
004703 	186 	69 	101 	101 
004704 	186 	68 	101 	101 
004705 	186 	68 	101 	101 
004706 	186 	68 	101 	101 
004707 	185 	68 	101 	101 
004708 	185 	68 	101 	101 
004709 	185 	68 	101 	101 
004710 	185 	68 	101 	101 
004711 	185 	68 	101 	101 
004712 	185 	68 	101 	101 
004713 	185 	68 	101 	101 
004714 	185 	68 	101 	101 
004715 	185 	68 	101 	101 
004716 	185 	68 	101 	101 
004717 	184 	68 	101 	101 
004718 	184 	68 	101 	101 
004719 	184 	68 	101 	101 
004720 	184 	68 	101 	101 
004721 	184 	68 	101 	101 
004722 	184 	67 	101 	101 
004723 	184 	67 	101 	101 
004724 	184 	67 	101 	101 
004725 	184 	67 	101 	101 
004726 	184 	67 	101 	101 
004727 	184 	67 	101 	101 
004728 	183 	67 	101 	101 
004729 	183 	67 	101 	101 
004730 	183 	67 	101 	101 
004731 	183 	67 	101 	101 
004732 	183 	67 	102 	102 
004733 	183 	67 	102 	102 
004734 	183 	67 	102 	102 
