Identity  : 	id10148
Reference : 	IXrZP_6JUdA
Offset    : 	0
FV Conf   : 	19.087
ASD Conf  : 	7.229

FRAME 	X 	Y 	W 	H 
022763 	154 	75 	91 	91 
022764 	154 	75 	91 	91 
022765 	150 	66 	108 	109 
022766 	150 	66 	108 	109 
022767 	164 	75 	91 	91 
022768 	164 	75 	91 	91 
022769 	161 	66 	109 	109 
022770 	174 	75 	91 	91 
022771 	174 	75 	91 	91 
022772 	174 	75 	91 	91 
022773 	174 	75 	91 	91 
022774 	173 	66 	109 	109 
022775 	173 	66 	109 	109 
022776 	173 	66 	109 	109 
022777 	185 	78 	109 	109 
022778 	185 	78 	109 	109 
022779 	185 	78 	109 	109 
022780 	204 	85 	91 	91 
022781 	197 	78 	109 	109 
022782 	197 	78 	109 	109 
022783 	214 	95 	91 	91 
022784 	214 	95 	91 	91 
022785 	214 	95 	91 	91 
022786 	209 	90 	109 	109 
022787 	209 	90 	109 	109 
022788 	209 	90 	109 	109 
022789 	209 	90 	109 	109 
022790 	209 	90 	109 	109 
022791 	209 	90 	109 	109 
022792 	209 	90 	109 	109 
022793 	209 	90 	109 	109 
022794 	209 	90 	109 	109 
022795 	209 	90 	109 	109 
022796 	209 	90 	109 	109 
022797 	209 	90 	109 	109 
022798 	209 	90 	109 	109 
022799 	209 	90 	109 	109 
022800 	209 	90 	109 	109 
022801 	209 	90 	109 	109 
022802 	209 	90 	109 	109 
022803 	209 	90 	109 	109 
022804 	214 	95 	91 	91 
022805 	214 	95 	91 	91 
022806 	214 	95 	91 	91 
022807 	197 	90 	109 	109 
022808 	197 	90 	109 	109 
022809 	197 	90 	109 	109 
022810 	204 	95 	91 	91 
022811 	185 	90 	109 	109 
022812 	185 	90 	109 	109 
022813 	185 	90 	109 	109 
022814 	185 	90 	109 	109 
022815 	173 	90 	109 	109 
022816 	184 	95 	91 	91 
022817 	184 	95 	91 	91 
022818 	173 	90 	109 	109 
022819 	184 	95 	91 	91 
022820 	184 	95 	91 	91 
022821 	184 	95 	91 	91 
022822 	184 	95 	91 	91 
022823 	184 	95 	91 	91 
022824 	184 	95 	91 	91 
022825 	184 	95 	91 	91 
022826 	173 	78 	109 	109 
022827 	173 	78 	109 	109 
022828 	173 	78 	109 	109 
022829 	173 	78 	109 	109 
022830 	185 	78 	109 	109 
022831 	185 	78 	109 	109 
022832 	185 	78 	109 	109 
022833 	185 	78 	109 	109 
022834 	185 	78 	109 	109 
022835 	185 	78 	109 	109 
022836 	204 	85 	91 	91 
022837 	197 	78 	109 	109 
022838 	197 	78 	109 	109 
022839 	197 	78 	109 	109 
022840 	197 	78 	109 	109 
022841 	197 	78 	109 	109 
022842 	197 	78 	109 	109 
022843 	214 	85 	91 	91 
022844 	197 	78 	109 	109 
022845 	197 	78 	109 	109 
022846 	197 	78 	109 	109 
022847 	197 	78 	109 	109 
022848 	197 	78 	109 	109 
022849 	197 	78 	109 	109 
022850 	197 	78 	109 	109 
022851 	197 	78 	109 	109 
022852 	197 	78 	109 	109 
022853 	197 	78 	109 	109 
022854 	197 	78 	109 	109 
022855 	197 	78 	109 	109 
022856 	197 	78 	109 	109 
022857 	197 	78 	109 	109 
022858 	197 	78 	109 	109 
022859 	197 	78 	109 	109 
022860 	197 	78 	109 	109 
022861 	197 	78 	109 	109 
022862 	197 	78 	109 	109 
022863 	197 	78 	109 	109 
022864 	197 	78 	109 	109 
022865 	197 	78 	109 	109 
022866 	197 	78 	109 	109 
022867 	197 	78 	109 	109 
022868 	197 	78 	109 	109 
022869 	197 	78 	109 	109 
022870 	197 	78 	109 	109 
022871 	197 	78 	109 	109 
