Identity  : 	id10148
Reference : 	IXrZP_6JUdA
Offset    : 	0
FV Conf   : 	19.250
ASD Conf  : 	8.445

FRAME 	X 	Y 	W 	H 
024136 	173 	90 	109 	109 
024137 	173 	90 	109 	109 
024138 	173 	90 	109 	109 
024139 	173 	90 	109 	109 
024140 	173 	90 	109 	109 
024141 	184 	95 	91 	91 
024142 	173 	90 	109 	109 
024143 	173 	90 	109 	109 
024144 	173 	90 	109 	109 
024145 	173 	90 	109 	109 
024146 	173 	90 	109 	109 
024147 	173 	90 	109 	109 
024148 	173 	90 	109 	109 
024149 	173 	90 	109 	109 
024150 	173 	90 	109 	109 
024151 	173 	90 	109 	109 
024152 	173 	90 	109 	109 
024153 	173 	90 	109 	109 
024154 	173 	90 	109 	109 
024155 	173 	90 	109 	109 
024156 	173 	90 	109 	109 
024157 	173 	90 	109 	109 
024158 	173 	90 	109 	109 
024159 	173 	90 	109 	109 
024160 	173 	90 	109 	109 
024161 	173 	90 	109 	109 
024162 	173 	90 	109 	109 
024163 	173 	90 	109 	109 
024164 	173 	90 	109 	109 
024165 	173 	90 	109 	109 
024166 	173 	90 	109 	109 
024167 	173 	90 	109 	109 
024168 	173 	90 	109 	109 
024169 	173 	90 	109 	109 
024170 	173 	90 	109 	109 
024171 	173 	90 	109 	109 
024172 	173 	90 	109 	109 
024173 	173 	90 	109 	109 
024174 	173 	90 	109 	109 
024175 	173 	90 	109 	109 
024176 	173 	90 	109 	109 
024177 	173 	90 	109 	109 
024178 	173 	90 	109 	109 
024179 	173 	90 	109 	109 
024180 	173 	90 	109 	109 
024181 	173 	90 	109 	109 
024182 	185 	90 	109 	109 
024183 	185 	90 	109 	109 
024184 	185 	90 	109 	109 
024185 	185 	90 	109 	109 
024186 	185 	90 	109 	109 
024187 	204 	95 	91 	91 
024188 	197 	90 	109 	109 
024189 	197 	90 	109 	109 
024190 	197 	90 	109 	109 
024191 	197 	90 	109 	109 
024192 	214 	95 	91 	91 
024193 	197 	90 	109 	109 
024194 	214 	95 	91 	91 
024195 	214 	95 	91 	91 
024196 	214 	95 	91 	91 
024197 	197 	78 	109 	109 
024198 	197 	78 	109 	109 
024199 	197 	78 	109 	109 
024200 	197 	78 	109 	109 
024201 	197 	78 	109 	109 
024202 	197 	78 	109 	109 
024203 	197 	78 	109 	109 
024204 	197 	78 	109 	109 
024205 	214 	95 	91 	91 
024206 	214 	95 	91 	91 
024207 	214 	95 	91 	91 
024208 	214 	95 	91 	91 
024209 	214 	95 	91 	91 
024210 	214 	95 	91 	91 
024211 	214 	95 	91 	91 
024212 	214 	95 	91 	91 
024213 	214 	95 	91 	91 
024214 	214 	95 	91 	91 
024215 	197 	78 	109 	109 
024216 	197 	78 	109 	109 
024217 	197 	78 	109 	109 
024218 	197 	78 	109 	109 
024219 	197 	78 	109 	109 
024220 	197 	78 	109 	109 
024221 	209 	90 	109 	109 
024222 	209 	90 	109 	109 
024223 	209 	90 	109 	109 
024224 	209 	90 	109 	109 
024225 	209 	90 	109 	109 
024226 	209 	90 	109 	109 
024227 	209 	90 	109 	109 
024228 	209 	90 	109 	109 
024229 	209 	90 	109 	109 
024230 	209 	90 	109 	109 
024231 	209 	90 	109 	109 
024232 	197 	78 	109 	109 
024233 	197 	78 	109 	109 
024234 	197 	78 	109 	109 
024235 	197 	78 	109 	109 
024236 	197 	78 	109 	109 
024237 	197 	78 	109 	109 
024238 	197 	78 	109 	109 
024239 	197 	78 	109 	109 
