Identity  : 	id11250
Reference : 	1oQOlPEQvfo
Offset    : 	-2
FV Conf   : 	15.615
ASD Conf  : 	6.044

FRAME 	X 	Y 	W 	H 
004076 	383 	35 	91 	91 
004077 	383 	35 	91 	91 
004078 	393 	35 	91 	91 
004079 	393 	35 	91 	91 
004080 	403 	35 	91 	91 
004081 	403 	35 	91 	91 
004082 	419 	54 	75 	76 
004083 	419 	54 	75 	76 
004084 	419 	46 	75 	76 
004085 	427 	54 	76 	76 
004086 	427 	54 	76 	76 
004087 	427 	54 	76 	76 
004088 	427 	54 	76 	76 
004089 	427 	54 	76 	76 
004090 	427 	54 	76 	76 
004091 	427 	54 	76 	76 
004092 	423 	35 	91 	91 
004093 	427 	46 	76 	76 
004094 	427 	46 	76 	76 
004095 	427 	46 	76 	76 
004096 	427 	46 	76 	76 
004097 	413 	45 	91 	91 
004098 	427 	54 	76 	76 
004099 	427 	54 	76 	76 
004100 	413 	45 	91 	91 
004101 	413 	45 	91 	91 
004102 	413 	45 	91 	91 
004103 	413 	45 	91 	91 
004104 	427 	54 	76 	76 
004105 	427 	54 	76 	76 
004106 	427 	54 	76 	76 
004107 	427 	54 	76 	76 
004108 	427 	54 	76 	76 
004109 	427 	54 	76 	76 
004110 	427 	54 	76 	76 
004111 	427 	54 	76 	76 
004112 	427 	54 	76 	76 
004113 	413 	45 	91 	91 
004114 	413 	45 	91 	91 
004115 	419 	46 	75 	76 
004116 	419 	46 	75 	76 
004117 	419 	46 	75 	76 
004118 	419 	46 	75 	76 
004119 	413 	45 	91 	91 
004120 	427 	54 	76 	76 
004121 	427 	54 	76 	76 
004122 	427 	54 	76 	76 
004123 	427 	54 	76 	76 
004124 	427 	54 	76 	76 
004125 	427 	54 	76 	76 
004126 	427 	54 	76 	76 
004127 	427 	54 	76 	76 
004128 	427 	54 	76 	76 
004129 	427 	54 	76 	76 
004130 	427 	54 	76 	76 
004131 	427 	54 	76 	76 
004132 	427 	54 	76 	76 
004133 	427 	54 	76 	76 
004134 	427 	62 	76 	76 
004135 	427 	62 	76 	76 
004136 	427 	62 	76 	76 
004137 	427 	62 	76 	76 
004138 	427 	62 	76 	76 
004139 	427 	62 	76 	76 
004140 	427 	62 	76 	76 
004141 	427 	62 	76 	76 
004142 	427 	62 	76 	76 
004143 	427 	62 	76 	76 
004144 	419 	54 	75 	76 
004145 	419 	54 	75 	76 
004146 	419 	54 	75 	76 
004147 	427 	62 	76 	76 
004148 	427 	62 	76 	76 
004149 	427 	54 	76 	76 
004150 	427 	54 	76 	76 
004151 	419 	54 	75 	76 
004152 	419 	54 	75 	76 
004153 	427 	62 	76 	76 
004154 	427 	54 	76 	76 
004155 	419 	54 	75 	76 
004156 	427 	62 	76 	76 
004157 	427 	62 	76 	76 
004158 	427 	62 	76 	76 
004159 	427 	62 	76 	76 
004160 	427 	62 	76 	76 
004161 	427 	62 	76 	76 
004162 	427 	62 	76 	76 
004163 	427 	62 	76 	76 
004164 	427 	62 	76 	76 
004165 	427 	62 	76 	76 
004166 	427 	62 	76 	76 
004167 	427 	62 	76 	76 
004168 	427 	62 	76 	76 
004169 	427 	62 	76 	76 
004170 	427 	62 	76 	76 
004171 	427 	62 	76 	76 
004172 	427 	62 	76 	76 
004173 	427 	62 	76 	76 
004174 	413 	45 	91 	91 
004175 	413 	45 	91 	91 
004176 	427 	62 	76 	76 
004177 	427 	54 	76 	76 
004178 	427 	54 	76 	76 
004179 	413 	45 	91 	91 
004180 	413 	45 	91 	91 
004181 	413 	45 	91 	91 
004182 	413 	45 	91 	91 
004183 	413 	45 	91 	91 
004184 	413 	45 	91 	91 
004185 	413 	45 	91 	91 
004186 	413 	45 	91 	91 
004187 	413 	45 	91 	91 
004188 	413 	45 	91 	91 
004189 	413 	45 	91 	91 
004190 	427 	62 	76 	76 
004191 	413 	45 	91 	91 
004192 	413 	45 	91 	91 
004193 	427 	62 	76 	76 
004194 	427 	62 	76 	76 
004195 	427 	62 	76 	76 
004196 	413 	45 	91 	91 
004197 	413 	45 	91 	91 
004198 	413 	45 	91 	91 
004199 	419 	54 	75 	76 
004200 	419 	54 	75 	76 
004201 	427 	62 	76 	76 
004202 	427 	62 	76 	76 
004203 	432 	66 	63 	63 
004204 	419 	54 	75 	76 
004205 	419 	54 	75 	76 
004206 	419 	54 	75 	76 
004207 	419 	54 	75 	76 
004208 	419 	62 	75 	76 
004209 	413 	45 	91 	91 
004210 	427 	62 	76 	76 
004211 	427 	62 	76 	76 
004212 	427 	62 	76 	76 
004213 	413 	45 	91 	91 
004214 	413 	45 	91 	91 
004215 	419 	54 	75 	76 
004216 	413 	45 	91 	91 
004217 	413 	45 	91 	91 
004218 	427 	62 	76 	76 
004219 	427 	62 	76 	76 
004220 	427 	62 	76 	76 
004221 	427 	62 	76 	76 
004222 	427 	62 	76 	76 
004223 	427 	62 	76 	76 
004224 	427 	62 	76 	76 
004225 	427 	62 	76 	76 
004226 	413 	55 	91 	91 
004227 	419 	62 	75 	76 
004228 	419 	62 	75 	76 
004229 	419 	62 	75 	76 
004230 	419 	62 	75 	76 
004231 	419 	62 	75 	76 
004232 	419 	62 	75 	76 
004233 	419 	62 	75 	76 
004234 	419 	62 	75 	76 
004235 	419 	62 	75 	76 
004236 	419 	62 	75 	76 
004237 	419 	62 	75 	76 
004238 	419 	62 	75 	76 
004239 	419 	62 	75 	76 
004240 	419 	62 	75 	76 
004241 	419 	62 	75 	76 
004242 	419 	62 	75 	76 
004243 	419 	62 	75 	76 
004244 	419 	62 	75 	76 
004245 	419 	62 	75 	76 
004246 	419 	62 	75 	76 
004247 	419 	62 	75 	76 
004248 	419 	54 	75 	76 
004249 	419 	54 	75 	76 
004250 	403 	45 	91 	91 
004251 	403 	45 	91 	91 
004252 	410 	46 	76 	76 
004253 	402 	46 	76 	76 
004254 	402 	54 	76 	76 
004255 	402 	54 	76 	76 
004256 	394 	54 	75 	76 
004257 	383 	45 	91 	91 
004258 	385 	54 	76 	76 
004259 	385 	54 	76 	76 
