Identity  : 	id10846
Reference : 	LHM7hGGyBHg
Offset    : 	-2
FV Conf   : 	18.792
ASD Conf  : 	6.480

FRAME 	X 	Y 	W 	H 
003247 	259 	115 	187 	187 
003248 	259 	115 	187 	187 
003249 	259 	115 	187 	187 
003250 	259 	115 	187 	187 
003251 	259 	115 	187 	187 
003252 	259 	115 	187 	187 
003253 	259 	115 	187 	187 
003254 	259 	115 	187 	187 
003255 	259 	115 	187 	187 
003256 	259 	115 	187 	187 
003257 	239 	115 	186 	187 
003258 	239 	115 	186 	187 
003259 	239 	115 	186 	187 
003260 	239 	115 	186 	187 
003261 	239 	115 	186 	187 
003262 	239 	115 	186 	187 
003263 	239 	115 	186 	187 
003264 	239 	115 	186 	187 
003265 	239 	115 	186 	187 
003266 	239 	115 	186 	187 
003267 	239 	115 	186 	187 
003268 	239 	115 	186 	187 
003269 	239 	115 	186 	187 
003270 	239 	115 	186 	187 
003271 	239 	115 	186 	187 
003272 	239 	115 	186 	187 
003273 	239 	115 	186 	187 
003274 	239 	115 	186 	187 
003275 	239 	115 	186 	187 
003276 	218 	115 	187 	187 
003277 	218 	115 	187 	187 
003278 	218 	115 	187 	187 
003279 	218 	115 	187 	187 
003280 	218 	115 	187 	187 
003281 	218 	115 	187 	187 
003282 	218 	115 	187 	187 
003283 	218 	115 	187 	187 
003284 	218 	136 	187 	187 
003285 	218 	136 	187 	187 
003286 	218 	136 	187 	187 
003287 	218 	136 	187 	187 
003288 	218 	136 	187 	187 
003289 	188 	114 	224 	224 
003290 	188 	114 	224 	224 
003291 	197 	115 	187 	187 
003292 	197 	115 	187 	187 
003293 	197 	115 	187 	187 
003294 	197 	115 	187 	187 
003295 	197 	115 	187 	187 
003296 	197 	115 	187 	187 
003297 	197 	115 	187 	187 
003298 	197 	115 	187 	187 
003299 	197 	115 	187 	187 
003300 	197 	115 	187 	187 
003301 	197 	115 	187 	187 
003302 	197 	115 	187 	187 
003303 	197 	115 	187 	187 
003304 	197 	115 	187 	187 
003305 	197 	115 	187 	187 
003306 	163 	89 	224 	224 
003307 	163 	89 	224 	224 
003308 	163 	89 	224 	224 
003309 	163 	89 	224 	224 
003310 	197 	115 	187 	187 
003311 	197 	115 	187 	187 
003312 	197 	115 	187 	187 
003313 	197 	115 	187 	187 
003314 	197 	115 	187 	187 
003315 	197 	115 	187 	187 
003316 	177 	115 	187 	187 
003317 	177 	115 	187 	187 
003318 	177 	115 	187 	187 
003319 	177 	115 	187 	187 
003320 	177 	115 	187 	187 
003321 	177 	115 	187 	187 
003322 	177 	115 	187 	187 
003323 	177 	115 	187 	187 
003324 	177 	115 	187 	187 
003325 	197 	115 	187 	187 
003326 	197 	115 	187 	187 
003327 	197 	115 	187 	187 
003328 	197 	115 	187 	187 
003329 	197 	115 	187 	187 
003330 	197 	115 	187 	187 
003331 	197 	115 	187 	187 
003332 	197 	115 	187 	187 
003333 	197 	115 	187 	187 
003334 	197 	115 	187 	187 
003335 	197 	115 	187 	187 
003336 	197 	115 	187 	187 
003337 	197 	115 	187 	187 
003338 	197 	115 	187 	187 
003339 	197 	115 	187 	187 
003340 	197 	115 	187 	187 
003341 	197 	115 	187 	187 
003342 	197 	115 	187 	187 
003343 	197 	115 	187 	187 
003344 	197 	115 	187 	187 
003345 	218 	115 	187 	187 
003346 	218 	115 	187 	187 
003347 	218 	115 	187 	187 
003348 	218 	115 	187 	187 
003349 	218 	115 	187 	187 
003350 	218 	115 	187 	187 
003351 	218 	115 	187 	187 
003352 	197 	115 	187 	187 
003353 	197 	115 	187 	187 
