Identity  : 	id10481
Reference : 	z07nk7EH4rQ
Offset    : 	-2
FV Conf   : 	16.400
ASD Conf  : 	6.570

FRAME 	X 	Y 	W 	H 
008708 	151 	166 	130 	130 
008709 	151 	166 	130 	130 
008710 	151 	166 	130 	130 
008711 	151 	152 	130 	130 
008712 	151 	152 	130 	130 
008713 	151 	152 	130 	130 
008714 	151 	152 	130 	130 
008715 	151 	152 	130 	130 
008716 	151 	152 	130 	130 
008717 	137 	152 	130 	130 
008718 	130 	148 	156 	155 
008719 	130 	130 	156 	156 
008720 	130 	130 	156 	156 
008721 	151 	137 	130 	130 
008722 	151 	152 	130 	130 
008723 	151 	152 	130 	130 
008724 	151 	152 	130 	130 
008725 	151 	152 	130 	130 
008726 	151 	152 	130 	130 
008727 	151 	152 	130 	130 
008728 	151 	152 	130 	130 
008729 	130 	148 	156 	155 
008730 	130 	148 	156 	155 
008731 	130 	148 	156 	155 
008732 	151 	166 	130 	130 
008733 	151 	166 	130 	130 
008734 	147 	148 	156 	155 
008735 	165 	152 	130 	130 
008736 	165 	152 	130 	130 
008737 	165 	152 	130 	130 
008738 	165 	152 	130 	130 
008739 	165 	152 	130 	130 
008740 	165 	152 	130 	130 
008741 	147 	148 	156 	155 
008742 	165 	152 	130 	130 
008743 	165 	152 	130 	130 
008744 	165 	152 	130 	130 
008745 	180 	152 	130 	130 
008746 	184 	152 	130 	130 
008747 	187 	152 	130 	130 
008748 	190 	152 	130 	130 
008749 	194 	152 	130 	130 
008750 	189 	152 	130 	130 
008751 	185 	152 	130 	130 
008752 	180 	152 	130 	130 
008753 	180 	152 	130 	130 
008754 	180 	152 	130 	130 
008755 	180 	152 	130 	130 
008756 	180 	152 	130 	130 
008757 	180 	137 	130 	130 
008758 	180 	137 	130 	130 
008759 	180 	137 	130 	130 
008760 	180 	137 	130 	130 
008761 	180 	152 	130 	130 
008762 	180 	152 	130 	130 
008763 	180 	152 	130 	130 
008764 	180 	152 	130 	130 
008765 	180 	152 	130 	130 
008766 	180 	152 	130 	130 
008767 	164 	113 	156 	156 
008768 	181 	113 	156 	156 
008769 	181 	113 	156 	156 
008770 	181 	96 	156 	156 
008771 	181 	96 	156 	156 
008772 	164 	96 	156 	156 
008773 	164 	96 	156 	156 
008774 	164 	96 	156 	156 
008775 	164 	96 	156 	156 
008776 	164 	96 	156 	156 
008777 	164 	96 	156 	156 
008778 	164 	96 	156 	156 
008779 	164 	96 	156 	156 
008780 	164 	96 	156 	156 
008781 	164 	96 	156 	156 
008782 	164 	96 	156 	156 
008783 	164 	96 	156 	156 
008784 	164 	96 	156 	156 
008785 	164 	96 	156 	156 
008786 	164 	96 	156 	156 
008787 	164 	96 	156 	156 
008788 	181 	113 	156 	156 
008789 	181 	96 	156 	156 
008790 	181 	96 	156 	156 
008791 	181 	96 	156 	156 
008792 	181 	96 	156 	156 
008793 	181 	96 	156 	156 
008794 	181 	96 	156 	156 
008795 	181 	96 	156 	156 
008796 	181 	96 	156 	156 
008797 	181 	96 	156 	156 
008798 	181 	96 	156 	156 
008799 	181 	96 	156 	156 
008800 	181 	96 	156 	156 
008801 	181 	79 	156 	156 
008802 	181 	96 	156 	156 
008803 	181 	96 	156 	156 
008804 	181 	96 	156 	156 
008805 	181 	96 	156 	156 
008806 	181 	96 	156 	156 
008807 	181 	96 	156 	156 
008808 	181 	96 	156 	156 
008809 	181 	96 	156 	156 
008810 	181 	96 	156 	156 
008811 	181 	96 	156 	156 
008812 	181 	96 	156 	156 
008813 	181 	96 	156 	156 
008814 	181 	96 	156 	156 
008815 	164 	96 	156 	156 
008816 	164 	96 	156 	156 
008817 	164 	96 	156 	156 
008818 	164 	113 	156 	156 
008819 	147 	113 	156 	156 
008820 	147 	113 	156 	156 
008821 	147 	113 	156 	156 
008822 	147 	113 	156 	156 
008823 	147 	96 	156 	156 
008824 	147 	96 	156 	156 
008825 	164 	96 	156 	156 
008826 	164 	96 	156 	156 
008827 	164 	96 	156 	156 
008828 	164 	96 	156 	156 
008829 	164 	96 	156 	156 
008830 	164 	96 	156 	156 
008831 	164 	96 	156 	156 
008832 	164 	96 	156 	156 
008833 	164 	96 	156 	156 
008834 	164 	96 	156 	156 
008835 	164 	96 	156 	156 
008836 	164 	96 	156 	156 
008837 	164 	96 	156 	156 
008838 	164 	96 	156 	156 
008839 	164 	96 	156 	156 
008840 	164 	113 	156 	156 
008841 	164 	113 	156 	156 
008842 	165 	137 	130 	130 
008843 	165 	137 	130 	130 
008844 	165 	137 	130 	130 
008845 	165 	137 	130 	130 
008846 	165 	137 	130 	130 
008847 	164 	113 	156 	156 
008848 	164 	113 	156 	156 
008849 	164 	113 	156 	156 
008850 	164 	96 	156 	156 
