Identity  : 	id10936
Reference : 	esW_paVy27g
Offset    : 	-3
FV Conf   : 	16.705
ASD Conf  : 	6.711

FRAME 	X 	Y 	W 	H 
001932 	199 	62 	155 	155 
001933 	199 	62 	155 	155 
001934 	199 	62 	155 	155 
001935 	208 	80 	130 	130 
001936 	208 	80 	130 	130 
001937 	208 	80 	130 	130 
001938 	208 	80 	130 	130 
001939 	208 	80 	130 	130 
001940 	208 	80 	130 	130 
001941 	208 	80 	130 	130 
001942 	208 	80 	130 	130 
001943 	208 	80 	130 	130 
001944 	208 	80 	130 	130 
001945 	208 	80 	130 	130 
001946 	208 	80 	130 	130 
001947 	208 	80 	130 	130 
001948 	208 	80 	130 	130 
001949 	208 	80 	130 	130 
001950 	208 	80 	130 	130 
001951 	208 	80 	130 	130 
001952 	208 	80 	130 	130 
001953 	208 	80 	130 	130 
001954 	208 	80 	130 	130 
001955 	208 	80 	130 	130 
001956 	208 	80 	130 	130 
001957 	208 	80 	130 	130 
001958 	208 	80 	130 	130 
001959 	208 	80 	130 	130 
001960 	208 	80 	130 	130 
001961 	194 	80 	130 	130 
001962 	194 	80 	130 	130 
001963 	194 	80 	130 	130 
001964 	181 	79 	156 	156 
001965 	181 	79 	156 	156 
001966 	194 	94 	130 	130 
001967 	194 	94 	130 	130 
001968 	194 	94 	130 	130 
001969 	194 	94 	130 	130 
001970 	194 	94 	130 	130 
001971 	194 	94 	130 	130 
001972 	194 	94 	130 	130 
001973 	194 	94 	130 	130 
001974 	181 	79 	156 	156 
001975 	181 	79 	156 	156 
001976 	181 	79 	156 	156 
001977 	181 	79 	156 	156 
001978 	194 	80 	130 	130 
001979 	208 	80 	130 	130 
001980 	208 	80 	130 	130 
001981 	208 	80 	130 	130 
001982 	208 	66 	130 	130 
001983 	208 	66 	130 	130 
001984 	208 	66 	130 	130 
001985 	208 	66 	130 	130 
001986 	208 	66 	130 	130 
001987 	208 	66 	130 	130 
001988 	208 	66 	130 	130 
001989 	208 	66 	130 	130 
001990 	208 	66 	130 	130 
001991 	208 	66 	130 	130 
001992 	208 	66 	130 	130 
001993 	208 	66 	130 	130 
001994 	208 	66 	130 	130 
001995 	208 	66 	130 	130 
001996 	208 	66 	130 	130 
001997 	208 	66 	130 	130 
001998 	208 	80 	130 	130 
001999 	208 	66 	130 	130 
002000 	208 	66 	130 	130 
002001 	208 	66 	130 	130 
002002 	208 	66 	130 	130 
002003 	208 	66 	130 	130 
002004 	208 	66 	130 	130 
002005 	208 	66 	130 	130 
002006 	208 	66 	130 	130 
002007 	199 	62 	155 	155 
002008 	223 	66 	130 	130 
002009 	223 	80 	130 	130 
002010 	216 	62 	156 	155 
002011 	216 	62 	156 	155 
002012 	216 	62 	156 	155 
002013 	216 	62 	156 	155 
002014 	216 	62 	156 	155 
002015 	216 	62 	156 	155 
002016 	216 	62 	156 	155 
002017 	216 	62 	156 	155 
002018 	216 	62 	156 	155 
002019 	216 	62 	156 	155 
002020 	216 	62 	156 	155 
002021 	223 	80 	130 	130 
002022 	223 	80 	130 	130 
002023 	223 	80 	130 	130 
002024 	199 	62 	155 	155 
002025 	199 	62 	155 	155 
002026 	199 	62 	155 	155 
002027 	208 	80 	130 	130 
002028 	208 	66 	130 	130 
002029 	181 	62 	156 	155 
002030 	181 	62 	156 	155 
002031 	208 	80 	130 	130 
002032 	208 	80 	130 	130 
002033 	208 	80 	130 	130 
002034 	208 	80 	130 	130 
002035 	208 	80 	130 	130 
002036 	208 	80 	130 	130 
002037 	208 	80 	130 	130 
002038 	199 	62 	155 	155 
002039 	199 	62 	155 	155 
002040 	223 	80 	130 	130 
002041 	223 	80 	130 	130 
002042 	223 	80 	130 	130 
002043 	223 	80 	130 	130 
002044 	223 	80 	130 	130 
002045 	223 	80 	130 	130 
002046 	223 	80 	130 	130 
002047 	223 	80 	130 	130 
002048 	199 	62 	155 	155 
002049 	208 	80 	130 	130 
002050 	208 	80 	130 	130 
002051 	208 	80 	130 	130 
002052 	208 	80 	130 	130 
002053 	208 	80 	130 	130 
002054 	208 	80 	130 	130 
002055 	208 	80 	130 	130 
002056 	208 	80 	130 	130 
002057 	208 	80 	130 	130 
002058 	208 	80 	130 	130 
002059 	223 	80 	130 	130 
002060 	223 	80 	130 	130 
002061 	223 	80 	130 	130 
002062 	223 	80 	130 	130 
002063 	223 	80 	130 	130 
002064 	208 	80 	130 	130 
002065 	208 	80 	130 	130 
002066 	208 	80 	130 	130 
002067 	208 	80 	130 	130 
002068 	208 	80 	130 	130 
002069 	208 	80 	130 	130 
002070 	208 	80 	130 	130 
002071 	208 	80 	130 	130 
002072 	208 	80 	130 	130 
002073 	208 	80 	130 	130 
002074 	199 	62 	155 	155 
002075 	216 	62 	156 	155 
002076 	216 	62 	156 	155 
002077 	216 	62 	156 	155 
002078 	216 	62 	156 	155 
002079 	216 	62 	156 	155 
002080 	216 	62 	156 	155 
002081 	216 	62 	156 	155 
002082 	199 	62 	155 	155 
002083 	199 	62 	155 	155 
002084 	199 	62 	155 	155 
002085 	199 	79 	155 	156 
002086 	199 	79 	155 	156 
002087 	208 	94 	130 	130 
002088 	208 	94 	130 	130 
002089 	208 	94 	130 	130 
002090 	208 	94 	130 	130 
002091 	208 	94 	130 	130 
002092 	199 	79 	155 	156 
002093 	199 	79 	155 	156 
002094 	199 	79 	155 	156 
002095 	223 	80 	130 	130 
002096 	223 	80 	130 	130 
002097 	223 	80 	130 	130 
002098 	223 	80 	130 	130 
002099 	223 	80 	130 	130 
002100 	223 	80 	130 	130 
002101 	223 	80 	130 	130 
002102 	223 	80 	130 	130 
002103 	208 	80 	130 	130 
002104 	199 	62 	155 	155 
002105 	199 	62 	155 	155 
002106 	208 	80 	130 	130 
002107 	199 	62 	155 	155 
002108 	199 	62 	155 	155 
002109 	223 	80 	130 	130 
002110 	199 	62 	155 	155 
002111 	199 	62 	155 	155 
002112 	199 	62 	155 	155 
002113 	199 	62 	155 	155 
002114 	199 	62 	155 	155 
002115 	208 	80 	130 	130 
002116 	208 	80 	130 	130 
002117 	208 	80 	130 	130 
002118 	208 	80 	130 	130 
002119 	208 	94 	130 	130 
002120 	208 	94 	130 	130 
002121 	208 	94 	130 	130 
002122 	208 	94 	130 	130 
002123 	208 	94 	130 	130 
002124 	208 	94 	130 	130 
002125 	208 	80 	130 	130 
002126 	208 	80 	130 	130 
002127 	208 	80 	130 	130 
002128 	208 	80 	130 	130 
002129 	208 	80 	130 	130 
002130 	208 	80 	130 	130 
002131 	208 	66 	130 	130 
002132 	208 	66 	130 	130 
002133 	208 	66 	130 	130 
002134 	208 	66 	130 	130 
002135 	208 	66 	130 	130 
002136 	199 	62 	155 	155 
002137 	223 	66 	130 	130 
002138 	223 	80 	130 	130 
002139 	223 	80 	130 	130 
002140 	223 	80 	130 	130 
002141 	223 	80 	130 	130 
002142 	223 	80 	130 	130 
002143 	223 	80 	130 	130 
002144 	223 	80 	130 	130 
002145 	223 	80 	130 	130 
002146 	223 	80 	130 	130 
002147 	223 	80 	130 	130 
002148 	223 	80 	130 	130 
002149 	223 	80 	130 	130 
002150 	223 	80 	130 	130 
002151 	216 	62 	156 	155 
002152 	216 	62 	156 	155 
002153 	216 	62 	156 	155 
002154 	216 	79 	156 	156 
002155 	216 	62 	156 	155 
002156 	216 	62 	156 	155 
002157 	216 	62 	156 	155 
002158 	216 	62 	156 	155 
002159 	237 	80 	130 	130 
002160 	216 	62 	156 	155 
002161 	223 	80 	130 	130 
002162 	223 	80 	130 	130 
002163 	216 	62 	156 	155 
002164 	216 	62 	156 	155 
002165 	216 	62 	156 	155 
002166 	223 	80 	130 	130 
002167 	223 	80 	130 	130 
002168 	223 	80 	130 	130 
002169 	223 	66 	130 	130 
002170 	223 	66 	130 	130 
002171 	223 	66 	130 	130 
002172 	223 	66 	130 	130 
002173 	223 	66 	130 	130 
002174 	223 	66 	130 	130 
002175 	223 	66 	130 	130 
002176 	223 	66 	130 	130 
002177 	223 	66 	130 	130 
002178 	223 	66 	130 	130 
002179 	199 	44 	155 	156 
002180 	199 	44 	155 	156 
002181 	199 	44 	155 	156 
002182 	199 	44 	155 	156 
002183 	208 	66 	130 	130 
002184 	208 	66 	130 	130 
002185 	208 	66 	130 	130 
002186 	208 	66 	130 	130 
002187 	208 	66 	130 	130 
002188 	208 	66 	130 	130 
002189 	208 	66 	130 	130 
002190 	208 	66 	130 	130 
002191 	208 	66 	130 	130 
002192 	208 	66 	130 	130 
002193 	208 	66 	130 	130 
002194 	208 	66 	130 	130 
002195 	208 	66 	130 	130 
002196 	194 	66 	130 	130 
002197 	194 	66 	130 	130 
002198 	194 	66 	130 	130 
002199 	194 	66 	130 	130 
002200 	194 	80 	130 	130 
002201 	194 	80 	130 	130 
002202 	194 	80 	130 	130 
002203 	194 	80 	130 	130 
002204 	194 	80 	130 	130 
002205 	194 	80 	130 	130 
002206 	194 	80 	130 	130 
002207 	194 	80 	130 	130 
002208 	194 	80 	130 	130 
002209 	194 	80 	130 	130 
002210 	194 	80 	130 	130 
002211 	194 	94 	130 	130 
002212 	194 	80 	130 	130 
002213 	194 	80 	130 	130 
002214 	194 	80 	130 	130 
002215 	194 	80 	130 	130 
002216 	181 	62 	156 	155 
002217 	181 	62 	156 	155 
002218 	181 	62 	156 	155 
002219 	181 	62 	156 	155 
002220 	181 	62 	156 	155 
002221 	181 	62 	156 	155 
002222 	181 	62 	156 	155 
002223 	181 	62 	156 	155 
002224 	181 	62 	156 	155 
002225 	194 	80 	130 	130 
002226 	194 	80 	130 	130 
002227 	194 	80 	130 	130 
002228 	208 	80 	130 	130 
002229 	208 	80 	130 	130 
002230 	208 	80 	130 	130 
002231 	208 	80 	130 	130 
002232 	199 	62 	155 	155 
002233 	199 	62 	155 	155 
002234 	216 	62 	156 	155 
002235 	216 	62 	156 	155 
002236 	216 	62 	156 	155 
002237 	216 	62 	156 	155 
002238 	216 	62 	156 	155 
002239 	216 	62 	156 	155 
002240 	216 	62 	156 	155 
002241 	216 	62 	156 	155 
002242 	216 	62 	156 	155 
002243 	216 	62 	156 	155 
002244 	223 	80 	130 	130 
002245 	216 	62 	156 	155 
002246 	216 	62 	156 	155 
002247 	223 	80 	130 	130 
002248 	216 	62 	156 	155 
002249 	223 	80 	130 	130 
002250 	223 	80 	130 	130 
002251 	223 	80 	130 	130 
002252 	223 	80 	130 	130 
002253 	208 	80 	130 	130 
002254 	208 	80 	130 	130 
002255 	208 	80 	130 	130 
002256 	208 	80 	130 	130 
002257 	194 	80 	130 	130 
002258 	194 	80 	130 	130 
002259 	194 	80 	130 	130 
002260 	194 	80 	130 	130 
002261 	194 	80 	130 	130 
002262 	194 	80 	130 	130 
002263 	194 	80 	130 	130 
002264 	194 	80 	130 	130 
002265 	194 	80 	130 	130 
002266 	194 	80 	130 	130 
002267 	194 	80 	130 	130 
002268 	194 	80 	130 	130 
002269 	194 	80 	130 	130 
002270 	194 	80 	130 	130 
002271 	194 	80 	130 	130 
002272 	194 	80 	130 	130 
002273 	194 	80 	130 	130 
002274 	208 	80 	130 	130 
002275 	208 	80 	130 	130 
002276 	194 	80 	130 	130 
002277 	194 	80 	130 	130 
002278 	208 	80 	130 	130 
002279 	208 	80 	130 	130 
002280 	208 	80 	130 	130 
002281 	208 	80 	130 	130 
002282 	208 	80 	130 	130 
002283 	208 	80 	130 	130 
002284 	208 	80 	130 	130 
002285 	208 	80 	130 	130 
002286 	208 	80 	130 	130 
002287 	208 	80 	130 	130 
002288 	208 	80 	130 	130 
002289 	208 	80 	130 	130 
002290 	208 	80 	130 	130 
002291 	208 	80 	130 	130 
002292 	208 	80 	130 	130 
002293 	208 	80 	130 	130 
002294 	208 	80 	130 	130 
002295 	208 	80 	130 	130 
002296 	208 	80 	130 	130 
002297 	208 	80 	130 	130 
002298 	208 	80 	130 	130 
002299 	208 	80 	130 	130 
002300 	208 	80 	130 	130 
002301 	208 	80 	130 	130 
002302 	208 	80 	130 	130 
002303 	208 	80 	130 	130 
002304 	208 	80 	130 	130 
002305 	208 	80 	130 	130 
002306 	208 	80 	130 	130 
002307 	208 	80 	130 	130 
002308 	208 	80 	130 	130 
002309 	208 	80 	130 	130 
002310 	208 	80 	130 	130 
002311 	208 	80 	130 	130 
002312 	208 	80 	130 	130 
002313 	208 	80 	130 	130 
002314 	208 	80 	130 	130 
002315 	208 	80 	130 	130 
002316 	208 	80 	130 	130 
002317 	208 	80 	130 	130 
002318 	208 	80 	130 	130 
002319 	208 	80 	130 	130 
002320 	208 	80 	130 	130 
002321 	208 	80 	130 	130 
002322 	208 	80 	130 	130 
002323 	208 	80 	130 	130 
002324 	208 	80 	130 	130 
002325 	208 	80 	130 	130 
002326 	208 	80 	130 	130 
002327 	208 	80 	130 	130 
002328 	208 	80 	130 	130 
002329 	208 	80 	130 	130 
002330 	208 	80 	130 	130 
002331 	199 	62 	155 	155 
002332 	208 	80 	130 	130 
002333 	208 	80 	130 	130 
002334 	208 	80 	130 	130 
002335 	208 	80 	130 	130 
002336 	208 	80 	130 	130 
002337 	208 	80 	130 	130 
002338 	208 	80 	130 	130 
002339 	208 	80 	130 	130 
002340 	208 	80 	130 	130 
002341 	208 	80 	130 	130 
002342 	208 	80 	130 	130 
002343 	208 	80 	130 	130 
002344 	208 	80 	130 	130 
002345 	208 	80 	130 	130 
002346 	208 	80 	130 	130 
002347 	208 	80 	130 	130 
002348 	208 	80 	130 	130 
002349 	208 	80 	130 	130 
002350 	208 	80 	130 	130 
002351 	208 	80 	130 	130 
002352 	208 	80 	130 	130 
002353 	208 	80 	130 	130 
002354 	208 	80 	130 	130 
002355 	208 	80 	130 	130 
002356 	208 	80 	130 	130 
002357 	208 	80 	130 	130 
002358 	208 	80 	130 	130 
002359 	208 	80 	130 	130 
002360 	208 	80 	130 	130 
002361 	208 	80 	130 	130 
002362 	208 	80 	130 	130 
002363 	208 	80 	130 	130 
002364 	208 	80 	130 	130 
002365 	208 	80 	130 	130 
002366 	208 	80 	130 	130 
002367 	208 	80 	130 	130 
002368 	208 	80 	130 	130 
002369 	208 	80 	130 	130 
002370 	208 	80 	130 	130 
002371 	208 	80 	130 	130 
002372 	208 	80 	130 	130 
002373 	208 	80 	130 	130 
002374 	194 	80 	130 	130 
002375 	194 	80 	130 	130 
002376 	194 	80 	130 	130 
002377 	194 	80 	130 	130 
002378 	208 	80 	130 	130 
002379 	208 	80 	130 	130 
002380 	208 	80 	130 	130 
002381 	208 	80 	130 	130 
002382 	223 	80 	130 	130 
002383 	223 	80 	130 	130 
002384 	223 	80 	130 	130 
002385 	223 	80 	130 	130 
002386 	223 	80 	130 	130 
002387 	208 	80 	130 	130 
002388 	208 	80 	130 	130 
002389 	208 	80 	130 	130 
002390 	208 	80 	130 	130 
002391 	208 	80 	130 	130 
002392 	208 	80 	130 	130 
002393 	208 	80 	130 	130 
002394 	208 	80 	130 	130 
002395 	199 	62 	155 	155 
002396 	208 	80 	130 	130 
002397 	208 	80 	130 	130 
002398 	208 	80 	130 	130 
002399 	208 	80 	130 	130 
002400 	208 	80 	130 	130 
002401 	208 	80 	130 	130 
002402 	208 	80 	130 	130 
002403 	208 	80 	130 	130 
002404 	223 	80 	130 	130 
002405 	223 	80 	130 	130 
002406 	208 	80 	130 	130 
002407 	208 	80 	130 	130 
002408 	208 	80 	130 	130 
002409 	208 	80 	130 	130 
002410 	208 	80 	130 	130 
002411 	208 	80 	130 	130 
002412 	208 	80 	130 	130 
002413 	223 	80 	130 	130 
002414 	223 	80 	130 	130 
002415 	208 	80 	130 	130 
002416 	208 	80 	130 	130 
002417 	208 	80 	130 	130 
002418 	208 	80 	130 	130 
002419 	208 	80 	130 	130 
002420 	223 	80 	130 	130 
002421 	223 	80 	130 	130 
002422 	223 	80 	130 	130 
002423 	199 	79 	155 	156 
002424 	208 	80 	130 	130 
002425 	208 	80 	130 	130 
002426 	208 	80 	130 	130 
002427 	223 	80 	130 	130 
002428 	223 	80 	130 	130 
002429 	223 	80 	130 	130 
002430 	223 	80 	130 	130 
002431 	199 	62 	155 	155 
002432 	199 	62 	155 	155 
002433 	199 	62 	155 	155 
002434 	199 	62 	155 	155 
002435 	199 	62 	155 	155 
002436 	208 	80 	130 	130 
002437 	208 	80 	130 	130 
002438 	199 	79 	155 	156 
002439 	199 	79 	155 	156 
002440 	199 	79 	155 	156 
002441 	208 	80 	130 	130 
002442 	208 	80 	130 	130 
002443 	208 	80 	130 	130 
002444 	181 	79 	156 	156 
002445 	181 	79 	156 	156 
002446 	208 	80 	130 	130 
002447 	208 	80 	130 	130 
002448 	208 	80 	130 	130 
002449 	208 	80 	130 	130 
002450 	208 	80 	130 	130 
002451 	208 	80 	130 	130 
002452 	208 	80 	130 	130 
002453 	208 	80 	130 	130 
002454 	199 	62 	155 	155 
002455 	199 	62 	155 	155 
002456 	199 	62 	155 	155 
002457 	199 	62 	155 	155 
002458 	199 	62 	155 	155 
002459 	199 	62 	155 	155 
002460 	199 	62 	155 	155 
002461 	208 	66 	130 	130 
002462 	208 	66 	130 	130 
002463 	208 	66 	130 	130 
002464 	208 	66 	130 	130 
002465 	208 	66 	130 	130 
002466 	208 	66 	130 	130 
002467 	181 	62 	156 	155 
002468 	181 	62 	156 	155 
002469 	181 	62 	156 	155 
002470 	181 	62 	156 	155 
002471 	194 	80 	130 	130 
002472 	194 	80 	130 	130 
002473 	181 	62 	156 	155 
002474 	181 	62 	156 	155 
002475 	181 	62 	156 	155 
002476 	181 	62 	156 	155 
002477 	181 	62 	156 	155 
002478 	181 	62 	156 	155 
002479 	181 	62 	156 	155 
002480 	181 	62 	156 	155 
002481 	208 	80 	130 	130 
002482 	208 	80 	130 	130 
002483 	208 	80 	130 	130 
002484 	208 	80 	130 	130 
002485 	208 	80 	130 	130 
002486 	208 	80 	130 	130 
002487 	194 	80 	130 	130 
002488 	181 	62 	156 	155 
002489 	181 	62 	156 	155 
002490 	181 	62 	156 	155 
002491 	194 	80 	130 	130 
002492 	194 	80 	130 	130 
002493 	194 	80 	130 	130 
002494 	208 	80 	130 	130 
002495 	208 	80 	130 	130 
002496 	199 	62 	155 	155 
002497 	199 	62 	155 	155 
002498 	223 	80 	130 	130 
002499 	223 	80 	130 	130 
002500 	223 	80 	130 	130 
002501 	223 	80 	130 	130 
002502 	223 	80 	130 	130 
002503 	223 	80 	130 	130 
002504 	223 	80 	130 	130 
002505 	223 	80 	130 	130 
002506 	223 	80 	130 	130 
002507 	223 	80 	130 	130 
002508 	199 	62 	155 	155 
002509 	199 	62 	155 	155 
002510 	199 	62 	155 	155 
002511 	208 	66 	130 	130 
002512 	181 	62 	156 	155 
002513 	181 	62 	156 	155 
002514 	181 	62 	156 	155 
002515 	181 	62 	156 	155 
002516 	181 	62 	156 	155 
002517 	181 	62 	156 	155 
002518 	208 	80 	130 	130 
002519 	208 	80 	130 	130 
002520 	208 	94 	130 	130 
002521 	208 	94 	130 	130 
002522 	208 	94 	130 	130 
002523 	208 	94 	130 	130 
002524 	208 	94 	130 	130 
002525 	208 	94 	130 	130 
002526 	208 	94 	130 	130 
002527 	208 	94 	130 	130 
002528 	208 	94 	130 	130 
002529 	208 	80 	130 	130 
002530 	208 	80 	130 	130 
002531 	208 	80 	130 	130 
002532 	208 	80 	130 	130 
002533 	208 	80 	130 	130 
002534 	208 	80 	130 	130 
002535 	208 	80 	130 	130 
002536 	208 	80 	130 	130 
002537 	208 	80 	130 	130 
002538 	208 	80 	130 	130 
002539 	208 	80 	130 	130 
002540 	208 	80 	130 	130 
002541 	208 	66 	130 	130 
002542 	181 	62 	156 	155 
002543 	181 	62 	156 	155 
002544 	181 	62 	156 	155 
002545 	194 	80 	130 	130 
002546 	194 	80 	130 	130 
002547 	181 	62 	156 	155 
002548 	181 	62 	156 	155 
002549 	208 	80 	130 	130 
002550 	199 	62 	155 	155 
002551 	208 	80 	130 	130 
002552 	199 	62 	155 	155 
002553 	223 	80 	130 	130 
002554 	223 	80 	130 	130 
002555 	199 	62 	155 	155 
002556 	199 	62 	155 	155 
002557 	208 	80 	130 	130 
002558 	208 	80 	130 	130 
002559 	208 	80 	130 	130 
002560 	208 	80 	130 	130 
002561 	208 	80 	130 	130 
002562 	208 	80 	130 	130 
002563 	208 	80 	130 	130 
002564 	208 	80 	130 	130 
002565 	199 	62 	155 	155 
002566 	223 	80 	130 	130 
002567 	223 	80 	130 	130 
002568 	223 	80 	130 	130 
002569 	223 	80 	130 	130 
002570 	208 	80 	130 	130 
002571 	208 	80 	130 	130 
002572 	208 	80 	130 	130 
002573 	208 	80 	130 	130 
002574 	208 	80 	130 	130 
002575 	208 	80 	130 	130 
002576 	208 	80 	130 	130 
002577 	208 	80 	130 	130 
002578 	208 	80 	130 	130 
002579 	199 	62 	155 	155 
002580 	199 	62 	155 	155 
002581 	199 	62 	155 	155 
002582 	199 	62 	155 	155 
002583 	208 	80 	130 	130 
002584 	208 	80 	130 	130 
002585 	208 	80 	130 	130 
002586 	208 	80 	130 	130 
002587 	223 	80 	130 	130 
002588 	216 	62 	156 	155 
002589 	216 	62 	156 	155 
002590 	216 	62 	156 	155 
002591 	216 	79 	156 	156 
002592 	237 	94 	130 	130 
002593 	237 	80 	130 	130 
002594 	216 	62 	156 	155 
002595 	216 	62 	156 	155 
002596 	216 	62 	156 	155 
002597 	216 	62 	156 	155 
002598 	216 	62 	156 	155 
002599 	237 	80 	130 	130 
002600 	237 	80 	130 	130 
002601 	237 	66 	130 	130 
002602 	237 	66 	130 	130 
002603 	237 	80 	130 	130 
002604 	237 	80 	130 	130 
002605 	216 	62 	156 	155 
002606 	216 	62 	156 	155 
002607 	223 	80 	130 	130 
002608 	223 	80 	130 	130 
002609 	223 	80 	130 	130 
002610 	223 	80 	130 	130 
002611 	223 	80 	130 	130 
002612 	223 	80 	130 	130 
002613 	223 	80 	130 	130 
002614 	223 	80 	130 	130 
002615 	208 	80 	130 	130 
002616 	208 	80 	130 	130 
002617 	208 	80 	130 	130 
002618 	208 	80 	130 	130 
002619 	208 	80 	130 	130 
002620 	208 	80 	130 	130 
002621 	223 	80 	130 	130 
002622 	223 	80 	130 	130 
002623 	223 	80 	130 	130 
002624 	223 	80 	130 	130 
002625 	208 	80 	130 	130 
002626 	223 	80 	130 	130 
002627 	223 	80 	130 	130 
002628 	223 	80 	130 	130 
002629 	223 	80 	130 	130 
002630 	223 	80 	130 	130 
002631 	223 	80 	130 	130 
002632 	223 	80 	130 	130 
002633 	223 	80 	130 	130 
002634 	223 	80 	130 	130 
002635 	223 	80 	130 	130 
002636 	223 	80 	130 	130 
002637 	223 	80 	130 	130 
002638 	223 	80 	130 	130 
002639 	223 	80 	130 	130 
002640 	199 	79 	155 	156 
002641 	208 	80 	130 	130 
002642 	208 	80 	130 	130 
002643 	208 	80 	130 	130 
002644 	208 	80 	130 	130 
002645 	208 	80 	130 	130 
002646 	223 	80 	130 	130 
002647 	223 	80 	130 	130 
002648 	223 	80 	130 	130 
002649 	223 	80 	130 	130 
002650 	223 	80 	130 	130 
002651 	223 	80 	130 	130 
002652 	223 	80 	130 	130 
002653 	208 	80 	130 	130 
002654 	208 	80 	130 	130 
002655 	208 	80 	130 	130 
002656 	208 	80 	130 	130 
002657 	208 	80 	130 	130 
002658 	208 	80 	130 	130 
002659 	223 	80 	130 	130 
002660 	223 	80 	130 	130 
002661 	223 	80 	130 	130 
002662 	223 	80 	130 	130 
002663 	223 	80 	130 	130 
002664 	223 	80 	130 	130 
002665 	223 	80 	130 	130 
