Identity  : 	id10406
Reference : 	VzA66aG_-Lw
Offset    : 	1
FV Conf   : 	16.663
ASD Conf  : 	7.935

FRAME 	X 	Y 	W 	H 
000651 	251 	94 	130 	130 
000652 	251 	94 	130 	130 
000653 	251 	94 	130 	130 
000654 	251 	94 	130 	130 
000655 	251 	94 	130 	130 
000656 	251 	94 	130 	130 
000657 	251 	94 	130 	130 
000658 	251 	94 	130 	130 
000659 	251 	94 	130 	130 
000660 	251 	94 	130 	130 
000661 	251 	94 	130 	130 
000662 	251 	94 	130 	130 
000663 	251 	94 	130 	130 
000664 	251 	94 	130 	130 
000665 	251 	94 	130 	130 
000666 	251 	94 	130 	130 
000667 	251 	94 	130 	130 
000668 	251 	94 	130 	130 
000669 	251 	94 	130 	130 
000670 	251 	94 	130 	130 
000671 	251 	94 	130 	130 
000672 	251 	94 	130 	130 
000673 	251 	109 	130 	130 
000674 	257 	102 	109 	109 
000675 	257 	114 	109 	109 
000676 	237 	94 	130 	130 
000677 	237 	94 	130 	130 
000678 	237 	94 	130 	130 
000679 	237 	94 	130 	130 
000680 	237 	94 	130 	130 
000681 	237 	94 	130 	130 
000682 	245 	114 	109 	109 
000683 	237 	94 	130 	130 
000684 	237 	94 	130 	130 
000685 	245 	114 	109 	109 
000686 	237 	94 	130 	130 
000687 	245 	114 	109 	109 
000688 	237 	94 	130 	130 
000689 	237 	94 	130 	130 
000690 	237 	94 	130 	130 
000691 	245 	102 	109 	109 
000692 	237 	94 	130 	130 
000693 	237 	94 	130 	130 
000694 	237 	94 	130 	130 
000695 	237 	94 	130 	130 
000696 	237 	94 	130 	130 
000697 	237 	94 	130 	130 
000698 	237 	94 	130 	130 
000699 	237 	94 	130 	130 
000700 	237 	94 	130 	130 
000701 	237 	94 	130 	130 
000702 	237 	94 	130 	130 
000703 	237 	94 	130 	130 
000704 	257 	102 	109 	109 
000705 	257 	102 	109 	109 
000706 	251 	94 	130 	130 
000707 	251 	94 	130 	130 
000708 	251 	94 	130 	130 
000709 	251 	94 	130 	130 
000710 	251 	94 	130 	130 
000711 	251 	94 	130 	130 
000712 	269 	102 	108 	109 
000713 	269 	102 	108 	109 
000714 	266 	94 	130 	130 
000715 	266 	94 	130 	130 
000716 	266 	94 	130 	130 
000717 	266 	94 	130 	130 
000718 	281 	102 	108 	109 
000719 	280 	94 	130 	130 
000720 	280 	94 	130 	130 
000721 	280 	94 	130 	130 
000722 	280 	94 	130 	130 
000723 	280 	94 	130 	130 
000724 	280 	94 	130 	130 
000725 	280 	94 	130 	130 
000726 	280 	94 	130 	130 
000727 	280 	80 	130 	130 
000728 	280 	80 	130 	130 
000729 	280 	80 	130 	130 
000730 	280 	80 	130 	130 
000731 	281 	102 	108 	109 
000732 	281 	102 	108 	109 
000733 	281 	102 	108 	109 
000734 	266 	94 	130 	130 
000735 	266 	94 	130 	130 
000736 	266 	94 	130 	130 
000737 	266 	94 	130 	130 
000738 	266 	94 	130 	130 
000739 	266 	94 	130 	130 
000740 	266 	94 	130 	130 
000741 	266 	94 	130 	130 
000742 	266 	94 	130 	130 
000743 	266 	94 	130 	130 
000744 	266 	94 	130 	130 
000745 	266 	94 	130 	130 
000746 	266 	94 	130 	130 
000747 	266 	94 	130 	130 
000748 	266 	94 	130 	130 
000749 	266 	94 	130 	130 
000750 	266 	94 	130 	130 
000751 	266 	94 	130 	130 
000752 	266 	94 	130 	130 
000753 	266 	94 	130 	130 
000754 	266 	94 	130 	130 
000755 	269 	102 	108 	109 
000756 	269 	102 	108 	109 
000757 	269 	102 	108 	109 
000758 	269 	102 	108 	109 
000759 	269 	102 	108 	109 
000760 	266 	94 	130 	130 
000761 	269 	102 	108 	109 
000762 	269 	102 	108 	109 
000763 	269 	102 	108 	109 
000764 	269 	102 	108 	109 
000765 	269 	102 	108 	109 
000766 	269 	102 	108 	109 
000767 	269 	102 	108 	109 
000768 	269 	102 	108 	109 
000769 	269 	102 	108 	109 
000770 	269 	102 	108 	109 
000771 	269 	102 	108 	109 
000772 	269 	102 	108 	109 
000773 	269 	102 	108 	109 
000774 	269 	102 	108 	109 
000775 	269 	102 	108 	109 
000776 	269 	102 	108 	109 
000777 	269 	102 	108 	109 
000778 	269 	102 	108 	109 
000779 	269 	102 	108 	109 
000780 	269 	102 	108 	109 
000781 	269 	102 	108 	109 
000782 	251 	94 	130 	130 
000783 	251 	94 	130 	130 
000784 	251 	94 	130 	130 
000785 	251 	94 	130 	130 
000786 	251 	94 	130 	130 
000787 	251 	94 	130 	130 
000788 	251 	94 	130 	130 
000789 	251 	94 	130 	130 
000790 	251 	94 	130 	130 
000791 	251 	94 	130 	130 
000792 	251 	94 	130 	130 
000793 	251 	94 	130 	130 
000794 	251 	94 	130 	130 
000795 	251 	94 	130 	130 
000796 	251 	94 	130 	130 
000797 	251 	94 	130 	130 
000798 	251 	94 	130 	130 
000799 	251 	94 	130 	130 
000800 	251 	94 	130 	130 
000801 	251 	94 	130 	130 
000802 	251 	94 	130 	130 
000803 	251 	94 	130 	130 
000804 	251 	94 	130 	130 
000805 	251 	94 	130 	130 
000806 	251 	94 	130 	130 
000807 	251 	94 	130 	130 
000808 	251 	94 	130 	130 
000809 	251 	94 	130 	130 
000810 	251 	94 	130 	130 
000811 	251 	94 	130 	130 
000812 	251 	94 	130 	130 
000813 	251 	94 	130 	130 
000814 	251 	94 	130 	130 
000815 	251 	94 	130 	130 
000816 	251 	94 	130 	130 
000817 	251 	94 	130 	130 
000818 	257 	102 	109 	109 
000819 	257 	102 	109 	109 
000820 	237 	94 	130 	130 
000821 	237 	94 	130 	130 
000822 	237 	94 	130 	130 
000823 	237 	94 	130 	130 
000824 	237 	94 	130 	130 
000825 	237 	94 	130 	130 
000826 	237 	94 	130 	130 
000827 	237 	94 	130 	130 
000828 	237 	94 	130 	130 
000829 	237 	94 	130 	130 
000830 	237 	94 	130 	130 
000831 	237 	94 	130 	130 
000832 	237 	94 	130 	130 
000833 	237 	94 	130 	130 
000834 	237 	94 	130 	130 
000835 	237 	94 	130 	130 
000836 	237 	94 	130 	130 
000837 	237 	94 	130 	130 
000838 	237 	94 	130 	130 
000839 	237 	94 	130 	130 
000840 	237 	94 	130 	130 
000841 	237 	94 	130 	130 
000842 	237 	94 	130 	130 
000843 	237 	94 	130 	130 
000844 	237 	94 	130 	130 
000845 	237 	94 	130 	130 
000846 	237 	94 	130 	130 
000847 	237 	94 	130 	130 
000848 	237 	94 	130 	130 
000849 	237 	94 	130 	130 
000850 	237 	80 	130 	130 
000851 	237 	80 	130 	130 
000852 	237 	80 	130 	130 
000853 	237 	80 	130 	130 
000854 	237 	80 	130 	130 
000855 	237 	80 	130 	130 
000856 	257 	90 	109 	109 
000857 	257 	90 	109 	109 
000858 	257 	90 	109 	109 
000859 	257 	90 	109 	109 
000860 	257 	90 	109 	109 
000861 	257 	90 	109 	109 
000862 	257 	90 	109 	109 
000863 	257 	90 	109 	109 
000864 	257 	90 	109 	109 
000865 	257 	90 	109 	109 
000866 	257 	90 	109 	109 
000867 	257 	90 	109 	109 
000868 	237 	80 	130 	130 
000869 	237 	80 	130 	130 
000870 	237 	80 	130 	130 
000871 	237 	80 	130 	130 
000872 	237 	80 	130 	130 
000873 	237 	80 	130 	130 
000874 	237 	80 	130 	130 
000875 	237 	80 	130 	130 
000876 	237 	80 	130 	130 
000877 	237 	80 	130 	130 
000878 	237 	80 	130 	130 
000879 	237 	80 	130 	130 
000880 	237 	80 	130 	130 
000881 	237 	80 	130 	130 
000882 	237 	80 	130 	130 
000883 	257 	90 	109 	109 
000884 	257 	90 	109 	109 
000885 	251 	94 	130 	130 
000886 	251 	80 	130 	130 
000887 	251 	80 	130 	130 
000888 	251 	80 	130 	130 
000889 	251 	80 	130 	130 
000890 	266 	80 	130 	130 
000891 	251 	80 	130 	130 
000892 	266 	80 	130 	130 
000893 	266 	80 	130 	130 
000894 	266 	80 	130 	130 
000895 	251 	80 	130 	130 
000896 	251 	94 	130 	130 
000897 	251 	94 	130 	130 
000898 	251 	94 	130 	130 
000899 	251 	94 	130 	130 
000900 	251 	94 	130 	130 
000901 	251 	94 	130 	130 
000902 	251 	94 	130 	130 
000903 	251 	94 	130 	130 
000904 	251 	94 	130 	130 
000905 	251 	94 	130 	130 
000906 	251 	94 	130 	130 
000907 	251 	94 	130 	130 
000908 	251 	94 	130 	130 
000909 	251 	94 	130 	130 
000910 	251 	94 	130 	130 
000911 	251 	94 	130 	130 
000912 	251 	94 	130 	130 
000913 	251 	94 	130 	130 
000914 	251 	94 	130 	130 
000915 	251 	94 	130 	130 
000916 	237 	94 	130 	130 
000917 	237 	94 	130 	130 
000918 	237 	94 	130 	130 
000919 	237 	94 	130 	130 
000920 	237 	94 	130 	130 
000921 	237 	94 	130 	130 
000922 	237 	94 	130 	130 
000923 	237 	94 	130 	130 
000924 	237 	94 	130 	130 
000925 	257 	102 	109 	109 
000926 	257 	102 	109 	109 
000927 	251 	94 	130 	130 
000928 	251 	94 	130 	130 
000929 	251 	94 	130 	130 
000930 	251 	94 	130 	130 
000931 	251 	94 	130 	130 
000932 	251 	94 	130 	130 
000933 	251 	94 	130 	130 
000934 	257 	90 	109 	109 
000935 	257 	90 	109 	109 
000936 	257 	90 	109 	109 
000937 	257 	90 	109 	109 
000938 	257 	90 	109 	109 
000939 	257 	90 	109 	109 
000940 	257 	90 	109 	109 
000941 	257 	90 	109 	109 
000942 	257 	102 	109 	109 
000943 	251 	94 	130 	130 
000944 	251 	94 	130 	130 
000945 	257 	102 	109 	109 
000946 	251 	94 	130 	130 
000947 	237 	94 	130 	130 
000948 	237 	94 	130 	130 
000949 	237 	94 	130 	130 
000950 	237 	94 	130 	130 
000951 	237 	94 	130 	130 
000952 	237 	94 	130 	130 
000953 	237 	94 	130 	130 
000954 	237 	94 	130 	130 
000955 	237 	94 	130 	130 
000956 	237 	94 	130 	130 
000957 	237 	94 	130 	130 
000958 	237 	94 	130 	130 
000959 	237 	94 	130 	130 
000960 	237 	94 	130 	130 
000961 	237 	94 	130 	130 
000962 	257 	102 	109 	109 
000963 	257 	90 	109 	109 
000964 	257 	90 	109 	109 
000965 	257 	90 	109 	109 
000966 	257 	90 	109 	109 
000967 	257 	90 	109 	109 
000968 	257 	90 	109 	109 
000969 	257 	90 	109 	109 
000970 	257 	90 	109 	109 
000971 	257 	90 	109 	109 
000972 	257 	90 	109 	109 
000973 	237 	80 	130 	130 
000974 	237 	80 	130 	130 
000975 	237 	80 	130 	130 
000976 	237 	80 	130 	130 
000977 	237 	80 	130 	130 
000978 	237 	80 	130 	130 
000979 	257 	90 	109 	109 
000980 	237 	80 	130 	130 
000981 	257 	78 	109 	109 
000982 	257 	78 	109 	109 
000983 	257 	78 	109 	109 
000984 	257 	78 	109 	109 
000985 	257 	78 	109 	109 
000986 	257 	78 	109 	109 
000987 	257 	78 	109 	109 
000988 	237 	80 	130 	130 
000989 	237 	80 	130 	130 
000990 	237 	80 	130 	130 
000991 	237 	80 	130 	130 
000992 	237 	80 	130 	130 
000993 	237 	80 	130 	130 
000994 	237 	80 	130 	130 
000995 	257 	90 	109 	109 
000996 	257 	90 	109 	109 
000997 	237 	80 	130 	130 
000998 	237 	80 	130 	130 
000999 	237 	80 	130 	130 
001000 	237 	80 	130 	130 
001001 	245 	90 	109 	109 
001002 	245 	90 	109 	109 
001003 	245 	90 	109 	109 
001004 	223 	80 	130 	130 
001005 	233 	90 	109 	109 
001006 	233 	90 	109 	109 
001007 	233 	90 	109 	109 
001008 	233 	90 	109 	109 
001009 	233 	90 	109 	109 
001010 	233 	90 	109 	109 
001011 	233 	90 	109 	109 
001012 	233 	90 	109 	109 
001013 	233 	90 	109 	109 
001014 	233 	90 	109 	109 
001015 	223 	80 	130 	130 
001016 	221 	90 	109 	109 
001017 	221 	90 	109 	109 
001018 	221 	90 	109 	109 
001019 	208 	80 	130 	130 
001020 	194 	80 	130 	130 
001021 	194 	80 	130 	130 
001022 	194 	80 	130 	130 
001023 	194 	80 	130 	130 
001024 	194 	80 	130 	130 
001025 	208 	94 	130 	130 
001026 	208 	80 	130 	130 
001027 	208 	80 	130 	130 
001028 	208 	80 	130 	130 
001029 	208 	80 	130 	130 
001030 	208 	80 	130 	130 
001031 	223 	94 	130 	130 
001032 	233 	90 	109 	109 
001033 	233 	90 	109 	109 
001034 	233 	90 	109 	109 
001035 	233 	90 	109 	109 
001036 	245 	90 	109 	109 
001037 	245 	90 	109 	109 
001038 	245 	90 	109 	109 
001039 	237 	94 	130 	130 
001040 	237 	94 	130 	130 
001041 	237 	94 	130 	130 
001042 	257 	102 	109 	109 
001043 	257 	102 	109 	109 
001044 	257 	102 	109 	109 
001045 	251 	94 	130 	130 
001046 	251 	94 	130 	130 
001047 	251 	94 	130 	130 
001048 	251 	94 	130 	130 
001049 	251 	94 	130 	130 
001050 	251 	94 	130 	130 
001051 	251 	94 	130 	130 
001052 	251 	94 	130 	130 
001053 	251 	94 	130 	130 
001054 	251 	94 	130 	130 
001055 	251 	94 	130 	130 
001056 	251 	94 	130 	130 
001057 	251 	94 	130 	130 
001058 	251 	94 	130 	130 
001059 	251 	94 	130 	130 
001060 	251 	94 	130 	130 
001061 	251 	94 	130 	130 
001062 	251 	94 	130 	130 
001063 	251 	94 	130 	130 
001064 	257 	90 	109 	109 
001065 	257 	90 	109 	109 
001066 	257 	90 	109 	109 
001067 	257 	90 	109 	109 
001068 	257 	90 	109 	109 
001069 	257 	90 	109 	109 
001070 	251 	94 	130 	130 
001071 	257 	90 	109 	109 
001072 	251 	94 	130 	130 
001073 	251 	94 	130 	130 
001074 	251 	80 	130 	130 
001075 	251 	80 	130 	130 
001076 	251 	80 	130 	130 
001077 	251 	94 	130 	130 
001078 	251 	94 	130 	130 
001079 	251 	94 	130 	130 
001080 	251 	94 	130 	130 
001081 	251 	94 	130 	130 
001082 	251 	94 	130 	130 
001083 	251 	94 	130 	130 
001084 	251 	94 	130 	130 
001085 	251 	94 	130 	130 
001086 	251 	94 	130 	130 
001087 	251 	94 	130 	130 
001088 	251 	94 	130 	130 
001089 	251 	94 	130 	130 
001090 	251 	94 	130 	130 
001091 	251 	94 	130 	130 
001092 	251 	94 	130 	130 
001093 	257 	90 	109 	109 
001094 	251 	94 	130 	130 
001095 	251 	80 	130 	130 
001096 	251 	80 	130 	130 
001097 	251 	80 	130 	130 
001098 	251 	80 	130 	130 
001099 	251 	80 	130 	130 
001100 	251 	80 	130 	130 
001101 	251 	80 	130 	130 
001102 	251 	80 	130 	130 
001103 	251 	80 	130 	130 
001104 	251 	80 	130 	130 
001105 	251 	80 	130 	130 
001106 	251 	80 	130 	130 
001107 	251 	80 	130 	130 
001108 	251 	80 	130 	130 
001109 	251 	80 	130 	130 
001110 	251 	80 	130 	130 
001111 	251 	80 	130 	130 
001112 	251 	80 	130 	130 
001113 	251 	80 	130 	130 
001114 	251 	80 	130 	130 
001115 	251 	80 	130 	130 
001116 	251 	80 	130 	130 
001117 	251 	80 	130 	130 
001118 	251 	80 	130 	130 
001119 	251 	80 	130 	130 
001120 	251 	80 	130 	130 
001121 	251 	80 	130 	130 
001122 	251 	80 	130 	130 
001123 	251 	80 	130 	130 
001124 	251 	80 	130 	130 
001125 	251 	80 	130 	130 
001126 	257 	90 	109 	109 
