Identity  : 	id10533
Reference : 	k8SG8RG8xGg
Offset    : 	0
FV Conf   : 	14.677
ASD Conf  : 	8.077

FRAME 	X 	Y 	W 	H 
000201 	305 	66 	108 	109 
000202 	323 	65 	91 	91 
000203 	323 	65 	91 	91 
000204 	323 	65 	91 	91 
000205 	317 	66 	108 	109 
000206 	317 	54 	108 	109 
000207 	317 	54 	108 	109 
000208 	317 	54 	108 	109 
000209 	317 	54 	108 	109 
000210 	317 	54 	108 	109 
000211 	333 	65 	91 	91 
000212 	333 	65 	91 	91 
000213 	329 	54 	108 	109 
000214 	329 	54 	108 	109 
000215 	329 	54 	108 	109 
000216 	329 	54 	108 	109 
000217 	329 	54 	108 	109 
000218 	329 	54 	108 	109 
000219 	343 	65 	91 	91 
000220 	343 	65 	91 	91 
000221 	341 	54 	108 	109 
000222 	341 	54 	108 	109 
000223 	341 	54 	108 	109 
000224 	341 	54 	108 	109 
000225 	341 	54 	108 	109 
000226 	341 	54 	108 	109 
000227 	341 	54 	108 	109 
000228 	341 	54 	108 	109 
000229 	341 	54 	108 	109 
000230 	341 	54 	108 	109 
000231 	341 	54 	108 	109 
000232 	341 	54 	108 	109 
000233 	341 	54 	108 	109 
000234 	341 	54 	108 	109 
000235 	341 	54 	108 	109 
000236 	353 	54 	108 	109 
000237 	353 	54 	108 	109 
000238 	353 	54 	108 	109 
000239 	353 	54 	108 	109 
000240 	353 	54 	108 	109 
000241 	353 	54 	108 	109 
000242 	353 	54 	108 	109 
000243 	353 	54 	108 	109 
000244 	353 	54 	108 	109 
000245 	353 	54 	108 	109 
000246 	353 	54 	108 	109 
000247 	353 	54 	108 	109 
000248 	353 	54 	108 	109 
000249 	353 	54 	108 	109 
000250 	353 	54 	108 	109 
000251 	353 	54 	108 	109 
000252 	353 	54 	108 	109 
000253 	353 	54 	108 	109 
000254 	365 	54 	108 	109 
000255 	365 	54 	108 	109 
000256 	365 	54 	108 	109 
000257 	365 	54 	108 	109 
000258 	365 	54 	108 	109 
000259 	365 	54 	108 	109 
000260 	353 	54 	108 	109 
000261 	353 	54 	108 	109 
000262 	353 	54 	108 	109 
000263 	353 	54 	108 	109 
000264 	353 	54 	108 	109 
000265 	353 	54 	108 	109 
000266 	353 	54 	108 	109 
000267 	353 	54 	108 	109 
000268 	353 	54 	108 	109 
000269 	353 	54 	108 	109 
000270 	353 	54 	108 	109 
000271 	353 	54 	108 	109 
000272 	353 	43 	108 	108 
000273 	353 	43 	108 	108 
000274 	353 	43 	108 	108 
000275 	353 	43 	108 	108 
000276 	341 	43 	108 	108 
000277 	341 	43 	108 	108 
000278 	341 	43 	108 	108 
000279 	341 	43 	108 	108 
000280 	341 	43 	108 	108 
000281 	341 	54 	108 	109 
000282 	341 	54 	108 	109 
000283 	341 	54 	108 	109 
000284 	341 	54 	108 	109 
000285 	341 	54 	108 	109 
000286 	343 	55 	91 	91 
000287 	329 	54 	108 	109 
000288 	329 	54 	108 	109 
000289 	329 	54 	108 	109 
000290 	329 	43 	108 	108 
000291 	329 	43 	108 	108 
000292 	329 	54 	108 	109 
000293 	329 	54 	108 	109 
000294 	329 	54 	108 	109 
000295 	329 	54 	108 	109 
000296 	329 	54 	108 	109 
000297 	329 	54 	108 	109 
000298 	329 	54 	108 	109 
000299 	329 	54 	108 	109 
000300 	329 	54 	108 	109 
000301 	317 	54 	108 	109 
000302 	317 	54 	108 	109 
000303 	317 	54 	108 	109 
000304 	317 	54 	108 	109 
000305 	317 	54 	108 	109 
000306 	317 	54 	108 	109 
000307 	305 	54 	108 	109 
000308 	305 	54 	108 	109 
000309 	305 	54 	108 	109 
000310 	323 	65 	91 	91 
000311 	305 	54 	108 	109 
000312 	323 	65 	91 	91 
000313 	305 	54 	108 	109 
000314 	305 	54 	108 	109 
000315 	305 	54 	108 	109 
000316 	305 	54 	108 	109 
000317 	305 	66 	108 	109 
000318 	305 	66 	108 	109 
000319 	305 	66 	108 	109 
000320 	305 	66 	108 	109 
000321 	305 	66 	108 	109 
000322 	305 	66 	108 	109 
000323 	305 	66 	108 	109 
000324 	305 	66 	108 	109 
000325 	305 	66 	108 	109 
000326 	317 	66 	108 	109 
000327 	317 	66 	108 	109 
000328 	317 	66 	108 	109 
000329 	317 	66 	108 	109 
000330 	317 	66 	108 	109 
000331 	317 	66 	108 	109 
000332 	317 	66 	108 	109 
000333 	317 	66 	108 	109 
000334 	317 	66 	108 	109 
000335 	317 	66 	108 	109 
000336 	317 	66 	108 	109 
000337 	317 	66 	108 	109 
000338 	333 	65 	91 	91 
000339 	333 	65 	91 	91 
000340 	333 	65 	91 	91 
000341 	333 	65 	91 	91 
000342 	333 	65 	91 	91 
000343 	329 	54 	108 	109 
000344 	329 	54 	108 	109 
000345 	329 	54 	108 	109 
000346 	329 	54 	108 	109 
000347 	329 	54 	108 	109 
000348 	329 	54 	108 	109 
000349 	329 	54 	108 	109 
000350 	329 	54 	108 	109 
000351 	329 	54 	108 	109 
000352 	329 	54 	108 	109 
000353 	329 	54 	108 	109 
000354 	329 	54 	108 	109 
000355 	329 	54 	108 	109 
000356 	329 	54 	108 	109 
000357 	329 	54 	108 	109 
000358 	329 	54 	108 	109 
000359 	329 	54 	108 	109 
000360 	329 	54 	108 	109 
000361 	329 	54 	108 	109 
000362 	329 	54 	108 	109 
000363 	329 	54 	108 	109 
000364 	329 	54 	108 	109 
000365 	329 	54 	108 	109 
000366 	329 	54 	108 	109 
000367 	329 	54 	108 	109 
000368 	329 	54 	108 	109 
000369 	329 	54 	108 	109 
000370 	329 	54 	108 	109 
000371 	341 	54 	108 	109 
000372 	329 	54 	108 	109 
000373 	329 	54 	108 	109 
000374 	329 	54 	108 	109 
000375 	329 	54 	108 	109 
000376 	329 	54 	108 	109 
000377 	317 	54 	108 	109 
000378 	333 	55 	91 	91 
000379 	333 	55 	91 	91 
000380 	317 	54 	108 	109 
000381 	317 	54 	108 	109 
000382 	317 	54 	108 	109 
000383 	317 	54 	108 	109 
000384 	317 	54 	108 	109 
000385 	317 	54 	108 	109 
000386 	317 	54 	108 	109 
000387 	317 	54 	108 	109 
000388 	317 	54 	108 	109 
000389 	317 	54 	108 	109 
000390 	317 	54 	108 	109 
000391 	317 	54 	108 	109 
000392 	317 	54 	108 	109 
000393 	317 	54 	108 	109 
000394 	317 	54 	108 	109 
000395 	317 	54 	108 	109 
000396 	317 	54 	108 	109 
000397 	317 	54 	108 	109 
000398 	317 	54 	108 	109 
000399 	317 	54 	108 	109 
000400 	317 	54 	108 	109 
000401 	317 	54 	108 	109 
000402 	317 	54 	108 	109 
000403 	317 	54 	108 	109 
000404 	317 	54 	108 	109 
000405 	317 	54 	108 	109 
000406 	317 	54 	108 	109 
000407 	317 	54 	108 	109 
000408 	317 	54 	108 	109 
000409 	317 	54 	108 	109 
000410 	317 	54 	108 	109 
000411 	317 	54 	108 	109 
000412 	329 	54 	108 	109 
000413 	329 	43 	108 	108 
000414 	329 	43 	108 	108 
000415 	329 	43 	108 	108 
000416 	329 	54 	108 	109 
000417 	333 	55 	91 	91 
000418 	333 	55 	91 	91 
000419 	333 	55 	91 	91 
000420 	333 	55 	91 	91 
000421 	333 	55 	91 	91 
000422 	333 	55 	91 	91 
000423 	333 	55 	91 	91 
000424 	333 	55 	91 	91 
000425 	317 	54 	108 	109 
000426 	317 	54 	108 	109 
000427 	317 	54 	108 	109 
000428 	333 	55 	91 	91 
000429 	333 	55 	91 	91 
000430 	333 	55 	91 	91 
000431 	333 	55 	91 	91 
000432 	333 	55 	91 	91 
000433 	329 	54 	108 	109 
000434 	329 	54 	108 	109 
000435 	329 	54 	108 	109 
000436 	329 	54 	108 	109 
000437 	329 	54 	108 	109 
000438 	329 	54 	108 	109 
000439 	329 	54 	108 	109 
000440 	333 	55 	91 	91 
000441 	333 	55 	91 	91 
000442 	317 	54 	108 	109 
000443 	317 	54 	108 	109 
000444 	317 	54 	108 	109 
000445 	317 	54 	108 	109 
000446 	317 	54 	108 	109 
000447 	317 	54 	108 	109 
000448 	317 	54 	108 	109 
000449 	317 	54 	108 	109 
000450 	317 	54 	108 	109 
000451 	317 	54 	108 	109 
000452 	317 	54 	108 	109 
000453 	317 	54 	108 	109 
000454 	317 	54 	108 	109 
000455 	317 	54 	108 	109 
000456 	317 	54 	108 	109 
000457 	317 	54 	108 	109 
000458 	317 	54 	108 	109 
000459 	317 	54 	108 	109 
000460 	317 	54 	108 	109 
000461 	317 	54 	108 	109 
000462 	317 	54 	108 	109 
000463 	333 	55 	91 	91 
000464 	333 	55 	91 	91 
000465 	329 	54 	108 	109 
000466 	329 	54 	108 	109 
000467 	333 	55 	91 	91 
000468 	333 	55 	91 	91 
000469 	329 	54 	108 	109 
000470 	329 	54 	108 	109 
000471 	329 	54 	108 	109 
000472 	329 	54 	108 	109 
000473 	329 	54 	108 	109 
000474 	329 	54 	108 	109 
000475 	329 	54 	108 	109 
000476 	329 	54 	108 	109 
000477 	329 	54 	108 	109 
000478 	329 	54 	108 	109 
000479 	329 	54 	108 	109 
000480 	329 	54 	108 	109 
000481 	329 	54 	108 	109 
000482 	329 	54 	108 	109 
000483 	329 	54 	108 	109 
000484 	329 	54 	108 	109 
000485 	329 	54 	108 	109 
000486 	329 	54 	108 	109 
000487 	329 	54 	108 	109 
000488 	343 	55 	91 	91 
000489 	341 	54 	108 	109 
000490 	341 	54 	108 	109 
000491 	341 	54 	108 	109 
000492 	341 	54 	108 	109 
000493 	341 	54 	108 	109 
000494 	341 	54 	108 	109 
000495 	341 	54 	108 	109 
000496 	341 	54 	108 	109 
000497 	341 	54 	108 	109 
000498 	353 	54 	108 	109 
000499 	353 	54 	108 	109 
000500 	353 	54 	108 	109 
000501 	373 	55 	91 	91 
000502 	365 	54 	108 	109 
000503 	365 	54 	108 	109 
000504 	365 	54 	108 	109 
000505 	365 	54 	108 	109 
000506 	365 	54 	108 	109 
000507 	365 	54 	108 	109 
000508 	365 	54 	108 	109 
000509 	365 	54 	108 	109 
000510 	365 	54 	108 	109 
000511 	365 	54 	108 	109 
000512 	365 	54 	108 	109 
000513 	365 	54 	108 	109 
000514 	365 	54 	108 	109 
000515 	365 	54 	108 	109 
000516 	353 	54 	108 	109 
000517 	353 	54 	108 	109 
000518 	353 	54 	108 	109 
000519 	353 	54 	108 	109 
000520 	353 	54 	108 	109 
000521 	353 	54 	108 	109 
000522 	341 	54 	108 	109 
000523 	341 	54 	108 	109 
000524 	341 	54 	108 	109 
000525 	341 	54 	108 	109 
000526 	341 	54 	108 	109 
000527 	341 	54 	108 	109 
000528 	341 	54 	108 	109 
000529 	341 	54 	108 	109 
000530 	341 	54 	108 	109 
000531 	341 	54 	108 	109 
000532 	341 	54 	108 	109 
000533 	341 	54 	108 	109 
000534 	341 	54 	108 	109 
000535 	341 	54 	108 	109 
000536 	329 	54 	108 	109 
000537 	329 	54 	108 	109 
000538 	329 	54 	108 	109 
000539 	329 	54 	108 	109 
000540 	329 	54 	108 	109 
000541 	329 	54 	108 	109 
000542 	329 	54 	108 	109 
000543 	329 	54 	108 	109 
000544 	329 	54 	108 	109 
000545 	329 	54 	108 	109 
000546 	329 	54 	108 	109 
000547 	329 	54 	108 	109 
000548 	329 	54 	108 	109 
000549 	329 	54 	108 	109 
000550 	329 	54 	108 	109 
000551 	329 	54 	108 	109 
000552 	333 	65 	91 	91 
000553 	333 	65 	91 	91 
000554 	317 	54 	108 	109 
000555 	317 	54 	108 	109 
000556 	317 	54 	108 	109 
000557 	317 	54 	108 	109 
000558 	317 	54 	108 	109 
000559 	317 	54 	108 	109 
000560 	317 	54 	108 	109 
000561 	317 	54 	108 	109 
000562 	317 	54 	108 	109 
000563 	323 	65 	91 	91 
000564 	305 	54 	108 	109 
000565 	305 	54 	108 	109 
000566 	305 	54 	108 	109 
000567 	305 	54 	108 	109 
000568 	305 	54 	108 	109 
000569 	305 	54 	108 	109 
000570 	305 	54 	108 	109 
000571 	305 	54 	108 	109 
000572 	305 	54 	108 	109 
000573 	305 	54 	108 	109 
000574 	305 	54 	108 	109 
000575 	305 	54 	108 	109 
000576 	305 	54 	108 	109 
000577 	305 	54 	108 	109 
000578 	305 	54 	108 	109 
000579 	305 	54 	108 	109 
000580 	305 	54 	108 	109 
000581 	305 	54 	108 	109 
000582 	305 	54 	108 	109 
000583 	305 	54 	108 	109 
000584 	317 	43 	108 	108 
000585 	317 	43 	108 	108 
000586 	317 	43 	108 	108 
000587 	317 	43 	108 	108 
000588 	317 	43 	108 	108 
000589 	317 	43 	108 	108 
000590 	317 	43 	108 	108 
000591 	317 	43 	108 	108 
000592 	333 	55 	91 	91 
000593 	333 	55 	91 	91 
000594 	333 	45 	91 	91 
000595 	317 	43 	108 	108 
000596 	317 	43 	108 	108 
000597 	317 	43 	108 	108 
000598 	317 	43 	108 	108 
000599 	317 	43 	108 	108 
000600 	317 	43 	108 	108 
000601 	317 	43 	108 	108 
000602 	317 	54 	108 	109 
000603 	317 	54 	108 	109 
000604 	317 	54 	108 	109 
000605 	317 	54 	108 	109 
000606 	317 	54 	108 	109 
000607 	317 	54 	108 	109 
000608 	317 	54 	108 	109 
000609 	317 	54 	108 	109 
000610 	333 	55 	91 	91 
000611 	333 	55 	91 	91 
000612 	333 	55 	91 	91 
000613 	333 	55 	91 	91 
000614 	329 	54 	108 	109 
000615 	329 	54 	108 	109 
000616 	329 	54 	108 	109 
000617 	329 	54 	108 	109 
000618 	329 	54 	108 	109 
000619 	329 	54 	108 	109 
000620 	329 	54 	108 	109 
000621 	329 	54 	108 	109 
000622 	329 	54 	108 	109 
000623 	329 	54 	108 	109 
000624 	329 	54 	108 	109 
000625 	343 	65 	91 	91 
000626 	343 	65 	91 	91 
000627 	343 	65 	91 	91 
000628 	341 	54 	108 	109 
000629 	341 	54 	108 	109 
000630 	341 	54 	108 	109 
000631 	341 	54 	108 	109 
000632 	341 	54 	108 	109 
000633 	341 	54 	108 	109 
000634 	341 	54 	108 	109 
000635 	341 	54 	108 	109 
000636 	341 	54 	108 	109 
000637 	341 	54 	108 	109 
000638 	341 	54 	108 	109 
000639 	341 	54 	108 	109 
000640 	341 	54 	108 	109 
000641 	341 	54 	108 	109 
000642 	341 	54 	108 	109 
000643 	341 	54 	108 	109 
000644 	341 	54 	108 	109 
000645 	341 	54 	108 	109 
000646 	341 	54 	108 	109 
000647 	341 	54 	108 	109 
000648 	341 	54 	108 	109 
000649 	341 	54 	108 	109 
000650 	341 	54 	108 	109 
000651 	341 	54 	108 	109 
000652 	341 	54 	108 	109 
000653 	341 	54 	108 	109 
000654 	329 	54 	108 	109 
000655 	329 	54 	108 	109 
000656 	329 	54 	108 	109 
000657 	329 	54 	108 	109 
000658 	329 	54 	108 	109 
000659 	329 	54 	108 	109 
000660 	329 	54 	108 	109 
000661 	329 	54 	108 	109 
000662 	329 	54 	108 	109 
000663 	329 	54 	108 	109 
000664 	329 	54 	108 	109 
000665 	329 	54 	108 	109 
000666 	329 	54 	108 	109 
000667 	333 	55 	91 	91 
000668 	333 	55 	91 	91 
000669 	333 	55 	91 	91 
000670 	317 	54 	108 	109 
000671 	317 	54 	108 	109 
000672 	317 	54 	108 	109 
000673 	317 	54 	108 	109 
000674 	317 	54 	108 	109 
000675 	317 	54 	108 	109 
000676 	317 	54 	108 	109 
000677 	317 	54 	108 	109 
000678 	317 	54 	108 	109 
000679 	317 	54 	108 	109 
000680 	317 	54 	108 	109 
000681 	317 	54 	108 	109 
000682 	317 	54 	108 	109 
000683 	317 	54 	108 	109 
000684 	317 	54 	108 	109 
000685 	317 	54 	108 	109 
000686 	317 	54 	108 	109 
000687 	317 	54 	108 	109 
000688 	317 	54 	108 	109 
000689 	317 	54 	108 	109 
000690 	317 	54 	108 	109 
000691 	317 	54 	108 	109 
000692 	317 	54 	108 	109 
000693 	317 	54 	108 	109 
000694 	317 	54 	108 	109 
000695 	317 	54 	108 	109 
000696 	317 	54 	108 	109 
000697 	317 	54 	108 	109 
000698 	323 	55 	91 	91 
000699 	305 	54 	108 	109 
000700 	305 	54 	108 	109 
000701 	305 	54 	108 	109 
000702 	305 	54 	108 	109 
000703 	305 	54 	108 	109 
000704 	305 	54 	108 	109 
000705 	305 	54 	108 	109 
000706 	305 	54 	108 	109 
000707 	305 	54 	108 	109 
000708 	305 	54 	108 	109 
000709 	305 	54 	108 	109 
000710 	305 	54 	108 	109 
000711 	305 	54 	108 	109 
000712 	305 	54 	108 	109 
000713 	305 	54 	108 	109 
000714 	305 	54 	108 	109 
000715 	305 	54 	108 	109 
000716 	305 	54 	108 	109 
000717 	305 	54 	108 	109 
000718 	305 	54 	108 	109 
000719 	305 	54 	108 	109 
000720 	305 	54 	108 	109 
000721 	305 	54 	108 	109 
000722 	305 	54 	108 	109 
000723 	305 	54 	108 	109 
000724 	305 	54 	108 	109 
000725 	305 	54 	108 	109 
000726 	305 	54 	108 	109 
000727 	305 	54 	108 	109 
000728 	305 	54 	108 	109 
000729 	305 	54 	108 	109 
000730 	305 	54 	108 	109 
000731 	305 	54 	108 	109 
000732 	305 	54 	108 	109 
000733 	305 	54 	108 	109 
000734 	323 	65 	91 	91 
000735 	317 	54 	108 	109 
000736 	317 	54 	108 	109 
000737 	317 	54 	108 	109 
000738 	317 	54 	108 	109 
000739 	317 	54 	108 	109 
000740 	317 	54 	108 	109 
000741 	317 	54 	108 	109 
000742 	333 	65 	91 	91 
000743 	333 	65 	91 	91 
000744 	329 	54 	108 	109 
000745 	343 	65 	91 	91 
000746 	341 	54 	108 	109 
000747 	341 	54 	108 	109 
000748 	353 	65 	91 	91 
000749 	353 	66 	108 	109 
000750 	353 	66 	108 	109 
000751 	353 	66 	108 	109 
000752 	353 	54 	108 	109 
000753 	353 	54 	108 	109 
000754 	353 	54 	108 	109 
000755 	353 	54 	108 	109 
000756 	353 	54 	108 	109 
000757 	353 	54 	108 	109 
000758 	353 	54 	108 	109 
000759 	353 	54 	108 	109 
000760 	353 	54 	108 	109 
000761 	353 	54 	108 	109 
000762 	353 	54 	108 	109 
000763 	353 	54 	108 	109 
000764 	353 	54 	108 	109 
000765 	353 	54 	108 	109 
000766 	353 	54 	108 	109 
000767 	353 	54 	108 	109 
000768 	353 	54 	108 	109 
000769 	353 	54 	108 	109 
000770 	353 	54 	108 	109 
000771 	353 	54 	108 	109 
000772 	353 	54 	108 	109 
000773 	353 	54 	108 	109 
000774 	353 	54 	108 	109 
000775 	353 	54 	108 	109 
000776 	353 	54 	108 	109 
000777 	353 	54 	108 	109 
000778 	353 	54 	108 	109 
000779 	353 	54 	108 	109 
000780 	353 	54 	108 	109 
000781 	353 	54 	108 	109 
000782 	341 	54 	108 	109 
000783 	341 	66 	108 	109 
000784 	341 	66 	108 	109 
000785 	329 	66 	108 	109 
000786 	329 	66 	108 	109 
000787 	329 	66 	108 	109 
000788 	329 	54 	108 	109 
000789 	333 	65 	91 	91 
000790 	317 	54 	108 	109 
000791 	317 	54 	108 	109 
000792 	317 	54 	108 	109 
000793 	317 	54 	108 	109 
000794 	317 	54 	108 	109 
000795 	317 	54 	108 	109 
000796 	317 	54 	108 	109 
000797 	317 	54 	108 	109 
000798 	317 	54 	108 	109 
000799 	333 	65 	91 	91 
000800 	329 	54 	108 	109 
000801 	329 	54 	108 	109 
000802 	343 	65 	91 	91 
000803 	341 	66 	108 	109 
000804 	341 	66 	108 	109 
000805 	341 	54 	108 	109 
000806 	341 	66 	108 	109 
000807 	341 	66 	108 	109 
000808 	341 	66 	108 	109 
000809 	341 	66 	108 	109 
000810 	353 	66 	108 	109 
000811 	341 	54 	108 	109 
000812 	341 	54 	108 	109 
000813 	341 	54 	108 	109 
000814 	341 	54 	108 	109 
000815 	341 	54 	108 	109 
000816 	341 	54 	108 	109 
000817 	341 	54 	108 	109 
000818 	341 	54 	108 	109 
000819 	341 	54 	108 	109 
000820 	341 	54 	108 	109 
000821 	341 	54 	108 	109 
000822 	341 	54 	108 	109 
000823 	341 	54 	108 	109 
000824 	341 	54 	108 	109 
000825 	341 	54 	108 	109 
000826 	341 	54 	108 	109 
000827 	341 	54 	108 	109 
000828 	341 	54 	108 	109 
000829 	341 	54 	108 	109 
000830 	341 	54 	108 	109 
000831 	341 	54 	108 	109 
000832 	341 	54 	108 	109 
000833 	341 	54 	108 	109 
000834 	341 	54 	108 	109 
000835 	341 	54 	108 	109 
000836 	353 	54 	108 	109 
000837 	353 	54 	108 	109 
000838 	341 	54 	108 	109 
000839 	353 	54 	108 	109 
000840 	353 	54 	108 	109 
000841 	353 	54 	108 	109 
000842 	353 	54 	108 	109 
000843 	353 	54 	108 	109 
000844 	353 	54 	108 	109 
000845 	353 	54 	108 	109 
000846 	353 	54 	108 	109 
000847 	353 	54 	108 	109 
000848 	353 	54 	108 	109 
000849 	353 	54 	108 	109 
000850 	353 	54 	108 	109 
000851 	353 	54 	108 	109 
000852 	353 	54 	108 	109 
000853 	353 	54 	108 	109 
000854 	353 	54 	108 	109 
000855 	353 	54 	108 	109 
000856 	353 	54 	108 	109 
000857 	353 	54 	108 	109 
000858 	353 	54 	108 	109 
000859 	353 	54 	108 	109 
000860 	353 	54 	108 	109 
000861 	353 	54 	108 	109 
000862 	353 	54 	108 	109 
000863 	353 	54 	108 	109 
000864 	353 	54 	108 	109 
000865 	353 	54 	108 	109 
000866 	353 	54 	108 	109 
000867 	353 	54 	108 	109 
000868 	353 	54 	108 	109 
000869 	353 	54 	108 	109 
000870 	341 	54 	108 	109 
000871 	341 	54 	108 	109 
000872 	341 	54 	108 	109 
000873 	341 	54 	108 	109 
000874 	341 	54 	108 	109 
000875 	341 	54 	108 	109 
000876 	341 	54 	108 	109 
000877 	341 	54 	108 	109 
000878 	329 	54 	108 	109 
000879 	329 	54 	108 	109 
000880 	329 	54 	108 	109 
000881 	329 	54 	108 	109 
000882 	329 	54 	108 	109 
000883 	329 	54 	108 	109 
000884 	329 	54 	108 	109 
000885 	317 	54 	108 	109 
000886 	317 	54 	108 	109 
000887 	317 	54 	108 	109 
000888 	317 	54 	108 	109 
000889 	317 	54 	108 	109 
000890 	317 	54 	108 	109 
000891 	305 	54 	108 	109 
000892 	305 	54 	108 	109 
000893 	305 	54 	108 	109 
000894 	305 	54 	108 	109 
000895 	305 	54 	108 	109 
