Identity  : 	id10533
Reference : 	k8SG8RG8xGg
Offset    : 	0
FV Conf   : 	11.038
ASD Conf  : 	8.224

FRAME 	X 	Y 	W 	H 
004715 	341 	54 	108 	109 
004716 	341 	54 	108 	109 
004717 	341 	54 	108 	109 
004718 	341 	54 	108 	109 
004719 	341 	54 	108 	109 
004720 	341 	54 	108 	109 
004721 	341 	54 	108 	109 
004722 	341 	54 	108 	109 
004723 	341 	54 	108 	109 
004724 	341 	54 	108 	109 
004725 	341 	54 	108 	109 
004726 	341 	54 	108 	109 
004727 	341 	54 	108 	109 
004728 	341 	54 	108 	109 
004729 	341 	54 	108 	109 
004730 	329 	54 	108 	109 
004731 	329 	54 	108 	109 
004732 	329 	54 	108 	109 
004733 	329 	54 	108 	109 
004734 	329 	54 	108 	109 
004735 	329 	54 	108 	109 
004736 	329 	54 	108 	109 
004737 	329 	54 	108 	109 
004738 	329 	54 	108 	109 
004739 	329 	54 	108 	109 
004740 	329 	54 	108 	109 
004741 	343 	55 	91 	91 
004742 	341 	54 	108 	109 
004743 	341 	54 	108 	109 
004744 	341 	54 	108 	109 
004745 	341 	54 	108 	109 
004746 	341 	54 	108 	109 
004747 	341 	54 	108 	109 
004748 	341 	54 	108 	109 
004749 	341 	54 	108 	109 
004750 	341 	54 	108 	109 
004751 	341 	54 	108 	109 
004752 	341 	54 	108 	109 
004753 	341 	54 	108 	109 
004754 	341 	54 	108 	109 
004755 	341 	54 	108 	109 
004756 	341 	54 	108 	109 
004757 	341 	54 	108 	109 
004758 	341 	54 	108 	109 
004759 	341 	54 	108 	109 
004760 	341 	54 	108 	109 
004761 	341 	54 	108 	109 
004762 	341 	54 	108 	109 
004763 	341 	54 	108 	109 
004764 	341 	54 	108 	109 
004765 	341 	54 	108 	109 
004766 	341 	54 	108 	109 
004767 	341 	54 	108 	109 
004768 	341 	54 	108 	109 
004769 	341 	54 	108 	109 
004770 	341 	54 	108 	109 
004771 	341 	54 	108 	109 
004772 	341 	54 	108 	109 
004773 	341 	54 	108 	109 
004774 	341 	54 	108 	109 
004775 	341 	54 	108 	109 
004776 	341 	54 	108 	109 
004777 	341 	54 	108 	109 
004778 	341 	54 	108 	109 
004779 	341 	54 	108 	109 
004780 	341 	54 	108 	109 
004781 	341 	54 	108 	109 
004782 	341 	54 	108 	109 
004783 	341 	54 	108 	109 
004784 	341 	54 	108 	109 
004785 	341 	54 	108 	109 
004786 	341 	54 	108 	109 
004787 	341 	54 	108 	109 
004788 	341 	54 	108 	109 
004789 	329 	54 	108 	109 
004790 	329 	54 	108 	109 
004791 	329 	54 	108 	109 
004792 	329 	54 	108 	109 
004793 	329 	54 	108 	109 
004794 	329 	54 	108 	109 
004795 	329 	54 	108 	109 
004796 	329 	54 	108 	109 
004797 	329 	54 	108 	109 
004798 	329 	54 	108 	109 
004799 	329 	54 	108 	109 
004800 	341 	54 	108 	109 
004801 	341 	54 	108 	109 
004802 	341 	54 	108 	109 
004803 	341 	54 	108 	109 
004804 	341 	43 	108 	108 
004805 	341 	43 	108 	108 
004806 	341 	54 	108 	109 
004807 	341 	54 	108 	109 
004808 	341 	54 	108 	109 
004809 	341 	54 	108 	109 
004810 	341 	54 	108 	109 
004811 	341 	54 	108 	109 
004812 	341 	54 	108 	109 
004813 	341 	54 	108 	109 
004814 	341 	54 	108 	109 
004815 	341 	54 	108 	109 
004816 	341 	54 	108 	109 
004817 	341 	54 	108 	109 
004818 	341 	54 	108 	109 
004819 	341 	54 	108 	109 
004820 	341 	54 	108 	109 
004821 	341 	54 	108 	109 
004822 	341 	54 	108 	109 
004823 	341 	54 	108 	109 
004824 	341 	54 	108 	109 
004825 	341 	54 	108 	109 
004826 	341 	54 	108 	109 
004827 	341 	54 	108 	109 
004828 	341 	54 	108 	109 
004829 	341 	54 	108 	109 
004830 	341 	54 	108 	109 
004831 	341 	54 	108 	109 
004832 	341 	54 	108 	109 
004833 	341 	54 	108 	109 
004834 	341 	54 	108 	109 
004835 	341 	54 	108 	109 
004836 	341 	54 	108 	109 
004837 	341 	54 	108 	109 
004838 	341 	54 	108 	109 
004839 	341 	54 	108 	109 
004840 	341 	54 	108 	109 
004841 	353 	54 	108 	109 
004842 	353 	54 	108 	109 
004843 	353 	54 	108 	109 
004844 	353 	54 	108 	109 
004845 	353 	54 	108 	109 
004846 	353 	54 	108 	109 
004847 	353 	54 	108 	109 
004848 	353 	54 	108 	109 
004849 	353 	54 	108 	109 
004850 	353 	54 	108 	109 
004851 	353 	54 	108 	109 
004852 	353 	54 	108 	109 
004853 	353 	54 	108 	109 
004854 	353 	54 	108 	109 
004855 	353 	54 	108 	109 
004856 	353 	54 	108 	109 
004857 	353 	54 	108 	109 
004858 	353 	54 	108 	109 
004859 	363 	55 	91 	91 
004860 	353 	54 	108 	109 
004861 	353 	54 	108 	109 
004862 	353 	54 	108 	109 
004863 	363 	55 	91 	91 
004864 	341 	54 	108 	109 
004865 	341 	54 	108 	109 
004866 	341 	54 	108 	109 
004867 	341 	54 	108 	109 
004868 	341 	54 	108 	109 
004869 	341 	54 	108 	109 
004870 	341 	54 	108 	109 
004871 	341 	54 	108 	109 
004872 	341 	54 	108 	109 
004873 	341 	54 	108 	109 
004874 	341 	54 	108 	109 
004875 	341 	54 	108 	109 
004876 	341 	54 	108 	109 
004877 	341 	54 	108 	109 
004878 	341 	54 	108 	109 
004879 	341 	54 	108 	109 
004880 	341 	54 	108 	109 
004881 	341 	54 	108 	109 
004882 	341 	54 	108 	109 
004883 	341 	54 	108 	109 
004884 	341 	54 	108 	109 
004885 	341 	54 	108 	109 
004886 	341 	54 	108 	109 
004887 	341 	54 	108 	109 
004888 	341 	54 	108 	109 
004889 	341 	54 	108 	109 
004890 	341 	54 	108 	109 
004891 	341 	54 	108 	109 
004892 	341 	54 	108 	109 
004893 	353 	54 	108 	109 
004894 	353 	54 	108 	109 
004895 	353 	54 	108 	109 
004896 	353 	54 	108 	109 
004897 	353 	54 	108 	109 
004898 	353 	54 	108 	109 
004899 	353 	54 	108 	109 
004900 	353 	54 	108 	109 
004901 	353 	54 	108 	109 
004902 	353 	54 	108 	109 
004903 	353 	54 	108 	109 
004904 	353 	54 	108 	109 
004905 	353 	54 	108 	109 
004906 	353 	54 	108 	109 
004907 	353 	54 	108 	109 
004908 	341 	54 	108 	109 
004909 	341 	54 	108 	109 
004910 	341 	54 	108 	109 
004911 	341 	54 	108 	109 
004912 	341 	54 	108 	109 
004913 	341 	54 	108 	109 
004914 	341 	54 	108 	109 
004915 	329 	54 	108 	109 
004916 	329 	54 	108 	109 
004917 	329 	54 	108 	109 
004918 	329 	54 	108 	109 
004919 	329 	54 	108 	109 
004920 	329 	54 	108 	109 
004921 	329 	54 	108 	109 
004922 	329 	54 	108 	109 
004923 	329 	54 	108 	109 
004924 	329 	54 	108 	109 
004925 	333 	65 	91 	91 
004926 	333 	65 	91 	91 
004927 	317 	54 	108 	109 
004928 	317 	54 	108 	109 
004929 	317 	54 	108 	109 
004930 	317 	54 	108 	109 
004931 	333 	65 	91 	91 
004932 	317 	54 	108 	109 
004933 	317 	54 	108 	109 
004934 	317 	54 	108 	109 
004935 	333 	65 	91 	91 
004936 	333 	65 	91 	91 
004937 	333 	65 	91 	91 
004938 	333 	65 	91 	91 
004939 	333 	65 	91 	91 
004940 	333 	65 	91 	91 
004941 	333 	65 	91 	91 
004942 	329 	54 	108 	109 
004943 	329 	54 	108 	109 
004944 	329 	54 	108 	109 
004945 	329 	54 	108 	109 
004946 	329 	54 	108 	109 
004947 	329 	54 	108 	109 
004948 	329 	54 	108 	109 
004949 	329 	54 	108 	109 
004950 	329 	54 	108 	109 
004951 	329 	54 	108 	109 
004952 	333 	65 	91 	91 
004953 	333 	65 	91 	91 
004954 	333 	65 	91 	91 
004955 	333 	55 	91 	91 
004956 	329 	54 	108 	109 
004957 	333 	55 	91 	91 
004958 	333 	55 	91 	91 
004959 	333 	55 	91 	91 
004960 	333 	55 	91 	91 
004961 	333 	55 	91 	91 
004962 	317 	54 	108 	109 
004963 	317 	54 	108 	109 
004964 	317 	54 	108 	109 
004965 	323 	55 	91 	91 
004966 	323 	55 	91 	91 
004967 	323 	55 	91 	91 
004968 	323 	55 	91 	91 
004969 	317 	54 	108 	109 
004970 	305 	54 	108 	109 
004971 	305 	54 	108 	109 
004972 	305 	54 	108 	109 
004973 	305 	54 	108 	109 
004974 	305 	54 	108 	109 
004975 	305 	54 	108 	109 
004976 	305 	54 	108 	109 
004977 	305 	54 	108 	109 
004978 	305 	54 	108 	109 
004979 	314 	65 	90 	91 
004980 	314 	65 	90 	91 
004981 	293 	54 	108 	109 
004982 	293 	54 	108 	109 
004983 	293 	54 	108 	109 
004984 	304 	65 	90 	91 
004985 	293 	54 	108 	109 
004986 	293 	54 	108 	109 
004987 	293 	54 	108 	109 
004988 	293 	54 	108 	109 
004989 	314 	65 	90 	91 
004990 	314 	65 	90 	91 
004991 	314 	65 	90 	91 
004992 	305 	54 	108 	109 
004993 	305 	54 	108 	109 
004994 	305 	54 	108 	109 
004995 	305 	54 	108 	109 
004996 	305 	54 	108 	109 
004997 	305 	54 	108 	109 
004998 	305 	54 	108 	109 
004999 	305 	54 	108 	109 
005000 	305 	54 	108 	109 
005001 	305 	54 	108 	109 
005002 	305 	54 	108 	109 
005003 	305 	54 	108 	109 
005004 	305 	54 	108 	109 
005005 	305 	54 	108 	109 
005006 	305 	54 	108 	109 
005007 	305 	54 	108 	109 
005008 	305 	54 	108 	109 
005009 	305 	54 	108 	109 
005010 	323 	65 	91 	91 
005011 	305 	54 	108 	109 
005012 	323 	65 	91 	91 
005013 	305 	54 	108 	109 
005014 	323 	65 	91 	91 
005015 	317 	54 	108 	109 
005016 	323 	55 	91 	91 
005017 	323 	55 	91 	91 
005018 	317 	54 	108 	109 
005019 	317 	54 	108 	109 
005020 	317 	54 	108 	109 
005021 	317 	54 	108 	109 
005022 	317 	54 	108 	109 
005023 	317 	54 	108 	109 
005024 	317 	54 	108 	109 
005025 	317 	54 	108 	109 
005026 	317 	54 	108 	109 
005027 	317 	54 	108 	109 
005028 	317 	54 	108 	109 
005029 	317 	54 	108 	109 
005030 	317 	54 	108 	109 
005031 	317 	54 	108 	109 
005032 	317 	54 	108 	109 
005033 	317 	54 	108 	109 
005034 	317 	54 	108 	109 
005035 	317 	54 	108 	109 
005036 	317 	54 	108 	109 
005037 	317 	54 	108 	109 
005038 	317 	54 	108 	109 
005039 	317 	54 	108 	109 
005040 	317 	54 	108 	109 
005041 	317 	54 	108 	109 
005042 	317 	54 	108 	109 
005043 	317 	54 	108 	109 
005044 	317 	54 	108 	109 
005045 	317 	54 	108 	109 
005046 	317 	54 	108 	109 
005047 	317 	54 	108 	109 
005048 	317 	54 	108 	109 
005049 	317 	54 	108 	109 
005050 	317 	54 	108 	109 
005051 	317 	54 	108 	109 
005052 	317 	54 	108 	109 
005053 	317 	54 	108 	109 
005054 	317 	54 	108 	109 
005055 	317 	54 	108 	109 
005056 	317 	54 	108 	109 
005057 	317 	54 	108 	109 
005058 	317 	54 	108 	109 
005059 	317 	54 	108 	109 
005060 	317 	54 	108 	109 
005061 	317 	54 	108 	109 
005062 	317 	54 	108 	109 
005063 	317 	54 	108 	109 
005064 	317 	54 	108 	109 
005065 	317 	54 	108 	109 
005066 	317 	54 	108 	109 
005067 	317 	54 	108 	109 
005068 	317 	54 	108 	109 
005069 	317 	54 	108 	109 
005070 	317 	54 	108 	109 
005071 	317 	54 	108 	109 
005072 	317 	54 	108 	109 
005073 	317 	54 	108 	109 
005074 	317 	54 	108 	109 
005075 	317 	54 	108 	109 
005076 	317 	54 	108 	109 
005077 	333 	65 	91 	91 
005078 	333 	65 	91 	91 
005079 	333 	65 	91 	91 
005080 	329 	54 	108 	109 
005081 	329 	54 	108 	109 
005082 	329 	54 	108 	109 
005083 	329 	54 	108 	109 
005084 	329 	54 	108 	109 
005085 	329 	54 	108 	109 
005086 	329 	54 	108 	109 
005087 	329 	54 	108 	109 
005088 	343 	55 	91 	91 
005089 	343 	55 	91 	91 
005090 	329 	54 	108 	109 
005091 	329 	54 	108 	109 
005092 	343 	55 	91 	91 
005093 	329 	54 	108 	109 
005094 	329 	54 	108 	109 
005095 	341 	54 	108 	109 
005096 	341 	54 	108 	109 
005097 	341 	54 	108 	109 
005098 	341 	54 	108 	109 
005099 	341 	54 	108 	109 
005100 	341 	54 	108 	109 
005101 	341 	54 	108 	109 
005102 	341 	54 	108 	109 
005103 	341 	54 	108 	109 
005104 	353 	66 	108 	109 
005105 	353 	66 	108 	109 
005106 	353 	66 	108 	109 
005107 	353 	66 	108 	109 
005108 	353 	66 	108 	109 
005109 	353 	66 	108 	109 
005110 	353 	66 	108 	109 
005111 	353 	66 	108 	109 
005112 	353 	66 	108 	109 
005113 	353 	66 	108 	109 
005114 	353 	66 	108 	109 
005115 	373 	75 	91 	91 
005116 	373 	75 	91 	91 
005117 	373 	75 	91 	91 
005118 	373 	75 	91 	91 
005119 	365 	66 	108 	109 
005120 	373 	75 	91 	91 
005121 	365 	66 	108 	109 
005122 	365 	66 	108 	109 
005123 	365 	66 	108 	109 
005124 	365 	66 	108 	109 
005125 	365 	66 	108 	109 
005126 	365 	66 	108 	109 
005127 	365 	66 	108 	109 
005128 	365 	66 	108 	109 
005129 	365 	66 	108 	109 
005130 	365 	66 	108 	109 
005131 	365 	66 	108 	109 
005132 	365 	66 	108 	109 
005133 	365 	66 	108 	109 
005134 	365 	66 	108 	109 
005135 	365 	66 	108 	109 
005136 	353 	54 	108 	109 
005137 	353 	54 	108 	109 
005138 	353 	54 	108 	109 
005139 	353 	54 	108 	109 
005140 	365 	66 	108 	109 
005141 	365 	66 	108 	109 
005142 	365 	54 	108 	109 
005143 	365 	54 	108 	109 
005144 	365 	54 	108 	109 
005145 	365 	54 	108 	109 
005146 	365 	54 	108 	109 
005147 	365 	54 	108 	109 
005148 	365 	54 	108 	109 
005149 	365 	54 	108 	109 
005150 	365 	54 	108 	109 
005151 	365 	54 	108 	109 
005152 	365 	54 	108 	109 
005153 	365 	54 	108 	109 
005154 	365 	54 	108 	109 
005155 	365 	54 	108 	109 
005156 	365 	54 	108 	109 
005157 	365 	54 	108 	109 
005158 	365 	54 	108 	109 
005159 	365 	54 	108 	109 
005160 	373 	55 	91 	91 
005161 	373 	55 	91 	91 
005162 	373 	55 	91 	91 
005163 	373 	55 	91 	91 
005164 	373 	55 	91 	91 
005165 	373 	55 	91 	91 
005166 	373 	55 	91 	91 
005167 	373 	55 	91 	91 
005168 	373 	55 	91 	91 
005169 	373 	55 	91 	91 
005170 	373 	55 	91 	91 
005171 	373 	55 	91 	91 
005172 	373 	55 	91 	91 
005173 	373 	55 	91 	91 
005174 	373 	55 	91 	91 
005175 	373 	55 	91 	91 
005176 	373 	55 	91 	91 
005177 	373 	55 	91 	91 
005178 	373 	55 	91 	91 
005179 	353 	43 	108 	108 
005180 	353 	43 	108 	108 
005181 	353 	43 	108 	108 
005182 	353 	43 	108 	108 
005183 	353 	43 	108 	108 
005184 	353 	43 	108 	108 
005185 	353 	54 	108 	109 
005186 	353 	54 	108 	109 
005187 	353 	54 	108 	109 
005188 	353 	54 	108 	109 
005189 	353 	54 	108 	109 
005190 	353 	54 	108 	109 
005191 	353 	54 	108 	109 
005192 	353 	54 	108 	109 
005193 	353 	54 	108 	109 
005194 	353 	54 	108 	109 
005195 	353 	54 	108 	109 
005196 	353 	54 	108 	109 
005197 	353 	54 	108 	109 
005198 	353 	54 	108 	109 
005199 	353 	54 	108 	109 
005200 	353 	54 	108 	109 
005201 	353 	54 	108 	109 
005202 	353 	54 	108 	109 
005203 	353 	54 	108 	109 
005204 	365 	54 	108 	109 
005205 	365 	54 	108 	109 
005206 	365 	54 	108 	109 
005207 	365 	54 	108 	109 
005208 	365 	54 	108 	109 
005209 	365 	54 	108 	109 
005210 	365 	54 	108 	109 
005211 	353 	54 	108 	109 
005212 	353 	54 	108 	109 
005213 	353 	54 	108 	109 
005214 	373 	65 	91 	91 
005215 	373 	65 	91 	91 
005216 	373 	65 	91 	91 
005217 	373 	65 	91 	91 
005218 	373 	65 	91 	91 
005219 	373 	65 	91 	91 
005220 	373 	65 	91 	91 
005221 	353 	54 	108 	109 
005222 	353 	54 	108 	109 
005223 	353 	54 	108 	109 
005224 	353 	54 	108 	109 
005225 	353 	54 	108 	109 
005226 	341 	54 	108 	109 
005227 	341 	54 	108 	109 
005228 	329 	54 	108 	109 
005229 	329 	54 	108 	109 
005230 	329 	54 	108 	109 
005231 	329 	54 	108 	109 
005232 	333 	65 	91 	91 
005233 	333 	65 	91 	91 
005234 	317 	66 	108 	109 
005235 	317 	66 	108 	109 
005236 	317 	66 	108 	109 
005237 	317 	66 	108 	109 
005238 	305 	66 	108 	109 
005239 	305 	54 	108 	109 
005240 	305 	54 	108 	109 
005241 	305 	54 	108 	109 
005242 	305 	54 	108 	109 
005243 	305 	54 	108 	109 
005244 	323 	65 	91 	91 
005245 	323 	65 	91 	91 
005246 	317 	54 	108 	109 
005247 	317 	54 	108 	109 
005248 	317 	54 	108 	109 
005249 	317 	54 	108 	109 
005250 	317 	54 	108 	109 
005251 	317 	54 	108 	109 
005252 	317 	54 	108 	109 
005253 	317 	54 	108 	109 
005254 	317 	54 	108 	109 
005255 	317 	54 	108 	109 
005256 	317 	54 	108 	109 
005257 	333 	65 	91 	91 
005258 	333 	65 	91 	91 
005259 	329 	54 	108 	109 
005260 	329 	54 	108 	109 
005261 	329 	54 	108 	109 
005262 	329 	54 	108 	109 
005263 	329 	54 	108 	109 
005264 	329 	54 	108 	109 
005265 	317 	54 	108 	109 
005266 	317 	54 	108 	109 
005267 	317 	54 	108 	109 
005268 	317 	54 	108 	109 
005269 	317 	54 	108 	109 
005270 	317 	54 	108 	109 
005271 	317 	54 	108 	109 
005272 	317 	54 	108 	109 
005273 	317 	54 	108 	109 
005274 	317 	54 	108 	109 
005275 	317 	54 	108 	109 
005276 	317 	54 	108 	109 
005277 	317 	54 	108 	109 
005278 	323 	65 	91 	91 
005279 	305 	54 	108 	109 
005280 	305 	54 	108 	109 
005281 	305 	54 	108 	109 
005282 	314 	65 	90 	91 
005283 	314 	65 	90 	91 
005284 	314 	65 	90 	91 
005285 	305 	54 	108 	109 
005286 	305 	54 	108 	109 
005287 	305 	54 	108 	109 
005288 	305 	54 	108 	109 
005289 	305 	54 	108 	109 
005290 	305 	54 	108 	109 
005291 	305 	54 	108 	109 
005292 	323 	55 	91 	91 
005293 	317 	54 	108 	109 
005294 	317 	54 	108 	109 
005295 	317 	54 	108 	109 
005296 	317 	54 	108 	109 
005297 	333 	55 	91 	91 
005298 	333 	55 	91 	91 
005299 	333 	55 	91 	91 
005300 	333 	55 	91 	91 
005301 	333 	55 	91 	91 
005302 	333 	55 	91 	91 
005303 	317 	54 	108 	109 
005304 	317 	54 	108 	109 
005305 	317 	54 	108 	109 
005306 	317 	54 	108 	109 
005307 	317 	54 	108 	109 
005308 	317 	54 	108 	109 
005309 	317 	54 	108 	109 
005310 	317 	54 	108 	109 
005311 	333 	55 	91 	91 
005312 	329 	54 	108 	109 
005313 	329 	54 	108 	109 
005314 	329 	54 	108 	109 
005315 	329 	54 	108 	109 
005316 	333 	65 	91 	91 
005317 	317 	54 	108 	109 
005318 	317 	54 	108 	109 
005319 	317 	54 	108 	109 
005320 	317 	54 	108 	109 
005321 	317 	54 	108 	109 
005322 	317 	54 	108 	109 
005323 	317 	54 	108 	109 
005324 	317 	54 	108 	109 
005325 	317 	54 	108 	109 
005326 	317 	54 	108 	109 
005327 	329 	54 	108 	109 
005328 	329 	54 	108 	109 
005329 	329 	54 	108 	109 
005330 	329 	54 	108 	109 
005331 	329 	54 	108 	109 
005332 	341 	54 	108 	109 
005333 	341 	54 	108 	109 
005334 	341 	54 	108 	109 
005335 	341 	54 	108 	109 
005336 	341 	43 	108 	108 
005337 	341 	43 	108 	108 
005338 	341 	54 	108 	109 
005339 	341 	54 	108 	109 
005340 	341 	54 	108 	109 
005341 	341 	54 	108 	109 
005342 	341 	43 	108 	108 
005343 	341 	43 	108 	108 
005344 	353 	43 	108 	108 
005345 	353 	43 	108 	108 
005346 	353 	43 	108 	108 
005347 	353 	43 	108 	108 
005348 	353 	43 	108 	108 
005349 	353 	43 	108 	108 
005350 	353 	43 	108 	108 
005351 	353 	43 	108 	108 
005352 	363 	55 	91 	91 
005353 	363 	55 	91 	91 
005354 	363 	55 	91 	91 
005355 	363 	55 	91 	91 
005356 	363 	55 	91 	91 
005357 	363 	65 	91 	91 
005358 	353 	54 	108 	109 
005359 	363 	65 	91 	91 
005360 	363 	65 	91 	91 
005361 	353 	54 	108 	109 
005362 	353 	54 	108 	109 
005363 	353 	54 	108 	109 
005364 	353 	54 	108 	109 
005365 	353 	54 	108 	109 
005366 	353 	54 	108 	109 
005367 	353 	54 	108 	109 
005368 	373 	65 	91 	91 
005369 	373 	65 	91 	91 
005370 	373 	65 	91 	91 
005371 	373 	65 	91 	91 
005372 	373 	65 	91 	91 
005373 	373 	65 	91 	91 
005374 	365 	54 	108 	109 
005375 	365 	54 	108 	109 
005376 	365 	54 	108 	109 
005377 	365 	54 	108 	109 
005378 	365 	54 	108 	109 
005379 	365 	54 	108 	109 
005380 	365 	54 	108 	109 
005381 	383 	65 	91 	91 
005382 	383 	65 	91 	91 
005383 	383 	65 	91 	91 
005384 	383 	65 	91 	91 
005385 	383 	65 	91 	91 
005386 	383 	65 	91 	91 
005387 	376 	66 	109 	109 
005388 	376 	66 	109 	109 
005389 	376 	66 	109 	109 
005390 	376 	54 	109 	109 
005391 	376 	54 	109 	109 
005392 	376 	54 	109 	109 
005393 	376 	54 	109 	109 
005394 	376 	54 	109 	109 
005395 	376 	54 	109 	109 
005396 	376 	54 	109 	109 
005397 	376 	54 	109 	109 
005398 	376 	54 	109 	109 
005399 	383 	55 	91 	91 
005400 	383 	55 	91 	91 
005401 	383 	55 	91 	91 
005402 	383 	55 	91 	91 
005403 	383 	55 	91 	91 
005404 	383 	55 	91 	91 
005405 	383 	55 	91 	91 
005406 	383 	65 	91 	91 
005407 	383 	65 	91 	91 
005408 	365 	54 	108 	109 
005409 	365 	54 	108 	109 
005410 	365 	54 	108 	109 
005411 	365 	54 	108 	109 
005412 	365 	54 	108 	109 
005413 	383 	55 	91 	91 
005414 	383 	55 	91 	91 
005415 	383 	55 	91 	91 
005416 	376 	54 	109 	109 
005417 	376 	54 	109 	109 
005418 	376 	54 	109 	109 
005419 	376 	54 	109 	109 
005420 	376 	54 	109 	109 
005421 	376 	54 	109 	109 
005422 	376 	54 	109 	109 
005423 	376 	54 	109 	109 
005424 	376 	54 	109 	109 
005425 	376 	54 	109 	109 
005426 	376 	54 	109 	109 
005427 	376 	54 	109 	109 
005428 	376 	54 	109 	109 
005429 	376 	54 	109 	109 
005430 	376 	54 	109 	109 
005431 	376 	54 	109 	109 
005432 	376 	54 	109 	109 
005433 	376 	54 	109 	109 
005434 	376 	54 	109 	109 
005435 	376 	54 	109 	109 
005436 	376 	54 	109 	109 
005437 	376 	54 	109 	109 
005438 	376 	54 	109 	109 
005439 	376 	54 	109 	109 
005440 	376 	54 	109 	109 
005441 	376 	54 	109 	109 
005442 	376 	54 	109 	109 
005443 	376 	54 	109 	109 
005444 	376 	54 	109 	109 
005445 	376 	54 	109 	109 
005446 	376 	54 	109 	109 
005447 	376 	54 	109 	109 
005448 	376 	54 	109 	109 
005449 	376 	54 	109 	109 
005450 	376 	54 	109 	109 
005451 	376 	54 	109 	109 
005452 	376 	54 	109 	109 
005453 	376 	54 	109 	109 
005454 	376 	54 	109 	109 
005455 	376 	54 	109 	109 
005456 	376 	54 	109 	109 
005457 	376 	54 	109 	109 
005458 	376 	54 	109 	109 
005459 	376 	54 	109 	109 
005460 	376 	54 	109 	109 
005461 	376 	54 	109 	109 
005462 	376 	54 	109 	109 
005463 	376 	54 	109 	109 
005464 	376 	54 	109 	109 
005465 	376 	54 	109 	109 
005466 	376 	54 	109 	109 
005467 	376 	54 	109 	109 
005468 	376 	54 	109 	109 
005469 	376 	54 	109 	109 
005470 	376 	54 	109 	109 
005471 	383 	65 	91 	91 
005472 	383 	65 	91 	91 
005473 	365 	54 	108 	109 
005474 	365 	54 	108 	109 
005475 	365 	54 	108 	109 
005476 	365 	54 	108 	109 
005477 	365 	54 	108 	109 
005478 	365 	54 	108 	109 
005479 	365 	54 	108 	109 
005480 	365 	54 	108 	109 
005481 	365 	54 	108 	109 
005482 	365 	54 	108 	109 
005483 	365 	54 	108 	109 
005484 	365 	54 	108 	109 
005485 	383 	55 	91 	91 
005486 	376 	54 	109 	109 
005487 	376 	54 	109 	109 
005488 	376 	54 	109 	109 
005489 	376 	54 	109 	109 
005490 	376 	66 	109 	109 
005491 	376 	66 	109 	109 
005492 	376 	66 	109 	109 
005493 	376 	66 	109 	109 
005494 	376 	66 	109 	109 
005495 	376 	66 	109 	109 
005496 	376 	66 	109 	109 
005497 	376 	66 	109 	109 
005498 	376 	66 	109 	109 
005499 	376 	66 	109 	109 
005500 	376 	66 	109 	109 
005501 	376 	66 	109 	109 
005502 	376 	66 	109 	109 
005503 	383 	75 	91 	91 
005504 	383 	75 	91 	91 
005505 	383 	75 	91 	91 
005506 	383 	75 	91 	91 
005507 	383 	65 	91 	91 
005508 	376 	66 	109 	109 
005509 	383 	65 	91 	91 
005510 	383 	65 	91 	91 
005511 	383 	65 	91 	91 
005512 	376 	66 	109 	109 
005513 	383 	65 	91 	91 
005514 	376 	66 	109 	109 
005515 	376 	66 	109 	109 
005516 	383 	65 	91 	91 
005517 	376 	54 	109 	109 
005518 	383 	65 	91 	91 
005519 	376 	66 	109 	109 
005520 	376 	66 	109 	109 
005521 	376 	66 	109 	109 
005522 	376 	66 	109 	109 
005523 	365 	54 	108 	109 
005524 	365 	54 	108 	109 
005525 	365 	54 	108 	109 
005526 	383 	65 	91 	91 
005527 	383 	75 	91 	91 
005528 	376 	66 	109 	109 
005529 	376 	66 	109 	109 
005530 	376 	66 	109 	109 
005531 	365 	54 	108 	109 
005532 	365 	54 	108 	109 
005533 	365 	54 	108 	109 
005534 	365 	54 	108 	109 
005535 	383 	65 	91 	91 
005536 	365 	54 	108 	109 
005537 	365 	54 	108 	109 
005538 	383 	75 	91 	91 
005539 	376 	66 	109 	109 
005540 	383 	75 	91 	91 
005541 	365 	54 	108 	109 
005542 	365 	54 	108 	109 
005543 	365 	54 	108 	109 
005544 	365 	54 	108 	109 
005545 	365 	54 	108 	109 
005546 	365 	54 	108 	109 
005547 	365 	54 	108 	109 
005548 	365 	54 	108 	109 
005549 	365 	54 	108 	109 
005550 	365 	54 	108 	109 
005551 	365 	54 	108 	109 
005552 	365 	54 	108 	109 
005553 	365 	54 	108 	109 
005554 	365 	54 	108 	109 
005555 	365 	54 	108 	109 
005556 	365 	54 	108 	109 
005557 	365 	54 	108 	109 
005558 	365 	54 	108 	109 
005559 	365 	54 	108 	109 
005560 	365 	54 	108 	109 
005561 	365 	54 	108 	109 
005562 	365 	54 	108 	109 
005563 	365 	54 	108 	109 
005564 	365 	54 	108 	109 
005565 	365 	54 	108 	109 
005566 	365 	54 	108 	109 
005567 	365 	54 	108 	109 
005568 	365 	54 	108 	109 
005569 	365 	54 	108 	109 
005570 	365 	54 	108 	109 
005571 	373 	65 	91 	91 
005572 	373 	65 	91 	91 
005573 	353 	54 	108 	109 
005574 	353 	54 	108 	109 
005575 	353 	54 	108 	109 
005576 	353 	54 	108 	109 
005577 	353 	54 	108 	109 
005578 	353 	54 	108 	109 
005579 	353 	54 	108 	109 
005580 	341 	54 	108 	109 
005581 	341 	54 	108 	109 
005582 	341 	54 	108 	109 
005583 	341 	54 	108 	109 
005584 	341 	54 	108 	109 
005585 	341 	54 	108 	109 
005586 	341 	54 	108 	109 
005587 	343 	55 	91 	91 
005588 	343 	55 	91 	91 
005589 	343 	55 	91 	91 
005590 	343 	55 	91 	91 
005591 	329 	54 	108 	109 
005592 	329 	54 	108 	109 
005593 	329 	54 	108 	109 
005594 	329 	54 	108 	109 
005595 	333 	55 	91 	91 
005596 	333 	55 	91 	91 
005597 	317 	54 	108 	109 
005598 	317 	54 	108 	109 
005599 	323 	65 	91 	91 
005600 	305 	54 	108 	109 
005601 	305 	54 	108 	109 
005602 	305 	54 	108 	109 
005603 	305 	54 	108 	109 
005604 	305 	54 	108 	109 
005605 	305 	54 	108 	109 
005606 	305 	54 	108 	109 
005607 	305 	54 	108 	109 
005608 	305 	54 	108 	109 
005609 	305 	54 	108 	109 
005610 	305 	54 	108 	109 
005611 	305 	54 	108 	109 
005612 	305 	54 	108 	109 
005613 	305 	54 	108 	109 
005614 	305 	54 	108 	109 
005615 	314 	65 	90 	91 
005616 	314 	65 	90 	91 
005617 	314 	65 	90 	91 
005618 	305 	54 	108 	109 
005619 	305 	54 	108 	109 
005620 	305 	54 	108 	109 
005621 	305 	54 	108 	109 
005622 	305 	54 	108 	109 
005623 	305 	54 	108 	109 
005624 	305 	54 	108 	109 
005625 	305 	54 	108 	109 
005626 	305 	54 	108 	109 
005627 	305 	54 	108 	109 
005628 	305 	54 	108 	109 
005629 	305 	54 	108 	109 
005630 	305 	54 	108 	109 
005631 	305 	54 	108 	109 
005632 	305 	54 	108 	109 
005633 	305 	54 	108 	109 
005634 	305 	54 	108 	109 
005635 	305 	54 	108 	109 
005636 	305 	54 	108 	109 
005637 	305 	54 	108 	109 
005638 	305 	54 	108 	109 
005639 	323 	55 	91 	91 
005640 	323 	55 	91 	91 
005641 	323 	55 	91 	91 
005642 	323 	55 	91 	91 
005643 	323 	55 	91 	91 
005644 	317 	54 	108 	109 
005645 	317 	54 	108 	109 
005646 	305 	54 	108 	109 
005647 	305 	54 	108 	109 
005648 	305 	54 	108 	109 
005649 	317 	54 	108 	109 
005650 	317 	54 	108 	109 
005651 	333 	65 	91 	91 
005652 	329 	54 	108 	109 
005653 	329 	54 	108 	109 
005654 	329 	54 	108 	109 
005655 	343 	65 	91 	91 
005656 	329 	54 	108 	109 
005657 	329 	54 	108 	109 
005658 	329 	54 	108 	109 
005659 	341 	54 	108 	109 
005660 	341 	54 	108 	109 
005661 	341 	54 	108 	109 
005662 	341 	54 	108 	109 
005663 	341 	54 	108 	109 
005664 	341 	54 	108 	109 
005665 	341 	54 	108 	109 
005666 	341 	54 	108 	109 
005667 	341 	54 	108 	109 
005668 	341 	54 	108 	109 
005669 	341 	54 	108 	109 
005670 	341 	54 	108 	109 
005671 	341 	54 	108 	109 
005672 	341 	54 	108 	109 
005673 	341 	54 	108 	109 
005674 	341 	54 	108 	109 
005675 	353 	54 	108 	109 
005676 	353 	54 	108 	109 
005677 	353 	54 	108 	109 
005678 	353 	54 	108 	109 
005679 	353 	54 	108 	109 
005680 	353 	54 	108 	109 
005681 	353 	54 	108 	109 
005682 	353 	54 	108 	109 
005683 	353 	54 	108 	109 
005684 	353 	54 	108 	109 
005685 	353 	54 	108 	109 
005686 	353 	54 	108 	109 
005687 	353 	54 	108 	109 
005688 	353 	54 	108 	109 
005689 	373 	75 	91 	91 
005690 	373 	75 	91 	91 
005691 	365 	66 	108 	109 
005692 	365 	66 	108 	109 
005693 	373 	75 	91 	91 
005694 	365 	66 	108 	109 
005695 	365 	66 	108 	109 
005696 	365 	66 	108 	109 
005697 	365 	66 	108 	109 
005698 	373 	75 	91 	91 
005699 	373 	75 	91 	91 
005700 	365 	66 	108 	109 
005701 	373 	75 	91 	91 
005702 	373 	75 	91 	91 
005703 	373 	75 	91 	91 
005704 	373 	75 	91 	91 
005705 	365 	66 	108 	109 
005706 	373 	75 	91 	91 
005707 	365 	66 	108 	109 
005708 	365 	66 	108 	109 
005709 	365 	66 	108 	109 
005710 	365 	66 	108 	109 
005711 	365 	66 	108 	109 
005712 	365 	66 	108 	109 
005713 	365 	66 	108 	109 
005714 	365 	66 	108 	109 
005715 	365 	66 	108 	109 
005716 	365 	66 	108 	109 
005717 	365 	54 	108 	109 
005718 	365 	66 	108 	109 
005719 	373 	65 	91 	91 
005720 	373 	65 	91 	91 
005721 	373 	65 	91 	91 
005722 	373 	65 	91 	91 
005723 	365 	66 	108 	109 
005724 	365 	66 	108 	109 
005725 	373 	65 	91 	91 
005726 	373 	65 	91 	91 
005727 	373 	65 	91 	91 
005728 	373 	65 	91 	91 
005729 	365 	66 	108 	109 
005730 	365 	66 	108 	109 
005731 	353 	54 	108 	109 
005732 	353 	54 	108 	109 
005733 	353 	54 	108 	109 
005734 	353 	54 	108 	109 
005735 	353 	54 	108 	109 
005736 	353 	54 	108 	109 
005737 	353 	54 	108 	109 
005738 	353 	54 	108 	109 
005739 	353 	54 	108 	109 
005740 	353 	54 	108 	109 
005741 	353 	54 	108 	109 
005742 	353 	54 	108 	109 
005743 	353 	54 	108 	109 
005744 	353 	54 	108 	109 
005745 	353 	54 	108 	109 
005746 	353 	54 	108 	109 
005747 	353 	54 	108 	109 
005748 	341 	54 	108 	109 
005749 	341 	54 	108 	109 
005750 	341 	54 	108 	109 
005751 	341 	54 	108 	109 
005752 	341 	54 	108 	109 
005753 	343 	55 	91 	91 
005754 	343 	55 	91 	91 
005755 	341 	54 	108 	109 
005756 	341 	54 	108 	109 
005757 	341 	54 	108 	109 
005758 	341 	54 	108 	109 
005759 	341 	54 	108 	109 
005760 	341 	54 	108 	109 
005761 	341 	54 	108 	109 
005762 	341 	54 	108 	109 
005763 	341 	54 	108 	109 
005764 	341 	54 	108 	109 
005765 	341 	54 	108 	109 
005766 	341 	54 	108 	109 
005767 	341 	54 	108 	109 
005768 	341 	54 	108 	109 
005769 	353 	54 	108 	109 
005770 	353 	54 	108 	109 
005771 	353 	54 	108 	109 
005772 	353 	54 	108 	109 
005773 	353 	54 	108 	109 
005774 	353 	54 	108 	109 
005775 	353 	54 	108 	109 
005776 	353 	54 	108 	109 
005777 	353 	54 	108 	109 
005778 	353 	54 	108 	109 
005779 	353 	54 	108 	109 
005780 	353 	54 	108 	109 
005781 	353 	54 	108 	109 
005782 	353 	54 	108 	109 
005783 	353 	54 	108 	109 
005784 	365 	54 	108 	109 
005785 	365 	54 	108 	109 
005786 	365 	54 	108 	109 
005787 	365 	54 	108 	109 
005788 	365 	54 	108 	109 
005789 	365 	54 	108 	109 
005790 	365 	54 	108 	109 
005791 	365 	54 	108 	109 
005792 	365 	54 	108 	109 
005793 	365 	54 	108 	109 
005794 	365 	54 	108 	109 
005795 	373 	55 	91 	91 
005796 	373 	55 	91 	91 
005797 	373 	55 	91 	91 
005798 	373 	55 	91 	91 
005799 	373 	55 	91 	91 
005800 	365 	54 	108 	109 
005801 	373 	55 	91 	91 
005802 	373 	55 	91 	91 
005803 	373 	55 	91 	91 
005804 	373 	55 	91 	91 
005805 	373 	55 	91 	91 
005806 	373 	55 	91 	91 
005807 	373 	55 	91 	91 
005808 	373 	55 	91 	91 
005809 	373 	55 	91 	91 
005810 	365 	54 	108 	109 
005811 	365 	54 	108 	109 
005812 	365 	54 	108 	109 
005813 	365 	54 	108 	109 
005814 	365 	54 	108 	109 
005815 	365 	54 	108 	109 
005816 	365 	54 	108 	109 
005817 	365 	54 	108 	109 
005818 	365 	54 	108 	109 
005819 	365 	54 	108 	109 
005820 	365 	54 	108 	109 
005821 	365 	54 	108 	109 
005822 	365 	54 	108 	109 
005823 	365 	54 	108 	109 
005824 	365 	54 	108 	109 
005825 	365 	54 	108 	109 
005826 	365 	54 	108 	109 
005827 	365 	54 	108 	109 
005828 	365 	54 	108 	109 
005829 	365 	54 	108 	109 
005830 	365 	54 	108 	109 
005831 	365 	54 	108 	109 
005832 	365 	54 	108 	109 
005833 	365 	54 	108 	109 
005834 	365 	54 	108 	109 
005835 	365 	54 	108 	109 
005836 	365 	54 	108 	109 
005837 	365 	54 	108 	109 
005838 	365 	54 	108 	109 
005839 	365 	54 	108 	109 
005840 	365 	54 	108 	109 
005841 	365 	54 	108 	109 
005842 	365 	54 	108 	109 
005843 	365 	54 	108 	109 
005844 	365 	54 	108 	109 
005845 	365 	54 	108 	109 
005846 	365 	54 	108 	109 
005847 	365 	54 	108 	109 
005848 	365 	54 	108 	109 
005849 	365 	54 	108 	109 
005850 	365 	54 	108 	109 
005851 	365 	54 	108 	109 
005852 	365 	66 	108 	109 
005853 	365 	54 	108 	109 
005854 	365 	66 	108 	109 
005855 	365 	54 	108 	109 
005856 	365 	54 	108 	109 
005857 	365 	54 	108 	109 
005858 	365 	54 	108 	109 
005859 	365 	54 	108 	109 
005860 	365 	54 	108 	109 
005861 	365 	54 	108 	109 
005862 	365 	54 	108 	109 
005863 	365 	54 	108 	109 
005864 	365 	54 	108 	109 
005865 	365 	54 	108 	109 
005866 	365 	54 	108 	109 
005867 	365 	54 	108 	109 
005868 	365 	54 	108 	109 
005869 	365 	54 	108 	109 
005870 	353 	54 	108 	109 
005871 	353 	54 	108 	109 
005872 	353 	54 	108 	109 
005873 	353 	54 	108 	109 
005874 	353 	54 	108 	109 
005875 	353 	54 	108 	109 
005876 	353 	54 	108 	109 
005877 	353 	54 	108 	109 
005878 	353 	54 	108 	109 
005879 	353 	54 	108 	109 
005880 	353 	54 	108 	109 
005881 	353 	54 	108 	109 
005882 	353 	54 	108 	109 
005883 	353 	54 	108 	109 
005884 	353 	54 	108 	109 
005885 	353 	54 	108 	109 
005886 	353 	54 	108 	109 
005887 	365 	54 	108 	109 
005888 	365 	54 	108 	109 
005889 	373 	55 	91 	91 
005890 	353 	54 	108 	109 
005891 	353 	54 	108 	109 
005892 	373 	55 	91 	91 
005893 	373 	55 	91 	91 
005894 	373 	55 	91 	91 
005895 	373 	55 	91 	91 
005896 	373 	55 	91 	91 
005897 	373 	55 	91 	91 
005898 	373 	55 	91 	91 
005899 	365 	54 	108 	109 
005900 	365 	54 	108 	109 
005901 	365 	54 	108 	109 
005902 	365 	54 	108 	109 
005903 	365 	54 	108 	109 
005904 	365 	54 	108 	109 
005905 	365 	54 	108 	109 
005906 	365 	54 	108 	109 
005907 	365 	54 	108 	109 
005908 	365 	54 	108 	109 
005909 	365 	54 	108 	109 
005910 	365 	54 	108 	109 
005911 	365 	54 	108 	109 
005912 	365 	54 	108 	109 
005913 	365 	54 	108 	109 
005914 	365 	54 	108 	109 
005915 	365 	54 	108 	109 
005916 	365 	54 	108 	109 
005917 	365 	54 	108 	109 
005918 	365 	54 	108 	109 
005919 	365 	54 	108 	109 
005920 	365 	54 	108 	109 
005921 	365 	54 	108 	109 
005922 	365 	54 	108 	109 
005923 	365 	54 	108 	109 
005924 	365 	54 	108 	109 
005925 	383 	65 	91 	91 
005926 	383 	55 	91 	91 
005927 	383 	55 	91 	91 
005928 	365 	54 	108 	109 
005929 	365 	54 	108 	109 
005930 	365 	54 	108 	109 
005931 	365 	43 	108 	108 
005932 	365 	43 	108 	108 
005933 	383 	55 	91 	91 
005934 	383 	55 	91 	91 
005935 	383 	55 	91 	91 
005936 	376 	43 	109 	108 
005937 	376 	43 	109 	108 
005938 	376 	43 	109 	108 
005939 	376 	43 	109 	108 
005940 	376 	43 	109 	108 
005941 	376 	43 	109 	108 
005942 	376 	43 	109 	108 
005943 	376 	43 	109 	108 
005944 	383 	55 	91 	91 
005945 	383 	55 	91 	91 
005946 	365 	54 	108 	109 
005947 	365 	54 	108 	109 
005948 	365 	54 	108 	109 
005949 	365 	54 	108 	109 
005950 	365 	54 	108 	109 
005951 	365 	54 	108 	109 
005952 	365 	54 	108 	109 
005953 	365 	54 	108 	109 
005954 	365 	54 	108 	109 
005955 	365 	54 	108 	109 
005956 	365 	54 	108 	109 
005957 	383 	55 	91 	91 
005958 	383 	65 	91 	91 
005959 	383 	65 	91 	91 
005960 	383 	65 	91 	91 
005961 	383 	65 	91 	91 
005962 	383 	65 	91 	91 
005963 	383 	65 	91 	91 
005964 	383 	65 	91 	91 
005965 	383 	65 	91 	91 
005966 	383 	65 	91 	91 
005967 	383 	65 	91 	91 
005968 	383 	65 	91 	91 
005969 	383 	65 	91 	91 
005970 	383 	65 	91 	91 
005971 	383 	65 	91 	91 
005972 	365 	54 	108 	109 
005973 	365 	54 	108 	109 
005974 	365 	54 	108 	109 
005975 	365 	54 	108 	109 
005976 	365 	54 	108 	109 
005977 	365 	43 	108 	108 
005978 	365 	54 	108 	109 
005979 	365 	43 	108 	108 
005980 	365 	43 	108 	108 
005981 	365 	54 	108 	109 
005982 	365 	54 	108 	109 
005983 	365 	54 	108 	109 
005984 	383 	55 	91 	91 
005985 	383 	55 	91 	91 
005986 	383 	55 	91 	91 
005987 	383 	55 	91 	91 
005988 	365 	54 	108 	109 
005989 	365 	54 	108 	109 
005990 	365 	54 	108 	109 
005991 	365 	54 	108 	109 
005992 	365 	54 	108 	109 
005993 	365 	54 	108 	109 
005994 	365 	54 	108 	109 
005995 	365 	54 	108 	109 
005996 	365 	54 	108 	109 
005997 	365 	54 	108 	109 
005998 	353 	54 	108 	109 
005999 	353 	54 	108 	109 
006000 	353 	54 	108 	109 
006001 	353 	54 	108 	109 
006002 	353 	54 	108 	109 
006003 	353 	54 	108 	109 
006004 	353 	54 	108 	109 
006005 	353 	54 	108 	109 
006006 	353 	54 	108 	109 
006007 	353 	54 	108 	109 
006008 	353 	54 	108 	109 
006009 	353 	54 	108 	109 
006010 	341 	54 	108 	109 
006011 	341 	54 	108 	109 
006012 	341 	54 	108 	109 
006013 	341 	54 	108 	109 
006014 	341 	54 	108 	109 
006015 	341 	54 	108 	109 
006016 	329 	54 	108 	109 
006017 	329 	54 	108 	109 
006018 	329 	54 	108 	109 
006019 	329 	54 	108 	109 
006020 	329 	54 	108 	109 
006021 	333 	55 	91 	91 
006022 	317 	54 	108 	109 
006023 	317 	54 	108 	109 
006024 	317 	54 	108 	109 
006025 	317 	54 	108 	109 
006026 	317 	54 	108 	109 
006027 	317 	54 	108 	109 
006028 	317 	54 	108 	109 
006029 	317 	54 	108 	109 
006030 	317 	54 	108 	109 
006031 	317 	54 	108 	109 
006032 	317 	54 	108 	109 
006033 	317 	54 	108 	109 
006034 	323 	55 	91 	91 
006035 	323 	55 	91 	91 
006036 	323 	65 	91 	91 
006037 	323 	65 	91 	91 
006038 	305 	66 	108 	109 
006039 	305 	66 	108 	109 
006040 	305 	66 	108 	109 
006041 	305 	66 	108 	109 
006042 	305 	66 	108 	109 
006043 	305 	66 	108 	109 
006044 	305 	66 	108 	109 
006045 	305 	66 	108 	109 
006046 	305 	66 	108 	109 
006047 	305 	66 	108 	109 
006048 	305 	66 	108 	109 
006049 	305 	66 	108 	109 
006050 	305 	66 	108 	109 
006051 	305 	54 	108 	109 
006052 	305 	54 	108 	109 
006053 	305 	54 	108 	109 
006054 	305 	54 	108 	109 
006055 	305 	54 	108 	109 
006056 	314 	65 	90 	91 
006057 	314 	65 	90 	91 
006058 	314 	65 	90 	91 
006059 	314 	65 	90 	91 
006060 	314 	65 	90 	91 
006061 	293 	54 	108 	109 
006062 	293 	54 	108 	109 
006063 	293 	54 	108 	109 
006064 	293 	54 	108 	109 
006065 	293 	54 	108 	109 
006066 	293 	54 	108 	109 
006067 	293 	54 	108 	109 
006068 	293 	54 	108 	109 
006069 	293 	54 	108 	109 
006070 	293 	54 	108 	109 
006071 	293 	54 	108 	109 
006072 	293 	54 	108 	109 
006073 	293 	66 	108 	109 
006074 	293 	66 	108 	109 
006075 	293 	66 	108 	109 
006076 	293 	66 	108 	109 
006077 	293 	66 	108 	109 
006078 	293 	66 	108 	109 
006079 	293 	66 	108 	109 
006080 	293 	66 	108 	109 
006081 	305 	66 	108 	109 
006082 	305 	54 	108 	109 
006083 	305 	54 	108 	109 
006084 	305 	54 	108 	109 
006085 	305 	54 	108 	109 
006086 	305 	54 	108 	109 
006087 	305 	54 	108 	109 
006088 	305 	54 	108 	109 
006089 	305 	54 	108 	109 
006090 	305 	54 	108 	109 
006091 	305 	54 	108 	109 
006092 	305 	54 	108 	109 
006093 	305 	54 	108 	109 
006094 	305 	54 	108 	109 
006095 	305 	54 	108 	109 
006096 	305 	54 	108 	109 
006097 	305 	54 	108 	109 
006098 	305 	54 	108 	109 
006099 	305 	54 	108 	109 
006100 	305 	54 	108 	109 
006101 	305 	54 	108 	109 
006102 	305 	54 	108 	109 
006103 	305 	54 	108 	109 
006104 	305 	54 	108 	109 
006105 	305 	54 	108 	109 
006106 	305 	54 	108 	109 
006107 	305 	54 	108 	109 
006108 	305 	54 	108 	109 
006109 	305 	54 	108 	109 
006110 	305 	54 	108 	109 
006111 	305 	54 	108 	109 
006112 	305 	54 	108 	109 
006113 	305 	54 	108 	109 
006114 	305 	54 	108 	109 
006115 	305 	54 	108 	109 
006116 	305 	66 	108 	109 
006117 	293 	66 	108 	109 
006118 	293 	66 	108 	109 
006119 	293 	66 	108 	109 
006120 	293 	78 	108 	109 
006121 	293 	78 	108 	109 
006122 	293 	78 	108 	109 
006123 	293 	78 	108 	109 
006124 	293 	66 	108 	109 
006125 	293 	66 	108 	109 
006126 	293 	66 	108 	109 
006127 	293 	66 	108 	109 
006128 	293 	66 	108 	109 
006129 	293 	66 	108 	109 
006130 	293 	66 	108 	109 
006131 	293 	66 	108 	109 
006132 	293 	66 	108 	109 
006133 	293 	66 	108 	109 
006134 	293 	66 	108 	109 
006135 	293 	66 	108 	109 
006136 	293 	54 	108 	109 
006137 	293 	66 	108 	109 
006138 	293 	66 	108 	109 
006139 	293 	66 	108 	109 
006140 	293 	66 	108 	109 
006141 	293 	66 	108 	109 
006142 	293 	66 	108 	109 
006143 	293 	66 	108 	109 
006144 	293 	66 	108 	109 
006145 	293 	66 	108 	109 
006146 	293 	66 	108 	109 
006147 	293 	66 	108 	109 
006148 	293 	66 	108 	109 
006149 	304 	65 	90 	91 
006150 	293 	54 	108 	109 
006151 	293 	54 	108 	109 
006152 	293 	54 	108 	109 
006153 	293 	54 	108 	109 
006154 	293 	54 	108 	109 
006155 	293 	54 	108 	109 
006156 	293 	54 	108 	109 
006157 	293 	54 	108 	109 
006158 	293 	54 	108 	109 
006159 	293 	54 	108 	109 
006160 	293 	54 	108 	109 
006161 	293 	54 	108 	109 
006162 	293 	54 	108 	109 
006163 	293 	54 	108 	109 
006164 	293 	54 	108 	109 
006165 	293 	54 	108 	109 
006166 	293 	54 	108 	109 
006167 	293 	54 	108 	109 
006168 	293 	54 	108 	109 
006169 	293 	54 	108 	109 
006170 	293 	54 	108 	109 
006171 	293 	54 	108 	109 
006172 	293 	54 	108 	109 
006173 	293 	54 	108 	109 
006174 	293 	54 	108 	109 
006175 	293 	54 	108 	109 
006176 	293 	54 	108 	109 
006177 	293 	54 	108 	109 
006178 	293 	54 	108 	109 
006179 	293 	54 	108 	109 
006180 	293 	54 	108 	109 
006181 	293 	54 	108 	109 
006182 	293 	54 	108 	109 
006183 	293 	54 	108 	109 
006184 	293 	54 	108 	109 
006185 	293 	54 	108 	109 
006186 	293 	54 	108 	109 
006187 	304 	65 	90 	91 
006188 	293 	54 	108 	109 
006189 	293 	54 	108 	109 
006190 	293 	54 	108 	109 
006191 	293 	54 	108 	109 
006192 	293 	54 	108 	109 
006193 	305 	54 	108 	109 
006194 	305 	54 	108 	109 
006195 	305 	54 	108 	109 
006196 	305 	54 	108 	109 
006197 	305 	54 	108 	109 
006198 	305 	54 	108 	109 
006199 	305 	54 	108 	109 
006200 	305 	54 	108 	109 
006201 	314 	65 	90 	91 
006202 	305 	54 	108 	109 
006203 	305 	54 	108 	109 
006204 	314 	65 	90 	91 
006205 	305 	54 	108 	109 
006206 	314 	65 	90 	91 
006207 	305 	66 	108 	109 
006208 	305 	66 	108 	109 
006209 	305 	66 	108 	109 
006210 	305 	66 	108 	109 
006211 	305 	66 	108 	109 
006212 	314 	65 	90 	91 
006213 	305 	54 	108 	109 
006214 	293 	54 	108 	109 
006215 	293 	54 	108 	109 
006216 	293 	54 	108 	109 
