Identity  : 	id10795
Reference : 	qCyGaaKT6oI
Offset    : 	0
FV Conf   : 	12.156
ASD Conf  : 	5.306

FRAME 	X 	Y 	W 	H 
004419 	214 	95 	91 	91 
004420 	214 	95 	91 	91 
004421 	214 	95 	91 	91 
004422 	214 	95 	91 	91 
004423 	214 	95 	91 	91 
004424 	197 	78 	109 	109 
004425 	197 	78 	109 	109 
004426 	197 	78 	109 	109 
004427 	197 	78 	109 	109 
004428 	197 	78 	109 	109 
004429 	197 	78 	109 	109 
004430 	197 	78 	109 	109 
004431 	214 	85 	91 	91 
004432 	214 	95 	91 	91 
004433 	214 	95 	91 	91 
004434 	214 	95 	91 	91 
004435 	214 	95 	91 	91 
004436 	214 	95 	91 	91 
004437 	214 	95 	91 	91 
004438 	214 	95 	91 	91 
004439 	214 	95 	91 	91 
004440 	214 	95 	91 	91 
004441 	214 	95 	91 	91 
004442 	214 	95 	91 	91 
004443 	214 	95 	91 	91 
004444 	197 	78 	109 	109 
004445 	197 	78 	109 	109 
004446 	197 	78 	109 	109 
004447 	197 	78 	109 	109 
004448 	197 	78 	109 	109 
004449 	197 	78 	109 	109 
004450 	197 	78 	109 	109 
004451 	197 	78 	109 	109 
004452 	197 	78 	109 	109 
004453 	197 	78 	109 	109 
004454 	197 	78 	109 	109 
004455 	214 	95 	91 	91 
004456 	214 	95 	91 	91 
004457 	209 	78 	109 	109 
004458 	209 	78 	109 	109 
004459 	209 	78 	109 	109 
004460 	209 	78 	109 	109 
004461 	209 	78 	109 	109 
004462 	209 	78 	109 	109 
004463 	209 	78 	109 	109 
004464 	224 	85 	91 	91 
004465 	224 	85 	91 	91 
004466 	209 	78 	109 	109 
004467 	209 	78 	109 	109 
004468 	214 	85 	91 	91 
004469 	214 	85 	91 	91 
004470 	214 	85 	91 	91 
004471 	209 	78 	109 	109 
004472 	214 	95 	91 	91 
004473 	214 	95 	91 	91 
004474 	214 	95 	91 	91 
004475 	197 	78 	109 	109 
004476 	214 	85 	91 	91 
004477 	214 	95 	91 	91 
004478 	214 	95 	91 	91 
004479 	214 	95 	91 	91 
004480 	214 	95 	91 	91 
004481 	214 	95 	91 	91 
004482 	214 	95 	91 	91 
004483 	214 	95 	91 	91 
004484 	214 	95 	91 	91 
004485 	214 	95 	91 	91 
004486 	214 	95 	91 	91 
004487 	214 	95 	91 	91 
004488 	214 	95 	91 	91 
004489 	214 	95 	91 	91 
004490 	214 	95 	91 	91 
004491 	214 	95 	91 	91 
004492 	214 	95 	91 	91 
004493 	214 	95 	91 	91 
004494 	214 	95 	91 	91 
004495 	214 	95 	91 	91 
004496 	214 	95 	91 	91 
004497 	197 	78 	109 	109 
004498 	197 	78 	109 	109 
004499 	197 	78 	109 	109 
004500 	197 	78 	109 	109 
004501 	197 	78 	109 	109 
004502 	197 	78 	109 	109 
004503 	214 	85 	91 	91 
004504 	214 	85 	91 	91 
004505 	214 	85 	91 	91 
004506 	214 	85 	91 	91 
004507 	214 	85 	91 	91 
004508 	214 	85 	91 	91 
004509 	214 	85 	91 	91 
004510 	214 	85 	91 	91 
004511 	214 	85 	91 	91 
004512 	214 	85 	91 	91 
004513 	214 	85 	91 	91 
004514 	214 	85 	91 	91 
004515 	214 	85 	91 	91 
004516 	214 	85 	91 	91 
004517 	214 	85 	91 	91 
004518 	214 	85 	91 	91 
004519 	197 	78 	109 	109 
004520 	197 	78 	109 	109 
004521 	197 	78 	109 	109 
004522 	197 	78 	109 	109 
