Identity  : 	id10728
Reference : 	kL0_aGgjCZ0
Offset    : 	0
FV Conf   : 	16.777
ASD Conf  : 	8.041

FRAME 	X 	Y 	W 	H 
004136 	185 	66 	109 	109 
004137 	185 	66 	109 	109 
004138 	185 	66 	109 	109 
004139 	185 	66 	109 	109 
004140 	197 	66 	109 	109 
004141 	197 	66 	109 	109 
004142 	197 	66 	109 	109 
004143 	197 	66 	109 	109 
004144 	197 	66 	109 	109 
004145 	197 	78 	109 	109 
004146 	197 	78 	109 	109 
004147 	197 	78 	109 	109 
004148 	197 	78 	109 	109 
004149 	197 	78 	109 	109 
004150 	197 	78 	109 	109 
004151 	197 	66 	109 	109 
004152 	197 	66 	109 	109 
004153 	197 	78 	109 	109 
004154 	194 	51 	130 	130 
004155 	194 	66 	130 	130 
004156 	209 	78 	109 	109 
004157 	209 	78 	109 	109 
004158 	209 	78 	109 	109 
004159 	209 	78 	109 	109 
004160 	209 	78 	109 	109 
004161 	209 	78 	109 	109 
004162 	194 	66 	130 	130 
004163 	194 	66 	130 	130 
004164 	194 	80 	130 	130 
004165 	194 	80 	130 	130 
004166 	194 	80 	130 	130 
004167 	194 	80 	130 	130 
004168 	209 	102 	109 	109 
004169 	209 	102 	109 	109 
004170 	209 	102 	109 	109 
004171 	209 	90 	109 	109 
004172 	209 	90 	109 	109 
004173 	209 	90 	109 	109 
004174 	209 	90 	109 	109 
004175 	209 	78 	109 	109 
004176 	194 	66 	130 	130 
004177 	197 	78 	109 	109 
004178 	197 	78 	109 	109 
004179 	197 	66 	109 	109 
004180 	180 	51 	130 	130 
004181 	185 	66 	109 	109 
004182 	180 	51 	130 	130 
004183 	180 	51 	130 	130 
004184 	188 	52 	120 	120 
004185 	197 	54 	109 	109 
004186 	197 	54 	109 	109 
004187 	197 	57 	109 	109 
004188 	197 	60 	109 	109 
004189 	197 	63 	109 	109 
004190 	197 	66 	109 	109 
004191 	197 	66 	109 	109 
004192 	197 	66 	109 	109 
004193 	197 	66 	109 	109 
004194 	197 	66 	109 	109 
004195 	197 	66 	109 	109 
004196 	197 	66 	109 	109 
004197 	197 	66 	109 	109 
004198 	197 	66 	109 	109 
004199 	197 	66 	109 	109 
004200 	197 	66 	109 	109 
004201 	197 	66 	109 	109 
004202 	197 	66 	109 	109 
004203 	197 	66 	109 	109 
004204 	197 	78 	109 	109 
004205 	197 	78 	109 	109 
004206 	197 	78 	109 	109 
004207 	197 	78 	109 	109 
004208 	197 	78 	109 	109 
004209 	197 	78 	109 	109 
004210 	197 	78 	109 	109 
004211 	197 	78 	109 	109 
004212 	197 	66 	109 	109 
004213 	197 	78 	109 	109 
004214 	197 	66 	109 	109 
004215 	197 	78 	109 	109 
004216 	180 	66 	130 	130 
004217 	180 	66 	130 	130 
004218 	180 	66 	130 	130 
004219 	180 	66 	130 	130 
004220 	180 	66 	130 	130 
004221 	180 	66 	130 	130 
004222 	180 	66 	130 	130 
004223 	180 	66 	130 	130 
004224 	180 	66 	130 	130 
004225 	180 	66 	130 	130 
004226 	180 	66 	130 	130 
004227 	180 	66 	130 	130 
004228 	180 	51 	130 	130 
004229 	180 	51 	130 	130 
004230 	180 	51 	130 	130 
004231 	180 	66 	130 	130 
004232 	180 	66 	130 	130 
004233 	180 	66 	130 	130 
004234 	180 	66 	130 	130 
004235 	180 	66 	130 	130 
004236 	180 	66 	130 	130 
004237 	180 	66 	130 	130 
004238 	180 	66 	130 	130 
004239 	180 	66 	130 	130 
004240 	180 	66 	130 	130 
004241 	180 	66 	130 	130 
004242 	180 	66 	130 	130 
004243 	197 	90 	109 	109 
004244 	197 	90 	109 	109 
004245 	180 	66 	130 	130 
004246 	197 	78 	109 	109 
004247 	197 	78 	109 	109 
004248 	197 	78 	109 	109 
004249 	197 	90 	109 	109 
004250 	197 	90 	109 	109 
004251 	197 	90 	109 	109 
004252 	180 	80 	130 	130 
004253 	180 	80 	130 	130 
004254 	180 	80 	130 	130 
004255 	180 	80 	130 	130 
004256 	180 	80 	130 	130 
004257 	180 	80 	130 	130 
004258 	197 	90 	109 	109 
004259 	197 	90 	109 	109 
004260 	197 	90 	109 	109 
004261 	194 	80 	130 	130 
004262 	194 	80 	130 	130 
004263 	197 	90 	109 	109 
004264 	197 	90 	109 	109 
004265 	197 	90 	109 	109 
004266 	197 	90 	109 	109 
004267 	197 	90 	109 	109 
004268 	197 	90 	109 	109 
004269 	197 	90 	109 	109 
004270 	197 	90 	109 	109 
004271 	197 	90 	109 	109 
004272 	197 	90 	109 	109 
004273 	197 	90 	109 	109 
004274 	197 	90 	109 	109 
004275 	191 	90 	109 	109 
004276 	185 	90 	109 	109 
004277 	173 	90 	109 	109 
004278 	173 	90 	109 	109 
004279 	173 	90 	109 	109 
004280 	173 	90 	109 	109 
004281 	173 	90 	109 	109 
004282 	173 	78 	109 	109 
004283 	173 	78 	109 	109 
004284 	161 	78 	109 	109 
004285 	161 	78 	109 	109 
004286 	173 	78 	109 	109 
004287 	173 	78 	109 	109 
004288 	185 	78 	109 	109 
004289 	185 	78 	109 	109 
004290 	197 	66 	109 	109 
004291 	203 	66 	109 	109 
004292 	209 	66 	109 	109 
004293 	209 	66 	109 	109 
004294 	209 	66 	109 	109 
004295 	208 	66 	130 	130 
004296 	208 	66 	130 	130 
004297 	208 	66 	130 	130 
004298 	208 	66 	130 	130 
004299 	208 	66 	130 	130 
004300 	208 	66 	130 	130 
004301 	208 	66 	130 	130 
004302 	208 	66 	130 	130 
004303 	208 	66 	130 	130 
004304 	209 	90 	109 	109 
004305 	209 	90 	109 	109 
004306 	194 	66 	130 	130 
004307 	194 	66 	130 	130 
004308 	194 	66 	130 	130 
004309 	194 	66 	130 	130 
004310 	194 	66 	130 	130 
004311 	209 	90 	109 	109 
004312 	209 	90 	109 	109 
004313 	209 	90 	109 	109 
004314 	209 	90 	109 	109 
004315 	209 	90 	109 	109 
004316 	209 	90 	109 	109 
004317 	209 	90 	109 	109 
004318 	209 	90 	109 	109 
004319 	209 	102 	109 	109 
004320 	209 	102 	109 	109 
004321 	209 	114 	109 	109 
004322 	209 	114 	109 	109 
004323 	209 	114 	109 	109 
