Identity  : 	id10950
Reference : 	8pDGaKmyWhU
Offset    : 	-1
FV Conf   : 	15.959
ASD Conf  : 	6.134

FRAME 	X 	Y 	W 	H 
000686 	173 	78 	109 	109 
000687 	173 	78 	109 	109 
000688 	161 	78 	109 	109 
000689 	161 	78 	109 	109 
000690 	173 	78 	109 	109 
000691 	173 	78 	109 	109 
000692 	173 	78 	109 	109 
000693 	173 	78 	109 	109 
000694 	173 	78 	109 	109 
000695 	165 	66 	130 	130 
000696 	165 	66 	130 	130 
000697 	180 	66 	130 	130 
000698 	180 	66 	130 	130 
000699 	185 	66 	109 	109 
000700 	185 	66 	109 	109 
000701 	165 	66 	130 	130 
000702 	165 	66 	130 	130 
000703 	165 	66 	130 	130 
000704 	165 	66 	130 	130 
000705 	165 	66 	130 	130 
000706 	165 	66 	130 	130 
000707 	151 	66 	130 	130 
000708 	151 	66 	130 	130 
000709 	151 	66 	130 	130 
000710 	151 	66 	130 	130 
000711 	151 	66 	130 	130 
000712 	151 	51 	130 	130 
000713 	151 	51 	130 	130 
000714 	151 	51 	130 	130 
000715 	151 	51 	130 	130 
000716 	151 	51 	130 	130 
000717 	147 	44 	156 	156 
000718 	147 	44 	156 	156 
000719 	147 	44 	156 	156 
000720 	165 	51 	130 	130 
000721 	165 	51 	130 	130 
000722 	147 	44 	156 	156 
000723 	151 	51 	130 	130 
000724 	151 	51 	130 	130 
000725 	151 	51 	130 	130 
000726 	151 	51 	130 	130 
000727 	151 	51 	130 	130 
000728 	150 	54 	108 	109 
000729 	137 	51 	130 	130 
000730 	137 	51 	130 	130 
000731 	150 	66 	108 	109 
000732 	150 	66 	108 	109 
000733 	150 	66 	108 	109 
000734 	137 	51 	130 	130 
000735 	151 	51 	130 	130 
000736 	151 	51 	130 	130 
000737 	165 	51 	130 	130 
000738 	165 	51 	130 	130 
000739 	165 	51 	130 	130 
000740 	151 	51 	130 	130 
000741 	151 	51 	130 	130 
000742 	151 	51 	130 	130 
000743 	151 	51 	130 	130 
000744 	151 	51 	130 	130 
000745 	137 	51 	130 	130 
000746 	137 	51 	130 	130 
000747 	137 	51 	130 	130 
000748 	137 	51 	130 	130 
000749 	137 	51 	130 	130 
000750 	137 	51 	130 	130 
000751 	137 	51 	130 	130 
000752 	137 	51 	130 	130 
000753 	137 	51 	130 	130 
000754 	137 	51 	130 	130 
000755 	137 	51 	130 	130 
000756 	150 	66 	108 	109 
000757 	150 	66 	108 	109 
000758 	137 	66 	130 	130 
000759 	137 	66 	130 	130 
000760 	137 	66 	130 	130 
000761 	137 	66 	130 	130 
000762 	137 	66 	130 	130 
000763 	137 	66 	130 	130 
000764 	137 	66 	130 	130 
000765 	137 	66 	130 	130 
000766 	137 	66 	130 	130 
000767 	137 	66 	130 	130 
000768 	151 	66 	130 	130 
000769 	151 	66 	130 	130 
000770 	151 	66 	130 	130 
000771 	151 	66 	130 	130 
000772 	151 	66 	130 	130 
000773 	151 	51 	130 	130 
000774 	151 	51 	130 	130 
000775 	151 	66 	130 	130 
000776 	151 	66 	130 	130 
000777 	150 	66 	108 	109 
000778 	137 	66 	130 	130 
000779 	138 	66 	108 	109 
000780 	138 	66 	108 	109 
000781 	138 	66 	108 	109 
000782 	138 	66 	108 	109 
000783 	137 	66 	130 	130 
000784 	137 	51 	130 	130 
000785 	150 	66 	108 	109 
000786 	137 	51 	130 	130 
000787 	151 	51 	130 	130 
000788 	151 	66 	130 	130 
000789 	151 	66 	130 	130 
000790 	151 	66 	130 	130 
000791 	151 	66 	130 	130 
000792 	151 	66 	130 	130 
000793 	151 	66 	130 	130 
000794 	151 	80 	130 	130 
000795 	151 	66 	130 	130 
000796 	151 	66 	130 	130 
000797 	151 	66 	130 	130 
000798 	151 	66 	130 	130 
000799 	151 	66 	130 	130 
000800 	151 	66 	130 	130 
000801 	151 	66 	130 	130 
000802 	151 	66 	130 	130 
000803 	151 	66 	130 	130 
000804 	151 	66 	130 	130 
000805 	151 	66 	130 	130 
000806 	151 	66 	130 	130 
000807 	151 	80 	130 	130 
000808 	151 	80 	130 	130 
000809 	151 	80 	130 	130 
000810 	151 	80 	130 	130 
000811 	151 	66 	130 	130 
000812 	151 	66 	130 	130 
000813 	151 	66 	130 	130 
000814 	151 	66 	130 	130 
000815 	151 	66 	130 	130 
000816 	151 	66 	130 	130 
000817 	151 	66 	130 	130 
000818 	151 	66 	130 	130 
000819 	151 	66 	130 	130 
000820 	151 	66 	130 	130 
000821 	151 	66 	130 	130 
000822 	151 	66 	130 	130 
000823 	151 	66 	130 	130 
000824 	137 	80 	130 	130 
000825 	150 	78 	108 	109 
000826 	150 	78 	108 	109 
000827 	150 	78 	108 	109 
000828 	151 	66 	130 	130 
000829 	151 	66 	130 	130 
000830 	151 	66 	130 	130 
000831 	151 	66 	130 	130 
000832 	151 	66 	130 	130 
000833 	151 	66 	130 	130 
000834 	151 	66 	130 	130 
000835 	151 	51 	130 	130 
000836 	151 	51 	130 	130 
000837 	151 	51 	130 	130 
000838 	137 	66 	130 	130 
000839 	150 	78 	108 	109 
000840 	137 	66 	130 	130 
000841 	137 	66 	130 	130 
000842 	137 	51 	130 	130 
000843 	137 	51 	130 	130 
000844 	137 	51 	130 	130 
000845 	137 	66 	130 	130 
000846 	137 	66 	130 	130 
000847 	137 	66 	130 	130 
000848 	137 	66 	130 	130 
000849 	137 	66 	130 	130 
000850 	137 	66 	130 	130 
000851 	137 	66 	130 	130 
000852 	137 	66 	130 	130 
000853 	137 	66 	130 	130 
000854 	137 	66 	130 	130 
000855 	137 	66 	130 	130 
000856 	137 	66 	130 	130 
000857 	137 	66 	130 	130 
000858 	137 	66 	130 	130 
000859 	137 	66 	130 	130 
000860 	137 	66 	130 	130 
000861 	122 	66 	130 	130 
000862 	138 	66 	108 	109 
000863 	137 	66 	130 	130 
000864 	137 	66 	130 	130 
000865 	138 	78 	108 	109 
000866 	138 	78 	108 	109 
000867 	122 	66 	130 	130 
000868 	122 	66 	130 	130 
000869 	138 	78 	108 	109 
000870 	138 	78 	108 	109 
000871 	138 	78 	108 	109 
000872 	137 	51 	130 	130 
000873 	150 	66 	108 	109 
000874 	138 	78 	108 	109 
000875 	138 	78 	108 	109 
000876 	138 	78 	108 	109 
000877 	137 	66 	130 	130 
000878 	137 	66 	130 	130 
000879 	137 	66 	130 	130 
000880 	137 	66 	130 	130 
000881 	137 	66 	130 	130 
000882 	137 	80 	130 	130 
000883 	137 	80 	130 	130 
000884 	137 	80 	130 	130 
000885 	137 	80 	130 	130 
000886 	137 	80 	130 	130 
000887 	137 	80 	130 	130 
000888 	137 	66 	130 	130 
000889 	137 	66 	130 	130 
000890 	137 	66 	130 	130 
000891 	137 	66 	130 	130 
000892 	137 	66 	130 	130 
000893 	138 	78 	108 	109 
000894 	122 	66 	130 	130 
000895 	126 	78 	108 	109 
000896 	126 	78 	108 	109 
000897 	126 	78 	108 	109 
000898 	126 	78 	108 	109 
000899 	126 	66 	108 	109 
000900 	126 	66 	108 	109 
000901 	126 	78 	108 	109 
000902 	126 	78 	108 	109 
000903 	138 	78 	108 	109 
000904 	137 	66 	130 	130 
000905 	150 	78 	108 	109 
000906 	150 	78 	108 	109 
000907 	137 	66 	130 	130 
000908 	137 	66 	130 	130 
000909 	137 	66 	130 	130 
000910 	122 	66 	130 	130 
000911 	122 	66 	130 	130 
000912 	122 	66 	130 	130 
000913 	122 	66 	130 	130 
000914 	122 	66 	130 	130 
000915 	122 	66 	130 	130 
000916 	122 	66 	130 	130 
000917 	122 	66 	130 	130 
000918 	122 	66 	130 	130 
000919 	122 	66 	130 	130 
000920 	138 	78 	108 	109 
000921 	137 	66 	130 	130 
000922 	137 	66 	130 	130 
000923 	137 	66 	130 	130 
000924 	150 	78 	108 	109 
000925 	151 	66 	130 	130 
000926 	161 	78 	109 	109 
000927 	151 	66 	130 	130 
000928 	161 	78 	109 	109 
000929 	161 	78 	109 	109 
000930 	173 	90 	109 	109 
000931 	173 	90 	109 	109 
000932 	173 	90 	109 	109 
000933 	173 	90 	109 	109 
000934 	173 	90 	109 	109 
000935 	173 	90 	109 	109 
000936 	161 	78 	109 	109 
000937 	161 	78 	109 	109 
000938 	151 	66 	130 	130 
000939 	151 	66 	130 	130 
000940 	151 	66 	130 	130 
