Identity  : 	id10950
Reference : 	8pDGaKmyWhU
Offset    : 	-1
FV Conf   : 	17.148
ASD Conf  : 	6.849

FRAME 	X 	Y 	W 	H 
001068 	138 	102 	108 	109 
001069 	138 	102 	108 	109 
001070 	138 	102 	108 	109 
001071 	138 	102 	108 	109 
001072 	138 	102 	108 	109 
001073 	138 	102 	108 	109 
001074 	138 	102 	108 	109 
001075 	138 	102 	108 	109 
001076 	138 	102 	108 	109 
001077 	138 	102 	108 	109 
001078 	138 	102 	108 	109 
001079 	138 	102 	108 	109 
001080 	138 	102 	108 	109 
001081 	138 	102 	108 	109 
001082 	138 	102 	108 	109 
001083 	138 	102 	108 	109 
001084 	150 	102 	108 	109 
001085 	150 	102 	108 	109 
001086 	137 	94 	130 	130 
001087 	137 	94 	130 	130 
001088 	150 	90 	108 	109 
001089 	150 	90 	108 	109 
001090 	150 	90 	108 	109 
001091 	150 	90 	108 	109 
001092 	138 	90 	108 	109 
001093 	138 	90 	108 	109 
001094 	138 	90 	108 	109 
001095 	138 	102 	108 	109 
001096 	137 	94 	130 	130 
001097 	150 	102 	108 	109 
001098 	150 	102 	108 	109 
001099 	150 	102 	108 	109 
001100 	138 	102 	108 	109 
001101 	138 	102 	108 	109 
001102 	138 	102 	108 	109 
001103 	138 	102 	108 	109 
001104 	138 	102 	108 	109 
001105 	138 	102 	108 	109 
001106 	138 	102 	108 	109 
001107 	138 	102 	108 	109 
001108 	138 	102 	108 	109 
001109 	138 	102 	108 	109 
001110 	138 	102 	108 	109 
001111 	138 	102 	108 	109 
001112 	138 	102 	108 	109 
001113 	138 	102 	108 	109 
001114 	138 	102 	108 	109 
001115 	138 	102 	108 	109 
001116 	138 	102 	108 	109 
001117 	138 	102 	108 	109 
001118 	138 	102 	108 	109 
001119 	138 	102 	108 	109 
001120 	138 	90 	108 	109 
001121 	138 	90 	108 	109 
001122 	138 	90 	108 	109 
001123 	138 	78 	108 	109 
001124 	138 	78 	108 	109 
001125 	138 	78 	108 	109 
001126 	137 	66 	130 	130 
001127 	138 	78 	108 	109 
001128 	138 	78 	108 	109 
001129 	150 	90 	108 	109 
001130 	150 	90 	108 	109 
001131 	138 	90 	108 	109 
001132 	138 	90 	108 	109 
001133 	138 	90 	108 	109 
001134 	138 	90 	108 	109 
001135 	138 	90 	108 	109 
001136 	137 	80 	130 	130 
001137 	138 	90 	108 	109 
001138 	137 	80 	130 	130 
001139 	150 	102 	108 	109 
001140 	150 	102 	108 	109 
001141 	150 	102 	108 	109 
001142 	137 	80 	130 	130 
001143 	137 	80 	130 	130 
001144 	137 	80 	130 	130 
001145 	137 	80 	130 	130 
001146 	138 	90 	108 	109 
001147 	137 	80 	130 	130 
001148 	137 	80 	130 	130 
001149 	138 	90 	108 	109 
001150 	138 	90 	108 	109 
001151 	137 	80 	130 	130 
001152 	137 	80 	130 	130 
001153 	137 	80 	130 	130 
001154 	137 	80 	130 	130 
001155 	137 	80 	130 	130 
001156 	137 	80 	130 	130 
001157 	137 	80 	130 	130 
001158 	137 	80 	130 	130 
001159 	137 	80 	130 	130 
001160 	137 	80 	130 	130 
001161 	137 	80 	130 	130 
001162 	137 	80 	130 	130 
001163 	137 	80 	130 	130 
001164 	137 	80 	130 	130 
001165 	137 	80 	130 	130 
001166 	137 	80 	130 	130 
001167 	137 	80 	130 	130 
001168 	137 	80 	130 	130 
001169 	150 	90 	108 	109 
001170 	137 	66 	130 	130 
001171 	137 	66 	130 	130 
001172 	150 	78 	108 	109 
001173 	138 	78 	108 	109 
001174 	138 	78 	108 	109 
001175 	138 	78 	108 	109 
001176 	138 	78 	108 	109 
001177 	138 	78 	108 	109 
001178 	138 	90 	108 	109 
001179 	138 	90 	108 	109 
001180 	138 	90 	108 	109 
001181 	138 	90 	108 	109 
001182 	138 	90 	108 	109 
001183 	138 	90 	108 	109 
001184 	138 	90 	108 	109 
001185 	138 	90 	108 	109 
001186 	138 	90 	108 	109 
001187 	138 	90 	108 	109 
001188 	138 	90 	108 	109 
001189 	138 	90 	108 	109 
001190 	138 	90 	108 	109 
001191 	138 	90 	108 	109 
001192 	138 	90 	108 	109 
001193 	138 	90 	108 	109 
001194 	138 	90 	108 	109 
001195 	122 	80 	130 	130 
001196 	138 	90 	108 	109 
001197 	122 	80 	130 	130 
001198 	122 	80 	130 	130 
001199 	122 	80 	130 	130 
001200 	122 	80 	130 	130 
001201 	126 	78 	108 	109 
001202 	126 	78 	108 	109 
001203 	126 	78 	108 	109 
001204 	126 	78 	108 	109 
001205 	126 	78 	108 	109 
001206 	126 	78 	108 	109 
001207 	126 	78 	108 	109 
001208 	126 	78 	108 	109 
001209 	126 	90 	108 	109 
001210 	126 	90 	108 	109 
001211 	126 	102 	108 	109 
001212 	126 	102 	108 	109 
001213 	138 	102 	108 	109 
001214 	138 	102 	108 	109 
001215 	150 	102 	108 	109 
001216 	150 	102 	108 	109 
001217 	161 	102 	109 	109 
001218 	161 	102 	109 	109 
001219 	161 	102 	109 	109 
001220 	150 	102 	108 	109 
001221 	150 	102 	108 	109 
001222 	150 	102 	108 	109 
001223 	150 	102 	108 	109 
001224 	150 	102 	108 	109 
001225 	150 	102 	108 	109 
001226 	150 	102 	108 	109 
001227 	150 	102 	108 	109 
001228 	150 	102 	108 	109 
001229 	150 	102 	108 	109 
001230 	137 	94 	130 	130 
001231 	137 	94 	130 	130 
001232 	137 	94 	130 	130 
001233 	137 	94 	130 	130 
001234 	137 	94 	130 	130 
001235 	137 	94 	130 	130 
001236 	137 	94 	130 	130 
001237 	138 	102 	108 	109 
001238 	138 	102 	108 	109 
001239 	122 	94 	130 	130 
001240 	122 	80 	130 	130 
001241 	122 	80 	130 	130 
001242 	122 	80 	130 	130 
001243 	122 	80 	130 	130 
001244 	122 	80 	130 	130 
001245 	122 	80 	130 	130 
001246 	122 	80 	130 	130 
001247 	138 	90 	108 	109 
001248 	138 	90 	108 	109 
001249 	138 	90 	108 	109 
001250 	138 	90 	108 	109 
001251 	137 	80 	130 	130 
001252 	150 	90 	108 	109 
001253 	150 	90 	108 	109 
001254 	161 	90 	109 	109 
001255 	151 	80 	130 	130 
001256 	151 	80 	130 	130 
001257 	161 	90 	109 	109 
001258 	151 	80 	130 	130 
001259 	151 	80 	130 	130 
001260 	151 	80 	130 	130 
001261 	151 	80 	130 	130 
001262 	151 	80 	130 	130 
001263 	151 	80 	130 	130 
001264 	151 	80 	130 	130 
001265 	165 	80 	130 	130 
001266 	165 	80 	130 	130 
001267 	165 	80 	130 	130 
001268 	165 	80 	130 	130 
001269 	165 	80 	130 	130 
001270 	165 	80 	130 	130 
001271 	165 	80 	130 	130 
001272 	165 	80 	130 	130 
001273 	165 	80 	130 	130 
001274 	165 	80 	130 	130 
001275 	165 	80 	130 	130 
001276 	165 	80 	130 	130 
001277 	165 	80 	130 	130 
001278 	165 	80 	130 	130 
001279 	165 	80 	130 	130 
001280 	165 	80 	130 	130 
001281 	165 	80 	130 	130 
001282 	173 	90 	109 	109 
001283 	173 	90 	109 	109 
001284 	165 	66 	130 	130 
