Identity  : 	id11246
Reference : 	PqwPZ_mR5LQ
Offset    : 	-2
FV Conf   : 	12.344
ASD Conf  : 	6.141

FRAME 	X 	Y 	W 	H 
003554 	195 	79 	75 	76 
003555 	195 	79 	75 	76 
003556 	195 	79 	75 	76 
003557 	195 	79 	75 	76 
003558 	195 	79 	75 	76 
003559 	195 	79 	75 	76 
003560 	195 	79 	75 	76 
003561 	195 	79 	75 	76 
003562 	195 	79 	75 	76 
003563 	195 	79 	75 	76 
003564 	195 	79 	75 	76 
003565 	195 	79 	75 	76 
003566 	195 	79 	75 	76 
003567 	195 	79 	75 	76 
003568 	195 	79 	75 	76 
003569 	195 	79 	75 	76 
003570 	195 	79 	75 	76 
003571 	195 	79 	75 	76 
003572 	195 	79 	75 	76 
003573 	195 	79 	75 	76 
003574 	195 	79 	75 	76 
003575 	194 	75 	91 	91 
003576 	195 	79 	75 	76 
003577 	194 	75 	91 	91 
003578 	194 	75 	91 	91 
003579 	194 	75 	91 	91 
003580 	194 	75 	91 	91 
003581 	194 	75 	91 	91 
003582 	194 	75 	91 	91 
003583 	194 	75 	91 	91 
003584 	194 	75 	91 	91 
003585 	203 	87 	76 	76 
003586 	203 	87 	76 	76 
003587 	194 	75 	91 	91 
003588 	194 	75 	91 	91 
003589 	194 	75 	91 	91 
003590 	203 	79 	76 	76 
003591 	194 	75 	91 	91 
003592 	203 	79 	76 	76 
003593 	203 	79 	76 	76 
003594 	194 	75 	91 	91 
003595 	194 	75 	91 	91 
003596 	194 	75 	91 	91 
003597 	194 	75 	91 	91 
003598 	194 	75 	91 	91 
003599 	194 	75 	91 	91 
003600 	194 	75 	91 	91 
003601 	194 	75 	91 	91 
003602 	194 	75 	91 	91 
003603 	194 	75 	91 	91 
003604 	194 	75 	91 	91 
003605 	194 	75 	91 	91 
003606 	194 	75 	91 	91 
003607 	194 	75 	91 	91 
003608 	203 	79 	76 	76 
003609 	203 	79 	76 	76 
003610 	203 	79 	76 	76 
003611 	203 	79 	76 	76 
003612 	203 	79 	76 	76 
003613 	194 	75 	91 	91 
003614 	194 	75 	91 	91 
003615 	203 	79 	76 	76 
003616 	194 	75 	91 	91 
003617 	194 	75 	91 	91 
003618 	194 	75 	91 	91 
003619 	194 	75 	91 	91 
003620 	194 	75 	91 	91 
003621 	194 	75 	91 	91 
003622 	194 	75 	91 	91 
003623 	203 	79 	76 	76 
003624 	203 	79 	76 	76 
003625 	203 	79 	76 	76 
003626 	203 	79 	76 	76 
003627 	211 	79 	76 	76 
003628 	211 	79 	76 	76 
003629 	211 	79 	76 	76 
003630 	211 	79 	76 	76 
003631 	211 	79 	76 	76 
003632 	211 	79 	76 	76 
003633 	211 	79 	76 	76 
003634 	211 	79 	76 	76 
003635 	211 	79 	76 	76 
003636 	211 	79 	76 	76 
003637 	204 	75 	91 	91 
003638 	204 	75 	91 	91 
003639 	211 	79 	76 	76 
003640 	204 	75 	91 	91 
003641 	204 	75 	91 	91 
003642 	203 	79 	76 	76 
003643 	203 	79 	76 	76 
003644 	203 	79 	76 	76 
003645 	203 	79 	76 	76 
003646 	203 	79 	76 	76 
003647 	203 	79 	76 	76 
003648 	203 	79 	76 	76 
003649 	203 	79 	76 	76 
003650 	203 	79 	76 	76 
003651 	203 	79 	76 	76 
003652 	203 	79 	76 	76 
003653 	203 	79 	76 	76 
003654 	203 	79 	76 	76 
003655 	203 	79 	76 	76 
003656 	203 	79 	76 	76 
003657 	203 	79 	76 	76 
003658 	203 	79 	76 	76 
003659 	194 	75 	91 	91 
003660 	194 	75 	91 	91 
003661 	194 	75 	91 	91 
003662 	203 	79 	76 	76 
003663 	203 	79 	76 	76 
003664 	203 	79 	76 	76 
003665 	203 	79 	76 	76 
003666 	203 	79 	76 	76 
003667 	203 	79 	76 	76 
003668 	203 	79 	76 	76 
003669 	203 	79 	76 	76 
003670 	203 	79 	76 	76 
003671 	203 	79 	76 	76 
003672 	203 	79 	76 	76 
003673 	203 	79 	76 	76 
003674 	194 	75 	91 	91 
003675 	194 	75 	91 	91 
003676 	203 	79 	76 	76 
003677 	203 	79 	76 	76 
003678 	195 	79 	75 	76 
003679 	195 	79 	75 	76 
003680 	195 	79 	75 	76 
003681 	195 	79 	75 	76 
003682 	195 	79 	75 	76 
003683 	195 	79 	75 	76 
003684 	195 	79 	75 	76 
003685 	195 	79 	75 	76 
003686 	195 	79 	75 	76 
003687 	195 	79 	75 	76 
003688 	195 	79 	75 	76 
003689 	195 	79 	75 	76 
003690 	195 	79 	75 	76 
003691 	195 	79 	75 	76 
003692 	195 	79 	75 	76 
003693 	195 	79 	75 	76 
003694 	195 	79 	75 	76 
003695 	195 	87 	75 	76 
003696 	195 	87 	75 	76 
003697 	195 	87 	75 	76 
003698 	195 	87 	75 	76 
003699 	195 	87 	75 	76 
003700 	195 	87 	75 	76 
003701 	195 	87 	75 	76 
003702 	195 	87 	75 	76 
003703 	195 	87 	75 	76 
003704 	195 	87 	75 	76 
003705 	195 	87 	75 	76 
003706 	195 	87 	75 	76 
003707 	195 	87 	75 	76 
003708 	195 	87 	75 	76 
003709 	195 	87 	75 	76 
003710 	195 	87 	75 	76 
003711 	195 	79 	75 	76 
003712 	195 	79 	75 	76 
003713 	195 	79 	75 	76 
003714 	195 	79 	75 	76 
003715 	194 	75 	91 	91 
003716 	194 	75 	91 	91 
003717 	194 	75 	91 	91 
003718 	194 	75 	91 	91 
003719 	203 	87 	76 	76 
003720 	203 	87 	76 	76 
003721 	203 	87 	76 	76 
003722 	204 	85 	91 	91 
003723 	204 	85 	91 	91 
003724 	204 	85 	91 	91 
003725 	203 	96 	76 	75 
003726 	203 	96 	76 	75 
003727 	203 	96 	76 	75 
003728 	203 	96 	76 	75 
003729 	194 	85 	91 	91 
003730 	194 	85 	91 	91 
003731 	194 	85 	91 	91 
003732 	195 	96 	75 	75 
003733 	195 	87 	75 	76 
003734 	195 	87 	75 	76 
003735 	195 	87 	75 	76 
003736 	195 	87 	75 	76 
003737 	195 	87 	75 	76 
003738 	195 	87 	75 	76 
003739 	195 	87 	75 	76 
003740 	195 	87 	75 	76 
003741 	195 	87 	75 	76 
003742 	195 	87 	75 	76 
003743 	195 	87 	75 	76 
003744 	195 	87 	75 	76 
003745 	195 	87 	75 	76 
003746 	195 	87 	75 	76 
003747 	195 	87 	75 	76 
003748 	195 	87 	75 	76 
003749 	195 	87 	75 	76 
003750 	195 	87 	75 	76 
003751 	195 	87 	75 	76 
003752 	195 	87 	75 	76 
003753 	195 	79 	75 	76 
003754 	195 	79 	75 	76 
003755 	195 	79 	75 	76 
003756 	195 	79 	75 	76 
003757 	195 	79 	75 	76 
003758 	195 	79 	75 	76 
003759 	195 	79 	75 	76 
003760 	195 	79 	75 	76 
003761 	195 	79 	75 	76 
003762 	195 	79 	75 	76 
003763 	195 	79 	75 	76 
003764 	203 	79 	76 	76 
003765 	203 	79 	76 	76 
003766 	203 	79 	76 	76 
003767 	203 	79 	76 	76 
003768 	203 	79 	76 	76 
003769 	203 	79 	76 	76 
003770 	203 	79 	76 	76 
003771 	203 	79 	76 	76 
003772 	203 	79 	76 	76 
003773 	203 	79 	76 	76 
003774 	203 	79 	76 	76 
003775 	203 	79 	76 	76 
003776 	203 	79 	76 	76 
003777 	203 	79 	76 	76 
003778 	203 	79 	76 	76 
003779 	203 	79 	76 	76 
003780 	203 	79 	76 	76 
003781 	203 	79 	76 	76 
003782 	203 	79 	76 	76 
003783 	203 	79 	76 	76 
003784 	203 	79 	76 	76 
003785 	203 	79 	76 	76 
003786 	203 	79 	76 	76 
003787 	203 	79 	76 	76 
003788 	203 	79 	76 	76 
003789 	203 	79 	76 	76 
003790 	203 	79 	76 	76 
003791 	203 	79 	76 	76 
003792 	203 	79 	76 	76 
003793 	194 	75 	91 	91 
003794 	203 	87 	76 	76 
003795 	203 	87 	76 	76 
003796 	203 	87 	76 	76 
003797 	203 	87 	76 	76 
003798 	203 	87 	76 	76 
003799 	203 	87 	76 	76 
003800 	203 	87 	76 	76 
003801 	203 	87 	76 	76 
003802 	211 	87 	76 	76 
003803 	211 	87 	76 	76 
003804 	211 	87 	76 	76 
003805 	211 	87 	76 	76 
003806 	211 	87 	76 	76 
003807 	211 	87 	76 	76 
003808 	211 	87 	76 	76 
003809 	211 	87 	76 	76 
003810 	211 	87 	76 	76 
003811 	211 	87 	76 	76 
003812 	211 	87 	76 	76 
003813 	204 	75 	91 	91 
003814 	204 	75 	91 	91 
003815 	204 	75 	91 	91 
003816 	204 	75 	91 	91 
003817 	204 	75 	91 	91 
003818 	204 	75 	91 	91 
003819 	203 	87 	76 	76 
003820 	203 	87 	76 	76 
003821 	203 	87 	76 	76 
003822 	203 	87 	76 	76 
003823 	203 	87 	76 	76 
003824 	203 	87 	76 	76 
003825 	203 	87 	76 	76 
003826 	203 	87 	76 	76 
003827 	203 	87 	76 	76 
003828 	203 	87 	76 	76 
003829 	194 	75 	91 	91 
003830 	203 	79 	76 	76 
003831 	203 	79 	76 	76 
003832 	203 	79 	76 	76 
003833 	203 	79 	76 	76 
003834 	203 	79 	76 	76 
003835 	203 	79 	76 	76 
003836 	203 	79 	76 	76 
003837 	203 	79 	76 	76 
003838 	203 	79 	76 	76 
003839 	203 	87 	76 	76 
003840 	203 	87 	76 	76 
003841 	203 	96 	76 	75 
003842 	203 	96 	76 	75 
003843 	203 	96 	76 	75 
003844 	203 	96 	76 	75 
003845 	204 	85 	91 	91 
003846 	204 	85 	91 	91 
