Identity  : 	id10020
Reference : 	70e-rrF1NnQ
Offset    : 	0
FV Conf   : 	14.984
ASD Conf  : 	6.811

FRAME 	X 	Y 	W 	H 
032457 	208 	66 	130 	130 
032458 	208 	66 	130 	130 
032459 	208 	80 	130 	130 
032460 	194 	66 	130 	130 
032461 	194 	66 	130 	130 
032462 	194 	66 	130 	130 
032463 	194 	66 	130 	130 
032464 	194 	66 	130 	130 
032465 	194 	66 	130 	130 
032466 	194 	66 	130 	130 
032467 	194 	66 	130 	130 
032468 	194 	66 	130 	130 
032469 	194 	66 	130 	130 
032470 	194 	66 	130 	130 
032471 	194 	66 	130 	130 
032472 	194 	66 	130 	130 
032473 	194 	66 	130 	130 
032474 	194 	66 	130 	130 
032475 	194 	66 	130 	130 
032476 	208 	66 	130 	130 
032477 	208 	66 	130 	130 
032478 	223 	80 	130 	130 
032479 	223 	80 	130 	130 
032480 	208 	66 	130 	130 
032481 	208 	66 	130 	130 
032482 	194 	66 	130 	130 
032483 	194 	66 	130 	130 
032484 	194 	66 	130 	130 
032485 	194 	66 	130 	130 
032486 	194 	66 	130 	130 
032487 	194 	66 	130 	130 
032488 	194 	66 	130 	130 
032489 	194 	66 	130 	130 
032490 	194 	66 	130 	130 
032491 	194 	80 	130 	130 
032492 	194 	80 	130 	130 
032493 	194 	66 	130 	130 
032494 	194 	66 	130 	130 
032495 	194 	66 	130 	130 
032496 	194 	80 	130 	130 
032497 	194 	80 	130 	130 
032498 	194 	80 	130 	130 
032499 	194 	80 	130 	130 
032500 	208 	80 	130 	130 
032501 	208 	80 	130 	130 
032502 	208 	80 	130 	130 
032503 	208 	80 	130 	130 
032504 	208 	80 	130 	130 
032505 	208 	80 	130 	130 
032506 	208 	80 	130 	130 
032507 	208 	80 	130 	130 
032508 	208 	80 	130 	130 
032509 	199 	79 	155 	156 
032510 	223 	94 	130 	130 
032511 	223 	94 	130 	130 
032512 	223 	94 	130 	130 
032513 	223 	94 	130 	130 
032514 	216 	79 	156 	156 
032515 	233 	96 	156 	156 
032516 	251 	94 	130 	130 
032517 	251 	94 	130 	130 
032518 	251 	94 	130 	130 
032519 	251 	94 	130 	130 
032520 	237 	94 	130 	130 
032521 	237 	94 	130 	130 
032522 	237 	94 	130 	130 
032523 	237 	94 	130 	130 
032524 	237 	94 	130 	130 
032525 	223 	94 	130 	130 
032526 	223 	94 	130 	130 
032527 	223 	94 	130 	130 
032528 	223 	94 	130 	130 
032529 	223 	94 	130 	130 
032530 	223 	94 	130 	130 
032531 	223 	94 	130 	130 
032532 	223 	94 	130 	130 
032533 	223 	80 	130 	130 
032534 	223 	80 	130 	130 
032535 	223 	80 	130 	130 
032536 	223 	80 	130 	130 
032537 	223 	80 	130 	130 
032538 	223 	80 	130 	130 
032539 	237 	80 	130 	130 
032540 	237 	80 	130 	130 
032541 	237 	80 	130 	130 
032542 	237 	80 	130 	130 
032543 	216 	62 	156 	155 
032544 	216 	62 	156 	155 
032545 	237 	80 	130 	130 
032546 	237 	80 	130 	130 
032547 	237 	80 	130 	130 
032548 	237 	80 	130 	130 
032549 	237 	80 	130 	130 
032550 	237 	80 	130 	130 
032551 	237 	80 	130 	130 
032552 	237 	80 	130 	130 
032553 	237 	80 	130 	130 
032554 	237 	80 	130 	130 
032555 	223 	94 	130 	130 
032556 	223 	94 	130 	130 
032557 	223 	94 	130 	130 
032558 	223 	94 	130 	130 
032559 	223 	94 	130 	130 
032560 	223 	80 	130 	130 
032561 	223 	80 	130 	130 
032562 	223 	80 	130 	130 
032563 	216 	62 	156 	155 
032564 	237 	80 	130 	130 
032565 	237 	80 	130 	130 
032566 	237 	80 	130 	130 
032567 	237 	80 	130 	130 
032568 	237 	80 	130 	130 
032569 	237 	80 	130 	130 
032570 	251 	80 	130 	130 
032571 	251 	80 	130 	130 
032572 	251 	80 	130 	130 
032573 	251 	80 	130 	130 
032574 	266 	94 	130 	130 
032575 	266 	80 	130 	130 
032576 	266 	80 	130 	130 
032577 	266 	80 	130 	130 
032578 	266 	80 	130 	130 
032579 	266 	80 	130 	130 
032580 	266 	80 	130 	130 
032581 	266 	80 	130 	130 
032582 	266 	80 	130 	130 
032583 	266 	94 	130 	130 
032584 	266 	94 	130 	130 
032585 	266 	94 	130 	130 
032586 	266 	94 	130 	130 
032587 	266 	94 	130 	130 
032588 	266 	94 	130 	130 
032589 	266 	94 	130 	130 
032590 	280 	94 	130 	130 
032591 	280 	94 	130 	130 
032592 	294 	80 	130 	130 
032593 	294 	94 	130 	130 
032594 	294 	94 	130 	130 
032595 	294 	94 	130 	130 
032596 	294 	94 	130 	130 
032597 	294 	94 	130 	130 
032598 	294 	94 	130 	130 
032599 	309 	94 	130 	130 
032600 	309 	94 	130 	130 
032601 	309 	94 	130 	130 
032602 	309 	94 	130 	130 
032603 	302 	79 	156 	156 
032604 	323 	94 	130 	130 
032605 	323 	94 	130 	130 
032606 	337 	94 	130 	130 
032607 	337 	94 	130 	130 
032608 	337 	94 	130 	130 
032609 	337 	94 	130 	130 
032610 	337 	94 	130 	130 
032611 	352 	109 	130 	130 
032612 	352 	109 	130 	130 
032613 	352 	109 	130 	130 
032614 	336 	96 	156 	156 
032615 	366 	109 	130 	130 
032616 	353 	96 	156 	156 
032617 	380 	109 	130 	130 
032618 	380 	109 	130 	130 
032619 	395 	109 	130 	130 
032620 	395 	109 	130 	130 
032621 	395 	109 	130 	130 
032622 	395 	109 	130 	130 
032623 	395 	109 	130 	130 
032624 	395 	109 	130 	130 
032625 	395 	109 	130 	130 
032626 	380 	109 	130 	130 
032627 	366 	109 	130 	130 
032628 	336 	96 	156 	156 
032629 	352 	94 	130 	130 
032630 	337 	94 	130 	130 
032631 	309 	80 	130 	130 
032632 	294 	80 	130 	130 
032633 	280 	80 	130 	130 
032634 	266 	80 	130 	130 
032635 	266 	80 	130 	130 
032636 	237 	80 	130 	130 
032637 	237 	80 	130 	130 
032638 	223 	80 	130 	130 
032639 	223 	80 	130 	130 
032640 	223 	80 	130 	130 
032641 	223 	80 	130 	130 
032642 	223 	80 	130 	130 
032643 	223 	80 	130 	130 
032644 	223 	80 	130 	130 
032645 	223 	80 	130 	130 
032646 	223 	80 	130 	130 
032647 	223 	80 	130 	130 
032648 	223 	80 	130 	130 
032649 	237 	80 	130 	130 
032650 	237 	80 	130 	130 
032651 	237 	80 	130 	130 
032652 	237 	80 	130 	130 
032653 	237 	80 	130 	130 
032654 	237 	80 	130 	130 
032655 	237 	80 	130 	130 
032656 	237 	80 	130 	130 
032657 	237 	80 	130 	130 
032658 	237 	80 	130 	130 
032659 	237 	80 	130 	130 
032660 	237 	80 	130 	130 
032661 	237 	80 	130 	130 
032662 	237 	80 	130 	130 
032663 	237 	80 	130 	130 
032664 	237 	80 	130 	130 
032665 	237 	80 	130 	130 
032666 	237 	80 	130 	130 
032667 	237 	80 	130 	130 
032668 	237 	80 	130 	130 
032669 	237 	80 	130 	130 
032670 	237 	80 	130 	130 
032671 	237 	80 	130 	130 
032672 	237 	80 	130 	130 
032673 	237 	80 	130 	130 
032674 	237 	80 	130 	130 
032675 	237 	80 	130 	130 
032676 	237 	80 	130 	130 
032677 	237 	80 	130 	130 
032678 	237 	80 	130 	130 
032679 	237 	80 	130 	130 
032680 	237 	80 	130 	130 
032681 	237 	80 	130 	130 
032682 	237 	80 	130 	130 
032683 	237 	80 	130 	130 
032684 	237 	80 	130 	130 
032685 	237 	80 	130 	130 
032686 	237 	80 	130 	130 
032687 	237 	80 	130 	130 
032688 	237 	80 	130 	130 
032689 	233 	62 	156 	155 
032690 	237 	80 	130 	130 
032691 	237 	80 	130 	130 
032692 	237 	66 	130 	130 
032693 	237 	66 	130 	130 
032694 	237 	66 	130 	130 
032695 	237 	66 	130 	130 
032696 	237 	66 	130 	130 
032697 	251 	66 	130 	130 
032698 	251 	66 	130 	130 
032699 	251 	66 	130 	130 
032700 	251 	66 	130 	130 
032701 	251 	66 	130 	130 
032702 	251 	66 	130 	130 
032703 	251 	66 	130 	130 
032704 	251 	66 	130 	130 
032705 	251 	66 	130 	130 
032706 	251 	80 	130 	130 
032707 	251 	80 	130 	130 
032708 	251 	80 	130 	130 
