Identity  : 	id10148
Reference : 	Q-NxF4Tel6A
Offset    : 	-2
FV Conf   : 	13.696
ASD Conf  : 	7.542

FRAME 	X 	Y 	W 	H 
001150 	164 	96 	156 	156 
001151 	164 	96 	156 	156 
001152 	164 	96 	156 	156 
001153 	164 	96 	156 	156 
001154 	164 	96 	156 	156 
001155 	164 	96 	156 	156 
001156 	164 	96 	156 	156 
001157 	164 	96 	156 	156 
001158 	164 	96 	156 	156 
001159 	164 	96 	156 	156 
001160 	164 	96 	156 	156 
001161 	164 	96 	156 	156 
001162 	164 	96 	156 	156 
001163 	164 	96 	156 	156 
001164 	164 	96 	156 	156 
001165 	164 	96 	156 	156 
001166 	164 	96 	156 	156 
001167 	164 	96 	156 	156 
001168 	164 	96 	156 	156 
001169 	164 	96 	156 	156 
001170 	164 	96 	156 	156 
001171 	164 	96 	156 	156 
001172 	164 	96 	156 	156 
001173 	164 	96 	156 	156 
001174 	164 	96 	156 	156 
001175 	164 	96 	156 	156 
001176 	164 	96 	156 	156 
001177 	164 	96 	156 	156 
001178 	164 	96 	156 	156 
001179 	164 	96 	156 	156 
001180 	164 	96 	156 	156 
001181 	164 	96 	156 	156 
001182 	164 	96 	156 	156 
001183 	164 	96 	156 	156 
001184 	164 	96 	156 	156 
001185 	164 	96 	156 	156 
001186 	164 	96 	156 	156 
001187 	164 	96 	156 	156 
001188 	147 	96 	156 	156 
001189 	147 	96 	156 	156 
001190 	147 	96 	156 	156 
001191 	147 	96 	156 	156 
001192 	147 	96 	156 	156 
001193 	147 	96 	156 	156 
001194 	147 	96 	156 	156 
001195 	147 	96 	156 	156 
001196 	147 	96 	156 	156 
001197 	165 	109 	130 	130 
001198 	165 	109 	130 	130 
001199 	165 	109 	130 	130 
001200 	147 	96 	156 	156 
001201 	147 	96 	156 	156 
001202 	147 	96 	156 	156 
001203 	147 	96 	156 	156 
001204 	147 	96 	156 	156 
001205 	147 	96 	156 	156 
001206 	147 	96 	156 	156 
001207 	147 	96 	156 	156 
001208 	147 	96 	156 	156 
001209 	147 	96 	156 	156 
001210 	147 	96 	156 	156 
001211 	147 	96 	156 	156 
001212 	147 	96 	156 	156 
001213 	147 	96 	156 	156 
001214 	147 	96 	156 	156 
001215 	147 	96 	156 	156 
001216 	147 	96 	156 	156 
001217 	147 	96 	156 	156 
001218 	147 	96 	156 	156 
001219 	147 	96 	156 	156 
001220 	147 	96 	156 	156 
001221 	165 	109 	130 	130 
001222 	147 	96 	156 	156 
001223 	147 	96 	156 	156 
001224 	147 	96 	156 	156 
001225 	165 	109 	130 	130 
001226 	147 	96 	156 	156 
001227 	147 	96 	156 	156 
001228 	147 	96 	156 	156 
001229 	165 	109 	130 	130 
001230 	164 	96 	156 	156 
001231 	164 	96 	156 	156 
001232 	164 	96 	156 	156 
001233 	164 	96 	156 	156 
001234 	164 	96 	156 	156 
001235 	164 	96 	156 	156 
001236 	164 	96 	156 	156 
001237 	164 	96 	156 	156 
001238 	164 	96 	156 	156 
001239 	164 	96 	156 	156 
001240 	164 	96 	156 	156 
001241 	164 	96 	156 	156 
001242 	164 	96 	156 	156 
001243 	164 	96 	156 	156 
001244 	164 	96 	156 	156 
001245 	164 	96 	156 	156 
001246 	156 	74 	187 	187 
001247 	156 	74 	187 	187 
001248 	156 	74 	187 	187 
001249 	156 	74 	187 	187 
001250 	156 	74 	187 	187 
001251 	156 	74 	187 	187 
001252 	156 	74 	187 	187 
001253 	156 	74 	187 	187 
001254 	156 	74 	187 	187 
001255 	156 	74 	187 	187 
001256 	156 	74 	187 	187 
001257 	156 	74 	187 	187 
001258 	156 	74 	187 	187 
001259 	156 	74 	187 	187 
001260 	156 	74 	187 	187 
001261 	164 	96 	156 	156 
001262 	156 	74 	187 	187 
001263 	156 	74 	187 	187 
001264 	156 	74 	187 	187 
001265 	156 	74 	187 	187 
001266 	156 	74 	187 	187 
001267 	156 	74 	187 	187 
001268 	156 	74 	187 	187 
001269 	156 	74 	187 	187 
001270 	156 	74 	187 	187 
001271 	181 	96 	156 	156 
001272 	181 	96 	156 	156 
001273 	181 	96 	156 	156 
001274 	181 	96 	156 	156 
001275 	181 	96 	156 	156 
001276 	181 	96 	156 	156 
001277 	181 	96 	156 	156 
001278 	181 	96 	156 	156 
001279 	181 	96 	156 	156 
001280 	181 	96 	156 	156 
001281 	181 	96 	156 	156 
001282 	181 	96 	156 	156 
001283 	181 	96 	156 	156 
001284 	181 	96 	156 	156 
001285 	181 	96 	156 	156 
001286 	181 	96 	156 	156 
001287 	181 	96 	156 	156 
001288 	181 	96 	156 	156 
001289 	181 	96 	156 	156 
001290 	181 	96 	156 	156 
001291 	181 	96 	156 	156 
001292 	164 	96 	156 	156 
001293 	164 	96 	156 	156 
001294 	164 	96 	156 	156 
001295 	164 	96 	156 	156 
001296 	164 	96 	156 	156 
001297 	164 	96 	156 	156 
001298 	164 	96 	156 	156 
001299 	164 	96 	156 	156 
001300 	164 	96 	156 	156 
001301 	164 	96 	156 	156 
