Identity  : 	id10533
Reference : 	B0qxCQI99II
Offset    : 	-2
FV Conf   : 	15.443
ASD Conf  : 	8.025

FRAME 	X 	Y 	W 	H 
000575 	353 	43 	108 	108 
000576 	353 	43 	108 	108 
000577 	373 	45 	91 	91 
000578 	373 	45 	91 	91 
000579 	373 	45 	91 	91 
000580 	373 	45 	91 	91 
000581 	373 	45 	91 	91 
000582 	373 	45 	91 	91 
000583 	373 	45 	91 	91 
000584 	373 	45 	91 	91 
000585 	373 	45 	91 	91 
000586 	373 	45 	91 	91 
000587 	365 	43 	108 	108 
000588 	365 	43 	108 	108 
000589 	365 	43 	108 	108 
000590 	365 	43 	108 	108 
000591 	365 	43 	108 	108 
000592 	365 	43 	108 	108 
000593 	365 	43 	108 	108 
000594 	373 	45 	91 	91 
000595 	365 	43 	108 	108 
000596 	373 	45 	91 	91 
000597 	373 	45 	91 	91 
000598 	373 	45 	91 	91 
000599 	373 	45 	91 	91 
000600 	373 	45 	91 	91 
000601 	353 	43 	108 	108 
000602 	353 	43 	108 	108 
000603 	363 	45 	91 	91 
000604 	363 	45 	91 	91 
000605 	353 	43 	108 	108 
000606 	353 	43 	108 	108 
000607 	353 	43 	108 	108 
000608 	353 	43 	108 	108 
000609 	353 	43 	108 	108 
000610 	353 	43 	108 	108 
000611 	353 	43 	108 	108 
000612 	353 	43 	108 	108 
000613 	353 	43 	108 	108 
000614 	353 	43 	108 	108 
000615 	353 	43 	108 	108 
000616 	353 	43 	108 	108 
000617 	353 	43 	108 	108 
000618 	373 	45 	91 	91 
000619 	373 	45 	91 	91 
000620 	373 	45 	91 	91 
000621 	373 	45 	91 	91 
000622 	365 	43 	108 	108 
000623 	373 	45 	91 	91 
000624 	365 	43 	108 	108 
000625 	365 	43 	108 	108 
000626 	365 	43 	108 	108 
000627 	365 	43 	108 	108 
000628 	365 	43 	108 	108 
000629 	365 	43 	108 	108 
000630 	365 	43 	108 	108 
000631 	365 	43 	108 	108 
000632 	365 	43 	108 	108 
000633 	365 	43 	108 	108 
000634 	365 	43 	108 	108 
000635 	365 	43 	108 	108 
000636 	365 	43 	108 	108 
000637 	365 	43 	108 	108 
000638 	365 	43 	108 	108 
000639 	383 	45 	91 	91 
000640 	383 	45 	91 	91 
000641 	383 	45 	91 	91 
000642 	383 	45 	91 	91 
000643 	383 	45 	91 	91 
000644 	383 	45 	91 	91 
000645 	383 	45 	91 	91 
000646 	376 	43 	109 	108 
000647 	376 	43 	109 	108 
000648 	376 	43 	109 	108 
000649 	383 	45 	91 	91 
000650 	383 	45 	91 	91 
000651 	383 	45 	91 	91 
000652 	365 	43 	108 	108 
000653 	373 	45 	91 	91 
000654 	353 	43 	108 	108 
000655 	363 	45 	91 	91 
000656 	363 	45 	91 	91 
000657 	363 	45 	91 	91 
000658 	363 	45 	91 	91 
000659 	353 	43 	108 	108 
000660 	353 	43 	108 	108 
000661 	363 	45 	91 	91 
000662 	363 	45 	91 	91 
000663 	363 	45 	91 	91 
000664 	363 	45 	91 	91 
000665 	353 	45 	91 	91 
000666 	353 	45 	91 	91 
000667 	353 	45 	91 	91 
000668 	353 	45 	91 	91 
000669 	341 	43 	108 	108 
000670 	353 	45 	91 	91 
000671 	353 	45 	91 	91 
000672 	363 	45 	91 	91 
000673 	363 	45 	91 	91 
000674 	363 	45 	91 	91 
000675 	363 	45 	91 	91 
000676 	363 	45 	91 	91 
000677 	363 	45 	91 	91 
000678 	353 	43 	108 	108 
000679 	353 	43 	108 	108 
000680 	353 	43 	108 	108 
000681 	353 	43 	108 	108 
000682 	353 	43 	108 	108 
000683 	353 	43 	108 	108 
000684 	363 	45 	91 	91 
000685 	363 	45 	91 	91 
000686 	363 	45 	91 	91 
000687 	363 	45 	91 	91 
000688 	363 	45 	91 	91 
000689 	353 	43 	108 	108 
000690 	353 	43 	108 	108 
000691 	353 	45 	91 	91 
000692 	341 	43 	108 	108 
000693 	353 	45 	91 	91 
000694 	353 	45 	91 	91 
000695 	353 	45 	91 	91 
000696 	353 	45 	91 	91 
000697 	353 	45 	91 	91 
000698 	341 	43 	108 	108 
000699 	341 	43 	108 	108 
000700 	363 	45 	91 	91 
000701 	363 	45 	91 	91 
000702 	363 	45 	91 	91 
000703 	363 	45 	91 	91 
000704 	363 	45 	91 	91 
000705 	363 	45 	91 	91 
000706 	353 	43 	108 	108 
000707 	353 	43 	108 	108 
000708 	363 	45 	91 	91 
000709 	353 	43 	108 	108 
000710 	353 	43 	108 	108 
000711 	353 	43 	108 	108 
000712 	353 	55 	91 	91 
000713 	353 	55 	91 	91 
000714 	353 	55 	91 	91 
000715 	353 	55 	91 	91 
000716 	353 	55 	91 	91 
000717 	353 	55 	91 	91 
000718 	353 	55 	91 	91 
000719 	353 	55 	91 	91 
000720 	341 	43 	108 	108 
000721 	353 	43 	108 	108 
000722 	353 	43 	108 	108 
000723 	353 	43 	108 	108 
000724 	353 	43 	108 	108 
000725 	353 	43 	108 	108 
000726 	353 	43 	108 	108 
000727 	353 	43 	108 	108 
000728 	353 	43 	108 	108 
000729 	353 	43 	108 	108 
000730 	353 	43 	108 	108 
000731 	353 	43 	108 	108 
000732 	353 	43 	108 	108 
000733 	353 	43 	108 	108 
000734 	353 	43 	108 	108 
000735 	373 	45 	91 	91 
000736 	373 	45 	91 	91 
000737 	373 	45 	91 	91 
000738 	373 	45 	91 	91 
000739 	373 	45 	91 	91 
000740 	373 	45 	91 	91 
000741 	373 	45 	91 	91 
000742 	373 	45 	91 	91 
000743 	365 	43 	108 	108 
000744 	373 	45 	91 	91 
000745 	365 	43 	108 	108 
000746 	373 	45 	91 	91 
000747 	373 	45 	91 	91 
000748 	373 	45 	91 	91 
000749 	365 	43 	108 	108 
000750 	365 	43 	108 	108 
000751 	365 	43 	108 	108 
000752 	373 	45 	91 	91 
000753 	373 	45 	91 	91 
000754 	365 	43 	108 	108 
000755 	365 	43 	108 	108 
000756 	365 	43 	108 	108 
000757 	373 	45 	91 	91 
000758 	373 	45 	91 	91 
000759 	373 	45 	91 	91 
000760 	373 	45 	91 	91 
000761 	365 	43 	108 	108 
000762 	373 	45 	91 	91 
000763 	365 	43 	108 	108 
000764 	365 	43 	108 	108 
000765 	365 	43 	108 	108 
000766 	365 	43 	108 	108 
000767 	365 	43 	108 	108 
000768 	353 	43 	108 	108 
000769 	353 	43 	108 	108 
000770 	353 	43 	108 	108 
000771 	353 	43 	108 	108 
000772 	365 	43 	108 	108 
000773 	365 	43 	108 	108 
000774 	365 	43 	108 	108 
000775 	365 	43 	108 	108 
000776 	365 	43 	108 	108 
000777 	365 	43 	108 	108 
000778 	365 	43 	108 	108 
000779 	373 	45 	91 	91 
000780 	365 	43 	108 	108 
000781 	365 	43 	108 	108 
000782 	365 	43 	108 	108 
000783 	365 	43 	108 	108 
000784 	365 	43 	108 	108 
000785 	365 	43 	108 	108 
000786 	365 	43 	108 	108 
000787 	365 	43 	108 	108 
000788 	365 	43 	108 	108 
000789 	365 	43 	108 	108 
000790 	365 	43 	108 	108 
000791 	365 	43 	108 	108 
000792 	365 	43 	108 	108 
000793 	365 	43 	108 	108 
000794 	365 	43 	108 	108 
000795 	365 	43 	108 	108 
000796 	365 	43 	108 	108 
000797 	365 	43 	108 	108 
000798 	365 	43 	108 	108 
000799 	365 	43 	108 	108 
000800 	373 	45 	91 	91 
000801 	373 	45 	91 	91 
000802 	373 	45 	91 	91 
000803 	373 	45 	91 	91 
000804 	365 	43 	108 	108 
000805 	353 	43 	108 	108 
000806 	353 	43 	108 	108 
000807 	353 	43 	108 	108 
000808 	353 	43 	108 	108 
000809 	341 	43 	108 	108 
000810 	341 	43 	108 	108 
000811 	343 	55 	91 	91 
000812 	329 	43 	108 	108 
000813 	329 	43 	108 	108 
000814 	329 	43 	108 	108 
000815 	343 	45 	91 	91 
000816 	329 	43 	108 	108 
000817 	329 	43 	108 	108 
000818 	329 	43 	108 	108 
000819 	329 	43 	108 	108 
000820 	343 	45 	91 	91 
000821 	341 	43 	108 	108 
000822 	341 	43 	108 	108 
000823 	341 	43 	108 	108 
000824 	341 	43 	108 	108 
000825 	341 	43 	108 	108 
000826 	341 	43 	108 	108 
000827 	341 	43 	108 	108 
000828 	341 	43 	108 	108 
000829 	341 	43 	108 	108 
000830 	341 	43 	108 	108 
000831 	353 	45 	91 	91 
000832 	353 	45 	91 	91 
000833 	353 	45 	91 	91 
000834 	353 	45 	91 	91 
000835 	353 	45 	91 	91 
000836 	353 	45 	91 	91 
000837 	341 	43 	108 	108 
000838 	341 	43 	108 	108 
000839 	341 	43 	108 	108 
000840 	353 	45 	91 	91 
000841 	353 	45 	91 	91 
000842 	341 	43 	108 	108 
000843 	341 	43 	108 	108 
000844 	353 	45 	91 	91 
000845 	341 	43 	108 	108 
000846 	353 	45 	91 	91 
000847 	353 	45 	91 	91 
000848 	353 	43 	108 	108 
000849 	363 	45 	91 	91 
000850 	363 	45 	91 	91 
000851 	363 	45 	91 	91 
000852 	363 	45 	91 	91 
000853 	363 	45 	91 	91 
000854 	363 	45 	91 	91 
000855 	363 	45 	91 	91 
000856 	363 	45 	91 	91 
000857 	363 	45 	91 	91 
000858 	363 	45 	91 	91 
000859 	363 	45 	91 	91 
000860 	353 	45 	91 	91 
000861 	353 	45 	91 	91 
000862 	353 	45 	91 	91 
000863 	353 	45 	91 	91 
000864 	353 	45 	91 	91 
000865 	353 	45 	91 	91 
000866 	353 	45 	91 	91 
000867 	353 	45 	91 	91 
000868 	353 	45 	91 	91 
000869 	341 	43 	108 	108 
000870 	341 	43 	108 	108 
000871 	341 	43 	108 	108 
000872 	341 	43 	108 	108 
000873 	353 	45 	91 	91 
000874 	353 	45 	91 	91 
000875 	341 	43 	108 	108 
000876 	341 	43 	108 	108 
000877 	341 	43 	108 	108 
000878 	341 	43 	108 	108 
000879 	353 	45 	91 	91 
000880 	341 	43 	108 	108 
000881 	341 	43 	108 	108 
000882 	341 	43 	108 	108 
000883 	341 	43 	108 	108 
000884 	353 	45 	91 	91 
000885 	353 	45 	91 	91 
000886 	341 	43 	108 	108 
000887 	353 	45 	91 	91 
000888 	353 	45 	91 	91 
000889 	353 	45 	91 	91 
000890 	353 	45 	91 	91 
000891 	353 	45 	91 	91 
000892 	353 	45 	91 	91 
000893 	353 	45 	91 	91 
000894 	353 	45 	91 	91 
000895 	353 	45 	91 	91 
000896 	353 	43 	108 	108 
000897 	353 	43 	108 	108 
000898 	353 	43 	108 	108 
000899 	363 	45 	91 	91 
000900 	363 	45 	91 	91 
000901 	353 	43 	108 	108 
000902 	363 	45 	91 	91 
000903 	363 	45 	91 	91 
000904 	363 	45 	91 	91 
000905 	353 	43 	108 	108 
000906 	353 	43 	108 	108 
000907 	353 	43 	108 	108 
000908 	353 	43 	108 	108 
000909 	353 	43 	108 	108 
000910 	363 	45 	91 	91 
000911 	363 	45 	91 	91 
000912 	363 	45 	91 	91 
000913 	353 	43 	108 	108 
000914 	363 	45 	91 	91 
000915 	353 	43 	108 	108 
000916 	353 	43 	108 	108 
000917 	353 	43 	108 	108 
000918 	353 	43 	108 	108 
000919 	353 	43 	108 	108 
000920 	353 	43 	108 	108 
000921 	353 	43 	108 	108 
000922 	363 	45 	91 	91 
000923 	363 	45 	91 	91 
000924 	353 	43 	108 	108 
000925 	363 	45 	91 	91 
000926 	353 	43 	108 	108 
000927 	353 	43 	108 	108 
000928 	353 	43 	108 	108 
000929 	353 	43 	108 	108 
000930 	353 	43 	108 	108 
000931 	363 	45 	91 	91 
000932 	363 	45 	91 	91 
000933 	363 	45 	91 	91 
000934 	363 	45 	91 	91 
000935 	363 	45 	91 	91 
000936 	363 	45 	91 	91 
000937 	353 	43 	108 	108 
000938 	353 	43 	108 	108 
000939 	353 	43 	108 	108 
000940 	373 	45 	91 	91 
000941 	353 	43 	108 	108 
000942 	353 	43 	108 	108 
000943 	353 	43 	108 	108 
000944 	353 	43 	108 	108 
000945 	353 	43 	108 	108 
000946 	353 	43 	108 	108 
000947 	353 	43 	108 	108 
000948 	353 	43 	108 	108 
000949 	353 	43 	108 	108 
000950 	353 	43 	108 	108 
000951 	353 	43 	108 	108 
000952 	353 	43 	108 	108 
000953 	353 	43 	108 	108 
000954 	363 	45 	91 	91 
000955 	363 	45 	91 	91 
000956 	363 	45 	91 	91 
000957 	363 	45 	91 	91 
000958 	363 	45 	91 	91 
000959 	363 	45 	91 	91 
000960 	363 	45 	91 	91 
000961 	363 	45 	91 	91 
000962 	353 	45 	91 	91 
000963 	353 	45 	91 	91 
000964 	353 	45 	91 	91 
000965 	353 	45 	91 	91 
000966 	341 	43 	108 	108 
000967 	341 	43 	108 	108 
000968 	341 	43 	108 	108 
000969 	341 	43 	108 	108 
000970 	341 	43 	108 	108 
000971 	341 	43 	108 	108 
000972 	341 	43 	108 	108 
000973 	341 	43 	108 	108 
000974 	343 	55 	91 	91 
000975 	343 	55 	91 	91 
000976 	343 	55 	91 	91 
000977 	343 	55 	91 	91 
000978 	343 	55 	91 	91 
000979 	343 	55 	91 	91 
000980 	343 	55 	91 	91 
000981 	343 	55 	91 	91 
000982 	343 	55 	91 	91 
000983 	343 	55 	91 	91 
000984 	343 	55 	91 	91 
000985 	343 	55 	91 	91 
000986 	343 	55 	91 	91 
000987 	343 	55 	91 	91 
000988 	341 	43 	108 	108 
000989 	341 	43 	108 	108 
000990 	341 	43 	108 	108 
000991 	343 	55 	91 	91 
000992 	343 	55 	91 	91 
000993 	343 	55 	91 	91 
000994 	343 	55 	91 	91 
000995 	343 	55 	91 	91 
000996 	341 	43 	108 	108 
000997 	341 	43 	108 	108 
000998 	341 	43 	108 	108 
000999 	341 	43 	108 	108 
001000 	341 	43 	108 	108 
001001 	341 	43 	108 	108 
001002 	341 	43 	108 	108 
001003 	341 	43 	108 	108 
001004 	341 	43 	108 	108 
001005 	341 	43 	108 	108 
001006 	353 	45 	91 	91 
001007 	353 	45 	91 	91 
001008 	363 	45 	91 	91 
001009 	363 	45 	91 	91 
001010 	363 	45 	91 	91 
001011 	363 	45 	91 	91 
001012 	363 	45 	91 	91 
001013 	363 	45 	91 	91 
001014 	363 	45 	91 	91 
001015 	363 	45 	91 	91 
001016 	363 	45 	91 	91 
001017 	363 	45 	91 	91 
001018 	363 	45 	91 	91 
001019 	363 	45 	91 	91 
001020 	363 	45 	91 	91 
001021 	363 	45 	91 	91 
001022 	353 	45 	91 	91 
001023 	353 	45 	91 	91 
001024 	353 	45 	91 	91 
001025 	353 	45 	91 	91 
001026 	353 	45 	91 	91 
001027 	353 	45 	91 	91 
001028 	353 	45 	91 	91 
001029 	353 	45 	91 	91 
001030 	353 	45 	91 	91 
001031 	353 	45 	91 	91 
001032 	353 	45 	91 	91 
001033 	353 	45 	91 	91 
001034 	353 	45 	91 	91 
001035 	353 	45 	91 	91 
001036 	353 	45 	91 	91 
001037 	353 	45 	91 	91 
001038 	353 	45 	91 	91 
001039 	353 	45 	91 	91 
001040 	353 	45 	91 	91 
001041 	353 	45 	91 	91 
001042 	353 	45 	91 	91 
001043 	363 	45 	91 	91 
001044 	353 	43 	108 	108 
001045 	363 	45 	91 	91 
001046 	353 	43 	108 	108 
001047 	363 	45 	91 	91 
001048 	353 	43 	108 	108 
001049 	353 	43 	108 	108 
001050 	353 	43 	108 	108 
001051 	353 	43 	108 	108 
001052 	353 	43 	108 	108 
001053 	353 	43 	108 	108 
001054 	353 	43 	108 	108 
001055 	353 	43 	108 	108 
001056 	353 	43 	108 	108 
001057 	353 	43 	108 	108 
001058 	353 	43 	108 	108 
001059 	353 	43 	108 	108 
001060 	353 	43 	108 	108 
001061 	353 	43 	108 	108 
001062 	373 	45 	91 	91 
001063 	373 	45 	91 	91 
001064 	373 	45 	91 	91 
001065 	373 	45 	91 	91 
001066 	373 	45 	91 	91 
001067 	365 	43 	108 	108 
001068 	353 	43 	108 	108 
001069 	353 	43 	108 	108 
001070 	353 	43 	108 	108 
001071 	373 	45 	91 	91 
001072 	373 	45 	91 	91 
001073 	365 	43 	108 	108 
001074 	365 	43 	108 	108 
001075 	383 	55 	91 	91 
001076 	383 	55 	91 	91 
001077 	376 	43 	109 	108 
001078 	376 	43 	109 	108 
001079 	393 	55 	91 	91 
001080 	393 	55 	91 	91 
001081 	388 	54 	109 	109 
001082 	403 	55 	91 	91 
001083 	403 	55 	91 	91 
001084 	403 	55 	91 	91 
001085 	400 	54 	109 	109 
001086 	413 	55 	91 	91 
001087 	413 	55 	91 	91 
001088 	413 	55 	91 	91 
001089 	413 	55 	91 	91 
001090 	412 	54 	109 	109 
001091 	423 	55 	91 	91 
001092 	423 	65 	91 	91 
001093 	423 	65 	91 	91 
001094 	433 	65 	91 	91 
001095 	433 	65 	91 	91 
001096 	433 	65 	91 	91 
001097 	433 	65 	91 	91 
001098 	433 	65 	91 	91 
001099 	423 	65 	91 	91 
001100 	412 	54 	109 	109 
001101 	423 	55 	91 	91 
001102 	412 	54 	109 	109 
001103 	412 	54 	109 	109 
001104 	412 	43 	109 	108 
001105 	412 	43 	109 	108 
001106 	412 	43 	109 	108 
001107 	412 	43 	109 	108 
001108 	412 	43 	109 	108 
001109 	412 	43 	109 	108 
001110 	412 	43 	109 	108 
001111 	412 	43 	109 	108 
001112 	412 	43 	109 	108 
001113 	412 	43 	109 	108 
001114 	412 	43 	109 	108 
001115 	412 	43 	109 	108 
001116 	400 	43 	109 	108 
001117 	413 	55 	91 	91 
001118 	413 	55 	91 	91 
001119 	413 	55 	91 	91 
001120 	413 	55 	91 	91 
001121 	413 	55 	91 	91 
001122 	400 	43 	109 	108 
001123 	413 	55 	91 	91 
001124 	413 	55 	91 	91 
001125 	413 	55 	91 	91 
001126 	413 	55 	91 	91 
001127 	413 	55 	91 	91 
001128 	400 	43 	109 	108 
001129 	400 	43 	109 	108 
001130 	400 	43 	109 	108 
001131 	400 	43 	109 	108 
001132 	400 	43 	109 	108 
001133 	400 	43 	109 	108 
001134 	400 	43 	109 	108 
001135 	400 	43 	109 	108 
001136 	400 	43 	109 	108 
001137 	412 	43 	109 	108 
001138 	412 	43 	109 	108 
001139 	400 	43 	109 	108 
001140 	400 	43 	109 	108 
001141 	400 	43 	109 	108 
001142 	400 	43 	109 	108 
001143 	413 	45 	91 	91 
001144 	400 	43 	109 	108 
001145 	400 	43 	109 	108 
001146 	400 	43 	109 	108 
001147 	400 	43 	109 	108 
001148 	400 	43 	109 	108 
001149 	400 	43 	109 	108 
001150 	400 	43 	109 	108 
001151 	400 	43 	109 	108 
001152 	400 	43 	109 	108 
001153 	400 	43 	109 	108 
001154 	413 	45 	91 	91 
001155 	400 	43 	109 	108 
001156 	413 	45 	91 	91 
001157 	400 	43 	109 	108 
001158 	400 	43 	109 	108 
001159 	400 	43 	109 	108 
001160 	413 	55 	91 	91 
001161 	413 	55 	91 	91 
001162 	400 	43 	109 	108 
001163 	400 	43 	109 	108 
001164 	400 	43 	109 	108 
001165 	400 	43 	109 	108 
001166 	400 	43 	109 	108 
001167 	400 	43 	109 	108 
001168 	400 	43 	109 	108 
001169 	400 	43 	109 	108 
001170 	400 	43 	109 	108 
001171 	413 	45 	91 	91 
001172 	413 	55 	91 	91 
001173 	413 	55 	91 	91 
001174 	413 	55 	91 	91 
001175 	413 	55 	91 	91 
001176 	413 	55 	91 	91 
001177 	413 	55 	91 	91 
001178 	413 	55 	91 	91 
001179 	403 	55 	91 	91 
001180 	403 	55 	91 	91 
001181 	403 	55 	91 	91 
001182 	403 	55 	91 	91 
001183 	393 	55 	91 	91 
001184 	393 	55 	91 	91 
001185 	393 	45 	91 	91 
001186 	393 	45 	91 	91 
001187 	376 	43 	109 	108 
001188 	376 	43 	109 	108 
001189 	376 	43 	109 	108 
001190 	383 	45 	91 	91 
001191 	383 	45 	91 	91 
001192 	376 	43 	109 	108 
001193 	376 	43 	109 	108 
001194 	376 	43 	109 	108 
001195 	376 	43 	109 	108 
001196 	376 	43 	109 	108 
001197 	376 	43 	109 	108 
001198 	376 	43 	109 	108 
001199 	393 	55 	91 	91 
001200 	393 	55 	91 	91 
001201 	393 	55 	91 	91 
001202 	393 	55 	91 	91 
001203 	393 	55 	91 	91 
001204 	393 	45 	91 	91 
001205 	393 	45 	91 	91 
001206 	393 	45 	91 	91 
001207 	393 	45 	91 	91 
001208 	393 	45 	91 	91 
001209 	393 	45 	91 	91 
001210 	393 	45 	91 	91 
001211 	393 	45 	91 	91 
001212 	393 	45 	91 	91 
001213 	393 	45 	91 	91 
001214 	376 	43 	109 	108 
001215 	376 	43 	109 	108 
001216 	376 	43 	109 	108 
001217 	376 	54 	109 	109 
001218 	376 	54 	109 	109 
001219 	376 	54 	109 	109 
001220 	376 	54 	109 	109 
001221 	376 	54 	109 	109 
001222 	393 	55 	91 	91 
001223 	393 	55 	91 	91 
001224 	393 	55 	91 	91 
001225 	393 	55 	91 	91 
001226 	388 	43 	109 	108 
001227 	388 	43 	109 	108 
001228 	388 	43 	109 	108 
001229 	403 	55 	91 	91 
001230 	403 	55 	91 	91 
001231 	388 	43 	109 	108 
001232 	388 	43 	109 	108 
001233 	388 	43 	109 	108 
001234 	388 	43 	109 	108 
001235 	388 	43 	109 	108 
001236 	388 	43 	109 	108 
001237 	388 	43 	109 	108 
001238 	388 	43 	109 	108 
001239 	388 	43 	109 	108 
001240 	388 	43 	109 	108 
001241 	388 	43 	109 	108 
001242 	388 	43 	109 	108 
001243 	403 	45 	91 	91 
001244 	400 	43 	109 	108 
001245 	400 	43 	109 	108 
001246 	400 	43 	109 	108 
001247 	400 	43 	109 	108 
001248 	400 	43 	109 	108 
001249 	400 	43 	109 	108 
001250 	400 	43 	109 	108 
001251 	403 	45 	91 	91 
001252 	403 	45 	91 	91 
001253 	403 	45 	91 	91 
001254 	403 	45 	91 	91 
001255 	403 	45 	91 	91 
001256 	403 	45 	91 	91 
001257 	388 	43 	109 	108 
001258 	388 	43 	109 	108 
001259 	388 	43 	109 	108 
001260 	393 	45 	91 	91 
001261 	393 	45 	91 	91 
001262 	393 	45 	91 	91 
001263 	393 	45 	91 	91 
001264 	393 	45 	91 	91 
001265 	393 	45 	91 	91 
001266 	393 	45 	91 	91 
001267 	393 	45 	91 	91 
001268 	376 	43 	109 	108 
001269 	376 	43 	109 	108 
001270 	376 	43 	109 	108 
001271 	376 	43 	109 	108 
001272 	376 	43 	109 	108 
001273 	376 	43 	109 	108 
001274 	376 	43 	109 	108 
001275 	376 	43 	109 	108 
001276 	376 	43 	109 	108 
001277 	383 	45 	91 	91 
001278 	383 	45 	91 	91 
001279 	383 	45 	91 	91 
001280 	383 	45 	91 	91 
001281 	383 	45 	91 	91 
001282 	383 	45 	91 	91 
001283 	383 	45 	91 	91 
001284 	365 	43 	108 	108 
001285 	365 	43 	108 	108 
001286 	365 	43 	108 	108 
001287 	383 	45 	91 	91 
001288 	383 	45 	91 	91 
001289 	383 	45 	91 	91 
001290 	383 	45 	91 	91 
001291 	365 	43 	108 	108 
001292 	365 	43 	108 	108 
001293 	365 	43 	108 	108 
001294 	365 	43 	108 	108 
001295 	365 	43 	108 	108 
001296 	365 	43 	108 	108 
001297 	383 	45 	91 	91 
001298 	383 	45 	91 	91 
001299 	383 	45 	91 	91 
001300 	383 	45 	91 	91 
001301 	383 	45 	91 	91 
001302 	383 	45 	91 	91 
001303 	383 	45 	91 	91 
001304 	383 	45 	91 	91 
001305 	383 	45 	91 	91 
001306 	383 	45 	91 	91 
001307 	383 	45 	91 	91 
001308 	383 	45 	91 	91 
001309 	383 	45 	91 	91 
001310 	383 	45 	91 	91 
001311 	383 	45 	91 	91 
001312 	383 	45 	91 	91 
001313 	383 	45 	91 	91 
001314 	383 	45 	91 	91 
001315 	383 	45 	91 	91 
001316 	383 	45 	91 	91 
001317 	383 	45 	91 	91 
001318 	365 	43 	108 	108 
001319 	365 	43 	108 	108 
001320 	365 	43 	108 	108 
001321 	365 	43 	108 	108 
001322 	365 	43 	108 	108 
001323 	365 	43 	108 	108 
001324 	373 	55 	91 	91 
001325 	373 	55 	91 	91 
001326 	373 	55 	91 	91 
001327 	373 	55 	91 	91 
001328 	353 	43 	108 	108 
001329 	353 	43 	108 	108 
001330 	363 	55 	91 	91 
001331 	363 	55 	91 	91 
001332 	363 	55 	91 	91 
001333 	353 	43 	108 	108 
001334 	353 	43 	108 	108 
001335 	353 	43 	108 	108 
001336 	353 	43 	108 	108 
001337 	353 	43 	108 	108 
001338 	353 	43 	108 	108 
001339 	353 	43 	108 	108 
001340 	353 	43 	108 	108 
001341 	353 	43 	108 	108 
001342 	365 	43 	108 	108 
001343 	365 	43 	108 	108 
001344 	365 	43 	108 	108 
001345 	365 	43 	108 	108 
001346 	365 	43 	108 	108 
001347 	365 	43 	108 	108 
001348 	365 	43 	108 	108 
001349 	365 	43 	108 	108 
001350 	365 	43 	108 	108 
001351 	365 	43 	108 	108 
001352 	365 	43 	108 	108 
001353 	365 	43 	108 	108 
001354 	365 	43 	108 	108 
001355 	365 	43 	108 	108 
001356 	365 	43 	108 	108 
001357 	365 	43 	108 	108 
001358 	365 	43 	108 	108 
001359 	365 	43 	108 	108 
001360 	365 	43 	108 	108 
001361 	365 	43 	108 	108 
001362 	365 	43 	108 	108 
001363 	365 	43 	108 	108 
001364 	365 	43 	108 	108 
001365 	383 	45 	91 	91 
001366 	383 	45 	91 	91 
001367 	383 	45 	91 	91 
001368 	383 	45 	91 	91 
001369 	383 	45 	91 	91 
001370 	376 	43 	109 	108 
001371 	376 	43 	109 	108 
001372 	376 	43 	109 	108 
001373 	393 	55 	91 	91 
001374 	393 	55 	91 	91 
001375 	393 	55 	91 	91 
001376 	393 	55 	91 	91 
001377 	393 	55 	91 	91 
001378 	393 	55 	91 	91 
001379 	376 	43 	109 	108 
001380 	376 	43 	109 	108 
001381 	376 	43 	109 	108 
001382 	376 	43 	109 	108 
001383 	376 	43 	109 	108 
001384 	376 	43 	109 	108 
001385 	376 	43 	109 	108 
001386 	376 	43 	109 	108 
001387 	376 	43 	109 	108 
001388 	376 	43 	109 	108 
001389 	376 	43 	109 	108 
001390 	376 	43 	109 	108 
001391 	376 	43 	109 	108 
001392 	376 	43 	109 	108 
001393 	376 	43 	109 	108 
001394 	376 	43 	109 	108 
001395 	376 	43 	109 	108 
001396 	376 	43 	109 	108 
001397 	376 	43 	109 	108 
001398 	376 	43 	109 	108 
001399 	383 	45 	91 	91 
001400 	383 	45 	91 	91 
001401 	383 	45 	91 	91 
001402 	383 	45 	91 	91 
001403 	365 	43 	108 	108 
001404 	383 	45 	91 	91 
001405 	383 	45 	91 	91 
001406 	383 	45 	91 	91 
001407 	383 	45 	91 	91 
001408 	383 	45 	91 	91 
001409 	383 	45 	91 	91 
001410 	383 	45 	91 	91 
001411 	383 	45 	91 	91 
001412 	383 	45 	91 	91 
001413 	383 	45 	91 	91 
001414 	383 	45 	91 	91 
001415 	383 	45 	91 	91 
001416 	376 	43 	109 	108 
001417 	383 	45 	91 	91 
001418 	383 	45 	91 	91 
001419 	383 	45 	91 	91 
001420 	383 	45 	91 	91 
001421 	383 	45 	91 	91 
001422 	383 	45 	91 	91 
001423 	383 	45 	91 	91 
001424 	383 	45 	91 	91 
001425 	383 	45 	91 	91 
001426 	383 	45 	91 	91 
001427 	365 	43 	108 	108 
001428 	365 	43 	108 	108 
001429 	373 	45 	91 	91 
001430 	373 	45 	91 	91 
001431 	373 	45 	91 	91 
001432 	365 	43 	108 	108 
001433 	373 	45 	91 	91 
001434 	373 	45 	91 	91 
001435 	353 	43 	108 	108 
001436 	353 	43 	108 	108 
001437 	353 	43 	108 	108 
001438 	353 	43 	108 	108 
001439 	353 	43 	108 	108 
001440 	353 	43 	108 	108 
001441 	353 	43 	108 	108 
001442 	353 	43 	108 	108 
001443 	363 	45 	91 	91 
