Identity  : 	id11022
Reference : 	NkAt-ID7lrA
Offset    : 	-1
FV Conf   : 	16.600
ASD Conf  : 	6.623

FRAME 	X 	Y 	W 	H 
001470 	180 	51 	130 	130 
001471 	180 	51 	130 	130 
001472 	180 	51 	130 	130 
001473 	180 	51 	130 	130 
001474 	180 	51 	130 	130 
001475 	197 	54 	109 	109 
001476 	194 	51 	130 	130 
001477 	197 	54 	109 	109 
001478 	194 	51 	130 	130 
001479 	197 	54 	109 	109 
001480 	197 	54 	109 	109 
001481 	197 	54 	109 	109 
001482 	197 	54 	109 	109 
001483 	197 	54 	109 	109 
001484 	180 	51 	130 	130 
001485 	180 	51 	130 	130 
001486 	180 	51 	130 	130 
001487 	180 	51 	130 	130 
001488 	180 	51 	130 	130 
001489 	180 	51 	130 	130 
001490 	180 	51 	130 	130 
001491 	180 	51 	130 	130 
001492 	180 	51 	130 	130 
001493 	180 	51 	130 	130 
001494 	194 	51 	130 	130 
001495 	194 	51 	130 	130 
001496 	194 	51 	130 	130 
001497 	194 	51 	130 	130 
001498 	194 	51 	130 	130 
001499 	194 	51 	130 	130 
001500 	194 	51 	130 	130 
001501 	194 	51 	130 	130 
001502 	194 	51 	130 	130 
001503 	194 	51 	130 	130 
001504 	194 	51 	130 	130 
001505 	194 	51 	130 	130 
001506 	194 	51 	130 	130 
001507 	194 	51 	130 	130 
001508 	194 	51 	130 	130 
001509 	194 	51 	130 	130 
001510 	194 	51 	130 	130 
001511 	194 	51 	130 	130 
001512 	194 	51 	130 	130 
001513 	194 	51 	130 	130 
001514 	194 	51 	130 	130 
001515 	194 	51 	130 	130 
001516 	194 	51 	130 	130 
001517 	194 	51 	130 	130 
001518 	194 	51 	130 	130 
001519 	194 	51 	130 	130 
001520 	194 	51 	130 	130 
001521 	194 	51 	130 	130 
001522 	194 	51 	130 	130 
001523 	194 	51 	130 	130 
001524 	194 	51 	130 	130 
001525 	194 	51 	130 	130 
001526 	194 	51 	130 	130 
001527 	194 	51 	130 	130 
001528 	194 	51 	130 	130 
001529 	194 	51 	130 	130 
001530 	194 	51 	130 	130 
001531 	194 	51 	130 	130 
001532 	194 	51 	130 	130 
001533 	194 	66 	130 	130 
001534 	194 	66 	130 	130 
001535 	194 	66 	130 	130 
001536 	194 	51 	130 	130 
001537 	194 	51 	130 	130 
001538 	194 	51 	130 	130 
001539 	194 	51 	130 	130 
001540 	194 	51 	130 	130 
001541 	194 	51 	130 	130 
001542 	194 	51 	130 	130 
001543 	194 	51 	130 	130 
001544 	194 	51 	130 	130 
001545 	194 	51 	130 	130 
001546 	194 	51 	130 	130 
001547 	194 	51 	130 	130 
001548 	194 	51 	130 	130 
001549 	194 	66 	130 	130 
001550 	194 	66 	130 	130 
001551 	194 	66 	130 	130 
001552 	194 	66 	130 	130 
001553 	194 	66 	130 	130 
001554 	194 	66 	130 	130 
001555 	194 	66 	130 	130 
001556 	194 	66 	130 	130 
001557 	194 	66 	130 	130 
001558 	194 	66 	130 	130 
001559 	194 	66 	130 	130 
001560 	194 	66 	130 	130 
001561 	194 	66 	130 	130 
001562 	194 	66 	130 	130 
001563 	194 	66 	130 	130 
001564 	194 	66 	130 	130 
001565 	194 	66 	130 	130 
001566 	194 	66 	130 	130 
001567 	194 	66 	130 	130 
001568 	194 	66 	130 	130 
001569 	194 	66 	130 	130 
001570 	194 	66 	130 	130 
001571 	208 	66 	130 	130 
001572 	208 	66 	130 	130 
001573 	208 	66 	130 	130 
001574 	208 	66 	130 	130 
001575 	208 	66 	130 	130 
001576 	208 	66 	130 	130 
001577 	208 	51 	130 	130 
001578 	208 	51 	130 	130 
001579 	208 	51 	130 	130 
001580 	208 	66 	130 	130 
001581 	208 	66 	130 	130 
001582 	208 	66 	130 	130 
001583 	208 	66 	130 	130 
001584 	208 	66 	130 	130 
001585 	208 	66 	130 	130 
001586 	194 	66 	130 	130 
001587 	194 	66 	130 	130 
001588 	194 	66 	130 	130 
001589 	194 	66 	130 	130 
001590 	194 	66 	130 	130 
001591 	194 	66 	130 	130 
001592 	194 	66 	130 	130 
001593 	194 	66 	130 	130 
001594 	194 	66 	130 	130 
001595 	194 	66 	130 	130 
001596 	194 	66 	130 	130 
001597 	194 	66 	130 	130 
001598 	194 	66 	130 	130 
001599 	194 	66 	130 	130 
001600 	194 	66 	130 	130 
001601 	194 	66 	130 	130 
001602 	194 	66 	130 	130 
001603 	194 	66 	130 	130 
001604 	194 	66 	130 	130 
001605 	194 	66 	130 	130 
001606 	194 	66 	130 	130 
001607 	194 	66 	130 	130 
001608 	194 	66 	130 	130 
001609 	194 	66 	130 	130 
001610 	194 	66 	130 	130 
001611 	194 	66 	130 	130 
001612 	194 	66 	130 	130 
001613 	194 	66 	130 	130 
001614 	194 	66 	130 	130 
001615 	194 	66 	130 	130 
001616 	194 	66 	130 	130 
001617 	194 	66 	130 	130 
001618 	194 	66 	130 	130 
001619 	194 	66 	130 	130 
001620 	194 	66 	130 	130 
001621 	194 	66 	130 	130 
001622 	194 	66 	130 	130 
001623 	194 	66 	130 	130 
001624 	194 	66 	130 	130 
001625 	194 	66 	130 	130 
001626 	194 	66 	130 	130 
001627 	194 	66 	130 	130 
001628 	194 	66 	130 	130 
001629 	194 	66 	130 	130 
001630 	194 	66 	130 	130 
001631 	194 	66 	130 	130 
001632 	194 	66 	130 	130 
001633 	194 	66 	130 	130 
001634 	194 	66 	130 	130 
001635 	194 	66 	130 	130 
001636 	194 	66 	130 	130 
001637 	194 	66 	130 	130 
001638 	194 	66 	130 	130 
001639 	194 	66 	130 	130 
001640 	194 	66 	130 	130 
001641 	194 	66 	130 	130 
001642 	194 	66 	130 	130 
001643 	194 	66 	130 	130 
001644 	194 	66 	130 	130 
001645 	194 	66 	130 	130 
001646 	194 	66 	130 	130 
001647 	194 	66 	130 	130 
001648 	194 	66 	130 	130 
001649 	194 	51 	130 	130 
001650 	208 	66 	130 	130 
001651 	208 	66 	130 	130 
001652 	194 	66 	130 	130 
001653 	194 	66 	130 	130 
001654 	194 	66 	130 	130 
001655 	194 	66 	130 	130 
001656 	194 	66 	130 	130 
001657 	194 	66 	130 	130 
001658 	194 	66 	130 	130 
001659 	194 	66 	130 	130 
001660 	194 	66 	130 	130 
001661 	194 	66 	130 	130 
001662 	194 	66 	130 	130 
001663 	194 	66 	130 	130 
001664 	194 	66 	130 	130 
001665 	194 	66 	130 	130 
001666 	194 	66 	130 	130 
001667 	194 	66 	130 	130 
001668 	194 	66 	130 	130 
001669 	194 	66 	130 	130 
001670 	194 	66 	130 	130 
001671 	194 	66 	130 	130 
001672 	194 	66 	130 	130 
001673 	194 	66 	130 	130 
001674 	194 	66 	130 	130 
001675 	194 	66 	130 	130 
001676 	194 	66 	130 	130 
001677 	194 	66 	130 	130 
001678 	194 	66 	130 	130 
001679 	194 	66 	130 	130 
001680 	194 	66 	130 	130 
001681 	194 	66 	130 	130 
001682 	194 	66 	130 	130 
001683 	194 	66 	130 	130 
001684 	194 	66 	130 	130 
001685 	194 	66 	130 	130 
001686 	194 	66 	130 	130 
001687 	194 	66 	130 	130 
001688 	194 	66 	130 	130 
001689 	194 	66 	130 	130 
001690 	194 	66 	130 	130 
001691 	194 	66 	130 	130 
001692 	194 	66 	130 	130 
001693 	194 	66 	130 	130 
001694 	194 	51 	130 	130 
001695 	194 	66 	130 	130 
001696 	194 	51 	130 	130 
001697 	194 	51 	130 	130 
001698 	181 	44 	156 	156 
001699 	180 	51 	130 	130 
001700 	180 	51 	130 	130 
001701 	180 	51 	130 	130 
001702 	164 	44 	156 	156 
001703 	164 	44 	156 	156 
001704 	165 	51 	130 	130 
001705 	165 	51 	130 	130 
001706 	165 	51 	130 	130 
001707 	165 	51 	130 	130 
001708 	165 	51 	130 	130 
001709 	147 	27 	156 	156 
