Identity  : 	id10750
Reference : 	GkALww0NKTc
Offset    : 	-1
FV Conf   : 	14.826
ASD Conf  : 	6.259

FRAME 	X 	Y 	W 	H 
003868 	216 	79 	156 	156 
003869 	197 	74 	187 	187 
003870 	197 	74 	187 	187 
003871 	197 	74 	187 	187 
003872 	197 	74 	187 	187 
003873 	197 	74 	187 	187 
003874 	197 	74 	187 	187 
003875 	197 	74 	187 	187 
003876 	197 	74 	187 	187 
003877 	216 	79 	156 	156 
003878 	216 	79 	156 	156 
003879 	216 	79 	156 	156 
003880 	216 	79 	156 	156 
003881 	216 	79 	156 	156 
003882 	216 	79 	156 	156 
003883 	218 	74 	187 	187 
003884 	218 	74 	187 	187 
003885 	218 	74 	187 	187 
003886 	218 	74 	187 	187 
003887 	218 	74 	187 	187 
003888 	218 	74 	187 	187 
003889 	218 	74 	187 	187 
003890 	233 	96 	156 	156 
003891 	218 	74 	187 	187 
003892 	233 	96 	156 	156 
003893 	233 	96 	156 	156 
003894 	250 	96 	156 	156 
003895 	250 	79 	156 	156 
003896 	250 	79 	156 	156 
003897 	233 	79 	156 	156 
003898 	216 	79 	156 	156 
003899 	216 	79 	156 	156 
003900 	216 	79 	156 	156 
003901 	233 	79 	156 	156 
003902 	233 	79 	156 	156 
003903 	250 	79 	156 	156 
003904 	250 	79 	156 	156 
003905 	218 	74 	187 	187 
003906 	218 	74 	187 	187 
003907 	218 	74 	187 	187 
003908 	250 	79 	156 	156 
003909 	239 	53 	186 	187 
003910 	239 	53 	186 	187 
003911 	239 	53 	186 	187 
003912 	250 	79 	156 	156 
003913 	250 	79 	156 	156 
003914 	250 	79 	156 	156 
003915 	239 	53 	186 	187 
003916 	239 	53 	186 	187 
003917 	239 	53 	186 	187 
003918 	239 	53 	186 	187 
003919 	239 	53 	186 	187 
003920 	250 	79 	156 	156 
003921 	218 	74 	187 	187 
003922 	197 	74 	187 	187 
003923 	197 	74 	187 	187 
003924 	177 	74 	187 	187 
003925 	197 	74 	187 	187 
003926 	197 	74 	187 	187 
003927 	218 	74 	187 	187 
003928 	218 	74 	187 	187 
003929 	218 	74 	187 	187 
003930 	218 	74 	187 	187 
003931 	197 	74 	187 	187 
003932 	197 	74 	187 	187 
003933 	197 	74 	187 	187 
003934 	197 	74 	187 	187 
003935 	197 	74 	187 	187 
003936 	218 	74 	187 	187 
003937 	218 	74 	187 	187 
003938 	218 	74 	187 	187 
003939 	233 	79 	156 	156 
003940 	233 	79 	156 	156 
003941 	197 	53 	187 	187 
003942 	197 	53 	187 	187 
003943 	197 	53 	187 	187 
003944 	177 	53 	187 	187 
003945 	197 	53 	187 	187 
003946 	233 	79 	156 	156 
003947 	250 	79 	156 	156 
003948 	239 	74 	186 	187 
003949 	267 	79 	156 	156 
003950 	267 	79 	156 	156 
003951 	267 	79 	156 	156 
003952 	267 	79 	156 	156 
003953 	267 	79 	156 	156 
003954 	259 	53 	187 	187 
003955 	259 	53 	187 	187 
003956 	259 	53 	187 	187 
003957 	267 	79 	156 	156 
003958 	239 	74 	186 	187 
003959 	239 	74 	186 	187 
003960 	267 	79 	156 	156 
003961 	259 	53 	187 	187 
003962 	259 	53 	187 	187 
003963 	259 	53 	187 	187 
003964 	239 	74 	186 	187 
003965 	218 	74 	187 	187 
003966 	218 	74 	187 	187 
003967 	197 	74 	187 	187 
003968 	197 	74 	187 	187 
003969 	218 	74 	187 	187 
003970 	239 	74 	186 	187 
003971 	239 	74 	186 	187 
003972 	218 	74 	187 	187 
003973 	218 	74 	187 	187 
003974 	197 	74 	187 	187 
003975 	218 	74 	187 	187 
003976 	218 	74 	187 	187 
003977 	239 	53 	186 	187 
003978 	239 	53 	186 	187 
003979 	239 	53 	186 	187 
003980 	239 	53 	186 	187 
003981 	218 	53 	187 	187 
003982 	197 	74 	187 	187 
003983 	197 	74 	187 	187 
003984 	156 	74 	187 	187 
003985 	156 	74 	187 	187 
003986 	156 	74 	187 	187 
003987 	157 	74 	187 	187 
003988 	158 	73 	187 	187 
003989 	158 	73 	187 	187 
003990 	159 	72 	187 	187 
003991 	160 	72 	187 	187 
003992 	161 	72 	187 	187 
