Identity  : 	id10820
Reference : 	T0t56Vpf2dY
Offset    : 	-2
FV Conf   : 	18.607
ASD Conf  : 	9.903

FRAME 	X 	Y 	W 	H 
000741 	221 	66 	109 	109 
000742 	221 	66 	109 	109 
000743 	221 	66 	109 	109 
000744 	221 	66 	109 	109 
000745 	221 	66 	109 	109 
000746 	221 	66 	109 	109 
000747 	221 	66 	109 	109 
000748 	221 	66 	109 	109 
000749 	221 	66 	109 	109 
000750 	221 	66 	109 	109 
000751 	221 	66 	109 	109 
000752 	234 	75 	90 	91 
000753 	234 	75 	90 	91 
000754 	234 	75 	90 	91 
000755 	244 	75 	90 	91 
000756 	244 	75 	90 	91 
000757 	245 	66 	109 	109 
000758 	245 	66 	109 	109 
000759 	245 	66 	109 	109 
000760 	244 	75 	90 	91 
000761 	244 	75 	90 	91 
000762 	244 	75 	90 	91 
000763 	244 	75 	90 	91 
000764 	244 	75 	90 	91 
000765 	244 	75 	90 	91 
000766 	244 	75 	90 	91 
000767 	233 	66 	109 	109 
000768 	244 	75 	90 	91 
000769 	244 	75 	90 	91 
000770 	244 	75 	90 	91 
000771 	244 	75 	90 	91 
000772 	244 	75 	90 	91 
000773 	244 	75 	90 	91 
000774 	244 	75 	90 	91 
000775 	233 	66 	109 	109 
000776 	233 	66 	109 	109 
000777 	233 	66 	109 	109 
000778 	233 	66 	109 	109 
000779 	221 	66 	109 	109 
000780 	221 	66 	109 	109 
000781 	221 	66 	109 	109 
000782 	221 	66 	109 	109 
000783 	221 	66 	109 	109 
000784 	221 	66 	109 	109 
000785 	221 	66 	109 	109 
000786 	221 	66 	109 	109 
000787 	221 	66 	109 	109 
000788 	224 	65 	91 	91 
000789 	224 	65 	91 	91 
000790 	224 	65 	91 	91 
000791 	224 	65 	91 	91 
000792 	221 	66 	109 	109 
000793 	221 	66 	109 	109 
000794 	221 	66 	109 	109 
000795 	224 	65 	91 	91 
000796 	224 	65 	91 	91 
000797 	224 	65 	91 	91 
000798 	224 	65 	91 	91 
000799 	224 	65 	91 	91 
000800 	224 	65 	91 	91 
000801 	224 	65 	91 	91 
000802 	224 	65 	91 	91 
000803 	224 	65 	91 	91 
000804 	224 	75 	91 	91 
000805 	221 	66 	109 	109 
000806 	224 	75 	91 	91 
000807 	221 	66 	109 	109 
000808 	221 	66 	109 	109 
000809 	221 	66 	109 	109 
000810 	221 	66 	109 	109 
000811 	221 	66 	109 	109 
000812 	221 	66 	109 	109 
000813 	221 	66 	109 	109 
000814 	221 	66 	109 	109 
000815 	221 	66 	109 	109 
000816 	221 	66 	109 	109 
000817 	221 	66 	109 	109 
000818 	233 	66 	109 	109 
000819 	233 	66 	109 	109 
000820 	233 	66 	109 	109 
000821 	233 	66 	109 	109 
000822 	233 	66 	109 	109 
000823 	233 	66 	109 	109 
000824 	233 	66 	109 	109 
000825 	233 	66 	109 	109 
000826 	233 	66 	109 	109 
000827 	233 	66 	109 	109 
000828 	233 	66 	109 	109 
000829 	233 	66 	109 	109 
000830 	233 	66 	109 	109 
000831 	233 	66 	109 	109 
000832 	233 	66 	109 	109 
000833 	233 	66 	109 	109 
000834 	233 	66 	109 	109 
000835 	234 	75 	90 	91 
000836 	234 	75 	90 	91 
000837 	233 	54 	109 	109 
000838 	233 	54 	109 	109 
000839 	245 	54 	109 	109 
000840 	245 	54 	109 	109 
000841 	245 	54 	109 	109 
000842 	245 	54 	109 	109 
000843 	245 	54 	109 	109 
000844 	245 	54 	109 	109 
000845 	245 	54 	109 	109 
000846 	245 	54 	109 	109 
000847 	245 	54 	109 	109 
000848 	264 	65 	90 	91 
000849 	264 	65 	90 	91 
000850 	257 	54 	109 	109 
000851 	257 	54 	109 	109 
000852 	264 	75 	90 	91 
000853 	264 	75 	90 	91 
000854 	257 	66 	109 	109 
000855 	264 	75 	90 	91 
000856 	257 	54 	109 	109 
000857 	257 	54 	109 	109 
000858 	264 	75 	90 	91 
000859 	264 	75 	90 	91 
000860 	245 	54 	109 	109 
000861 	245 	54 	109 	109 
000862 	245 	66 	109 	109 
000863 	233 	66 	109 	109 
000864 	233 	66 	109 	109 
000865 	245 	54 	109 	109 
000866 	245 	54 	109 	109 
000867 	245 	54 	109 	109 
000868 	245 	54 	109 	109 
000869 	245 	54 	109 	109 
000870 	245 	54 	109 	109 
000871 	264 	75 	90 	91 
000872 	264 	75 	90 	91 
000873 	264 	75 	90 	91 
000874 	264 	75 	90 	91 
000875 	264 	75 	90 	91 
000876 	264 	75 	90 	91 
000877 	264 	65 	90 	91 
000878 	257 	66 	109 	109 
