Identity  : 	id10553
Reference : 	U5tuzm1A7BY
Offset    : 	0
FV Conf   : 	16.950
ASD Conf  : 	7.668

FRAME 	X 	Y 	W 	H 
005429 	400 	66 	109 	109 
005430 	400 	66 	109 	109 
005431 	400 	66 	109 	109 
005432 	400 	66 	109 	109 
005433 	400 	66 	109 	109 
005434 	403 	75 	91 	91 
005435 	403 	75 	91 	91 
005436 	403 	75 	91 	91 
005437 	403 	75 	91 	91 
005438 	403 	75 	91 	91 
005439 	388 	66 	109 	109 
005440 	388 	66 	109 	109 
005441 	388 	66 	109 	109 
005442 	388 	66 	109 	109 
005443 	388 	66 	109 	109 
005444 	403 	75 	91 	91 
005445 	403 	75 	91 	91 
005446 	403 	75 	91 	91 
005447 	403 	75 	91 	91 
005448 	403 	75 	91 	91 
005449 	403 	75 	91 	91 
005450 	403 	75 	91 	91 
005451 	403 	75 	91 	91 
005452 	403 	75 	91 	91 
005453 	403 	75 	91 	91 
005454 	400 	66 	109 	109 
005455 	400 	66 	109 	109 
005456 	403 	75 	91 	91 
005457 	403 	75 	91 	91 
005458 	403 	75 	91 	91 
005459 	403 	75 	91 	91 
005460 	403 	75 	91 	91 
005461 	403 	75 	91 	91 
005462 	403 	75 	91 	91 
005463 	403 	75 	91 	91 
005464 	403 	75 	91 	91 
005465 	403 	75 	91 	91 
005466 	403 	75 	91 	91 
005467 	403 	75 	91 	91 
005468 	403 	75 	91 	91 
005469 	403 	75 	91 	91 
005470 	403 	75 	91 	91 
005471 	403 	75 	91 	91 
005472 	403 	75 	91 	91 
005473 	403 	75 	91 	91 
005474 	403 	75 	91 	91 
005475 	403 	75 	91 	91 
005476 	403 	75 	91 	91 
005477 	403 	75 	91 	91 
005478 	403 	75 	91 	91 
005479 	403 	75 	91 	91 
005480 	403 	75 	91 	91 
005481 	403 	75 	91 	91 
005482 	403 	75 	91 	91 
005483 	403 	75 	91 	91 
005484 	403 	75 	91 	91 
005485 	403 	75 	91 	91 
005486 	403 	75 	91 	91 
005487 	403 	75 	91 	91 
005488 	403 	75 	91 	91 
005489 	403 	75 	91 	91 
005490 	403 	75 	91 	91 
005491 	403 	85 	91 	91 
005492 	403 	85 	91 	91 
005493 	403 	85 	91 	91 
005494 	403 	85 	91 	91 
005495 	403 	85 	91 	91 
005496 	403 	85 	91 	91 
005497 	403 	85 	91 	91 
005498 	403 	75 	91 	91 
005499 	403 	75 	91 	91 
005500 	403 	75 	91 	91 
005501 	403 	75 	91 	91 
005502 	403 	75 	91 	91 
005503 	403 	75 	91 	91 
005504 	403 	75 	91 	91 
005505 	403 	75 	91 	91 
005506 	403 	75 	91 	91 
005507 	403 	75 	91 	91 
005508 	403 	75 	91 	91 
005509 	403 	75 	91 	91 
005510 	403 	75 	91 	91 
005511 	403 	75 	91 	91 
005512 	403 	75 	91 	91 
005513 	388 	66 	109 	109 
005514 	388 	66 	109 	109 
005515 	403 	65 	91 	91 
005516 	403 	65 	91 	91 
005517 	393 	65 	91 	91 
005518 	393 	65 	91 	91 
005519 	393 	65 	91 	91 
005520 	388 	66 	109 	109 
005521 	388 	66 	109 	109 
005522 	388 	66 	109 	109 
005523 	403 	65 	91 	91 
005524 	403 	65 	91 	91 
005525 	403 	65 	91 	91 
005526 	403 	65 	91 	91 
005527 	403 	65 	91 	91 
005528 	403 	65 	91 	91 
005529 	403 	65 	91 	91 
005530 	403 	65 	91 	91 
005531 	388 	66 	109 	109 
005532 	388 	66 	109 	109 
005533 	388 	66 	109 	109 
005534 	388 	66 	109 	109 
005535 	388 	66 	109 	109 
005536 	388 	66 	109 	109 
005537 	388 	66 	109 	109 
005538 	403 	65 	91 	91 
005539 	388 	54 	109 	109 
005540 	403 	65 	91 	91 
005541 	403 	65 	91 	91 
005542 	403 	65 	91 	91 
005543 	403 	65 	91 	91 
005544 	403 	65 	91 	91 
005545 	388 	54 	109 	109 
005546 	388 	54 	109 	109 
005547 	388 	54 	109 	109 
005548 	393 	65 	91 	91 
005549 	393 	65 	91 	91 
005550 	393 	65 	91 	91 
005551 	393 	65 	91 	91 
005552 	393 	55 	91 	91 
