Identity  : 	id10553
Reference : 	U5tuzm1A7BY
Offset    : 	0
FV Conf   : 	16.950
ASD Conf  : 	5.422

FRAME 	X 	Y 	W 	H 
004911 	388 	54 	109 	109 
004912 	388 	54 	109 	109 
004913 	388 	54 	109 	109 
004914 	388 	54 	109 	109 
004915 	388 	54 	109 	109 
004916 	388 	54 	109 	109 
004917 	388 	54 	109 	109 
004918 	388 	54 	109 	109 
004919 	388 	54 	109 	109 
004920 	388 	54 	109 	109 
004921 	388 	54 	109 	109 
004922 	388 	54 	109 	109 
004923 	388 	54 	109 	109 
004924 	388 	54 	109 	109 
004925 	388 	54 	109 	109 
004926 	388 	54 	109 	109 
004927 	388 	54 	109 	109 
004928 	388 	54 	109 	109 
004929 	388 	54 	109 	109 
004930 	388 	54 	109 	109 
004931 	388 	54 	109 	109 
004932 	388 	54 	109 	109 
004933 	388 	54 	109 	109 
004934 	388 	54 	109 	109 
004935 	388 	54 	109 	109 
004936 	388 	54 	109 	109 
004937 	388 	54 	109 	109 
004938 	388 	54 	109 	109 
004939 	388 	54 	109 	109 
004940 	388 	54 	109 	109 
004941 	388 	54 	109 	109 
004942 	388 	54 	109 	109 
004943 	388 	54 	109 	109 
004944 	388 	54 	109 	109 
004945 	388 	54 	109 	109 
004946 	388 	54 	109 	109 
004947 	388 	54 	109 	109 
004948 	388 	54 	109 	109 
004949 	388 	54 	109 	109 
004950 	388 	54 	109 	109 
004951 	388 	54 	109 	109 
004952 	388 	54 	109 	109 
004953 	388 	54 	109 	109 
004954 	388 	54 	109 	109 
004955 	388 	54 	109 	109 
004956 	388 	54 	109 	109 
004957 	388 	54 	109 	109 
004958 	388 	54 	109 	109 
004959 	388 	54 	109 	109 
004960 	388 	54 	109 	109 
004961 	388 	54 	109 	109 
004962 	388 	54 	109 	109 
004963 	393 	65 	91 	91 
004964 	393 	65 	91 	91 
004965 	388 	66 	109 	109 
004966 	388 	66 	109 	109 
004967 	388 	66 	109 	109 
004968 	388 	66 	109 	109 
004969 	388 	66 	109 	109 
004970 	388 	66 	109 	109 
004971 	393 	65 	91 	91 
004972 	393 	65 	91 	91 
004973 	393 	65 	91 	91 
004974 	393 	65 	91 	91 
004975 	393 	65 	91 	91 
004976 	393 	65 	91 	91 
004977 	393 	65 	91 	91 
004978 	393 	65 	91 	91 
004979 	393 	65 	91 	91 
004980 	393 	65 	91 	91 
004981 	393 	65 	91 	91 
004982 	393 	65 	91 	91 
004983 	393 	65 	91 	91 
004984 	388 	54 	109 	109 
004985 	388 	54 	109 	109 
004986 	388 	54 	109 	109 
004987 	393 	65 	91 	91 
004988 	393 	65 	91 	91 
004989 	393 	65 	91 	91 
004990 	388 	54 	109 	109 
004991 	388 	54 	109 	109 
004992 	388 	54 	109 	109 
004993 	388 	54 	109 	109 
004994 	393 	65 	91 	91 
004995 	393 	65 	91 	91 
004996 	388 	54 	109 	109 
004997 	388 	54 	109 	109 
004998 	388 	54 	109 	109 
004999 	388 	54 	109 	109 
005000 	388 	54 	109 	109 
005001 	388 	54 	109 	109 
005002 	388 	54 	109 	109 
005003 	388 	54 	109 	109 
005004 	388 	54 	109 	109 
005005 	388 	54 	109 	109 
005006 	388 	54 	109 	109 
005007 	388 	54 	109 	109 
005008 	388 	54 	109 	109 
005009 	388 	54 	109 	109 
005010 	388 	54 	109 	109 
005011 	388 	54 	109 	109 
005012 	388 	54 	109 	109 
005013 	388 	54 	109 	109 
005014 	388 	54 	109 	109 
005015 	388 	54 	109 	109 
005016 	388 	54 	109 	109 
005017 	388 	54 	109 	109 
005018 	388 	54 	109 	109 
005019 	388 	54 	109 	109 
005020 	388 	54 	109 	109 
005021 	388 	54 	109 	109 
005022 	388 	54 	109 	109 
005023 	403 	65 	91 	91 
005024 	393 	65 	91 	91 
005025 	393 	65 	91 	91 
005026 	393 	65 	91 	91 
005027 	393 	65 	91 	91 
005028 	393 	65 	91 	91 
005029 	393 	65 	91 	91 
005030 	393 	65 	91 	91 
005031 	393 	65 	91 	91 
005032 	403 	65 	91 	91 
005033 	403 	65 	91 	91 
005034 	403 	65 	91 	91 
005035 	403 	65 	91 	91 
005036 	403 	65 	91 	91 
005037 	393 	65 	91 	91 
005038 	393 	65 	91 	91 
005039 	393 	65 	91 	91 
005040 	393 	65 	91 	91 
005041 	393 	65 	91 	91 
005042 	403 	65 	91 	91 
005043 	403 	65 	91 	91 
005044 	403 	65 	91 	91 
005045 	403 	65 	91 	91 
005046 	393 	65 	91 	91 
005047 	393 	65 	91 	91 
005048 	376 	54 	109 	109 
005049 	376 	54 	109 	109 
005050 	376 	54 	109 	109 
005051 	376 	54 	109 	109 
005052 	393 	65 	91 	91 
005053 	388 	54 	109 	109 
005054 	403 	65 	91 	91 
005055 	403 	65 	91 	91 
005056 	403 	65 	91 	91 
005057 	403 	65 	91 	91 
005058 	403 	65 	91 	91 
005059 	403 	65 	91 	91 
005060 	388 	66 	109 	109 
005061 	388 	66 	109 	109 
005062 	388 	66 	109 	109 
005063 	388 	66 	109 	109 
005064 	403 	75 	91 	91 
005065 	403 	75 	91 	91 
005066 	400 	66 	109 	109 
005067 	400 	66 	109 	109 
005068 	403 	65 	91 	91 
005069 	403 	75 	91 	91 
005070 	388 	66 	109 	109 
005071 	388 	66 	109 	109 
005072 	393 	75 	91 	91 
005073 	388 	66 	109 	109 
005074 	388 	66 	109 	109 
005075 	403 	75 	91 	91 
005076 	403 	75 	91 	91 
005077 	403 	75 	91 	91 
005078 	403 	75 	91 	91 
