Identity  : 	id11117
Reference : 	9nBBgD0q6rA
Offset    : 	-1
FV Conf   : 	12.240
ASD Conf  : 	5.655

FRAME 	X 	Y 	W 	H 
006964 	269 	54 	108 	109 
006965 	269 	54 	108 	109 
006966 	269 	54 	108 	109 
006967 	269 	54 	108 	109 
006968 	269 	54 	108 	109 
006969 	269 	54 	108 	109 
006970 	269 	54 	108 	109 
006971 	269 	54 	108 	109 
006972 	269 	54 	108 	109 
006973 	251 	51 	130 	130 
006974 	251 	51 	130 	130 
006975 	251 	51 	130 	130 
006976 	257 	54 	109 	109 
006977 	257 	54 	109 	109 
006978 	257 	54 	109 	109 
006979 	257 	54 	109 	109 
006980 	257 	54 	109 	109 
006981 	257 	54 	109 	109 
006982 	257 	54 	109 	109 
006983 	257 	66 	109 	109 
006984 	257 	66 	109 	109 
006985 	257 	66 	109 	109 
006986 	257 	54 	109 	109 
006987 	251 	37 	130 	130 
006988 	251 	37 	130 	130 
006989 	251 	37 	130 	130 
006990 	269 	54 	108 	109 
006991 	269 	54 	108 	109 
006992 	266 	37 	130 	130 
006993 	266 	37 	130 	130 
006994 	266 	37 	130 	130 
006995 	266 	37 	130 	130 
006996 	266 	37 	130 	130 
006997 	269 	54 	108 	109 
006998 	269 	54 	108 	109 
006999 	269 	54 	108 	109 
007000 	269 	54 	108 	109 
007001 	269 	54 	108 	109 
007002 	269 	54 	108 	109 
007003 	269 	54 	108 	109 
007004 	269 	54 	108 	109 
007005 	269 	54 	108 	109 
007006 	269 	54 	108 	109 
007007 	269 	54 	108 	109 
007008 	269 	54 	108 	109 
007009 	269 	54 	108 	109 
007010 	269 	54 	108 	109 
007011 	269 	54 	108 	109 
007012 	269 	54 	108 	109 
007013 	266 	51 	130 	130 
007014 	266 	51 	130 	130 
007015 	266 	51 	130 	130 
007016 	266 	51 	130 	130 
007017 	281 	54 	108 	109 
007018 	281 	54 	108 	109 
007019 	266 	51 	130 	130 
007020 	266 	51 	130 	130 
007021 	281 	54 	108 	109 
007022 	280 	51 	130 	130 
007023 	280 	51 	130 	130 
007024 	280 	51 	130 	130 
007025 	280 	51 	130 	130 
007026 	280 	51 	130 	130 
007027 	281 	54 	108 	109 
007028 	281 	54 	108 	109 
007029 	266 	51 	130 	130 
007030 	266 	51 	130 	130 
007031 	266 	51 	130 	130 
007032 	266 	51 	130 	130 
007033 	269 	54 	108 	109 
007034 	269 	54 	108 	109 
007035 	269 	54 	108 	109 
007036 	266 	37 	130 	130 
007037 	266 	37 	130 	130 
007038 	266 	37 	130 	130 
007039 	266 	37 	130 	130 
007040 	269 	54 	108 	109 
007041 	269 	54 	108 	109 
007042 	269 	54 	108 	109 
007043 	269 	54 	108 	109 
007044 	269 	54 	108 	109 
007045 	269 	54 	108 	109 
007046 	269 	54 	108 	109 
007047 	269 	54 	108 	109 
007048 	269 	54 	108 	109 
007049 	269 	66 	108 	109 
007050 	269 	54 	108 	109 
007051 	266 	51 	130 	130 
007052 	266 	51 	130 	130 
007053 	281 	54 	108 	109 
007054 	280 	51 	130 	130 
007055 	280 	51 	130 	130 
007056 	280 	51 	130 	130 
007057 	280 	51 	130 	130 
007058 	293 	54 	108 	109 
007059 	280 	51 	130 	130 
007060 	280 	51 	130 	130 
007061 	280 	51 	130 	130 
007062 	280 	51 	130 	130 
007063 	280 	51 	130 	130 
007064 	280 	51 	130 	130 
