Identity  : 	id11057
Reference : 	8k97dDh42X0
Offset    : 	0
FV Conf   : 	12.896
ASD Conf  : 	6.200

FRAME 	X 	Y 	W 	H 
004522 	209 	78 	109 	109 
004523 	197 	78 	109 	109 
004524 	185 	78 	109 	109 
004525 	194 	95 	91 	91 
004526 	173 	78 	109 	109 
004527 	173 	78 	109 	109 
004528 	173 	78 	109 	109 
004529 	194 	95 	91 	91 
004530 	194 	95 	91 	91 
004531 	204 	95 	91 	91 
004532 	204 	95 	91 	91 
004533 	214 	95 	91 	91 
004534 	214 	95 	91 	91 
004535 	224 	95 	91 	91 
004536 	224 	95 	91 	91 
004537 	221 	90 	109 	109 
004538 	234 	95 	90 	91 
004539 	234 	95 	90 	91 
004540 	233 	90 	109 	109 
004541 	233 	90 	109 	109 
004542 	244 	95 	90 	91 
004543 	244 	95 	90 	91 
004544 	244 	95 	90 	91 
004545 	233 	90 	109 	109 
004546 	233 	90 	109 	109 
004547 	233 	90 	109 	109 
004548 	233 	90 	109 	109 
004549 	233 	90 	109 	109 
004550 	233 	90 	109 	109 
004551 	233 	90 	109 	109 
004552 	233 	90 	109 	109 
004553 	233 	90 	109 	109 
004554 	234 	95 	90 	91 
004555 	233 	90 	109 	109 
004556 	233 	90 	109 	109 
004557 	233 	90 	109 	109 
004558 	233 	78 	109 	109 
004559 	233 	78 	109 	109 
004560 	233 	78 	109 	109 
004561 	233 	78 	109 	109 
004562 	233 	78 	109 	109 
004563 	233 	90 	109 	109 
004564 	233 	90 	109 	109 
004565 	244 	105 	90 	91 
004566 	244 	105 	90 	91 
004567 	244 	105 	90 	91 
004568 	244 	105 	90 	91 
004569 	233 	90 	109 	109 
004570 	233 	90 	109 	109 
004571 	233 	90 	109 	109 
004572 	245 	90 	109 	109 
004573 	245 	90 	109 	109 
004574 	254 	95 	90 	91 
004575 	245 	90 	109 	109 
004576 	245 	90 	109 	109 
004577 	245 	78 	109 	109 
004578 	245 	78 	109 	109 
004579 	245 	78 	109 	109 
004580 	245 	78 	109 	109 
004581 	245 	78 	109 	109 
004582 	254 	95 	90 	91 
004583 	245 	78 	109 	109 
004584 	245 	78 	109 	109 
004585 	245 	78 	109 	109 
004586 	245 	78 	109 	109 
004587 	245 	78 	109 	109 
004588 	245 	78 	109 	109 
004589 	245 	78 	109 	109 
004590 	245 	78 	109 	109 
004591 	245 	78 	109 	109 
004592 	245 	78 	109 	109 
004593 	245 	78 	109 	109 
004594 	245 	78 	109 	109 
004595 	245 	78 	109 	109 
004596 	245 	66 	109 	109 
004597 	245 	66 	109 	109 
004598 	245 	66 	109 	109 
004599 	245 	66 	109 	109 
004600 	245 	66 	109 	109 
004601 	245 	66 	109 	109 
004602 	245 	66 	109 	109 
004603 	245 	66 	109 	109 
004604 	245 	66 	109 	109 
004605 	245 	66 	109 	109 
004606 	245 	66 	109 	109 
004607 	245 	66 	109 	109 
004608 	245 	66 	109 	109 
004609 	245 	66 	109 	109 
004610 	245 	66 	109 	109 
004611 	245 	66 	109 	109 
004612 	245 	66 	109 	109 
004613 	245 	66 	109 	109 
004614 	245 	66 	109 	109 
004615 	245 	66 	109 	109 
004616 	245 	66 	109 	109 
004617 	254 	85 	90 	91 
004618 	245 	66 	109 	109 
004619 	245 	78 	109 	109 
004620 	245 	78 	109 	109 
004621 	254 	95 	90 	91 
004622 	245 	78 	109 	109 
004623 	245 	78 	109 	109 
004624 	245 	78 	109 	109 
004625 	245 	78 	109 	109 
004626 	245 	78 	109 	109 
004627 	233 	78 	109 	109 
004628 	233 	78 	109 	109 
004629 	244 	85 	90 	91 
004630 	244 	85 	90 	91 
004631 	244 	85 	90 	91 
004632 	244 	85 	90 	91 
004633 	244 	85 	90 	91 
004634 	244 	85 	90 	91 
004635 	245 	66 	109 	109 
004636 	254 	85 	90 	91 
004637 	254 	85 	90 	91 
004638 	245 	66 	109 	109 
004639 	245 	66 	109 	109 
004640 	254 	85 	90 	91 
004641 	254 	85 	90 	91 
004642 	245 	66 	109 	109 
004643 	245 	66 	109 	109 
004644 	254 	85 	90 	91 
004645 	254 	85 	90 	91 
004646 	245 	66 	109 	109 
004647 	245 	66 	109 	109 
004648 	245 	66 	109 	109 
004649 	245 	66 	109 	109 
004650 	254 	85 	90 	91 
004651 	245 	66 	109 	109 
004652 	233 	66 	109 	109 
004653 	233 	66 	109 	109 
004654 	245 	66 	109 	109 
004655 	245 	66 	109 	109 
004656 	245 	66 	109 	109 
004657 	245 	66 	109 	109 
004658 	245 	66 	109 	109 
004659 	245 	66 	109 	109 
004660 	245 	66 	109 	109 
004661 	245 	66 	109 	109 
004662 	245 	66 	109 	109 
004663 	245 	66 	109 	109 
004664 	245 	66 	109 	109 
004665 	245 	66 	109 	109 
004666 	245 	66 	109 	109 
004667 	245 	66 	109 	109 
004668 	245 	66 	109 	109 
004669 	245 	66 	109 	109 
004670 	245 	66 	109 	109 
004671 	245 	66 	109 	109 
004672 	245 	66 	109 	109 
004673 	245 	66 	109 	109 
004674 	233 	66 	109 	109 
004675 	233 	66 	109 	109 
004676 	233 	66 	109 	109 
004677 	233 	66 	109 	109 
004678 	233 	66 	109 	109 
004679 	233 	66 	109 	109 
004680 	233 	66 	109 	109 
004681 	233 	66 	109 	109 
004682 	233 	66 	109 	109 
004683 	233 	66 	109 	109 
004684 	233 	66 	109 	109 
004685 	233 	66 	109 	109 
004686 	233 	66 	109 	109 
004687 	233 	66 	109 	109 
004688 	233 	66 	109 	109 
004689 	233 	66 	109 	109 
004690 	233 	66 	109 	109 
004691 	233 	66 	109 	109 
004692 	233 	66 	109 	109 
004693 	233 	66 	109 	109 
004694 	233 	66 	109 	109 
004695 	233 	66 	109 	109 
004696 	233 	66 	109 	109 
004697 	233 	66 	109 	109 
004698 	233 	66 	109 	109 
004699 	233 	66 	109 	109 
004700 	233 	66 	109 	109 
004701 	233 	66 	109 	109 
004702 	245 	66 	109 	109 
004703 	245 	66 	109 	109 
004704 	233 	66 	109 	109 
004705 	233 	66 	109 	109 
004706 	233 	66 	109 	109 
004707 	233 	66 	109 	109 
004708 	245 	78 	109 	109 
004709 	245 	90 	109 	109 
004710 	254 	105 	90 	91 
004711 	254 	105 	90 	91 
004712 	245 	78 	109 	109 
004713 	245 	78 	109 	109 
004714 	245 	78 	109 	109 
004715 	245 	78 	109 	109 
004716 	245 	66 	109 	109 
004717 	245 	66 	109 	109 
004718 	257 	66 	109 	109 
004719 	257 	66 	109 	109 
004720 	257 	54 	109 	109 
004721 	257 	54 	109 	109 
004722 	257 	54 	109 	109 
004723 	257 	54 	109 	109 
004724 	269 	54 	108 	109 
004725 	269 	54 	108 	109 
004726 	269 	54 	108 	109 
004727 	269 	66 	108 	109 
004728 	269 	66 	108 	109 
004729 	269 	66 	108 	109 
004730 	269 	66 	108 	109 
004731 	269 	66 	108 	109 
004732 	269 	66 	108 	109 
004733 	269 	66 	108 	109 
004734 	269 	66 	108 	109 
004735 	269 	66 	108 	109 
004736 	269 	66 	108 	109 
004737 	269 	66 	108 	109 
004738 	257 	66 	109 	109 
004739 	257 	66 	109 	109 
004740 	257 	66 	109 	109 
004741 	245 	66 	109 	109 
004742 	245 	66 	109 	109 
004743 	244 	85 	90 	91 
004744 	244 	85 	90 	91 
004745 	234 	95 	90 	91 
004746 	234 	95 	90 	91 
004747 	221 	90 	109 	109 
004748 	224 	105 	91 	91 
004749 	221 	102 	109 	109 
004750 	221 	102 	109 	109 
004751 	224 	115 	91 	91 
004752 	224 	115 	91 	91 
004753 	224 	105 	91 	91 
004754 	214 	105 	91 	91 
004755 	214 	105 	91 	91 
004756 	214 	95 	91 	91 
004757 	209 	90 	109 	109 
004758 	209 	90 	109 	109 
004759 	224 	95 	91 	91 
004760 	221 	90 	109 	109 
004761 	221 	78 	109 	109 
004762 	221 	78 	109 	109 
004763 	234 	85 	90 	91 
004764 	234 	85 	90 	91 
004765 	234 	85 	90 	91 
004766 	234 	85 	90 	91 
004767 	233 	78 	109 	109 
004768 	233 	78 	109 	109 
004769 	233 	78 	109 	109 
004770 	233 	66 	109 	109 
004771 	233 	66 	109 	109 
004772 	233 	66 	109 	109 
004773 	233 	54 	109 	109 
004774 	245 	66 	109 	109 
004775 	245 	66 	109 	109 
004776 	245 	54 	109 	109 
004777 	245 	54 	109 	109 
004778 	245 	66 	109 	109 
004779 	245 	66 	109 	109 
004780 	245 	66 	109 	109 
004781 	245 	66 	109 	109 
004782 	245 	66 	109 	109 
004783 	245 	66 	109 	109 
004784 	233 	66 	109 	109 
004785 	233 	66 	109 	109 
004786 	233 	66 	109 	109 
004787 	233 	66 	109 	109 
004788 	233 	66 	109 	109 
004789 	233 	66 	109 	109 
004790 	233 	66 	109 	109 
004791 	245 	66 	109 	109 
004792 	245 	66 	109 	109 
004793 	245 	66 	109 	109 
004794 	245 	66 	109 	109 
004795 	245 	66 	109 	109 
004796 	245 	78 	109 	109 
004797 	245 	78 	109 	109 
004798 	245 	78 	109 	109 
004799 	245 	78 	109 	109 
004800 	245 	78 	109 	109 
004801 	245 	78 	109 	109 
004802 	245 	78 	109 	109 
004803 	245 	78 	109 	109 
004804 	245 	78 	109 	109 
004805 	245 	78 	109 	109 
004806 	245 	78 	109 	109 
