Identity  : 	id11057
Reference : 	8k97dDh42X0
Offset    : 	0
FV Conf   : 	22.158
ASD Conf  : 	5.759

FRAME 	X 	Y 	W 	H 
024089 	281 	78 	108 	109 
024090 	281 	78 	108 	109 
024091 	281 	78 	108 	109 
024092 	281 	78 	108 	109 
024093 	281 	78 	108 	109 
024094 	281 	78 	108 	109 
024095 	281 	78 	108 	109 
024096 	281 	78 	108 	109 
024097 	281 	78 	108 	109 
024098 	281 	78 	108 	109 
024099 	281 	78 	108 	109 
024100 	281 	78 	108 	109 
024101 	281 	78 	108 	109 
024102 	281 	78 	108 	109 
024103 	281 	78 	108 	109 
024104 	281 	78 	108 	109 
024105 	281 	78 	108 	109 
024106 	281 	78 	108 	109 
024107 	281 	78 	108 	109 
024108 	281 	78 	108 	109 
024109 	281 	78 	108 	109 
024110 	281 	78 	108 	109 
024111 	281 	78 	108 	109 
024112 	281 	78 	108 	109 
024113 	281 	78 	108 	109 
024114 	281 	78 	108 	109 
024115 	281 	78 	108 	109 
024116 	281 	78 	108 	109 
024117 	281 	78 	108 	109 
024118 	293 	78 	108 	109 
024119 	293 	78 	108 	109 
024120 	305 	78 	108 	109 
024121 	305 	78 	108 	109 
024122 	305 	78 	108 	109 
024123 	305 	78 	108 	109 
024124 	305 	78 	108 	109 
024125 	305 	90 	108 	109 
024126 	305 	90 	108 	109 
024127 	305 	90 	108 	109 
024128 	305 	90 	108 	109 
024129 	305 	78 	108 	109 
024130 	305 	78 	108 	109 
024131 	305 	90 	108 	109 
024132 	305 	90 	108 	109 
024133 	305 	90 	108 	109 
024134 	305 	78 	108 	109 
024135 	293 	78 	108 	109 
024136 	293 	78 	108 	109 
024137 	293 	78 	108 	109 
024138 	293 	78 	108 	109 
024139 	293 	78 	108 	109 
024140 	293 	78 	108 	109 
024141 	293 	78 	108 	109 
024142 	293 	78 	108 	109 
024143 	293 	78 	108 	109 
024144 	293 	78 	108 	109 
024145 	293 	78 	108 	109 
024146 	293 	78 	108 	109 
024147 	281 	78 	108 	109 
024148 	281 	78 	108 	109 
024149 	281 	78 	108 	109 
024150 	281 	78 	108 	109 
024151 	281 	78 	108 	109 
024152 	281 	78 	108 	109 
024153 	281 	78 	108 	109 
024154 	281 	78 	108 	109 
024155 	281 	78 	108 	109 
024156 	281 	78 	108 	109 
024157 	281 	78 	108 	109 
024158 	281 	78 	108 	109 
024159 	281 	78 	108 	109 
024160 	281 	78 	108 	109 
024161 	281 	78 	108 	109 
024162 	281 	78 	108 	109 
024163 	281 	78 	108 	109 
024164 	281 	78 	108 	109 
024165 	281 	78 	108 	109 
024166 	269 	78 	108 	109 
024167 	269 	78 	108 	109 
024168 	269 	78 	108 	109 
024169 	269 	78 	108 	109 
024170 	281 	78 	108 	109 
024171 	281 	78 	108 	109 
024172 	281 	78 	108 	109 
024173 	281 	90 	108 	109 
024174 	281 	90 	108 	109 
024175 	281 	78 	108 	109 
024176 	284 	95 	90 	91 
024177 	269 	78 	108 	109 
024178 	269 	78 	108 	109 
024179 	269 	78 	108 	109 
024180 	281 	78 	108 	109 
024181 	281 	78 	108 	109 
024182 	293 	90 	108 	109 
024183 	293 	90 	108 	109 
024184 	305 	90 	108 	109 
024185 	293 	90 	108 	109 
024186 	293 	90 	108 	109 
024187 	293 	90 	108 	109 
024188 	293 	90 	108 	109 
024189 	305 	90 	108 	109 
024190 	305 	90 	108 	109 
024191 	305 	90 	108 	109 
024192 	305 	90 	108 	109 
024193 	305 	90 	108 	109 
024194 	305 	90 	108 	109 
024195 	293 	78 	108 	109 
024196 	293 	78 	108 	109 
024197 	293 	78 	108 	109 
024198 	293 	78 	108 	109 
024199 	293 	66 	108 	109 
024200 	293 	66 	108 	109 
024201 	293 	66 	108 	109 
024202 	293 	66 	108 	109 
024203 	293 	66 	108 	109 
024204 	293 	66 	108 	109 
024205 	293 	66 	108 	109 
024206 	281 	66 	108 	109 
024207 	281 	66 	108 	109 
024208 	293 	66 	108 	109 
024209 	293 	66 	108 	109 
024210 	293 	66 	108 	109 
024211 	293 	66 	108 	109 
024212 	293 	66 	108 	109 
024213 	293 	66 	108 	109 
024214 	293 	66 	108 	109 
024215 	293 	66 	108 	109 
024216 	305 	78 	108 	109 
024217 	305 	78 	108 	109 
024218 	305 	78 	108 	109 
024219 	305 	78 	108 	109 
024220 	305 	90 	108 	109 
024221 	305 	90 	108 	109 
024222 	305 	90 	108 	109 
024223 	305 	90 	108 	109 
024224 	293 	78 	108 	109 
024225 	293 	78 	108 	109 
024226 	293 	78 	108 	109 
024227 	293 	78 	108 	109 
024228 	293 	78 	108 	109 
024229 	281 	78 	108 	109 
024230 	281 	78 	108 	109 
