Identity  : 	id10846
Reference : 	JCfuJxen5Fg
Offset    : 	-4
FV Conf   : 	18.976
ASD Conf  : 	9.651

FRAME 	X 	Y 	W 	H 
001004 	305 	78 	108 	109 
001005 	305 	78 	108 	109 
001006 	317 	78 	108 	109 
001007 	317 	78 	108 	109 
001008 	317 	78 	108 	109 
001009 	317 	78 	108 	109 
001010 	317 	78 	108 	109 
001011 	317 	78 	108 	109 
001012 	317 	78 	108 	109 
001013 	317 	78 	108 	109 
001014 	317 	78 	108 	109 
001015 	317 	78 	108 	109 
001016 	317 	78 	108 	109 
001017 	317 	78 	108 	109 
001018 	317 	78 	108 	109 
001019 	305 	78 	108 	109 
001020 	305 	78 	108 	109 
001021 	294 	66 	130 	130 
001022 	305 	78 	108 	109 
001023 	305 	78 	108 	109 
001024 	305 	78 	108 	109 
001025 	305 	78 	108 	109 
001026 	305 	78 	108 	109 
001027 	305 	78 	108 	109 
001028 	305 	78 	108 	109 
001029 	305 	78 	108 	109 
001030 	305 	78 	108 	109 
001031 	294 	66 	130 	130 
001032 	294 	66 	130 	130 
001033 	294 	66 	130 	130 
001034 	294 	66 	130 	130 
001035 	294 	66 	130 	130 
001036 	294 	66 	130 	130 
001037 	294 	66 	130 	130 
001038 	294 	66 	130 	130 
001039 	294 	66 	130 	130 
001040 	294 	66 	130 	130 
001041 	294 	66 	130 	130 
001042 	294 	66 	130 	130 
001043 	294 	66 	130 	130 
001044 	294 	66 	130 	130 
001045 	294 	66 	130 	130 
001046 	294 	66 	130 	130 
001047 	294 	66 	130 	130 
001048 	294 	66 	130 	130 
001049 	294 	66 	130 	130 
001050 	294 	66 	130 	130 
001051 	294 	66 	130 	130 
001052 	294 	66 	130 	130 
001053 	294 	66 	130 	130 
001054 	294 	66 	130 	130 
001055 	294 	66 	130 	130 
001056 	294 	66 	130 	130 
001057 	294 	66 	130 	130 
001058 	294 	66 	130 	130 
001059 	294 	66 	130 	130 
001060 	294 	66 	130 	130 
001061 	294 	66 	130 	130 
001062 	294 	66 	130 	130 
001063 	294 	66 	130 	130 
001064 	294 	66 	130 	130 
001065 	294 	66 	130 	130 
001066 	294 	66 	130 	130 
001067 	294 	66 	130 	130 
001068 	294 	66 	130 	130 
001069 	294 	66 	130 	130 
001070 	294 	66 	130 	130 
001071 	294 	66 	130 	130 
001072 	294 	66 	130 	130 
001073 	294 	66 	130 	130 
001074 	294 	66 	130 	130 
001075 	294 	66 	130 	130 
001076 	294 	66 	130 	130 
001077 	294 	66 	130 	130 
001078 	294 	66 	130 	130 
001079 	294 	66 	130 	130 
001080 	294 	66 	130 	130 
001081 	294 	66 	130 	130 
001082 	294 	66 	130 	130 
001083 	294 	66 	130 	130 
001084 	294 	66 	130 	130 
001085 	294 	66 	130 	130 
001086 	294 	66 	130 	130 
001087 	294 	66 	130 	130 
001088 	294 	66 	130 	130 
001089 	294 	66 	130 	130 
001090 	294 	66 	130 	130 
001091 	294 	66 	130 	130 
001092 	294 	66 	130 	130 
001093 	294 	66 	130 	130 
001094 	294 	66 	130 	130 
001095 	294 	66 	130 	130 
001096 	294 	66 	130 	130 
001097 	294 	66 	130 	130 
001098 	294 	66 	130 	130 
001099 	294 	66 	130 	130 
001100 	294 	66 	130 	130 
001101 	294 	66 	130 	130 
001102 	294 	66 	130 	130 
001103 	294 	66 	130 	130 
001104 	294 	66 	130 	130 
001105 	294 	66 	130 	130 
001106 	294 	66 	130 	130 
001107 	294 	66 	130 	130 
001108 	294 	66 	130 	130 
001109 	294 	66 	130 	130 
001110 	294 	66 	130 	130 
001111 	294 	66 	130 	130 
001112 	317 	90 	108 	109 
001113 	317 	78 	108 	109 
001114 	317 	78 	108 	109 
001115 	317 	78 	108 	109 
001116 	309 	80 	130 	130 
001117 	329 	90 	108 	109 
001118 	323 	80 	130 	130 
001119 	323 	80 	130 	130 
001120 	323 	80 	130 	130 
001121 	323 	80 	130 	130 
001122 	323 	80 	130 	130 
001123 	329 	90 	108 	109 
001124 	329 	90 	108 	109 
001125 	329 	90 	108 	109 
001126 	309 	80 	130 	130 
001127 	309 	80 	130 	130 
001128 	309 	80 	130 	130 
001129 	309 	80 	130 	130 
001130 	309 	80 	130 	130 
001131 	317 	90 	108 	109 
001132 	317 	90 	108 	109 
001133 	317 	90 	108 	109 
001134 	317 	90 	108 	109 
001135 	317 	90 	108 	109 
001136 	317 	90 	108 	109 
001137 	317 	90 	108 	109 
001138 	317 	90 	108 	109 
001139 	317 	102 	108 	109 
001140 	317 	102 	108 	109 
001141 	317 	102 	108 	109 
001142 	317 	102 	108 	109 
001143 	317 	102 	108 	109 
001144 	317 	102 	108 	109 
001145 	317 	102 	108 	109 
001146 	317 	102 	108 	109 
001147 	294 	80 	130 	130 
001148 	305 	90 	108 	109 
001149 	305 	90 	108 	109 
001150 	305 	90 	108 	109 
001151 	305 	90 	108 	109 
001152 	280 	66 	130 	130 
001153 	280 	66 	130 	130 
001154 	280 	66 	130 	130 
001155 	281 	78 	108 	109 
001156 	281 	78 	108 	109 
001157 	266 	66 	130 	130 
001158 	280 	66 	130 	130 
001159 	280 	66 	130 	130 
001160 	280 	66 	130 	130 
001161 	280 	66 	130 	130 
001162 	280 	66 	130 	130 
001163 	280 	66 	130 	130 
001164 	280 	66 	130 	130 
001165 	280 	66 	130 	130 
001166 	280 	66 	130 	130 
001167 	280 	66 	130 	130 
001168 	280 	66 	130 	130 
001169 	280 	80 	130 	130 
001170 	280 	80 	130 	130 
001171 	280 	80 	130 	130 
001172 	293 	90 	108 	109 
001173 	293 	90 	108 	109 
001174 	293 	78 	108 	109 
001175 	293 	78 	108 	109 
001176 	293 	78 	108 	109 
001177 	293 	90 	108 	109 
001178 	293 	90 	108 	109 
001179 	293 	90 	108 	109 
001180 	293 	90 	108 	109 
001181 	293 	90 	108 	109 
001182 	293 	78 	108 	109 
001183 	293 	78 	108 	109 
001184 	293 	78 	108 	109 
001185 	293 	90 	108 	109 
001186 	293 	90 	108 	109 
001187 	293 	78 	108 	109 
001188 	280 	66 	130 	130 
001189 	293 	78 	108 	109 
001190 	280 	66 	130 	130 
001191 	280 	66 	130 	130 
001192 	280 	66 	130 	130 
001193 	280 	66 	130 	130 
001194 	293 	90 	108 	109 
001195 	293 	90 	108 	109 
001196 	280 	66 	130 	130 
001197 	280 	66 	130 	130 
001198 	280 	66 	130 	130 
