Identity  : 	id10510
Reference : 	GmAsFIdLg9A
Offset    : 	-2
FV Conf   : 	16.850
ASD Conf  : 	8.583

FRAME 	X 	Y 	W 	H 
003333 	317 	78 	108 	109 
003334 	317 	78 	108 	109 
003335 	317 	78 	108 	109 
003336 	317 	66 	108 	109 
003337 	317 	66 	108 	109 
003338 	317 	66 	108 	109 
003339 	317 	66 	108 	109 
003340 	317 	66 	108 	109 
003341 	317 	66 	108 	109 
003342 	317 	66 	108 	109 
003343 	317 	66 	108 	109 
003344 	317 	66 	108 	109 
003345 	317 	66 	108 	109 
003346 	317 	66 	108 	109 
003347 	317 	66 	108 	109 
003348 	317 	66 	108 	109 
003349 	317 	66 	108 	109 
003350 	317 	66 	108 	109 
003351 	317 	66 	108 	109 
003352 	329 	66 	108 	109 
003353 	329 	66 	108 	109 
003354 	329 	66 	108 	109 
003355 	329 	66 	108 	109 
003356 	329 	66 	108 	109 
003357 	329 	66 	108 	109 
003358 	317 	66 	108 	109 
003359 	305 	66 	108 	109 
003360 	293 	66 	108 	109 
003361 	293 	66 	108 	109 
003362 	281 	66 	108 	109 
003363 	281 	78 	108 	109 
003364 	284 	85 	90 	91 
003365 	269 	78 	108 	109 
003366 	269 	78 	108 	109 
003367 	269 	78 	108 	109 
003368 	269 	78 	108 	109 
003369 	269 	78 	108 	109 
003370 	269 	78 	108 	109 
003371 	257 	78 	109 	109 
003372 	257 	78 	109 	109 
003373 	257 	78 	109 	109 
003374 	257 	78 	109 	109 
003375 	257 	78 	109 	109 
003376 	257 	90 	109 	109 
003377 	257 	90 	109 	109 
003378 	274 	95 	90 	91 
003379 	269 	90 	108 	109 
003380 	269 	90 	108 	109 
003381 	284 	95 	90 	91 
003382 	281 	90 	108 	109 
003383 	281 	90 	108 	109 
003384 	281 	90 	108 	109 
003385 	281 	90 	108 	109 
003386 	284 	95 	90 	91 
003387 	269 	90 	108 	109 
003388 	269 	90 	108 	109 
003389 	269 	102 	108 	109 
003390 	274 	105 	90 	91 
003391 	274 	105 	90 	91 
003392 	257 	102 	109 	109 
003393 	257 	102 	109 	109 
003394 	257 	102 	109 	109 
003395 	257 	102 	109 	109 
003396 	257 	102 	109 	109 
003397 	257 	102 	109 	109 
003398 	257 	102 	109 	109 
003399 	257 	102 	109 	109 
003400 	257 	102 	109 	109 
003401 	257 	102 	109 	109 
003402 	257 	102 	109 	109 
003403 	257 	102 	109 	109 
003404 	257 	102 	109 	109 
003405 	274 	105 	90 	91 
003406 	269 	90 	108 	109 
003407 	269 	90 	108 	109 
003408 	284 	95 	90 	91 
003409 	266 	80 	130 	130 
003410 	281 	78 	108 	109 
003411 	281 	78 	108 	109 
003412 	294 	85 	90 	91 
003413 	293 	78 	108 	109 
003414 	293 	78 	108 	109 
003415 	293 	78 	108 	109 
003416 	293 	78 	108 	109 
003417 	293 	78 	108 	109 
003418 	293 	78 	108 	109 
003419 	293 	78 	108 	109 
003420 	293 	78 	108 	109 
003421 	293 	78 	108 	109 
003422 	293 	78 	108 	109 
003423 	293 	78 	108 	109 
003424 	293 	78 	108 	109 
003425 	293 	78 	108 	109 
003426 	293 	90 	108 	109 
003427 	293 	90 	108 	109 
003428 	293 	90 	108 	109 
003429 	293 	90 	108 	109 
003430 	281 	90 	108 	109 
003431 	281 	90 	108 	109 
003432 	281 	90 	108 	109 
003433 	281 	90 	108 	109 
003434 	281 	90 	108 	109 
003435 	294 	95 	90 	91 
003436 	294 	95 	90 	91 
003437 	293 	90 	108 	109 
003438 	293 	90 	108 	109 
003439 	293 	90 	108 	109 
003440 	293 	90 	108 	109 
003441 	293 	90 	108 	109 
003442 	293 	90 	108 	109 
003443 	293 	90 	108 	109 
003444 	293 	90 	108 	109 
003445 	293 	90 	108 	109 
003446 	293 	90 	108 	109 
003447 	293 	90 	108 	109 
003448 	293 	90 	108 	109 
003449 	293 	90 	108 	109 
003450 	293 	90 	108 	109 
003451 	293 	90 	108 	109 
003452 	293 	90 	108 	109 
003453 	293 	90 	108 	109 
003454 	281 	90 	108 	109 
003455 	281 	90 	108 	109 
003456 	281 	90 	108 	109 
003457 	281 	90 	108 	109 
003458 	281 	90 	108 	109 
003459 	281 	90 	108 	109 
003460 	269 	90 	108 	109 
003461 	269 	90 	108 	109 
003462 	269 	90 	108 	109 
003463 	269 	90 	108 	109 
003464 	269 	90 	108 	109 
003465 	269 	90 	108 	109 
003466 	269 	102 	108 	109 
003467 	269 	102 	108 	109 
003468 	269 	102 	108 	109 
003469 	269 	90 	108 	109 
003470 	269 	90 	108 	109 
003471 	269 	90 	108 	109 
003472 	284 	95 	90 	91 
003473 	284 	95 	90 	91 
003474 	281 	78 	108 	109 
003475 	281 	78 	108 	109 
003476 	281 	78 	108 	109 
003477 	281 	78 	108 	109 
003478 	284 	95 	90 	91 
003479 	281 	78 	108 	109 
003480 	281 	78 	108 	109 
003481 	281 	78 	108 	109 
003482 	281 	78 	108 	109 
003483 	281 	78 	108 	109 
003484 	294 	85 	90 	91 
003485 	293 	78 	108 	109 
003486 	293 	78 	108 	109 
003487 	293 	78 	108 	109 
003488 	293 	78 	108 	109 
003489 	293 	78 	108 	109 
