Identity  : 	id10122
Reference : 	WQBa3omfC9U
Offset    : 	1
FV Conf   : 	13.564
ASD Conf  : 	7.203

FRAME 	X 	Y 	W 	H 
005351 	199 	79 	155 	156 
005352 	223 	94 	130 	130 
005353 	223 	80 	130 	130 
005354 	223 	80 	130 	130 
005355 	237 	80 	130 	130 
005356 	237 	94 	130 	130 
005357 	237 	94 	130 	130 
005358 	237 	94 	130 	130 
005359 	237 	94 	130 	130 
005360 	251 	94 	130 	130 
005361 	251 	80 	130 	130 
005362 	251 	80 	130 	130 
005363 	251 	80 	130 	130 
005364 	251 	94 	130 	130 
005365 	251 	94 	130 	130 
005366 	251 	94 	130 	130 
005367 	251 	94 	130 	130 
005368 	251 	94 	130 	130 
005369 	251 	80 	130 	130 
005370 	251 	80 	130 	130 
005371 	266 	80 	130 	130 
005372 	266 	80 	130 	130 
005373 	266 	80 	130 	130 
005374 	266 	80 	130 	130 
005375 	266 	80 	130 	130 
005376 	250 	62 	156 	155 
005377 	251 	80 	130 	130 
005378 	251 	80 	130 	130 
005379 	251 	80 	130 	130 
005380 	251 	80 	130 	130 
005381 	237 	80 	130 	130 
005382 	237 	80 	130 	130 
005383 	237 	80 	130 	130 
005384 	251 	80 	130 	130 
005385 	251 	80 	130 	130 
005386 	251 	80 	130 	130 
005387 	251 	80 	130 	130 
005388 	237 	80 	130 	130 
005389 	237 	80 	130 	130 
005390 	237 	94 	130 	130 
005391 	223 	94 	130 	130 
005392 	223 	94 	130 	130 
005393 	223 	94 	130 	130 
005394 	208 	94 	130 	130 
005395 	208 	94 	130 	130 
005396 	208 	94 	130 	130 
005397 	208 	94 	130 	130 
005398 	208 	94 	130 	130 
005399 	208 	94 	130 	130 
005400 	208 	94 	130 	130 
005401 	208 	94 	130 	130 
005402 	208 	94 	130 	130 
005403 	208 	94 	130 	130 
005404 	208 	94 	130 	130 
005405 	208 	94 	130 	130 
005406 	208 	94 	130 	130 
005407 	208 	94 	130 	130 
005408 	208 	94 	130 	130 
005409 	208 	94 	130 	130 
005410 	223 	94 	130 	130 
005411 	223 	94 	130 	130 
005412 	223 	94 	130 	130 
005413 	223 	94 	130 	130 
005414 	223 	94 	130 	130 
005415 	223 	94 	130 	130 
005416 	223 	94 	130 	130 
005417 	223 	94 	130 	130 
005418 	223 	94 	130 	130 
005419 	223 	94 	130 	130 
005420 	237 	94 	130 	130 
005421 	237 	94 	130 	130 
005422 	237 	94 	130 	130 
005423 	237 	94 	130 	130 
005424 	237 	109 	130 	130 
005425 	237 	109 	130 	130 
005426 	237 	109 	130 	130 
005427 	237 	109 	130 	130 
005428 	237 	94 	130 	130 
005429 	223 	94 	130 	130 
005430 	223 	94 	130 	130 
005431 	223 	109 	130 	130 
005432 	223 	109 	130 	130 
005433 	223 	109 	130 	130 
005434 	237 	109 	130 	130 
005435 	237 	109 	130 	130 
005436 	237 	109 	130 	130 
005437 	237 	109 	130 	130 
005438 	237 	109 	130 	130 
005439 	237 	109 	130 	130 
005440 	237 	109 	130 	130 
005441 	237 	109 	130 	130 
005442 	237 	109 	130 	130 
005443 	237 	109 	130 	130 
005444 	237 	109 	130 	130 
005445 	251 	109 	130 	130 
005446 	251 	94 	130 	130 
005447 	251 	94 	130 	130 
005448 	251 	94 	130 	130 
005449 	251 	94 	130 	130 
005450 	251 	94 	130 	130 
005451 	251 	94 	130 	130 
005452 	251 	94 	130 	130 
005453 	251 	94 	130 	130 
005454 	251 	94 	130 	130 
005455 	251 	94 	130 	130 
005456 	250 	79 	156 	156 
005457 	266 	94 	130 	130 
005458 	266 	94 	130 	130 
005459 	266 	94 	130 	130 
005460 	280 	94 	130 	130 
005461 	280 	94 	130 	130 
005462 	280 	94 	130 	130 
005463 	280 	94 	130 	130 
005464 	280 	94 	130 	130 
005465 	280 	109 	130 	130 
005466 	280 	94 	130 	130 
005467 	280 	94 	130 	130 
005468 	266 	109 	130 	130 
005469 	266 	109 	130 	130 
005470 	266 	109 	130 	130 
005471 	251 	109 	130 	130 
005472 	251 	109 	130 	130 
005473 	251 	109 	130 	130 
005474 	251 	94 	130 	130 
005475 	237 	109 	130 	130 
005476 	237 	109 	130 	130 
005477 	237 	109 	130 	130 
005478 	237 	109 	130 	130 
005479 	237 	109 	130 	130 
005480 	223 	109 	130 	130 
005481 	223 	109 	130 	130 
005482 	223 	109 	130 	130 
005483 	223 	109 	130 	130 
005484 	223 	109 	130 	130 
005485 	223 	109 	130 	130 
005486 	223 	109 	130 	130 
005487 	208 	109 	130 	130 
005488 	208 	109 	130 	130 
005489 	208 	109 	130 	130 
005490 	194 	109 	130 	130 
005491 	180 	94 	130 	130 
005492 	180 	94 	130 	130 
005493 	180 	94 	130 	130 
005494 	180 	94 	130 	130 
005495 	180 	94 	130 	130 
005496 	180 	94 	130 	130 
005497 	180 	94 	130 	130 
005498 	180 	94 	130 	130 
005499 	194 	94 	130 	130 
005500 	194 	109 	130 	130 
005501 	194 	109 	130 	130 
005502 	208 	109 	130 	130 
005503 	208 	109 	130 	130 
005504 	208 	109 	130 	130 
005505 	208 	109 	130 	130 
005506 	223 	109 	130 	130 
005507 	223 	109 	130 	130 
005508 	223 	109 	130 	130 
005509 	223 	109 	130 	130 
005510 	223 	109 	130 	130 
005511 	223 	109 	130 	130 
005512 	223 	109 	130 	130 
005513 	223 	109 	130 	130 
005514 	223 	109 	130 	130 
005515 	223 	109 	130 	130 
005516 	223 	109 	130 	130 
005517 	223 	109 	130 	130 
005518 	223 	109 	130 	130 
005519 	223 	109 	130 	130 
005520 	223 	109 	130 	130 
005521 	223 	109 	130 	130 
005522 	223 	94 	130 	130 
005523 	223 	94 	130 	130 
005524 	223 	94 	130 	130 
005525 	223 	94 	130 	130 
005526 	223 	94 	130 	130 
005527 	237 	94 	130 	130 
005528 	237 	94 	130 	130 
005529 	237 	94 	130 	130 
005530 	251 	94 	130 	130 
005531 	251 	94 	130 	130 
005532 	251 	94 	130 	130 
005533 	251 	94 	130 	130 
005534 	251 	94 	130 	130 
005535 	251 	94 	130 	130 
005536 	251 	94 	130 	130 
005537 	251 	94 	130 	130 
005538 	251 	94 	130 	130 
005539 	251 	94 	130 	130 
005540 	251 	94 	130 	130 
005541 	251 	94 	130 	130 
005542 	251 	94 	130 	130 
005543 	251 	94 	130 	130 
005544 	251 	94 	130 	130 
005545 	251 	94 	130 	130 
005546 	251 	94 	130 	130 
005547 	251 	94 	130 	130 
005548 	251 	94 	130 	130 
005549 	251 	94 	130 	130 
005550 	251 	109 	130 	130 
005551 	251 	109 	130 	130 
005552 	251 	109 	130 	130 
005553 	251 	109 	130 	130 
005554 	251 	109 	130 	130 
005555 	237 	109 	130 	130 
005556 	237 	123 	130 	130 
005557 	223 	123 	130 	130 
005558 	223 	109 	130 	130 
005559 	223 	109 	130 	130 
005560 	223 	109 	130 	130 
005561 	223 	109 	130 	130 
005562 	233 	126 	109 	109 
005563 	223 	123 	130 	130 
005564 	223 	123 	130 	130 
005565 	223 	109 	130 	130 
005566 	223 	109 	130 	130 
005567 	223 	94 	130 	130 
005568 	223 	94 	130 	130 
005569 	223 	94 	130 	130 
005570 	223 	109 	130 	130 
005571 	223 	109 	130 	130 
005572 	223 	94 	130 	130 
005573 	223 	94 	130 	130 
005574 	223 	94 	130 	130 
005575 	223 	94 	130 	130 
005576 	223 	109 	130 	130 
005577 	223 	109 	130 	130 
005578 	223 	109 	130 	130 
005579 	223 	109 	130 	130 
005580 	223 	94 	130 	130 
005581 	223 	94 	130 	130 
005582 	223 	94 	130 	130 
005583 	223 	94 	130 	130 
005584 	223 	94 	130 	130 
005585 	223 	109 	130 	130 
005586 	223 	109 	130 	130 
005587 	223 	109 	130 	130 
005588 	223 	109 	130 	130 
005589 	223 	109 	130 	130 
005590 	223 	94 	130 	130 
005591 	223 	94 	130 	130 
005592 	223 	94 	130 	130 
005593 	223 	94 	130 	130 
005594 	223 	94 	130 	130 
005595 	237 	109 	130 	130 
005596 	237 	94 	130 	130 
005597 	237 	94 	130 	130 
005598 	237 	80 	130 	130 
005599 	237 	80 	130 	130 
005600 	237 	80 	130 	130 
005601 	237 	80 	130 	130 
005602 	237 	94 	130 	130 
005603 	237 	80 	130 	130 
005604 	237 	80 	130 	130 
005605 	237 	80 	130 	130 
005606 	237 	80 	130 	130 
005607 	237 	80 	130 	130 
005608 	237 	80 	130 	130 
005609 	237 	80 	130 	130 
005610 	223 	80 	130 	130 
005611 	223 	80 	130 	130 
005612 	223 	80 	130 	130 
005613 	208 	80 	130 	130 
005614 	208 	94 	130 	130 
005615 	208 	94 	130 	130 
005616 	208 	94 	130 	130 
005617 	208 	94 	130 	130 
005618 	208 	94 	130 	130 
005619 	208 	94 	130 	130 
005620 	223 	80 	130 	130 
005621 	216 	62 	156 	155 
005622 	223 	66 	130 	130 
005623 	223 	66 	130 	130 
005624 	223 	66 	130 	130 
005625 	223 	80 	130 	130 
005626 	223 	80 	130 	130 
005627 	223 	80 	130 	130 
005628 	223 	80 	130 	130 
005629 	223 	80 	130 	130 
005630 	208 	80 	130 	130 
005631 	208 	80 	130 	130 
005632 	194 	94 	130 	130 
005633 	194 	94 	130 	130 
005634 	194 	109 	130 	130 
005635 	180 	123 	130 	130 
005636 	180 	123 	130 	130 
005637 	194 	123 	130 	130 
005638 	194 	123 	130 	130 
005639 	208 	123 	130 	130 
005640 	223 	123 	130 	130 
005641 	223 	123 	130 	130 
005642 	223 	109 	130 	130 
005643 	223 	109 	130 	130 
005644 	237 	109 	130 	130 
005645 	237 	94 	130 	130 
005646 	251 	94 	130 	130 
005647 	251 	94 	130 	130 
