Identity  : 	id10712
Reference : 	O4pr7Cr5nSM
Offset    : 	0
FV Conf   : 	14.864
ASD Conf  : 	5.669

FRAME 	X 	Y 	W 	H 
001518 	156 	53 	187 	187 
001519 	156 	53 	187 	187 
001520 	181 	79 	156 	156 
001521 	177 	53 	187 	187 
001522 	177 	53 	187 	187 
001523 	177 	53 	187 	187 
001524 	177 	53 	187 	187 
001525 	177 	53 	187 	187 
001526 	177 	53 	187 	187 
001527 	177 	53 	187 	187 
001528 	177 	53 	187 	187 
001529 	177 	53 	187 	187 
001530 	177 	53 	187 	187 
001531 	177 	53 	187 	187 
001532 	177 	53 	187 	187 
001533 	177 	53 	187 	187 
001534 	177 	53 	187 	187 
001535 	177 	53 	187 	187 
001536 	177 	53 	187 	187 
001537 	177 	53 	187 	187 
001538 	177 	53 	187 	187 
001539 	177 	53 	187 	187 
001540 	177 	53 	187 	187 
001541 	177 	53 	187 	187 
001542 	177 	53 	187 	187 
001543 	177 	53 	187 	187 
001544 	177 	53 	187 	187 
001545 	177 	53 	187 	187 
001546 	177 	53 	187 	187 
001547 	177 	53 	187 	187 
001548 	177 	53 	187 	187 
001549 	177 	53 	187 	187 
001550 	177 	53 	187 	187 
001551 	177 	53 	187 	187 
001552 	177 	53 	187 	187 
001553 	177 	53 	187 	187 
001554 	177 	53 	187 	187 
001555 	181 	62 	156 	155 
001556 	181 	79 	156 	156 
001557 	181 	79 	156 	156 
001558 	181 	79 	156 	156 
001559 	156 	53 	187 	187 
001560 	156 	53 	187 	187 
001561 	156 	53 	187 	187 
001562 	156 	53 	187 	187 
001563 	156 	53 	187 	187 
001564 	156 	53 	187 	187 
001565 	156 	53 	187 	187 
001566 	156 	53 	187 	187 
001567 	156 	53 	187 	187 
001568 	156 	53 	187 	187 
001569 	156 	53 	187 	187 
001570 	135 	53 	187 	187 
001571 	135 	74 	187 	187 
001572 	135 	74 	187 	187 
001573 	135 	74 	187 	187 
001574 	135 	74 	187 	187 
001575 	135 	74 	187 	187 
001576 	135 	74 	187 	187 
001577 	135 	74 	187 	187 
001578 	135 	74 	187 	187 
001579 	135 	74 	187 	187 
001580 	135 	74 	187 	187 
001581 	135 	74 	187 	187 
001582 	135 	74 	187 	187 
001583 	135 	74 	187 	187 
001584 	135 	74 	187 	187 
001585 	135 	74 	187 	187 
001586 	135 	74 	187 	187 
001587 	135 	74 	187 	187 
001588 	135 	74 	187 	187 
001589 	135 	74 	187 	187 
001590 	135 	74 	187 	187 
001591 	135 	74 	187 	187 
001592 	135 	74 	187 	187 
001593 	135 	74 	187 	187 
001594 	140 	69 	187 	187 
001595 	146 	64 	187 	187 
001596 	151 	58 	187 	187 
001597 	156 	53 	187 	187 
001598 	156 	53 	187 	187 
001599 	156 	53 	187 	187 
001600 	164 	56 	177 	176 
001601 	173 	59 	166 	166 
001602 	181 	62 	156 	155 
001603 	177 	53 	187 	187 
001604 	177 	53 	187 	187 
001605 	177 	53 	187 	187 
001606 	199 	62 	155 	155 
001607 	199 	44 	155 	156 
001608 	216 	44 	156 	156 
001609 	216 	62 	156 	155 
001610 	233 	62 	156 	155 
001611 	218 	53 	187 	187 
001612 	218 	53 	187 	187 
001613 	233 	79 	156 	156 
001614 	233 	79 	156 	156 
001615 	250 	79 	156 	156 
001616 	250 	79 	156 	156 
001617 	250 	79 	156 	156 
001618 	233 	79 	156 	156 
001619 	233 	79 	156 	156 
001620 	233 	79 	156 	156 
001621 	233 	79 	156 	156 
001622 	233 	79 	156 	156 
001623 	233 	79 	156 	156 
001624 	233 	79 	156 	156 
001625 	233 	79 	156 	156 
001626 	233 	79 	156 	156 
001627 	233 	79 	156 	156 
001628 	233 	79 	156 	156 
001629 	233 	79 	156 	156 
001630 	218 	53 	187 	187 
001631 	218 	53 	187 	187 
001632 	218 	53 	187 	187 
001633 	218 	53 	187 	187 
001634 	218 	53 	187 	187 
001635 	218 	53 	187 	187 
001636 	218 	53 	187 	187 
001637 	218 	53 	187 	187 
001638 	218 	53 	187 	187 
001639 	197 	53 	187 	187 
001640 	197 	53 	187 	187 
001641 	197 	53 	187 	187 
001642 	197 	53 	187 	187 
001643 	197 	53 	187 	187 
001644 	197 	53 	187 	187 
001645 	199 	62 	155 	155 
001646 	199 	62 	155 	155 
001647 	199 	62 	155 	155 
001648 	199 	62 	155 	155 
001649 	199 	62 	155 	155 
001650 	177 	53 	187 	187 
001651 	177 	53 	187 	187 
001652 	181 	62 	156 	155 
001653 	181 	62 	156 	155 
001654 	181 	62 	156 	155 
001655 	181 	62 	156 	155 
001656 	181 	62 	156 	155 
001657 	181 	62 	156 	155 
001658 	181 	62 	156 	155 
001659 	156 	53 	187 	187 
001660 	156 	53 	187 	187 
001661 	156 	53 	187 	187 
001662 	156 	53 	187 	187 
001663 	164 	62 	156 	155 
001664 	164 	62 	156 	155 
001665 	164 	62 	156 	155 
001666 	164 	62 	156 	155 
001667 	164 	62 	156 	155 
001668 	164 	62 	156 	155 
001669 	164 	62 	156 	155 
001670 	164 	62 	156 	155 
001671 	164 	62 	156 	155 
001672 	164 	62 	156 	155 
001673 	164 	62 	156 	155 
001674 	164 	62 	156 	155 
001675 	164 	62 	156 	155 
001676 	164 	62 	156 	155 
001677 	164 	62 	156 	155 
001678 	164 	62 	156 	155 
001679 	164 	62 	156 	155 
001680 	164 	62 	156 	155 
001681 	147 	62 	156 	155 
001682 	147 	62 	156 	155 
001683 	147 	62 	156 	155 
001684 	135 	33 	187 	187 
001685 	135 	33 	187 	187 
001686 	135 	33 	187 	187 
001687 	135 	33 	187 	187 
001688 	135 	33 	187 	187 
001689 	135 	33 	187 	187 
001690 	135 	33 	187 	187 
001691 	135 	33 	187 	187 
001692 	135 	33 	187 	187 
001693 	147 	44 	156 	156 
001694 	147 	44 	156 	156 
001695 	147 	44 	156 	156 
001696 	147 	44 	156 	156 
001697 	147 	44 	156 	156 
001698 	147 	44 	156 	156 
001699 	164 	62 	156 	155 
001700 	164 	62 	156 	155 
001701 	164 	62 	156 	155 
001702 	164 	62 	156 	155 
001703 	164 	62 	156 	155 
001704 	164 	62 	156 	155 
001705 	164 	62 	156 	155 
001706 	164 	62 	156 	155 
001707 	164 	44 	156 	156 
001708 	164 	44 	156 	156 
001709 	164 	44 	156 	156 
001710 	164 	44 	156 	156 
001711 	164 	44 	156 	156 
001712 	164 	44 	156 	156 
001713 	164 	44 	156 	156 
001714 	164 	44 	156 	156 
001715 	164 	44 	156 	156 
001716 	164 	44 	156 	156 
001717 	164 	44 	156 	156 
001718 	164 	44 	156 	156 
001719 	164 	44 	156 	156 
001720 	164 	44 	156 	156 
001721 	164 	44 	156 	156 
001722 	164 	44 	156 	156 
001723 	164 	44 	156 	156 
001724 	164 	44 	156 	156 
001725 	181 	62 	156 	155 
001726 	181 	62 	156 	155 
001727 	181 	62 	156 	155 
001728 	181 	62 	156 	155 
001729 	181 	44 	156 	156 
001730 	181 	44 	156 	156 
001731 	181 	44 	156 	156 
001732 	181 	44 	156 	156 
001733 	181 	44 	156 	156 
001734 	181 	44 	156 	156 
001735 	181 	44 	156 	156 
001736 	181 	44 	156 	156 
001737 	181 	44 	156 	156 
001738 	181 	44 	156 	156 
001739 	181 	44 	156 	156 
001740 	181 	44 	156 	156 
001741 	181 	44 	156 	156 
001742 	181 	44 	156 	156 
001743 	181 	44 	156 	156 
001744 	181 	44 	156 	156 
001745 	181 	44 	156 	156 
001746 	181 	44 	156 	156 
001747 	181 	44 	156 	156 
001748 	181 	44 	156 	156 
001749 	181 	44 	156 	156 
001750 	181 	44 	156 	156 
001751 	181 	44 	156 	156 
001752 	181 	44 	156 	156 
001753 	181 	44 	156 	156 
001754 	181 	44 	156 	156 
001755 	181 	44 	156 	156 
001756 	181 	44 	156 	156 
001757 	181 	44 	156 	156 
001758 	156 	33 	187 	187 
001759 	181 	44 	156 	156 
001760 	181 	44 	156 	156 
001761 	181 	44 	156 	156 
001762 	181 	44 	156 	156 
001763 	181 	44 	156 	156 
001764 	181 	44 	156 	156 
001765 	181 	44 	156 	156 
001766 	181 	44 	156 	156 
001767 	177 	33 	187 	187 
001768 	177 	33 	187 	187 
001769 	177 	33 	187 	187 
001770 	177 	33 	187 	187 
001771 	177 	33 	187 	187 
001772 	177 	33 	187 	187 
001773 	177 	33 	187 	187 
001774 	177 	33 	187 	187 
001775 	177 	33 	187 	187 
001776 	177 	33 	187 	187 
001777 	199 	62 	155 	155 
001778 	199 	62 	155 	155 
001779 	199 	62 	155 	155 
001780 	199 	62 	155 	155 
001781 	197 	53 	187 	187 
001782 	197 	53 	187 	187 
001783 	197 	53 	187 	187 
001784 	197 	53 	187 	187 
001785 	197 	53 	187 	187 
001786 	197 	53 	187 	187 
001787 	197 	53 	187 	187 
001788 	197 	53 	187 	187 
001789 	197 	53 	187 	187 
001790 	197 	53 	187 	187 
001791 	197 	53 	187 	187 
001792 	197 	53 	187 	187 
001793 	199 	62 	155 	155 
001794 	197 	53 	187 	187 
001795 	199 	62 	155 	155 
001796 	199 	62 	155 	155 
001797 	199 	62 	155 	155 
001798 	199 	62 	155 	155 
001799 	199 	62 	155 	155 
001800 	199 	62 	155 	155 
001801 	199 	62 	155 	155 
001802 	199 	62 	155 	155 
001803 	199 	62 	155 	155 
001804 	199 	62 	155 	155 
001805 	199 	62 	155 	155 
001806 	199 	62 	155 	155 
001807 	199 	62 	155 	155 
001808 	177 	53 	187 	187 
001809 	177 	53 	187 	187 
001810 	177 	53 	187 	187 
001811 	177 	53 	187 	187 
001812 	177 	53 	187 	187 
001813 	177 	53 	187 	187 
001814 	177 	53 	187 	187 
001815 	181 	62 	156 	155 
001816 	181 	62 	156 	155 
001817 	177 	53 	187 	187 
001818 	181 	62 	156 	155 
001819 	181 	62 	156 	155 
001820 	181 	62 	156 	155 
001821 	181 	79 	156 	156 
001822 	181 	62 	156 	155 
001823 	181 	79 	156 	156 
001824 	181 	62 	156 	155 
001825 	181 	79 	156 	156 
001826 	181 	79 	156 	156 
001827 	181 	79 	156 	156 
001828 	156 	53 	187 	187 
001829 	181 	79 	156 	156 
001830 	181 	79 	156 	156 
001831 	181 	79 	156 	156 
001832 	181 	79 	156 	156 
001833 	181 	79 	156 	156 
001834 	181 	79 	156 	156 
001835 	181 	79 	156 	156 
001836 	156 	53 	187 	187 
001837 	156 	53 	187 	187 
001838 	156 	53 	187 	187 
001839 	156 	53 	187 	187 
001840 	156 	53 	187 	187 
001841 	156 	53 	187 	187 
001842 	181 	62 	156 	155 
001843 	181 	62 	156 	155 
001844 	181 	62 	156 	155 
001845 	181 	62 	156 	155 
001846 	177 	53 	187 	187 
001847 	177 	53 	187 	187 
001848 	177 	53 	187 	187 
001849 	177 	53 	187 	187 
