Identity  : 	id10533
Reference : 	e-GVLnCx_BE
Offset    : 	-3
FV Conf   : 	16.029
ASD Conf  : 	8.544

FRAME 	X 	Y 	W 	H 
000892 	294 	66 	130 	130 
000893 	294 	66 	130 	130 
000894 	294 	66 	130 	130 
000895 	294 	66 	130 	130 
000896 	294 	66 	130 	130 
000897 	294 	66 	130 	130 
000898 	294 	66 	130 	130 
000899 	294 	66 	130 	130 
000900 	294 	66 	130 	130 
000901 	294 	66 	130 	130 
000902 	294 	66 	130 	130 
000903 	294 	80 	130 	130 
000904 	294 	80 	130 	130 
000905 	294 	80 	130 	130 
000906 	294 	80 	130 	130 
000907 	294 	80 	130 	130 
000908 	294 	80 	130 	130 
000909 	294 	80 	130 	130 
000910 	294 	80 	130 	130 
000911 	294 	80 	130 	130 
000912 	294 	80 	130 	130 
000913 	294 	80 	130 	130 
000914 	294 	80 	130 	130 
000915 	294 	80 	130 	130 
000916 	294 	80 	130 	130 
000917 	294 	80 	130 	130 
000918 	294 	80 	130 	130 
000919 	294 	80 	130 	130 
000920 	294 	80 	130 	130 
000921 	294 	80 	130 	130 
000922 	294 	80 	130 	130 
000923 	294 	80 	130 	130 
000924 	294 	80 	130 	130 
000925 	294 	80 	130 	130 
000926 	294 	80 	130 	130 
000927 	294 	80 	130 	130 
000928 	294 	80 	130 	130 
000929 	294 	80 	130 	130 
000930 	294 	80 	130 	130 
000931 	294 	80 	130 	130 
000932 	294 	80 	130 	130 
000933 	294 	80 	130 	130 
000934 	294 	80 	130 	130 
000935 	294 	80 	130 	130 
000936 	294 	80 	130 	130 
000937 	294 	80 	130 	130 
000938 	294 	80 	130 	130 
000939 	294 	80 	130 	130 
000940 	294 	80 	130 	130 
000941 	294 	80 	130 	130 
000942 	317 	90 	108 	109 
000943 	317 	90 	108 	109 
000944 	309 	80 	130 	130 
000945 	309 	80 	130 	130 
000946 	309 	94 	130 	130 
000947 	309 	94 	130 	130 
000948 	309 	94 	130 	130 
000949 	309 	94 	130 	130 
000950 	309 	94 	130 	130 
000951 	309 	94 	130 	130 
000952 	309 	94 	130 	130 
000953 	309 	94 	130 	130 
000954 	309 	94 	130 	130 
000955 	309 	94 	130 	130 
000956 	309 	94 	130 	130 
000957 	309 	94 	130 	130 
000958 	309 	94 	130 	130 
000959 	309 	80 	130 	130 
000960 	309 	94 	130 	130 
000961 	309 	94 	130 	130 
000962 	309 	94 	130 	130 
000963 	309 	94 	130 	130 
000964 	309 	94 	130 	130 
000965 	309 	80 	130 	130 
000966 	309 	80 	130 	130 
000967 	309 	80 	130 	130 
000968 	309 	80 	130 	130 
000969 	309 	80 	130 	130 
000970 	309 	80 	130 	130 
000971 	309 	80 	130 	130 
000972 	309 	80 	130 	130 
000973 	309 	80 	130 	130 
000974 	309 	80 	130 	130 
000975 	309 	80 	130 	130 
000976 	309 	80 	130 	130 
000977 	309 	80 	130 	130 
000978 	309 	80 	130 	130 
000979 	309 	80 	130 	130 
000980 	309 	80 	130 	130 
000981 	309 	80 	130 	130 
000982 	294 	66 	130 	130 
000983 	294 	66 	130 	130 
000984 	294 	66 	130 	130 
000985 	294 	66 	130 	130 
000986 	294 	66 	130 	130 
000987 	294 	66 	130 	130 
000988 	294 	66 	130 	130 
000989 	294 	66 	130 	130 
000990 	294 	66 	130 	130 
000991 	294 	66 	130 	130 
000992 	294 	66 	130 	130 
000993 	294 	66 	130 	130 
000994 	294 	66 	130 	130 
000995 	294 	66 	130 	130 
000996 	294 	66 	130 	130 
000997 	294 	66 	130 	130 
000998 	294 	66 	130 	130 
000999 	294 	66 	130 	130 
001000 	294 	66 	130 	130 
001001 	294 	66 	130 	130 
001002 	280 	66 	130 	130 
001003 	280 	66 	130 	130 
001004 	280 	66 	130 	130 
001005 	280 	66 	130 	130 
001006 	280 	66 	130 	130 
001007 	280 	66 	130 	130 
001008 	280 	66 	130 	130 
001009 	266 	66 	130 	130 
001010 	266 	66 	130 	130 
001011 	266 	66 	130 	130 
001012 	266 	66 	130 	130 
001013 	266 	66 	130 	130 
001014 	266 	66 	130 	130 
001015 	266 	66 	130 	130 
001016 	266 	66 	130 	130 
001017 	251 	66 	130 	130 
001018 	266 	66 	130 	130 
001019 	251 	66 	130 	130 
001020 	251 	66 	130 	130 
001021 	251 	66 	130 	130 
001022 	251 	66 	130 	130 
001023 	251 	66 	130 	130 
001024 	251 	66 	130 	130 
001025 	251 	66 	130 	130 
001026 	251 	66 	130 	130 
001027 	251 	66 	130 	130 
001028 	251 	66 	130 	130 
001029 	251 	66 	130 	130 
001030 	251 	66 	130 	130 
001031 	251 	66 	130 	130 
001032 	251 	66 	130 	130 
001033 	251 	66 	130 	130 
001034 	251 	66 	130 	130 
001035 	266 	66 	130 	130 
001036 	266 	66 	130 	130 
001037 	266 	66 	130 	130 
001038 	266 	66 	130 	130 
001039 	266 	66 	130 	130 
001040 	266 	66 	130 	130 
001041 	266 	66 	130 	130 
001042 	251 	66 	130 	130 
001043 	251 	66 	130 	130 
001044 	251 	66 	130 	130 
001045 	251 	66 	130 	130 
