Identity  : 	id10533
Reference : 	e-GVLnCx_BE
Offset    : 	-3
FV Conf   : 	15.692
ASD Conf  : 	8.257

FRAME 	X 	Y 	W 	H 
003598 	280 	51 	130 	130 
003599 	280 	51 	130 	130 
003600 	280 	51 	130 	130 
003601 	280 	51 	130 	130 
003602 	266 	51 	130 	130 
003603 	266 	51 	130 	130 
003604 	266 	51 	130 	130 
003605 	266 	51 	130 	130 
003606 	266 	51 	130 	130 
003607 	266 	51 	130 	130 
003608 	266 	51 	130 	130 
003609 	266 	51 	130 	130 
003610 	266 	51 	130 	130 
003611 	266 	51 	130 	130 
003612 	266 	51 	130 	130 
003613 	266 	51 	130 	130 
003614 	266 	66 	130 	130 
003615 	266 	66 	130 	130 
003616 	266 	51 	130 	130 
003617 	266 	51 	130 	130 
003618 	266 	51 	130 	130 
003619 	266 	51 	130 	130 
003620 	266 	51 	130 	130 
003621 	266 	66 	130 	130 
003622 	266 	66 	130 	130 
003623 	266 	66 	130 	130 
003624 	266 	66 	130 	130 
003625 	280 	66 	130 	130 
003626 	280 	66 	130 	130 
003627 	280 	66 	130 	130 
003628 	280 	66 	130 	130 
003629 	280 	66 	130 	130 
003630 	280 	66 	130 	130 
003631 	280 	66 	130 	130 
003632 	280 	66 	130 	130 
003633 	280 	66 	130 	130 
003634 	280 	66 	130 	130 
003635 	280 	66 	130 	130 
003636 	280 	66 	130 	130 
003637 	280 	66 	130 	130 
003638 	280 	66 	130 	130 
003639 	280 	66 	130 	130 
003640 	280 	66 	130 	130 
003641 	294 	66 	130 	130 
003642 	294 	66 	130 	130 
003643 	294 	66 	130 	130 
003644 	294 	66 	130 	130 
003645 	294 	66 	130 	130 
003646 	294 	66 	130 	130 
003647 	294 	66 	130 	130 
003648 	294 	66 	130 	130 
003649 	294 	66 	130 	130 
003650 	294 	66 	130 	130 
003651 	294 	66 	130 	130 
003652 	294 	66 	130 	130 
003653 	294 	66 	130 	130 
003654 	294 	66 	130 	130 
003655 	294 	66 	130 	130 
003656 	294 	80 	130 	130 
003657 	285 	62 	155 	155 
003658 	294 	80 	130 	130 
003659 	294 	80 	130 	130 
003660 	294 	80 	130 	130 
003661 	294 	80 	130 	130 
003662 	294 	80 	130 	130 
003663 	294 	80 	130 	130 
003664 	294 	80 	130 	130 
003665 	294 	80 	130 	130 
003666 	294 	80 	130 	130 
003667 	294 	80 	130 	130 
003668 	294 	80 	130 	130 
003669 	294 	80 	130 	130 
003670 	294 	80 	130 	130 
003671 	294 	80 	130 	130 
003672 	294 	80 	130 	130 
003673 	294 	80 	130 	130 
003674 	294 	80 	130 	130 
003675 	294 	80 	130 	130 
003676 	294 	80 	130 	130 
003677 	294 	80 	130 	130 
003678 	294 	80 	130 	130 
003679 	294 	80 	130 	130 
003680 	294 	80 	130 	130 
003681 	294 	66 	130 	130 
003682 	285 	62 	155 	155 
003683 	285 	62 	155 	155 
003684 	309 	80 	130 	130 
003685 	309 	80 	130 	130 
003686 	309 	80 	130 	130 
003687 	309 	80 	130 	130 
003688 	309 	80 	130 	130 
003689 	309 	80 	130 	130 
003690 	309 	80 	130 	130 
003691 	309 	80 	130 	130 
003692 	309 	80 	130 	130 
003693 	309 	80 	130 	130 
003694 	309 	80 	130 	130 
003695 	309 	80 	130 	130 
003696 	309 	80 	130 	130 
003697 	309 	80 	130 	130 
003698 	309 	80 	130 	130 
003699 	309 	80 	130 	130 
003700 	309 	80 	130 	130 
003701 	309 	80 	130 	130 
003702 	309 	80 	130 	130 
003703 	309 	80 	130 	130 
003704 	309 	80 	130 	130 
003705 	309 	80 	130 	130 
003706 	309 	80 	130 	130 
003707 	309 	80 	130 	130 
003708 	309 	94 	130 	130 
003709 	309 	94 	130 	130 
003710 	309 	94 	130 	130 
003711 	309 	94 	130 	130 
003712 	309 	94 	130 	130 
003713 	309 	94 	130 	130 
003714 	309 	80 	130 	130 
003715 	309 	80 	130 	130 
003716 	309 	80 	130 	130 
003717 	309 	80 	130 	130 
003718 	309 	80 	130 	130 
003719 	309 	80 	130 	130 
003720 	309 	80 	130 	130 
003721 	309 	80 	130 	130 
003722 	285 	62 	155 	155 
003723 	285 	62 	155 	155 
003724 	294 	66 	130 	130 
003725 	294 	66 	130 	130 
003726 	294 	66 	130 	130 
003727 	285 	62 	155 	155 
003728 	285 	62 	155 	155 
003729 	285 	62 	155 	155 
003730 	294 	66 	130 	130 
003731 	294 	66 	130 	130 
003732 	294 	66 	130 	130 
003733 	294 	66 	130 	130 
003734 	294 	66 	130 	130 
003735 	294 	66 	130 	130 
003736 	294 	66 	130 	130 
003737 	294 	66 	130 	130 
003738 	294 	66 	130 	130 
003739 	294 	66 	130 	130 
003740 	294 	66 	130 	130 
003741 	294 	66 	130 	130 
003742 	294 	66 	130 	130 
003743 	294 	66 	130 	130 
003744 	294 	66 	130 	130 
003745 	294 	66 	130 	130 
003746 	294 	66 	130 	130 
003747 	294 	66 	130 	130 
003748 	294 	66 	130 	130 
003749 	294 	66 	130 	130 
003750 	294 	66 	130 	130 
003751 	294 	66 	130 	130 
003752 	294 	66 	130 	130 
003753 	294 	66 	130 	130 
003754 	294 	66 	130 	130 
003755 	294 	66 	130 	130 
003756 	294 	66 	130 	130 
003757 	294 	66 	130 	130 
003758 	294 	66 	130 	130 
003759 	294 	66 	130 	130 
003760 	294 	66 	130 	130 
003761 	294 	66 	130 	130 
003762 	294 	66 	130 	130 
003763 	294 	80 	130 	130 
003764 	294 	80 	130 	130 
003765 	280 	66 	130 	130 
003766 	280 	66 	130 	130 
003767 	280 	66 	130 	130 
003768 	280 	66 	130 	130 
003769 	280 	66 	130 	130 
003770 	280 	66 	130 	130 
003771 	280 	66 	130 	130 
003772 	280 	66 	130 	130 
003773 	280 	66 	130 	130 
003774 	280 	66 	130 	130 
003775 	280 	66 	130 	130 
003776 	280 	66 	130 	130 
003777 	280 	66 	130 	130 
003778 	280 	66 	130 	130 
003779 	280 	66 	130 	130 
003780 	280 	80 	130 	130 
003781 	280 	80 	130 	130 
003782 	280 	80 	130 	130 
003783 	280 	66 	130 	130 
003784 	280 	66 	130 	130 
003785 	280 	66 	130 	130 
003786 	280 	66 	130 	130 
003787 	280 	66 	130 	130 
003788 	280 	80 	130 	130 
003789 	280 	80 	130 	130 
003790 	280 	80 	130 	130 
003791 	280 	80 	130 	130 
003792 	280 	80 	130 	130 
003793 	280 	80 	130 	130 
003794 	280 	80 	130 	130 
003795 	280 	66 	130 	130 
