Identity  : 	id11131
Reference : 	i9BFdwyoC8I
Offset    : 	-2
FV Conf   : 	19.151
ASD Conf  : 	8.401

FRAME 	X 	Y 	W 	H 
015989 	237 	80 	130 	130 
015990 	237 	80 	130 	130 
015991 	237 	80 	130 	130 
015992 	237 	80 	130 	130 
015993 	245 	90 	109 	109 
015994 	237 	80 	130 	130 
015995 	237 	80 	130 	130 
015996 	245 	90 	109 	109 
015997 	245 	90 	109 	109 
015998 	245 	90 	109 	109 
015999 	237 	80 	130 	130 
016000 	237 	80 	130 	130 
016001 	237 	80 	130 	130 
016002 	237 	80 	130 	130 
016003 	245 	90 	109 	109 
016004 	237 	80 	130 	130 
016005 	237 	80 	130 	130 
016006 	237 	80 	130 	130 
016007 	237 	80 	130 	130 
016008 	237 	80 	130 	130 
016009 	237 	80 	130 	130 
016010 	237 	80 	130 	130 
016011 	237 	80 	130 	130 
016012 	245 	90 	109 	109 
016013 	245 	90 	109 	109 
016014 	245 	90 	109 	109 
016015 	245 	90 	109 	109 
016016 	245 	90 	109 	109 
016017 	245 	90 	109 	109 
016018 	245 	90 	109 	109 
016019 	245 	90 	109 	109 
016020 	245 	90 	109 	109 
016021 	245 	90 	109 	109 
016022 	245 	90 	109 	109 
016023 	245 	90 	109 	109 
016024 	245 	90 	109 	109 
016025 	245 	90 	109 	109 
016026 	245 	90 	109 	109 
016027 	245 	90 	109 	109 
016028 	245 	90 	109 	109 
016029 	245 	90 	109 	109 
016030 	245 	90 	109 	109 
016031 	245 	90 	109 	109 
016032 	245 	90 	109 	109 
016033 	245 	90 	109 	109 
016034 	245 	90 	109 	109 
016035 	245 	78 	109 	109 
016036 	245 	78 	109 	109 
016037 	245 	78 	109 	109 
016038 	245 	90 	109 	109 
016039 	245 	78 	109 	109 
016040 	245 	90 	109 	109 
016041 	245 	78 	109 	109 
016042 	245 	90 	109 	109 
016043 	245 	90 	109 	109 
016044 	245 	90 	109 	109 
016045 	245 	90 	109 	109 
016046 	245 	90 	109 	109 
016047 	245 	90 	109 	109 
016048 	245 	90 	109 	109 
016049 	245 	90 	109 	109 
016050 	245 	90 	109 	109 
016051 	245 	90 	109 	109 
016052 	245 	90 	109 	109 
016053 	245 	90 	109 	109 
016054 	245 	90 	109 	109 
016055 	245 	90 	109 	109 
016056 	245 	90 	109 	109 
016057 	245 	90 	109 	109 
016058 	245 	90 	109 	109 
016059 	245 	90 	109 	109 
016060 	245 	90 	109 	109 
016061 	245 	90 	109 	109 
016062 	245 	90 	109 	109 
016063 	245 	90 	109 	109 
016064 	245 	90 	109 	109 
016065 	245 	78 	109 	109 
016066 	245 	78 	109 	109 
016067 	245 	78 	109 	109 
016068 	245 	78 	109 	109 
016069 	245 	78 	109 	109 
016070 	245 	78 	109 	109 
016071 	245 	78 	109 	109 
016072 	245 	78 	109 	109 
016073 	245 	78 	109 	109 
016074 	245 	78 	109 	109 
016075 	245 	78 	109 	109 
016076 	245 	78 	109 	109 
016077 	245 	78 	109 	109 
016078 	245 	78 	109 	109 
016079 	245 	78 	109 	109 
016080 	245 	78 	109 	109 
016081 	245 	78 	109 	109 
016082 	245 	78 	109 	109 
016083 	245 	78 	109 	109 
016084 	245 	78 	109 	109 
016085 	245 	78 	109 	109 
016086 	245 	78 	109 	109 
016087 	245 	78 	109 	109 
016088 	245 	78 	109 	109 
016089 	245 	78 	109 	109 
016090 	245 	78 	109 	109 
016091 	245 	78 	109 	109 
016092 	245 	78 	109 	109 
016093 	245 	78 	109 	109 
016094 	245 	78 	109 	109 
016095 	245 	78 	109 	109 
016096 	245 	78 	109 	109 
016097 	245 	78 	109 	109 
016098 	245 	78 	109 	109 
016099 	245 	78 	109 	109 
016100 	245 	78 	109 	109 
016101 	245 	78 	109 	109 
016102 	245 	78 	109 	109 
016103 	245 	78 	109 	109 
016104 	245 	78 	109 	109 
016105 	245 	78 	109 	109 
016106 	245 	78 	109 	109 
016107 	245 	78 	109 	109 
016108 	245 	78 	109 	109 
016109 	245 	78 	109 	109 
016110 	245 	78 	109 	109 
016111 	245 	78 	109 	109 
016112 	237 	66 	130 	130 
016113 	237 	66 	130 	130 
016114 	237 	66 	130 	130 
016115 	237 	66 	130 	130 
016116 	237 	66 	130 	130 
016117 	237 	66 	130 	130 
016118 	237 	66 	130 	130 
