Identity  : 	id10634
Reference : 	FyvSoocfAuo
Offset    : 	-2
FV Conf   : 	14.014
ASD Conf  : 	5.047

FRAME 	X 	Y 	W 	H 
000380 	197 	90 	109 	109 
000381 	197 	78 	109 	109 
000382 	197 	78 	109 	109 
000383 	197 	78 	109 	109 
000384 	197 	90 	109 	109 
000385 	197 	90 	109 	109 
000386 	214 	95 	91 	91 
000387 	214 	85 	91 	91 
000388 	214 	85 	91 	91 
000389 	209 	90 	109 	109 
000390 	209 	90 	109 	109 
000391 	209 	90 	109 	109 
000392 	209 	90 	109 	109 
000393 	209 	90 	109 	109 
000394 	209 	90 	109 	109 
000395 	209 	90 	109 	109 
000396 	209 	90 	109 	109 
000397 	221 	90 	109 	109 
000398 	221 	90 	109 	109 
000399 	221 	90 	109 	109 
000400 	221 	90 	109 	109 
000401 	221 	90 	109 	109 
000402 	234 	95 	90 	91 
000403 	221 	90 	109 	109 
000404 	234 	95 	90 	91 
000405 	234 	95 	90 	91 
000406 	234 	95 	90 	91 
000407 	233 	90 	109 	109 
000408 	233 	78 	109 	109 
000409 	233 	78 	109 	109 
000410 	233 	78 	109 	109 
000411 	234 	85 	90 	91 
000412 	221 	78 	109 	109 
000413 	221 	78 	109 	109 
000414 	221 	78 	109 	109 
000415 	224 	85 	91 	91 
000416 	224 	85 	91 	91 
000417 	224 	85 	91 	91 
000418 	209 	78 	109 	109 
000419 	209 	78 	109 	109 
000420 	209 	78 	109 	109 
000421 	209 	90 	109 	109 
000422 	209 	90 	109 	109 
000423 	209 	90 	109 	109 
000424 	209 	90 	109 	109 
000425 	209 	78 	109 	109 
000426 	209 	78 	109 	109 
000427 	209 	90 	109 	109 
000428 	214 	95 	91 	91 
000429 	214 	95 	91 	91 
000430 	214 	95 	91 	91 
000431 	214 	95 	91 	91 
000432 	214 	95 	91 	91 
000433 	197 	78 	109 	109 
000434 	197 	78 	109 	109 
000435 	197 	78 	109 	109 
000436 	197 	90 	109 	109 
000437 	204 	95 	91 	91 
000438 	204 	95 	91 	91 
000439 	185 	90 	109 	109 
000440 	185 	90 	109 	109 
000441 	185 	90 	109 	109 
000442 	185 	90 	109 	109 
000443 	185 	90 	109 	109 
000444 	185 	90 	109 	109 
000445 	185 	90 	109 	109 
000446 	185 	90 	109 	109 
000447 	185 	90 	109 	109 
000448 	185 	90 	109 	109 
000449 	185 	90 	109 	109 
000450 	185 	90 	109 	109 
000451 	185 	90 	109 	109 
000452 	185 	90 	109 	109 
000453 	185 	90 	109 	109 
000454 	185 	90 	109 	109 
000455 	185 	90 	109 	109 
000456 	204 	95 	91 	91 
000457 	204 	95 	91 	91 
000458 	197 	90 	109 	109 
000459 	197 	90 	109 	109 
000460 	197 	90 	109 	109 
000461 	197 	78 	109 	109 
000462 	197 	78 	109 	109 
000463 	209 	78 	109 	109 
000464 	209 	78 	109 	109 
000465 	209 	78 	109 	109 
000466 	214 	95 	91 	91 
000467 	197 	78 	109 	109 
000468 	197 	78 	109 	109 
000469 	197 	78 	109 	109 
000470 	209 	78 	109 	109 
000471 	209 	78 	109 	109 
000472 	209 	78 	109 	109 
000473 	214 	95 	91 	91 
000474 	214 	95 	91 	91 
000475 	209 	78 	109 	109 
000476 	209 	78 	109 	109 
000477 	209 	78 	109 	109 
000478 	214 	95 	91 	91 
000479 	214 	95 	91 	91 
000480 	214 	95 	91 	91 
000481 	214 	95 	91 	91 
000482 	214 	95 	91 	91 
000483 	214 	95 	91 	91 
000484 	214 	95 	91 	91 
000485 	214 	95 	91 	91 
000486 	209 	90 	109 	109 
000487 	209 	90 	109 	109 
000488 	209 	90 	109 	109 
000489 	209 	90 	109 	109 
000490 	209 	90 	109 	109 
