Identity  : 	id10554
Reference : 	CCbp-IXRYYs
Offset    : 	-1
FV Conf   : 	14.885
ASD Conf  : 	5.454

FRAME 	X 	Y 	W 	H 
006889 	181 	79 	156 	156 
006890 	181 	96 	156 	156 
006891 	181 	96 	156 	156 
006892 	181 	96 	156 	156 
006893 	181 	96 	156 	156 
006894 	181 	96 	156 	156 
006895 	181 	96 	156 	156 
006896 	181 	96 	156 	156 
006897 	181 	96 	156 	156 
006898 	181 	96 	156 	156 
006899 	181 	96 	156 	156 
006900 	181 	96 	156 	156 
006901 	181 	96 	156 	156 
006902 	181 	96 	156 	156 
006903 	181 	96 	156 	156 
006904 	181 	96 	156 	156 
006905 	181 	96 	156 	156 
006906 	181 	96 	156 	156 
006907 	199 	96 	155 	156 
006908 	199 	96 	155 	156 
006909 	199 	96 	155 	156 
006910 	199 	96 	155 	156 
006911 	199 	96 	155 	156 
006912 	223 	109 	130 	130 
006913 	223 	109 	130 	130 
006914 	223 	109 	130 	130 
006915 	223 	109 	130 	130 
006916 	216 	96 	156 	156 
006917 	216 	96 	156 	156 
006918 	216 	96 	156 	156 
006919 	233 	79 	156 	156 
006920 	233 	79 	156 	156 
006921 	233 	79 	156 	156 
006922 	237 	109 	130 	130 
006923 	237 	109 	130 	130 
006924 	216 	96 	156 	156 
006925 	216 	96 	156 	156 
006926 	233 	79 	156 	156 
006927 	233 	79 	156 	156 
006928 	233 	79 	156 	156 
006929 	233 	79 	156 	156 
006930 	237 	109 	130 	130 
006931 	237 	109 	130 	130 
006932 	216 	96 	156 	156 
006933 	216 	96 	156 	156 
006934 	216 	96 	156 	156 
006935 	223 	109 	130 	130 
006936 	199 	96 	155 	156 
006937 	199 	96 	155 	156 
006938 	199 	96 	155 	156 
006939 	199 	96 	155 	156 
006940 	208 	109 	130 	130 
006941 	208 	109 	130 	130 
006942 	199 	96 	155 	156 
006943 	199 	96 	155 	156 
006944 	199 	96 	155 	156 
006945 	199 	96 	155 	156 
006946 	199 	96 	155 	156 
006947 	199 	96 	155 	156 
006948 	199 	96 	155 	156 
006949 	199 	96 	155 	156 
006950 	199 	96 	155 	156 
006951 	199 	96 	155 	156 
006952 	199 	96 	155 	156 
006953 	199 	96 	155 	156 
006954 	199 	96 	155 	156 
006955 	199 	96 	155 	156 
006956 	199 	96 	155 	156 
006957 	199 	96 	155 	156 
006958 	199 	96 	155 	156 
006959 	199 	96 	155 	156 
006960 	199 	96 	155 	156 
006961 	199 	96 	155 	156 
006962 	199 	96 	155 	156 
006963 	199 	96 	155 	156 
006964 	199 	96 	155 	156 
006965 	199 	96 	155 	156 
006966 	199 	96 	155 	156 
006967 	199 	96 	155 	156 
006968 	199 	96 	155 	156 
006969 	199 	96 	155 	156 
006970 	199 	96 	155 	156 
006971 	208 	109 	130 	130 
006972 	199 	96 	155 	156 
006973 	199 	96 	155 	156 
006974 	199 	96 	155 	156 
006975 	199 	96 	155 	156 
006976 	199 	96 	155 	156 
006977 	199 	96 	155 	156 
006978 	199 	96 	155 	156 
006979 	199 	96 	155 	156 
006980 	199 	96 	155 	156 
006981 	199 	96 	155 	156 
006982 	199 	96 	155 	156 
006983 	199 	96 	155 	156 
006984 	199 	96 	155 	156 
006985 	199 	96 	155 	156 
006986 	199 	96 	155 	156 
006987 	199 	96 	155 	156 
006988 	199 	96 	155 	156 
006989 	199 	96 	155 	156 
006990 	199 	96 	155 	156 
006991 	199 	96 	155 	156 
006992 	199 	96 	155 	156 
006993 	199 	96 	155 	156 
