Identity  : 	id10259
Reference : 	RhtEKbRiTnU
Offset    : 	0
FV Conf   : 	24.885
ASD Conf  : 	6.244

FRAME 	X 	Y 	W 	H 
005561 	223 	51 	130 	130 
005562 	223 	51 	130 	130 
005563 	223 	51 	130 	130 
005564 	223 	51 	130 	130 
005565 	223 	51 	130 	130 
005566 	223 	51 	130 	130 
005567 	237 	51 	130 	130 
005568 	237 	51 	130 	130 
005569 	237 	51 	130 	130 
005570 	216 	44 	156 	156 
005571 	216 	44 	156 	156 
005572 	223 	51 	130 	130 
005573 	223 	51 	130 	130 
005574 	223 	66 	130 	130 
005575 	223 	66 	130 	130 
005576 	223 	66 	130 	130 
005577 	223 	66 	130 	130 
005578 	223 	66 	130 	130 
005579 	223 	66 	130 	130 
005580 	223 	66 	130 	130 
005581 	223 	66 	130 	130 
005582 	223 	66 	130 	130 
005583 	223 	66 	130 	130 
005584 	223 	66 	130 	130 
005585 	223 	66 	130 	130 
005586 	223 	66 	130 	130 
005587 	223 	66 	130 	130 
005588 	223 	66 	130 	130 
005589 	223 	66 	130 	130 
005590 	223 	66 	130 	130 
005591 	223 	66 	130 	130 
005592 	223 	66 	130 	130 
005593 	223 	66 	130 	130 
005594 	199 	62 	155 	155 
005595 	199 	62 	155 	155 
005596 	223 	80 	130 	130 
005597 	223 	80 	130 	130 
005598 	223 	80 	130 	130 
005599 	223 	66 	130 	130 
005600 	223 	66 	130 	130 
005601 	223 	66 	130 	130 
005602 	223 	66 	130 	130 
005603 	223 	66 	130 	130 
005604 	223 	66 	130 	130 
005605 	223 	66 	130 	130 
005606 	223 	66 	130 	130 
005607 	216 	62 	156 	155 
005608 	216 	62 	156 	155 
005609 	216 	62 	156 	155 
005610 	223 	66 	130 	130 
005611 	223 	66 	130 	130 
005612 	223 	66 	130 	130 
005613 	223 	66 	130 	130 
005614 	223 	66 	130 	130 
005615 	223 	66 	130 	130 
005616 	223 	66 	130 	130 
005617 	223 	66 	130 	130 
005618 	223 	66 	130 	130 
005619 	223 	66 	130 	130 
005620 	223 	66 	130 	130 
005621 	223 	66 	130 	130 
005622 	223 	66 	130 	130 
005623 	223 	66 	130 	130 
005624 	223 	66 	130 	130 
005625 	223 	51 	130 	130 
005626 	223 	51 	130 	130 
005627 	223 	51 	130 	130 
005628 	223 	51 	130 	130 
005629 	223 	51 	130 	130 
005630 	223 	51 	130 	130 
005631 	223 	51 	130 	130 
005632 	223 	51 	130 	130 
005633 	223 	66 	130 	130 
005634 	223 	51 	130 	130 
005635 	223 	51 	130 	130 
005636 	223 	51 	130 	130 
005637 	223 	51 	130 	130 
005638 	223 	51 	130 	130 
005639 	223 	66 	130 	130 
005640 	223 	66 	130 	130 
005641 	223 	66 	130 	130 
005642 	223 	66 	130 	130 
005643 	199 	44 	155 	156 
005644 	208 	51 	130 	130 
005645 	208 	51 	130 	130 
005646 	208 	51 	130 	130 
005647 	223 	51 	130 	130 
005648 	223 	51 	130 	130 
005649 	223 	51 	130 	130 
005650 	223 	37 	130 	130 
005651 	223 	37 	130 	130 
005652 	208 	37 	130 	130 
005653 	208 	37 	130 	130 
005654 	208 	37 	130 	130 
005655 	208 	37 	130 	130 
005656 	208 	37 	130 	130 
005657 	208 	51 	130 	130 
005658 	223 	51 	130 	130 
005659 	223 	51 	130 	130 
005660 	223 	51 	130 	130 
005661 	223 	51 	130 	130 
005662 	223 	51 	130 	130 
005663 	223 	51 	130 	130 
005664 	223 	51 	130 	130 
005665 	223 	51 	130 	130 
005666 	223 	51 	130 	130 
005667 	223 	51 	130 	130 
005668 	223 	51 	130 	130 
005669 	237 	51 	130 	130 
005670 	237 	51 	130 	130 
005671 	237 	66 	130 	130 
005672 	237 	66 	130 	130 
005673 	237 	66 	130 	130 
005674 	237 	66 	130 	130 
005675 	237 	66 	130 	130 
005676 	237 	66 	130 	130 
005677 	237 	66 	130 	130 
005678 	237 	66 	130 	130 
005679 	237 	66 	130 	130 
005680 	237 	66 	130 	130 
005681 	237 	66 	130 	130 
005682 	237 	66 	130 	130 
005683 	237 	66 	130 	130 
005684 	237 	66 	130 	130 
005685 	216 	44 	156 	156 
005686 	223 	66 	130 	130 
005687 	223 	66 	130 	130 
005688 	223 	51 	130 	130 
005689 	223 	51 	130 	130 
005690 	223 	51 	130 	130 
005691 	223 	51 	130 	130 
005692 	223 	51 	130 	130 
005693 	223 	51 	130 	130 
005694 	199 	44 	155 	156 
005695 	199 	44 	155 	156 
005696 	199 	44 	155 	156 
005697 	208 	66 	130 	130 
005698 	208 	66 	130 	130 
005699 	199 	44 	155 	156 
005700 	199 	44 	155 	156 
005701 	208 	51 	130 	130 
005702 	208 	51 	130 	130 
005703 	199 	44 	155 	156 
005704 	199 	44 	155 	156 
005705 	199 	44 	155 	156 
005706 	199 	44 	155 	156 
005707 	199 	44 	155 	156 
005708 	199 	44 	155 	156 
005709 	199 	44 	155 	156 
005710 	208 	51 	130 	130 
005711 	199 	44 	155 	156 
005712 	199 	44 	155 	156 
005713 	199 	44 	155 	156 
005714 	208 	66 	130 	130 
005715 	208 	66 	130 	130 
005716 	208 	66 	130 	130 
005717 	208 	66 	130 	130 
005718 	208 	66 	130 	130 
005719 	208 	66 	130 	130 
005720 	208 	66 	130 	130 
005721 	208 	66 	130 	130 
005722 	208 	66 	130 	130 
