Identity  : 	id10839
Reference : 	I_Edoo9lEOM
Offset    : 	1
FV Conf   : 	19.816
ASD Conf  : 	6.319

FRAME 	X 	Y 	W 	H 
007175 	275 	74 	45 	44 
007176 	275 	74 	45 	44 
007177 	277 	78 	37 	37 
007178 	277 	78 	37 	37 
007179 	275 	74 	45 	44 
007180 	275 	74 	45 	44 
007181 	275 	74 	45 	44 
007182 	277 	78 	37 	37 
007183 	271 	74 	44 	44 
007184 	271 	74 	44 	44 
007185 	271 	74 	44 	44 
007186 	271 	74 	44 	44 
007187 	271 	74 	44 	44 
007188 	271 	74 	44 	44 
007189 	271 	74 	44 	44 
007190 	271 	74 	44 	44 
007191 	271 	74 	44 	44 
007192 	271 	74 	44 	44 
007193 	271 	74 	44 	44 
007194 	266 	74 	44 	44 
007195 	266 	74 	44 	44 
007196 	266 	69 	44 	45 
007197 	266 	69 	44 	45 
007198 	266 	69 	44 	45 
007199 	266 	69 	44 	45 
007200 	266 	69 	44 	45 
007201 	266 	69 	44 	45 
007202 	266 	69 	44 	45 
007203 	262 	66 	52 	53 
007204 	271 	69 	44 	45 
007205 	271 	69 	44 	45 
007206 	271 	69 	44 	45 
007207 	271 	69 	44 	45 
007208 	275 	69 	45 	45 
007209 	275 	69 	45 	45 
007210 	275 	69 	45 	45 
007211 	275 	69 	45 	45 
007212 	281 	74 	37 	37 
007213 	280 	69 	44 	45 
007214 	280 	69 	44 	45 
007215 	280 	69 	44 	45 
007216 	280 	69 	44 	45 
007217 	280 	69 	44 	45 
007218 	280 	69 	44 	45 
007219 	280 	69 	44 	45 
007220 	280 	69 	44 	45 
007221 	280 	69 	44 	45 
007222 	280 	69 	44 	45 
007223 	280 	69 	44 	45 
007224 	280 	69 	44 	45 
007225 	273 	66 	53 	53 
007226 	273 	66 	53 	53 
007227 	273 	66 	53 	53 
007228 	275 	69 	45 	45 
007229 	275 	69 	45 	45 
007230 	275 	69 	45 	45 
007231 	275 	69 	45 	45 
007232 	275 	69 	45 	45 
007233 	275 	69 	45 	45 
007234 	275 	69 	45 	45 
007235 	275 	69 	45 	45 
007236 	275 	69 	45 	45 
007237 	275 	69 	45 	45 
007238 	275 	69 	45 	45 
007239 	277 	74 	37 	37 
007240 	275 	69 	45 	45 
007241 	275 	69 	45 	45 
007242 	275 	69 	45 	45 
007243 	275 	69 	45 	45 
007244 	275 	69 	45 	45 
007245 	275 	69 	45 	45 
007246 	275 	69 	45 	45 
007247 	275 	69 	45 	45 
007248 	275 	69 	45 	45 
007249 	277 	74 	37 	37 
007250 	277 	74 	37 	37 
007251 	277 	74 	37 	37 
007252 	277 	74 	37 	37 
007253 	277 	74 	37 	37 
007254 	271 	74 	44 	44 
007255 	271 	74 	44 	44 
007256 	277 	74 	37 	37 
007257 	277 	74 	37 	37 
007258 	277 	74 	37 	37 
007259 	277 	74 	37 	37 
007260 	277 	74 	37 	37 
007261 	277 	74 	37 	37 
007262 	277 	74 	37 	37 
007263 	277 	74 	37 	37 
007264 	275 	74 	45 	44 
007265 	275 	74 	45 	44 
007266 	277 	74 	37 	37 
007267 	275 	74 	45 	44 
007268 	275 	74 	45 	44 
007269 	275 	69 	45 	45 
007270 	275 	74 	45 	44 
007271 	275 	69 	45 	45 
007272 	275 	69 	45 	45 
007273 	275 	69 	45 	45 
007274 	277 	74 	37 	37 
007275 	277 	74 	37 	37 
007276 	275 	69 	45 	45 
007277 	277 	74 	37 	37 
007278 	275 	69 	45 	45 
007279 	275 	69 	45 	45 
007280 	275 	69 	45 	45 
007281 	275 	69 	45 	45 
007282 	277 	74 	37 	37 
007283 	277 	74 	37 	37 
007284 	277 	74 	37 	37 
007285 	277 	74 	37 	37 
007286 	275 	69 	45 	45 
007287 	277 	74 	37 	37 
007288 	277 	74 	37 	37 
007289 	277 	74 	37 	37 
007290 	277 	74 	37 	37 
007291 	277 	74 	37 	37 
007292 	277 	74 	37 	37 
007293 	277 	74 	37 	37 
007294 	277 	78 	37 	37 
007295 	277 	78 	37 	37 
007296 	277 	78 	37 	37 
007297 	277 	78 	37 	37 
007298 	277 	78 	37 	37 
007299 	277 	78 	37 	37 
007300 	277 	78 	37 	37 
007301 	277 	78 	37 	37 
007302 	275 	74 	45 	44 
007303 	275 	74 	45 	44 
007304 	275 	74 	45 	44 
007305 	275 	74 	45 	44 
007306 	275 	74 	45 	44 
007307 	275 	74 	45 	44 
007308 	275 	74 	45 	44 
007309 	275 	74 	45 	44 
007310 	275 	74 	45 	44 
007311 	275 	74 	45 	44 
007312 	275 	74 	45 	44 
007313 	275 	74 	45 	44 
007314 	275 	74 	45 	44 
007315 	275 	74 	45 	44 
007316 	275 	74 	45 	44 
007317 	275 	74 	45 	44 
007318 	275 	74 	45 	44 
007319 	275 	74 	45 	44 
007320 	275 	74 	45 	44 
007321 	275 	74 	45 	44 
007322 	275 	74 	45 	44 
007323 	275 	74 	45 	44 
007324 	275 	74 	45 	44 
007325 	281 	74 	37 	37 
007326 	281 	74 	37 	37 
007327 	281 	74 	37 	37 
007328 	275 	74 	45 	44 
007329 	275 	74 	45 	44 
007330 	275 	74 	45 	44 
007331 	281 	74 	37 	37 
007332 	281 	74 	37 	37 
007333 	275 	69 	45 	45 
007334 	275 	69 	45 	45 
007335 	275 	69 	45 	45 
007336 	275 	69 	45 	45 
007337 	275 	69 	45 	45 
007338 	275 	69 	45 	45 
007339 	277 	74 	37 	37 
007340 	271 	69 	44 	45 
007341 	271 	69 	44 	45 
007342 	271 	69 	44 	45 
007343 	277 	74 	37 	37 
007344 	271 	74 	44 	44 
007345 	271 	74 	44 	44 
007346 	271 	74 	44 	44 
007347 	271 	74 	44 	44 
007348 	271 	74 	44 	44 
007349 	271 	74 	44 	44 
007350 	271 	74 	44 	44 
007351 	271 	74 	44 	44 
007352 	271 	74 	44 	44 
007353 	271 	74 	44 	44 
007354 	271 	74 	44 	44 
007355 	271 	74 	44 	44 
007356 	271 	74 	44 	44 
007357 	271 	74 	44 	44 
007358 	271 	74 	44 	44 
007359 	271 	69 	44 	45 
007360 	271 	69 	44 	45 
007361 	271 	69 	44 	45 
007362 	271 	69 	44 	45 
007363 	271 	69 	44 	45 
007364 	271 	69 	44 	45 
007365 	271 	69 	44 	45 
007366 	277 	74 	37 	37 
007367 	275 	69 	45 	45 
007368 	275 	69 	45 	45 
007369 	275 	69 	45 	45 
007370 	277 	74 	37 	37 
007371 	277 	74 	37 	37 
007372 	275 	74 	45 	44 
007373 	275 	74 	45 	44 
007374 	275 	74 	45 	44 
007375 	275 	74 	45 	44 
007376 	275 	69 	45 	45 
007377 	275 	74 	45 	44 
007378 	275 	74 	45 	44 
007379 	275 	74 	45 	44 
007380 	275 	74 	45 	44 
007381 	275 	74 	45 	44 
007382 	275 	74 	45 	44 
007383 	275 	74 	45 	44 
007384 	275 	74 	45 	44 
007385 	281 	74 	37 	37 
007386 	281 	74 	37 	37 
007387 	281 	74 	37 	37 
007388 	281 	74 	37 	37 
007389 	275 	69 	45 	45 
007390 	275 	69 	45 	45 
007391 	275 	69 	45 	45 
007392 	275 	69 	45 	45 
007393 	275 	69 	45 	45 
007394 	275 	69 	45 	45 
007395 	275 	69 	45 	45 
007396 	275 	69 	45 	45 
007397 	275 	69 	45 	45 
007398 	275 	69 	45 	45 
007399 	275 	69 	45 	45 
007400 	275 	69 	45 	45 
007401 	275 	69 	45 	45 
007402 	275 	74 	45 	44 
007403 	275 	74 	45 	44 
007404 	275 	74 	45 	44 
007405 	275 	74 	45 	44 
007406 	275 	74 	45 	44 
007407 	275 	74 	45 	44 
007408 	275 	74 	45 	44 
007409 	275 	74 	45 	44 
007410 	275 	74 	45 	44 
007411 	275 	74 	45 	44 
007412 	277 	74 	37 	37 
007413 	277 	74 	37 	37 
007414 	275 	69 	45 	45 
007415 	277 	74 	37 	37 
007416 	277 	74 	37 	37 
007417 	277 	74 	37 	37 
007418 	275 	69 	45 	45 
007419 	275 	69 	45 	45 
007420 	277 	74 	37 	37 
007421 	277 	74 	37 	37 
007422 	277 	74 	37 	37 
007423 	277 	74 	37 	37 
007424 	275 	74 	45 	44 
007425 	277 	74 	37 	37 
007426 	275 	69 	45 	45 
007427 	277 	74 	37 	37 
007428 	275 	74 	45 	44 
007429 	275 	74 	45 	44 
007430 	275 	74 	45 	44 
007431 	275 	74 	45 	44 
007432 	275 	74 	45 	44 
