Identity  : 	id10666
Reference : 	TuaGHhexG9U
Offset    : 	-2
FV Conf   : 	18.182
ASD Conf  : 	7.198

FRAME 	X 	Y 	W 	H 
010132 	173 	78 	109 	109 
010133 	173 	78 	109 	109 
010134 	173 	78 	109 	109 
010135 	173 	78 	109 	109 
010136 	173 	78 	109 	109 
010137 	173 	78 	109 	109 
010138 	173 	78 	109 	109 
010139 	194 	85 	91 	91 
010140 	194 	85 	91 	91 
010141 	185 	78 	109 	109 
010142 	185 	78 	109 	109 
010143 	185 	78 	109 	109 
010144 	185 	78 	109 	109 
010145 	185 	78 	109 	109 
010146 	185 	78 	109 	109 
010147 	185 	78 	109 	109 
010148 	185 	78 	109 	109 
010149 	185 	78 	109 	109 
010150 	185 	78 	109 	109 
010151 	185 	78 	109 	109 
010152 	185 	78 	109 	109 
010153 	185 	78 	109 	109 
010154 	185 	78 	109 	109 
010155 	185 	78 	109 	109 
010156 	185 	78 	109 	109 
010157 	185 	78 	109 	109 
010158 	185 	78 	109 	109 
010159 	185 	78 	109 	109 
010160 	185 	78 	109 	109 
010161 	185 	90 	109 	109 
010162 	185 	90 	109 	109 
010163 	204 	105 	91 	91 
010164 	204 	105 	91 	91 
010165 	204 	105 	91 	91 
010166 	204 	105 	91 	91 
010167 	204 	105 	91 	91 
010168 	204 	105 	91 	91 
010169 	197 	90 	109 	109 
010170 	197 	90 	109 	109 
010171 	197 	90 	109 	109 
010172 	197 	90 	109 	109 
010173 	197 	90 	109 	109 
010174 	197 	90 	109 	109 
010175 	197 	90 	109 	109 
010176 	197 	90 	109 	109 
010177 	197 	90 	109 	109 
010178 	197 	90 	109 	109 
010179 	197 	90 	109 	109 
010180 	197 	90 	109 	109 
010181 	197 	90 	109 	109 
010182 	197 	90 	109 	109 
010183 	197 	90 	109 	109 
010184 	197 	90 	109 	109 
010185 	197 	90 	109 	109 
010186 	204 	95 	91 	91 
010187 	185 	78 	109 	109 
010188 	185 	78 	109 	109 
010189 	185 	78 	109 	109 
010190 	185 	78 	109 	109 
010191 	185 	78 	109 	109 
010192 	185 	78 	109 	109 
010193 	173 	78 	109 	109 
010194 	173 	78 	109 	109 
010195 	173 	78 	109 	109 
010196 	173 	78 	109 	109 
010197 	173 	78 	109 	109 
010198 	173 	66 	109 	109 
010199 	173 	66 	109 	109 
010200 	173 	66 	109 	109 
010201 	161 	66 	109 	109 
010202 	161 	66 	109 	109 
010203 	161 	66 	109 	109 
010204 	161 	66 	109 	109 
010205 	161 	66 	109 	109 
010206 	161 	66 	109 	109 
010207 	161 	66 	109 	109 
010208 	161 	66 	109 	109 
010209 	161 	66 	109 	109 
010210 	161 	66 	109 	109 
010211 	161 	66 	109 	109 
010212 	161 	66 	109 	109 
010213 	161 	66 	109 	109 
010214 	161 	66 	109 	109 
010215 	174 	85 	91 	91 
010216 	174 	85 	91 	91 
010217 	174 	85 	91 	91 
010218 	174 	85 	91 	91 
010219 	173 	66 	109 	109 
010220 	173 	66 	109 	109 
010221 	194 	85 	91 	91 
010222 	185 	66 	109 	109 
010223 	185 	66 	109 	109 
010224 	185 	78 	109 	109 
010225 	185 	78 	109 	109 
010226 	185 	78 	109 	109 
010227 	185 	78 	109 	109 
010228 	194 	85 	91 	91 
010229 	184 	85 	91 	91 
010230 	173 	66 	109 	109 
010231 	173 	66 	109 	109 
010232 	173 	66 	109 	109 
010233 	173 	66 	109 	109 
010234 	173 	66 	109 	109 
010235 	173 	66 	109 	109 
010236 	173 	66 	109 	109 
010237 	173 	78 	109 	109 
010238 	173 	78 	109 	109 
010239 	173 	78 	109 	109 
010240 	174 	85 	91 	91 
010241 	161 	78 	109 	109 
010242 	174 	95 	91 	91 
010243 	174 	95 	91 	91 
010244 	174 	95 	91 	91 
010245 	174 	95 	91 	91 
010246 	174 	95 	91 	91 
010247 	174 	95 	91 	91 
010248 	174 	95 	91 	91 
010249 	174 	95 	91 	91 
010250 	174 	95 	91 	91 
010251 	174 	95 	91 	91 
010252 	174 	95 	91 	91 
010253 	174 	95 	91 	91 
010254 	174 	95 	91 	91 
010255 	174 	95 	91 	91 
010256 	174 	95 	91 	91 
010257 	174 	95 	91 	91 
010258 	174 	95 	91 	91 
010259 	174 	95 	91 	91 
010260 	161 	78 	109 	109 
010261 	161 	78 	109 	109 
010262 	161 	78 	109 	109 
010263 	161 	78 	109 	109 
010264 	161 	78 	109 	109 
010265 	161 	78 	109 	109 
010266 	161 	78 	109 	109 
010267 	161 	78 	109 	109 
010268 	161 	78 	109 	109 
010269 	161 	78 	109 	109 
010270 	161 	78 	109 	109 
010271 	161 	78 	109 	109 
010272 	161 	78 	109 	109 
010273 	161 	78 	109 	109 
010274 	161 	78 	109 	109 
010275 	174 	95 	91 	91 
010276 	173 	90 	109 	109 
010277 	173 	90 	109 	109 
010278 	184 	95 	91 	91 
010279 	184 	95 	91 	91 
010280 	173 	78 	109 	109 
010281 	173 	78 	109 	109 
010282 	174 	95 	91 	91 
010283 	174 	95 	91 	91 
010284 	161 	78 	109 	109 
010285 	174 	95 	91 	91 
010286 	174 	95 	91 	91 
010287 	161 	90 	109 	109 
010288 	161 	90 	109 	109 
010289 	161 	90 	109 	109 
010290 	161 	90 	109 	109 
010291 	161 	90 	109 	109 
010292 	161 	90 	109 	109 
010293 	161 	78 	109 	109 
010294 	161 	78 	109 	109 
010295 	161 	78 	109 	109 
010296 	161 	78 	109 	109 
010297 	161 	78 	109 	109 
010298 	161 	78 	109 	109 
010299 	161 	78 	109 	109 
010300 	161 	78 	109 	109 
010301 	173 	78 	109 	109 
010302 	173 	78 	109 	109 
010303 	173 	78 	109 	109 
010304 	173 	78 	109 	109 
010305 	173 	78 	109 	109 
010306 	173 	78 	109 	109 
010307 	173 	78 	109 	109 
010308 	173 	78 	109 	109 
010309 	173 	78 	109 	109 
010310 	173 	78 	109 	109 
010311 	173 	78 	109 	109 
010312 	173 	66 	109 	109 
010313 	173 	78 	109 	109 
010314 	173 	78 	109 	109 
010315 	173 	78 	109 	109 
010316 	173 	78 	109 	109 
010317 	173 	78 	109 	109 
010318 	173 	78 	109 	109 
010319 	173 	78 	109 	109 
010320 	173 	78 	109 	109 
010321 	184 	85 	91 	91 
010322 	184 	85 	91 	91 
010323 	173 	66 	109 	109 
010324 	173 	66 	109 	109 
010325 	173 	66 	109 	109 
010326 	173 	66 	109 	109 
010327 	173 	66 	109 	109 
010328 	173 	66 	109 	109 
010329 	173 	66 	109 	109 
010330 	173 	66 	109 	109 
010331 	184 	85 	91 	91 
010332 	185 	78 	109 	109 
010333 	185 	78 	109 	109 
010334 	185 	78 	109 	109 
010335 	185 	78 	109 	109 
010336 	185 	78 	109 	109 
010337 	185 	78 	109 	109 
010338 	185 	78 	109 	109 
010339 	185 	78 	109 	109 
010340 	185 	78 	109 	109 
010341 	185 	78 	109 	109 
010342 	185 	78 	109 	109 
010343 	204 	95 	91 	91 
010344 	204 	95 	91 	91 
010345 	204 	95 	91 	91 
010346 	204 	95 	91 	91 
010347 	204 	95 	91 	91 
010348 	204 	95 	91 	91 
010349 	204 	95 	91 	91 
010350 	204 	95 	91 	91 
010351 	204 	95 	91 	91 
010352 	204 	95 	91 	91 
010353 	204 	95 	91 	91 
010354 	204 	95 	91 	91 
010355 	204 	95 	91 	91 
010356 	204 	95 	91 	91 
010357 	204 	95 	91 	91 
010358 	185 	78 	109 	109 
010359 	185 	78 	109 	109 
010360 	204 	95 	91 	91 
010361 	194 	95 	91 	91 
010362 	194 	95 	91 	91 
010363 	194 	95 	91 	91 
010364 	185 	78 	109 	109 
010365 	185 	78 	109 	109 
010366 	185 	78 	109 	109 
010367 	185 	78 	109 	109 
010368 	185 	78 	109 	109 
010369 	185 	78 	109 	109 
010370 	185 	78 	109 	109 
010371 	185 	78 	109 	109 
010372 	185 	78 	109 	109 
010373 	185 	78 	109 	109 
010374 	185 	78 	109 	109 
010375 	185 	78 	109 	109 
010376 	185 	78 	109 	109 
010377 	185 	78 	109 	109 
010378 	185 	78 	109 	109 
010379 	185 	78 	109 	109 
010380 	185 	78 	109 	109 
010381 	185 	78 	109 	109 
010382 	185 	78 	109 	109 
010383 	185 	78 	109 	109 
010384 	185 	78 	109 	109 
010385 	185 	78 	109 	109 
010386 	185 	78 	109 	109 
010387 	184 	78 	109 	109 
010388 	182 	78 	109 	109 
010389 	181 	78 	109 	109 
010390 	180 	78 	109 	109 
010391 	178 	78 	109 	109 
010392 	177 	78 	109 	109 
010393 	176 	78 	109 	109 
010394 	174 	78 	109 	109 
010395 	173 	78 	109 	109 
010396 	173 	78 	109 	109 
010397 	173 	78 	109 	109 
010398 	173 	78 	109 	109 
010399 	173 	78 	109 	109 
010400 	173 	78 	109 	109 
010401 	173 	78 	109 	109 
