Identity  : 	id10985
Reference : 	8uxJ3sBk3mQ
Offset    : 	-2
FV Conf   : 	16.310
ASD Conf  : 	8.754

FRAME 	X 	Y 	W 	H 
005954 	302 	79 	156 	156 
005955 	302 	79 	156 	156 
005956 	302 	79 	156 	156 
005957 	302 	79 	156 	156 
005958 	302 	79 	156 	156 
005959 	302 	79 	156 	156 
005960 	302 	79 	156 	156 
005961 	302 	79 	156 	156 
005962 	302 	79 	156 	156 
005963 	302 	79 	156 	156 
005964 	302 	79 	156 	156 
005965 	302 	79 	156 	156 
005966 	302 	79 	156 	156 
005967 	302 	62 	156 	155 
005968 	302 	62 	156 	155 
005969 	302 	62 	156 	155 
005970 	302 	79 	156 	156 
005971 	302 	79 	156 	156 
005972 	302 	79 	156 	156 
005973 	302 	79 	156 	156 
005974 	302 	79 	156 	156 
005975 	309 	80 	130 	130 
005976 	309 	80 	130 	130 
005977 	285 	62 	155 	155 
005978 	294 	80 	130 	130 
005979 	294 	80 	130 	130 
005980 	285 	79 	155 	156 
005981 	294 	94 	130 	130 
005982 	294 	94 	130 	130 
005983 	294 	94 	130 	130 
005984 	294 	94 	130 	130 
005985 	267 	62 	156 	155 
005986 	267 	62 	156 	155 
005987 	267 	62 	156 	155 
005988 	267 	79 	156 	156 
005989 	267 	79 	156 	156 
005990 	267 	79 	156 	156 
005991 	267 	79 	156 	156 
005992 	267 	79 	156 	156 
005993 	267 	79 	156 	156 
005994 	267 	79 	156 	156 
005995 	267 	62 	156 	155 
005996 	267 	62 	156 	155 
005997 	267 	62 	156 	155 
005998 	267 	62 	156 	155 
005999 	267 	62 	156 	155 
006000 	267 	62 	156 	155 
006001 	267 	79 	156 	156 
006002 	267 	62 	156 	155 
006003 	267 	62 	156 	155 
006004 	267 	62 	156 	155 
006005 	267 	62 	156 	155 
006006 	267 	62 	156 	155 
006007 	267 	62 	156 	155 
006008 	267 	62 	156 	155 
006009 	267 	62 	156 	155 
006010 	267 	62 	156 	155 
006011 	285 	62 	155 	155 
006012 	285 	62 	155 	155 
006013 	285 	62 	155 	155 
006014 	285 	62 	155 	155 
006015 	285 	62 	155 	155 
006016 	285 	62 	155 	155 
006017 	285 	62 	155 	155 
006018 	285 	62 	155 	155 
006019 	294 	80 	130 	130 
006020 	294 	80 	130 	130 
006021 	294 	80 	130 	130 
006022 	294 	80 	130 	130 
006023 	294 	80 	130 	130 
006024 	294 	80 	130 	130 
006025 	294 	80 	130 	130 
006026 	285 	62 	155 	155 
006027 	285 	62 	155 	155 
006028 	285 	62 	155 	155 
006029 	285 	62 	155 	155 
006030 	285 	62 	155 	155 
006031 	285 	79 	155 	156 
006032 	285 	79 	155 	156 
006033 	285 	79 	155 	156 
006034 	285 	79 	155 	156 
006035 	285 	79 	155 	156 
006036 	309 	94 	130 	130 
006037 	309 	94 	130 	130 
006038 	309 	94 	130 	130 
006039 	302 	79 	156 	156 
006040 	302 	79 	156 	156 
006041 	302 	79 	156 	156 
006042 	323 	94 	130 	130 
006043 	323 	94 	130 	130 
006044 	323 	94 	130 	130 
006045 	323 	94 	130 	130 
006046 	323 	94 	130 	130 
006047 	323 	94 	130 	130 
006048 	323 	94 	130 	130 
006049 	323 	94 	130 	130 
006050 	323 	94 	130 	130 
006051 	323 	94 	130 	130 
006052 	323 	94 	130 	130 
006053 	323 	94 	130 	130 
006054 	323 	94 	130 	130 
006055 	323 	94 	130 	130 
006056 	323 	94 	130 	130 
006057 	302 	79 	156 	156 
006058 	302 	79 	156 	156 
006059 	302 	96 	156 	156 
006060 	302 	79 	156 	156 
006061 	302 	96 	156 	156 
006062 	302 	96 	156 	156 
006063 	302 	96 	156 	156 
006064 	302 	96 	156 	156 
006065 	323 	94 	130 	130 
006066 	323 	94 	130 	130 
006067 	323 	94 	130 	130 
006068 	323 	94 	130 	130 
006069 	319 	96 	156 	156 
006070 	319 	96 	156 	156 
006071 	319 	96 	156 	156 
006072 	319 	96 	156 	156 
006073 	319 	96 	156 	156 
006074 	336 	96 	156 	156 
