Identity  : 	id10481
Reference : 	4DqbW56dDDM
Offset    : 	-2
FV Conf   : 	17.484
ASD Conf  : 	6.821

FRAME 	X 	Y 	W 	H 
003123 	194 	115 	91 	91 
003124 	194 	115 	91 	91 
003125 	194 	115 	91 	91 
003126 	184 	105 	91 	91 
003127 	184 	105 	91 	91 
003128 	184 	115 	91 	91 
003129 	184 	115 	91 	91 
003130 	184 	115 	91 	91 
003131 	185 	102 	109 	109 
003132 	185 	102 	109 	109 
003133 	185 	102 	109 	109 
003134 	185 	102 	109 	109 
003135 	185 	102 	109 	109 
003136 	194 	115 	91 	91 
003137 	184 	115 	91 	91 
003138 	184 	115 	91 	91 
003139 	184 	115 	91 	91 
003140 	184 	115 	91 	91 
003141 	174 	125 	91 	90 
003142 	178 	137 	76 	76 
003143 	164 	135 	91 	90 
003144 	154 	135 	91 	90 
003145 	154 	145 	91 	90 
003146 	154 	145 	91 	90 
003147 	154 	145 	91 	90 
003148 	170 	145 	75 	76 
003149 	170 	145 	75 	76 
003150 	164 	135 	91 	90 
003151 	164 	135 	91 	90 
003152 	178 	137 	76 	76 
003153 	178 	137 	76 	76 
003154 	178 	129 	76 	75 
003155 	178 	129 	76 	75 
003156 	178 	121 	76 	75 
003157 	174 	115 	91 	91 
003158 	174 	115 	91 	91 
003159 	174 	115 	91 	91 
003160 	164 	115 	91 	91 
003161 	164 	105 	91 	91 
003162 	164 	115 	91 	91 
003163 	161 	102 	109 	109 
003164 	161 	102 	109 	109 
003165 	161 	102 	109 	109 
003166 	174 	115 	91 	91 
003167 	174 	115 	91 	91 
003168 	174 	115 	91 	91 
003169 	174 	115 	91 	91 
003170 	174 	115 	91 	91 
003171 	174 	115 	91 	91 
003172 	174 	115 	91 	91 
003173 	174 	115 	91 	91 
003174 	174 	115 	91 	91 
003175 	174 	115 	91 	91 
003176 	174 	115 	91 	91 
003177 	174 	115 	91 	91 
003178 	173 	102 	109 	109 
003179 	173 	102 	109 	109 
003180 	173 	102 	109 	109 
003181 	173 	102 	109 	109 
003182 	174 	115 	91 	91 
003183 	174 	115 	91 	91 
003184 	174 	115 	91 	91 
003185 	174 	115 	91 	91 
003186 	174 	115 	91 	91 
003187 	174 	105 	91 	91 
003188 	174 	115 	91 	91 
003189 	174 	105 	91 	91 
003190 	174 	115 	91 	91 
003191 	174 	115 	91 	91 
003192 	174 	115 	91 	91 
003193 	174 	115 	91 	91 
003194 	174 	115 	91 	91 
003195 	174 	115 	91 	91 
003196 	174 	115 	91 	91 
003197 	174 	115 	91 	91 
003198 	174 	115 	91 	91 
003199 	174 	115 	91 	91 
003200 	174 	115 	91 	91 
003201 	174 	115 	91 	91 
003202 	174 	115 	91 	91 
003203 	174 	115 	91 	91 
003204 	174 	105 	91 	91 
003205 	174 	105 	91 	91 
003206 	174 	105 	91 	91 
003207 	174 	105 	91 	91 
003208 	174 	105 	91 	91 
003209 	174 	115 	91 	91 
003210 	174 	115 	91 	91 
003211 	174 	115 	91 	91 
003212 	164 	115 	91 	91 
003213 	164 	115 	91 	91 
003214 	164 	115 	91 	91 
003215 	150 	114 	108 	109 
003216 	150 	114 	108 	109 
003217 	154 	115 	91 	91 
003218 	154 	115 	91 	91 
003219 	154 	115 	91 	91 
003220 	154 	115 	91 	91 
003221 	154 	115 	91 	91 
003222 	154 	125 	91 	90 
003223 	154 	125 	91 	90 
003224 	154 	125 	91 	90 
003225 	154 	125 	91 	90 
003226 	154 	125 	91 	90 
003227 	154 	125 	91 	90 
003228 	154 	125 	91 	90 
003229 	154 	125 	91 	90 
003230 	154 	125 	91 	90 
003231 	154 	125 	91 	90 
003232 	154 	125 	91 	90 
003233 	164 	125 	91 	90 
003234 	150 	126 	108 	109 
003235 	164 	135 	91 	90 
003236 	164 	135 	91 	90 
003237 	170 	137 	75 	76 
003238 	164 	125 	91 	90 
003239 	164 	125 	91 	90 
003240 	164 	125 	91 	90 
003241 	164 	125 	91 	90 
003242 	164 	125 	91 	90 
003243 	164 	125 	91 	90 
003244 	164 	135 	91 	90 
003245 	164 	135 	91 	90 
003246 	164 	135 	91 	90 
003247 	164 	135 	91 	90 
003248 	164 	135 	91 	90 
003249 	164 	135 	91 	90 
003250 	174 	125 	91 	90 
003251 	174 	125 	91 	90 
003252 	174 	125 	91 	90 
