Identity  : 	id10324
Reference : 	tXzPMAyLHcY
Offset    : 	-5
FV Conf   : 	21.282
ASD Conf  : 	5.639

FRAME 	X 	Y 	W 	H 
001883 	185 	66 	109 	109 
001884 	185 	66 	109 	109 
001885 	185 	66 	109 	109 
001886 	185 	78 	109 	109 
001887 	185 	78 	109 	109 
001888 	185 	78 	109 	109 
001889 	185 	78 	109 	109 
001890 	185 	78 	109 	109 
001891 	185 	78 	109 	109 
001892 	185 	78 	109 	109 
001893 	185 	78 	109 	109 
001894 	185 	78 	109 	109 
001895 	185 	78 	109 	109 
001896 	185 	78 	109 	109 
001897 	185 	78 	109 	109 
001898 	185 	78 	109 	109 
001899 	185 	78 	109 	109 
001900 	185 	78 	109 	109 
001901 	185 	78 	109 	109 
001902 	180 	66 	130 	130 
001903 	180 	66 	130 	130 
001904 	197 	66 	109 	109 
001905 	197 	66 	109 	109 
001906 	197 	54 	109 	109 
001907 	197 	54 	109 	109 
001908 	197 	54 	109 	109 
001909 	197 	54 	109 	109 
001910 	197 	54 	109 	109 
001911 	197 	66 	109 	109 
001912 	197 	66 	109 	109 
001913 	197 	66 	109 	109 
001914 	197 	66 	109 	109 
001915 	197 	66 	109 	109 
001916 	197 	66 	109 	109 
001917 	197 	66 	109 	109 
001918 	197 	66 	109 	109 
001919 	197 	66 	109 	109 
001920 	197 	66 	109 	109 
001921 	197 	66 	109 	109 
001922 	197 	66 	109 	109 
001923 	209 	66 	109 	109 
001924 	197 	66 	109 	109 
001925 	209 	66 	109 	109 
001926 	197 	66 	109 	109 
001927 	197 	66 	109 	109 
001928 	197 	66 	109 	109 
001929 	197 	66 	109 	109 
001930 	197 	66 	109 	109 
001931 	197 	66 	109 	109 
001932 	197 	66 	109 	109 
001933 	197 	66 	109 	109 
001934 	197 	66 	109 	109 
001935 	197 	66 	109 	109 
001936 	197 	66 	109 	109 
001937 	197 	66 	109 	109 
001938 	197 	66 	109 	109 
001939 	197 	66 	109 	109 
001940 	197 	66 	109 	109 
001941 	197 	66 	109 	109 
001942 	197 	66 	109 	109 
001943 	197 	66 	109 	109 
001944 	197 	66 	109 	109 
001945 	197 	66 	109 	109 
001946 	197 	66 	109 	109 
001947 	197 	66 	109 	109 
001948 	197 	66 	109 	109 
001949 	197 	66 	109 	109 
001950 	197 	66 	109 	109 
001951 	197 	66 	109 	109 
001952 	197 	66 	109 	109 
001953 	197 	66 	109 	109 
001954 	197 	66 	109 	109 
001955 	197 	66 	109 	109 
001956 	197 	66 	109 	109 
001957 	197 	66 	109 	109 
001958 	197 	66 	109 	109 
001959 	197 	66 	109 	109 
001960 	197 	66 	109 	109 
001961 	197 	66 	109 	109 
001962 	197 	78 	109 	109 
001963 	197 	78 	109 	109 
001964 	197 	78 	109 	109 
001965 	197 	78 	109 	109 
001966 	197 	78 	109 	109 
001967 	197 	78 	109 	109 
001968 	197 	78 	109 	109 
001969 	197 	78 	109 	109 
001970 	197 	78 	109 	109 
001971 	197 	78 	109 	109 
001972 	197 	78 	109 	109 
001973 	197 	78 	109 	109 
001974 	197 	78 	109 	109 
001975 	197 	78 	109 	109 
001976 	197 	78 	109 	109 
001977 	197 	78 	109 	109 
001978 	197 	78 	109 	109 
001979 	197 	78 	109 	109 
001980 	197 	78 	109 	109 
001981 	197 	78 	109 	109 
001982 	197 	78 	109 	109 
001983 	197 	78 	109 	109 
001984 	197 	78 	109 	109 
001985 	197 	78 	109 	109 
001986 	197 	78 	109 	109 
001987 	197 	78 	109 	109 
001988 	197 	78 	109 	109 
001989 	197 	78 	109 	109 
001990 	197 	78 	109 	109 
001991 	197 	78 	109 	109 
001992 	197 	78 	109 	109 
001993 	197 	78 	109 	109 
001994 	180 	66 	130 	130 
001995 	185 	78 	109 	109 
001996 	185 	78 	109 	109 
001997 	185 	78 	109 	109 
001998 	185 	78 	109 	109 
001999 	185 	78 	109 	109 
002000 	185 	78 	109 	109 
002001 	185 	78 	109 	109 
002002 	185 	78 	109 	109 
002003 	185 	78 	109 	109 
002004 	185 	78 	109 	109 
