Identity  : 	id10627
Reference : 	dUwbMQZfmgk
Offset    : 	-2
FV Conf   : 	16.575
ASD Conf  : 	6.315

FRAME 	X 	Y 	W 	H 
002740 	114 	85 	91 	91 
002741 	114 	85 	91 	91 
002742 	114 	85 	91 	91 
002743 	114 	85 	91 	91 
002744 	114 	85 	91 	91 
002745 	114 	85 	91 	91 
002746 	114 	85 	91 	91 
002747 	114 	85 	91 	91 
002748 	114 	85 	91 	91 
002749 	114 	85 	91 	91 
002750 	114 	85 	91 	91 
002751 	114 	85 	91 	91 
002752 	114 	85 	91 	91 
002753 	120 	96 	76 	75 
002754 	120 	96 	76 	75 
002755 	120 	96 	76 	75 
002756 	120 	96 	76 	75 
002757 	120 	96 	76 	75 
002758 	120 	96 	76 	75 
002759 	120 	96 	76 	75 
002760 	120 	96 	76 	75 
002761 	120 	96 	76 	75 
002762 	120 	96 	76 	75 
002763 	114 	85 	91 	91 
002764 	114 	85 	91 	91 
002765 	114 	85 	91 	91 
002766 	114 	85 	91 	91 
002767 	114 	85 	91 	91 
002768 	114 	85 	91 	91 
002769 	114 	85 	91 	91 
002770 	114 	85 	91 	91 
002771 	114 	85 	91 	91 
002772 	114 	85 	91 	91 
002773 	114 	85 	91 	91 
002774 	114 	85 	91 	91 
002775 	114 	85 	91 	91 
002776 	114 	85 	91 	91 
002777 	114 	85 	91 	91 
002778 	114 	85 	91 	91 
002779 	114 	85 	91 	91 
002780 	114 	85 	91 	91 
002781 	114 	85 	91 	91 
002782 	114 	85 	91 	91 
002783 	114 	85 	91 	91 
002784 	134 	100 	64 	64 
002785 	128 	96 	76 	75 
002786 	134 	100 	64 	64 
002787 	128 	96 	76 	75 
002788 	128 	96 	76 	75 
002789 	128 	96 	76 	75 
002790 	128 	96 	76 	75 
002791 	128 	96 	76 	75 
002792 	128 	96 	76 	75 
002793 	128 	96 	76 	75 
002794 	128 	87 	76 	76 
002795 	128 	87 	76 	76 
002796 	128 	96 	76 	75 
002797 	128 	96 	76 	75 
002798 	128 	96 	76 	75 
002799 	128 	96 	76 	75 
002800 	128 	96 	76 	75 
002801 	128 	96 	76 	75 
002802 	128 	96 	76 	75 
002803 	128 	96 	76 	75 
002804 	128 	96 	76 	75 
002805 	128 	96 	76 	75 
002806 	128 	96 	76 	75 
002807 	128 	96 	76 	75 
002808 	128 	96 	76 	75 
002809 	128 	96 	76 	75 
002810 	128 	96 	76 	75 
002811 	128 	96 	76 	75 
002812 	128 	87 	76 	76 
002813 	128 	87 	76 	76 
002814 	128 	87 	76 	76 
002815 	128 	87 	76 	76 
002816 	128 	87 	76 	76 
002817 	128 	96 	76 	75 
002818 	128 	96 	76 	75 
002819 	128 	96 	76 	75 
002820 	128 	96 	76 	75 
002821 	128 	96 	76 	75 
002822 	128 	96 	76 	75 
002823 	128 	96 	76 	75 
002824 	128 	96 	76 	75 
002825 	128 	96 	76 	75 
002826 	128 	96 	76 	75 
002827 	128 	96 	76 	75 
002828 	128 	96 	76 	75 
002829 	128 	96 	76 	75 
002830 	128 	96 	76 	75 
002831 	128 	96 	76 	75 
002832 	128 	96 	76 	75 
002833 	128 	96 	76 	75 
002834 	128 	96 	76 	75 
002835 	128 	96 	76 	75 
002836 	128 	96 	76 	75 
002837 	128 	96 	76 	75 
002838 	128 	96 	76 	75 
002839 	128 	96 	76 	75 
002840 	128 	96 	76 	75 
002841 	128 	96 	76 	75 
002842 	128 	96 	76 	75 
002843 	128 	96 	76 	75 
002844 	128 	96 	76 	75 
002845 	128 	96 	76 	75 
002846 	128 	87 	76 	76 
002847 	114 	75 	91 	91 
002848 	120 	79 	76 	76 
002849 	120 	79 	76 	76 
002850 	112 	71 	75 	75 
002851 	112 	71 	75 	75 
002852 	112 	71 	75 	75 
002853 	112 	71 	75 	75 
002854 	112 	71 	75 	75 
002855 	112 	71 	75 	75 
002856 	120 	71 	76 	75 
002857 	120 	71 	76 	75 
002858 	120 	71 	76 	75 
002859 	120 	71 	76 	75 
002860 	120 	71 	76 	75 
002861 	120 	79 	76 	76 
002862 	120 	79 	76 	76 
002863 	120 	79 	76 	76 
002864 	120 	79 	76 	76 
002865 	114 	75 	91 	91 
002866 	120 	87 	76 	76 
002867 	120 	87 	76 	76 
002868 	120 	87 	76 	76 
002869 	120 	87 	76 	76 
002870 	120 	87 	76 	76 
002871 	120 	87 	76 	76 
002872 	114 	85 	91 	91 
002873 	114 	85 	91 	91 
002874 	114 	85 	91 	91 
002875 	120 	87 	76 	76 
002876 	114 	85 	91 	91 
002877 	120 	87 	76 	76 
002878 	114 	85 	91 	91 
002879 	114 	85 	91 	91 
002880 	114 	85 	91 	91 
002881 	114 	85 	91 	91 
002882 	114 	85 	91 	91 
002883 	114 	85 	91 	91 
002884 	114 	85 	91 	91 
002885 	114 	85 	91 	91 
002886 	114 	85 	91 	91 
002887 	128 	87 	76 	76 
002888 	128 	87 	76 	76 
002889 	128 	87 	76 	76 
002890 	128 	87 	76 	76 
002891 	128 	87 	76 	76 
002892 	128 	87 	76 	76 
002893 	128 	87 	76 	76 
002894 	128 	87 	76 	76 
002895 	128 	87 	76 	76 
002896 	128 	87 	76 	76 
002897 	128 	96 	76 	75 
002898 	128 	96 	76 	75 
002899 	128 	96 	76 	75 
002900 	114 	85 	91 	91 
002901 	114 	85 	91 	91 
002902 	114 	85 	91 	91 
002903 	114 	85 	91 	91 
002904 	114 	85 	91 	91 
002905 	114 	85 	91 	91 
002906 	120 	96 	76 	75 
002907 	120 	96 	76 	75 
002908 	120 	96 	76 	75 
002909 	120 	96 	76 	75 
002910 	120 	96 	76 	75 
002911 	120 	96 	76 	75 
002912 	120 	96 	76 	75 
002913 	120 	96 	76 	75 
002914 	120 	96 	76 	75 
002915 	120 	96 	76 	75 
002916 	120 	96 	76 	75 
002917 	120 	96 	76 	75 
002918 	120 	96 	76 	75 
002919 	120 	96 	76 	75 
002920 	120 	96 	76 	75 
002921 	120 	96 	76 	75 
002922 	120 	96 	76 	75 
002923 	120 	96 	76 	75 
002924 	120 	96 	76 	75 
002925 	120 	96 	76 	75 
002926 	120 	96 	76 	75 
002927 	120 	96 	76 	75 
002928 	120 	96 	76 	75 
002929 	114 	95 	91 	91 
002930 	114 	95 	91 	91 
002931 	114 	95 	91 	91 
002932 	114 	95 	91 	91 
002933 	114 	95 	91 	91 
002934 	114 	95 	91 	91 
002935 	114 	95 	91 	91 
002936 	114 	95 	91 	91 
002937 	114 	95 	91 	91 
002938 	114 	95 	91 	91 
002939 	114 	95 	91 	91 
002940 	114 	95 	91 	91 
002941 	114 	95 	91 	91 
002942 	114 	95 	91 	91 
002943 	114 	95 	91 	91 
002944 	114 	95 	91 	91 
002945 	114 	95 	91 	91 
002946 	114 	95 	91 	91 
002947 	114 	95 	91 	91 
002948 	128 	96 	76 	75 
002949 	114 	95 	91 	91 
002950 	114 	95 	91 	91 
002951 	114 	95 	91 	91 
002952 	128 	96 	76 	75 
002953 	114 	95 	91 	91 
002954 	128 	96 	76 	75 
002955 	128 	104 	76 	76 
002956 	128 	104 	76 	76 
002957 	128 	104 	76 	76 
002958 	128 	96 	76 	75 
002959 	128 	96 	76 	75 
002960 	128 	96 	76 	75 
002961 	128 	96 	76 	75 
002962 	128 	96 	76 	75 
002963 	128 	96 	76 	75 
002964 	128 	96 	76 	75 
002965 	128 	96 	76 	75 
002966 	128 	96 	76 	75 
002967 	128 	96 	76 	75 
002968 	128 	96 	76 	75 
002969 	128 	96 	76 	75 
002970 	128 	96 	76 	75 
002971 	128 	96 	76 	75 
002972 	128 	96 	76 	75 
002973 	128 	96 	76 	75 
002974 	128 	96 	76 	75 
002975 	128 	96 	76 	75 
002976 	128 	96 	76 	75 
002977 	128 	96 	76 	75 
002978 	128 	96 	76 	75 
002979 	128 	96 	76 	75 
002980 	128 	96 	76 	75 
002981 	128 	96 	76 	75 
002982 	128 	96 	76 	75 
002983 	128 	96 	76 	75 
002984 	128 	96 	76 	75 
002985 	128 	104 	76 	76 
002986 	128 	104 	76 	76 
002987 	128 	96 	76 	75 
002988 	128 	96 	76 	75 
002989 	128 	96 	76 	75 
002990 	128 	96 	76 	75 
002991 	128 	96 	76 	75 
002992 	128 	96 	76 	75 
002993 	128 	96 	76 	75 
002994 	128 	96 	76 	75 
002995 	128 	96 	76 	75 
002996 	128 	96 	76 	75 
002997 	128 	96 	76 	75 
002998 	128 	96 	77 	76 
002999 	128 	95 	77 	76 
003000 	127 	94 	78 	77 
003001 	127 	94 	79 	78 
003002 	127 	94 	79 	79 
003003 	127 	93 	80 	79 
003004 	127 	92 	81 	80 
003005 	127 	92 	81 	81 
003006 	126 	92 	82 	82 
003007 	126 	91 	83 	82 
003008 	126 	90 	84 	83 
003009 	126 	90 	84 	84 
003010 	126 	90 	85 	84 
003011 	125 	89 	86 	85 
003012 	125 	88 	86 	86 
003013 	125 	88 	87 	87 
003014 	125 	88 	88 	87 
003015 	125 	87 	88 	88 
003016 	125 	86 	89 	89 
003017 	124 	86 	90 	90 
003018 	124 	86 	90 	90 
003019 	124 	85 	91 	91 
003020 	124 	85 	91 	91 
003021 	124 	85 	91 	91 
003022 	124 	85 	91 	91 
003023 	124 	85 	91 	91 
003024 	124 	85 	91 	91 
003025 	124 	85 	91 	91 
003026 	124 	85 	91 	91 
003027 	124 	85 	91 	91 
003028 	124 	95 	91 	91 
003029 	124 	95 	91 	91 
003030 	124 	95 	91 	91 
003031 	124 	95 	91 	91 
003032 	124 	95 	91 	91 
