Identity  : 	id10846
Reference : 	JqOKnbeqCnE
Offset    : 	-1
FV Conf   : 	13.818
ASD Conf  : 	4.479

FRAME 	X 	Y 	W 	H 
000677 	274 	89 	187 	186 
000678 	274 	89 	187 	186 
000679 	274 	89 	187 	186 
000680 	274 	89 	187 	186 
000681 	274 	89 	187 	186 
000682 	274 	89 	187 	186 
000683 	274 	89 	187 	186 
000684 	273 	88 	187 	186 
000685 	273 	88 	187 	186 
000686 	273 	88 	187 	186 
000687 	273 	88 	187 	186 
000688 	273 	88 	187 	186 
000689 	273 	88 	187 	186 
000690 	273 	88 	187 	186 
000691 	273 	88 	187 	186 
000692 	273 	88 	187 	186 
000693 	273 	88 	187 	186 
000694 	273 	88 	187 	186 
000695 	273 	88 	187 	186 
000696 	273 	88 	187 	186 
000697 	273 	88 	187 	186 
000698 	273 	88 	187 	186 
000699 	273 	88 	187 	186 
000700 	273 	88 	187 	186 
000701 	273 	88 	187 	186 
000702 	272 	87 	187 	186 
000703 	272 	87 	187 	186 
000704 	272 	87 	187 	186 
000705 	272 	87 	187 	186 
000706 	272 	87 	187 	186 
000707 	272 	87 	187 	186 
000708 	272 	87 	187 	186 
000709 	272 	87 	187 	186 
000710 	272 	87 	187 	186 
000711 	272 	87 	187 	186 
000712 	272 	87 	187 	186 
000713 	272 	87 	187 	186 
000714 	272 	87 	187 	186 
000715 	272 	87 	187 	186 
000716 	272 	87 	187 	186 
000717 	272 	87 	187 	186 
000718 	272 	87 	187 	186 
000719 	271 	86 	187 	186 
000720 	271 	86 	187 	186 
000721 	271 	86 	187 	186 
000722 	271 	86 	187 	186 
000723 	271 	86 	187 	186 
000724 	271 	86 	187 	186 
000725 	271 	86 	187 	186 
000726 	271 	86 	187 	186 
000727 	271 	86 	187 	186 
000728 	271 	86 	187 	186 
000729 	271 	86 	187 	186 
000730 	271 	86 	187 	186 
000731 	271 	86 	187 	186 
000732 	271 	86 	187 	186 
000733 	271 	86 	187 	186 
000734 	271 	86 	187 	186 
000735 	271 	86 	187 	186 
000736 	271 	86 	187 	186 
000737 	270 	85 	187 	186 
000738 	270 	85 	187 	186 
000739 	270 	85 	187 	186 
000740 	270 	85 	187 	186 
000741 	270 	85 	187 	186 
000742 	270 	85 	187 	186 
000743 	270 	85 	187 	186 
000744 	270 	85 	187 	186 
000745 	270 	85 	187 	186 
000746 	270 	85 	187 	186 
000747 	270 	85 	187 	186 
000748 	270 	85 	187 	186 
000749 	270 	85 	187 	186 
000750 	270 	85 	187 	186 
000751 	270 	85 	187 	186 
000752 	270 	85 	187 	186 
000753 	270 	85 	187 	186 
000754 	269 	84 	187 	187 
000755 	269 	84 	187 	187 
000756 	269 	84 	187 	187 
000757 	269 	84 	187 	187 
000758 	269 	84 	187 	187 
000759 	269 	84 	187 	187 
000760 	269 	84 	187 	187 
000761 	269 	84 	187 	187 
000762 	269 	84 	187 	187 
000763 	269 	84 	187 	187 
000764 	269 	84 	187 	187 
000765 	269 	84 	187 	187 
000766 	269 	84 	187 	187 
000767 	269 	84 	187 	187 
000768 	269 	84 	187 	187 
000769 	269 	84 	187 	187 
000770 	269 	84 	187 	187 
000771 	268 	83 	187 	187 
000772 	268 	83 	187 	187 
000773 	268 	83 	187 	187 
000774 	268 	83 	187 	187 
000775 	268 	83 	187 	187 
000776 	268 	83 	187 	187 
000777 	268 	83 	187 	187 
000778 	268 	83 	187 	187 
000779 	268 	83 	187 	187 
000780 	268 	83 	187 	187 
000781 	268 	83 	187 	187 
000782 	268 	83 	187 	187 
000783 	268 	83 	187 	187 
000784 	268 	83 	187 	187 
000785 	268 	83 	187 	187 
000786 	268 	83 	187 	187 
000787 	268 	83 	187 	187 
000788 	268 	83 	187 	187 
