Identity  : 	id10151
Reference : 	Zg02kAGXkqE
Offset    : 	-2
FV Conf   : 	14.997
ASD Conf  : 	5.917

FRAME 	X 	Y 	W 	H 
004046 	400 	102 	109 	109 
004047 	400 	102 	109 	109 
004048 	400 	102 	109 	109 
004049 	400 	102 	109 	109 
004050 	400 	102 	109 	109 
004051 	400 	102 	109 	109 
004052 	400 	102 	109 	109 
004053 	400 	102 	109 	109 
004054 	400 	102 	109 	109 
004055 	400 	102 	109 	109 
004056 	400 	102 	109 	109 
004057 	400 	102 	109 	109 
004058 	400 	102 	109 	109 
004059 	400 	102 	109 	109 
004060 	400 	102 	109 	109 
004061 	400 	102 	109 	109 
004062 	400 	102 	109 	109 
004063 	400 	102 	109 	109 
004064 	400 	102 	109 	109 
004065 	400 	102 	109 	109 
004066 	400 	102 	109 	109 
004067 	400 	102 	109 	109 
004068 	400 	102 	109 	109 
004069 	400 	102 	109 	109 
004070 	400 	102 	109 	109 
004071 	400 	102 	109 	109 
004072 	400 	102 	109 	109 
004073 	400 	102 	109 	109 
004074 	400 	102 	109 	109 
004075 	400 	102 	109 	109 
004076 	400 	102 	109 	109 
004077 	400 	102 	109 	109 
004078 	400 	102 	109 	109 
004079 	400 	102 	109 	109 
004080 	400 	102 	109 	109 
004081 	400 	102 	109 	109 
004082 	400 	102 	109 	109 
004083 	400 	90 	109 	109 
004084 	400 	90 	109 	109 
004085 	400 	90 	109 	109 
004086 	400 	78 	109 	109 
004087 	400 	78 	109 	109 
004088 	380 	66 	130 	130 
004089 	380 	66 	130 	130 
004090 	388 	78 	109 	109 
004091 	388 	66 	109 	109 
004092 	376 	66 	109 	109 
004093 	376 	66 	109 	109 
004094 	376 	66 	109 	109 
004095 	376 	66 	109 	109 
004096 	376 	66 	109 	109 
004097 	376 	54 	109 	109 
004098 	376 	54 	109 	109 
004099 	376 	54 	109 	109 
004100 	352 	51 	130 	130 
004101 	365 	66 	108 	109 
004102 	365 	66 	108 	109 
004103 	365 	66 	108 	109 
004104 	365 	66 	108 	109 
004105 	365 	66 	108 	109 
004106 	365 	66 	108 	109 
004107 	365 	66 	108 	109 
004108 	365 	66 	108 	109 
004109 	365 	66 	108 	109 
004110 	365 	66 	108 	109 
004111 	365 	66 	108 	109 
004112 	365 	66 	108 	109 
004113 	365 	66 	108 	109 
004114 	365 	66 	108 	109 
004115 	365 	66 	108 	109 
004116 	365 	66 	108 	109 
004117 	365 	66 	108 	109 
004118 	365 	66 	108 	109 
004119 	365 	66 	108 	109 
004120 	365 	66 	108 	109 
004121 	353 	66 	108 	109 
004122 	353 	66 	108 	109 
004123 	353 	66 	108 	109 
004124 	353 	66 	108 	109 
004125 	353 	66 	108 	109 
004126 	353 	66 	108 	109 
004127 	353 	66 	108 	109 
004128 	353 	66 	108 	109 
004129 	353 	66 	108 	109 
004130 	353 	66 	108 	109 
004131 	353 	66 	108 	109 
004132 	353 	66 	108 	109 
004133 	353 	66 	108 	109 
004134 	353 	66 	108 	109 
004135 	353 	66 	108 	109 
004136 	353 	66 	108 	109 
004137 	353 	66 	108 	109 
004138 	353 	66 	108 	109 
004139 	353 	54 	108 	109 
004140 	353 	54 	108 	109 
004141 	353 	54 	108 	109 
004142 	353 	54 	108 	109 
004143 	353 	54 	108 	109 
004144 	353 	54 	108 	109 
004145 	353 	54 	108 	109 
004146 	353 	54 	108 	109 
004147 	353 	54 	108 	109 
004148 	353 	54 	108 	109 
004149 	353 	54 	108 	109 
004150 	353 	54 	108 	109 
004151 	353 	54 	108 	109 
004152 	353 	66 	108 	109 
004153 	353 	66 	108 	109 
004154 	353 	66 	108 	109 
004155 	353 	66 	108 	109 
004156 	353 	66 	108 	109 
004157 	353 	66 	108 	109 
004158 	353 	66 	108 	109 
004159 	353 	66 	108 	109 
004160 	353 	66 	108 	109 
004161 	353 	66 	108 	109 
004162 	353 	66 	108 	109 
004163 	353 	66 	108 	109 
004164 	353 	66 	108 	109 
004165 	353 	66 	108 	109 
004166 	353 	66 	108 	109 
004167 	353 	66 	108 	109 
004168 	353 	66 	108 	109 
004169 	353 	66 	108 	109 
004170 	353 	66 	108 	109 
004171 	341 	66 	108 	109 
004172 	341 	66 	108 	109 
004173 	341 	66 	108 	109 
004174 	341 	66 	108 	109 
004175 	341 	66 	108 	109 
004176 	341 	66 	108 	109 
004177 	341 	66 	108 	109 
004178 	341 	66 	108 	109 
004179 	341 	66 	108 	109 
004180 	341 	66 	108 	109 
004181 	341 	66 	108 	109 
004182 	341 	66 	108 	109 
004183 	341 	66 	108 	109 
004184 	341 	66 	108 	109 
004185 	341 	66 	108 	109 
004186 	341 	66 	108 	109 
004187 	341 	66 	108 	109 
004188 	341 	66 	108 	109 
004189 	341 	66 	108 	109 
004190 	341 	66 	108 	109 
004191 	341 	66 	108 	109 
004192 	341 	66 	108 	109 
004193 	341 	66 	108 	109 
004194 	341 	66 	108 	109 
004195 	341 	66 	108 	109 
004196 	341 	66 	108 	109 
004197 	341 	66 	108 	109 
004198 	341 	78 	108 	109 
004199 	341 	78 	108 	109 
004200 	341 	78 	108 	109 
004201 	341 	78 	108 	109 
004202 	341 	78 	108 	109 
004203 	341 	78 	108 	109 
004204 	341 	78 	108 	109 
004205 	341 	78 	108 	109 
004206 	341 	78 	108 	109 
004207 	341 	78 	108 	109 
004208 	341 	78 	108 	109 
004209 	341 	78 	108 	109 
004210 	341 	78 	108 	109 
004211 	341 	78 	108 	109 
004212 	341 	78 	108 	109 
004213 	341 	78 	108 	109 
004214 	341 	78 	108 	109 
004215 	341 	66 	108 	109 
004216 	341 	66 	108 	109 
004217 	341 	66 	108 	109 
004218 	341 	66 	108 	109 
004219 	329 	66 	108 	109 
004220 	329 	66 	108 	109 
004221 	329 	66 	108 	109 
004222 	329 	66 	108 	109 
004223 	329 	66 	108 	109 
004224 	329 	66 	108 	109 
004225 	329 	66 	108 	109 
004226 	329 	66 	108 	109 
004227 	309 	66 	130 	130 
004228 	309 	66 	130 	130 
004229 	333 	95 	91 	91 
004230 	333 	95 	91 	91 
004231 	333 	95 	91 	91 
004232 	317 	90 	108 	109 
004233 	317 	90 	108 	109 
004234 	323 	95 	91 	91 
004235 	323 	95 	91 	91 
004236 	323 	95 	91 	91 
004237 	305 	78 	108 	109 
004238 	305 	78 	108 	109 
004239 	305 	78 	108 	109 
004240 	280 	66 	130 	130 
004241 	293 	66 	108 	109 
004242 	280 	66 	130 	130 
004243 	293 	66 	108 	109 
004244 	281 	78 	108 	109 
004245 	281 	78 	108 	109 
004246 	281 	78 	108 	109 
004247 	281 	78 	108 	109 
004248 	281 	78 	108 	109 
004249 	281 	78 	108 	109 
004250 	269 	78 	108 	109 
004251 	269 	78 	108 	109 
004252 	269 	78 	108 	109 
004253 	269 	78 	108 	109 
004254 	269 	78 	108 	109 
004255 	269 	78 	108 	109 
004256 	269 	78 	108 	109 
004257 	257 	78 	109 	109 
004258 	257 	78 	109 	109 
004259 	257 	78 	109 	109 
004260 	257 	78 	109 	109 
004261 	257 	78 	109 	109 
004262 	257 	78 	109 	109 
004263 	257 	78 	109 	109 
004264 	245 	78 	109 	109 
004265 	245 	78 	109 	109 
004266 	245 	78 	109 	109 
004267 	245 	78 	109 	109 
004268 	245 	78 	109 	109 
004269 	245 	78 	109 	109 
004270 	245 	78 	109 	109 
004271 	245 	78 	109 	109 
004272 	245 	66 	109 	109 
004273 	245 	66 	109 	109 
004274 	245 	66 	109 	109 
004275 	245 	78 	109 	109 
004276 	245 	78 	109 	109 
004277 	245 	78 	109 	109 
004278 	245 	78 	109 	109 
004279 	245 	78 	109 	109 
004280 	245 	78 	109 	109 
004281 	245 	66 	109 	109 
004282 	245 	66 	109 	109 
004283 	257 	66 	109 	109 
004284 	257 	66 	109 	109 
004285 	257 	66 	109 	109 
004286 	251 	51 	130 	130 
004287 	257 	54 	109 	109 
004288 	269 	54 	108 	109 
004289 	269 	54 	108 	109 
004290 	269 	54 	108 	109 
004291 	269 	54 	108 	109 
004292 	251 	51 	130 	130 
004293 	251 	51 	130 	130 
004294 	269 	66 	108 	109 
004295 	269 	66 	108 	109 
004296 	269 	54 	108 	109 
004297 	269 	54 	108 	109 
004298 	269 	54 	108 	109 
004299 	269 	54 	108 	109 
004300 	269 	54 	108 	109 
004301 	269 	54 	108 	109 
004302 	269 	54 	108 	109 
004303 	257 	54 	109 	109 
004304 	257 	54 	109 	109 
004305 	257 	54 	109 	109 
004306 	269 	54 	108 	109 
004307 	269 	54 	108 	109 
004308 	269 	54 	108 	109 
004309 	269 	54 	108 	109 
004310 	281 	54 	108 	109 
004311 	281 	54 	108 	109 
004312 	281 	54 	108 	109 
004313 	293 	54 	108 	109 
004314 	305 	54 	108 	109 
004315 	305 	54 	108 	109 
004316 	317 	54 	108 	109 
004317 	329 	54 	108 	109 
004318 	323 	51 	130 	130 
004319 	353 	75 	91 	91 
004320 	363 	75 	91 	91 
004321 	353 	66 	108 	109 
004322 	365 	66 	108 	109 
004323 	365 	66 	108 	109 
004324 	383 	85 	91 	91 
004325 	376 	66 	109 	109 
004326 	376 	66 	109 	109 
004327 	366 	51 	130 	130 
004328 	388 	66 	109 	109 
004329 	388 	66 	109 	109 
004330 	388 	66 	109 	109 
