Identity  : 	id10148
Reference : 	VyURAUoEMzc
Offset    : 	-2
FV Conf   : 	14.826
ASD Conf  : 	5.987

FRAME 	X 	Y 	W 	H 
001249 	211 	62 	76 	76 
001250 	211 	62 	76 	76 
001251 	204 	55 	91 	91 
001252 	204 	55 	91 	91 
001253 	204 	55 	91 	91 
001254 	211 	62 	76 	76 
001255 	204 	55 	91 	91 
001256 	204 	55 	91 	91 
001257 	204 	55 	91 	91 
001258 	204 	55 	91 	91 
001259 	211 	62 	76 	76 
001260 	211 	62 	76 	76 
001261 	211 	62 	76 	76 
001262 	211 	62 	76 	76 
001263 	211 	71 	76 	75 
001264 	211 	71 	76 	75 
001265 	211 	71 	76 	75 
001266 	211 	71 	76 	75 
001267 	211 	71 	76 	75 
001268 	211 	71 	76 	75 
001269 	211 	71 	76 	75 
001270 	211 	71 	76 	75 
001271 	211 	71 	76 	75 
001272 	211 	71 	76 	75 
001273 	211 	71 	76 	75 
001274 	211 	71 	76 	75 
001275 	211 	71 	76 	75 
001276 	211 	71 	76 	75 
001277 	211 	71 	76 	75 
001278 	211 	71 	76 	75 
001279 	211 	71 	76 	75 
001280 	211 	71 	76 	75 
001281 	211 	71 	76 	75 
001282 	211 	71 	76 	75 
001283 	211 	71 	76 	75 
001284 	211 	71 	76 	75 
001285 	211 	71 	76 	75 
001286 	211 	71 	76 	75 
001287 	211 	71 	76 	75 
001288 	211 	71 	76 	75 
001289 	211 	71 	76 	75 
001290 	211 	71 	76 	75 
001291 	211 	71 	76 	75 
001292 	204 	65 	91 	91 
001293 	204 	65 	91 	91 
001294 	211 	71 	76 	75 
001295 	204 	65 	91 	91 
001296 	204 	65 	91 	91 
001297 	204 	65 	91 	91 
001298 	211 	71 	76 	75 
001299 	204 	65 	91 	91 
001300 	204 	65 	91 	91 
001301 	204 	65 	91 	91 
001302 	211 	71 	76 	75 
001303 	211 	71 	76 	75 
001304 	211 	71 	76 	75 
001305 	211 	71 	76 	75 
001306 	211 	71 	76 	75 
001307 	211 	71 	76 	75 
001308 	211 	71 	76 	75 
001309 	204 	65 	91 	91 
001310 	211 	71 	76 	75 
001311 	211 	71 	76 	75 
001312 	211 	71 	76 	75 
001313 	211 	71 	76 	75 
001314 	211 	71 	76 	75 
001315 	211 	71 	76 	75 
001316 	211 	71 	76 	75 
001317 	204 	65 	91 	91 
001318 	204 	65 	91 	91 
001319 	204 	65 	91 	91 
001320 	204 	65 	91 	91 
001321 	204 	65 	91 	91 
001322 	204 	65 	91 	91 
001323 	211 	71 	76 	75 
001324 	211 	71 	76 	75 
001325 	211 	71 	76 	75 
001326 	211 	71 	76 	75 
001327 	211 	71 	76 	75 
001328 	211 	71 	76 	75 
001329 	211 	71 	76 	75 
001330 	211 	71 	76 	75 
001331 	211 	71 	76 	75 
001332 	211 	71 	76 	75 
001333 	204 	65 	91 	91 
001334 	211 	71 	76 	75 
001335 	211 	62 	76 	76 
001336 	204 	55 	91 	91 
001337 	204 	55 	91 	91 
001338 	204 	55 	91 	91 
001339 	211 	62 	76 	76 
001340 	204 	55 	91 	91 
001341 	204 	55 	91 	91 
001342 	211 	62 	76 	76 
001343 	204 	55 	91 	91 
001344 	204 	55 	91 	91 
001345 	204 	55 	91 	91 
001346 	204 	55 	91 	91 
001347 	211 	62 	76 	76 
001348 	211 	62 	76 	76 
001349 	204 	65 	91 	91 
001350 	194 	65 	91 	91 
001351 	194 	65 	91 	91 
001352 	203 	71 	76 	75 
001353 	211 	71 	76 	75 
001354 	211 	71 	76 	75 
001355 	211 	71 	76 	75 
001356 	211 	71 	76 	75 
001357 	211 	71 	76 	75 
001358 	211 	71 	76 	75 
001359 	211 	71 	76 	75 
001360 	211 	71 	76 	75 
001361 	211 	71 	76 	75 
001362 	204 	65 	91 	91 
001363 	211 	71 	76 	75 
001364 	204 	65 	91 	91 
001365 	204 	65 	91 	91 
001366 	204 	65 	91 	91 
001367 	211 	71 	76 	75 
001368 	204 	65 	91 	91 
001369 	204 	65 	91 	91 
001370 	204 	65 	91 	91 
001371 	204 	65 	91 	91 
001372 	204 	65 	91 	91 
001373 	224 	80 	63 	63 
