Identity  : 	id10841
Reference : 	z_Q4arrxGcY
Offset    : 	-3
FV Conf   : 	16.098
ASD Conf  : 	6.329

FRAME 	X 	Y 	W 	H 
001775 	208 	37 	130 	130 
001776 	208 	37 	130 	130 
001777 	208 	37 	130 	130 
001778 	209 	43 	109 	108 
001779 	209 	43 	109 	108 
001780 	209 	43 	109 	108 
001781 	209 	43 	109 	108 
001782 	209 	43 	109 	108 
001783 	209 	43 	109 	108 
001784 	209 	43 	109 	108 
001785 	209 	43 	109 	108 
001786 	209 	43 	109 	108 
001787 	209 	43 	109 	108 
001788 	209 	43 	109 	108 
001789 	209 	43 	109 	108 
001790 	209 	43 	109 	108 
001791 	209 	43 	109 	108 
001792 	209 	43 	109 	108 
001793 	208 	37 	130 	130 
001794 	208 	37 	130 	130 
001795 	208 	37 	130 	130 
001796 	208 	37 	130 	130 
001797 	208 	37 	130 	130 
001798 	208 	37 	130 	130 
001799 	208 	37 	130 	130 
001800 	208 	37 	130 	130 
001801 	208 	37 	130 	130 
001802 	208 	37 	130 	130 
001803 	208 	37 	130 	130 
001804 	208 	37 	130 	130 
001805 	209 	43 	109 	108 
001806 	209 	43 	109 	108 
001807 	209 	43 	109 	108 
001808 	209 	43 	109 	108 
001809 	209 	43 	109 	108 
001810 	209 	43 	109 	108 
001811 	209 	43 	109 	108 
001812 	209 	43 	109 	108 
001813 	209 	43 	109 	108 
001814 	209 	43 	109 	108 
001815 	209 	43 	109 	108 
001816 	209 	43 	109 	108 
001817 	209 	43 	109 	108 
001818 	209 	43 	109 	108 
001819 	209 	43 	109 	108 
001820 	209 	43 	109 	108 
001821 	209 	43 	109 	108 
001822 	209 	43 	109 	108 
001823 	209 	43 	109 	108 
001824 	209 	43 	109 	108 
001825 	209 	43 	109 	108 
001826 	209 	43 	109 	108 
001827 	208 	37 	130 	130 
001828 	208 	37 	130 	130 
001829 	208 	37 	130 	130 
001830 	221 	54 	109 	109 
001831 	221 	54 	109 	109 
001832 	221 	54 	109 	109 
001833 	221 	54 	109 	109 
001834 	221 	54 	109 	109 
001835 	221 	54 	109 	109 
001836 	223 	37 	130 	130 
001837 	223 	37 	130 	130 
001838 	221 	54 	109 	109 
001839 	221 	54 	109 	109 
001840 	221 	54 	109 	109 
001841 	221 	54 	109 	109 
001842 	223 	37 	130 	130 
001843 	223 	37 	130 	130 
001844 	223 	37 	130 	130 
001845 	223 	37 	130 	130 
001846 	223 	37 	130 	130 
001847 	223 	37 	130 	130 
001848 	223 	37 	130 	130 
001849 	223 	37 	130 	130 
001850 	221 	54 	109 	109 
001851 	221 	54 	109 	109 
001852 	221 	54 	109 	109 
001853 	221 	54 	109 	109 
001854 	221 	54 	109 	109 
001855 	221 	54 	109 	109 
001856 	221 	54 	109 	109 
001857 	221 	54 	109 	109 
001858 	221 	54 	109 	109 
001859 	221 	54 	109 	109 
001860 	221 	54 	109 	109 
001861 	223 	51 	130 	130 
001862 	221 	54 	109 	109 
001863 	223 	51 	130 	130 
001864 	221 	66 	109 	109 
001865 	221 	66 	109 	109 
001866 	221 	66 	109 	109 
001867 	221 	66 	109 	109 
001868 	221 	66 	109 	109 
001869 	221 	66 	109 	109 
001870 	221 	66 	109 	109 
001871 	221 	66 	109 	109 
001872 	221 	66 	109 	109 
001873 	221 	66 	109 	109 
001874 	221 	66 	109 	109 
001875 	221 	66 	109 	109 
001876 	223 	51 	130 	130 
001877 	223 	51 	130 	130 
001878 	223 	51 	130 	130 
001879 	223 	51 	130 	130 
001880 	223 	51 	130 	130 
001881 	223 	51 	130 	130 
001882 	233 	54 	109 	109 
001883 	233 	54 	109 	109 
001884 	233 	54 	109 	109 
001885 	233 	54 	109 	109 
001886 	233 	54 	109 	109 
001887 	233 	54 	109 	109 
001888 	233 	54 	109 	109 
001889 	221 	54 	109 	109 
001890 	233 	54 	109 	109 
001891 	223 	37 	130 	130 
001892 	223 	37 	130 	130 
001893 	223 	37 	130 	130 
001894 	223 	37 	130 	130 
001895 	221 	54 	109 	109 
001896 	221 	54 	109 	109 
001897 	221 	54 	109 	109 
001898 	221 	54 	109 	109 
001899 	221 	54 	109 	109 
001900 	221 	54 	109 	109 
001901 	221 	54 	109 	109 
001902 	221 	54 	109 	109 
001903 	221 	54 	109 	109 
001904 	209 	54 	109 	109 
001905 	209 	54 	109 	109 
001906 	209 	54 	109 	109 
001907 	209 	54 	109 	109 
001908 	209 	54 	109 	109 
001909 	209 	54 	109 	109 
001910 	209 	54 	109 	109 
001911 	209 	54 	109 	109 
001912 	209 	54 	109 	109 
001913 	209 	54 	109 	109 
001914 	194 	51 	130 	130 
001915 	194 	51 	130 	130 
001916 	209 	66 	109 	109 
001917 	209 	66 	109 	109 
001918 	209 	66 	109 	109 
001919 	209 	66 	109 	109 
