Identity  : 	id10950
Reference : 	AN6ap6hG9OI
Offset    : 	-1
FV Conf   : 	20.603
ASD Conf  : 	6.575

FRAME 	X 	Y 	W 	H 
000097 	353 	102 	108 	109 
000098 	353 	102 	108 	109 
000099 	353 	102 	108 	109 
000100 	353 	102 	108 	109 
000101 	353 	102 	108 	109 
000102 	353 	102 	108 	109 
000103 	353 	102 	108 	109 
000104 	353 	102 	108 	109 
000105 	353 	102 	108 	109 
000106 	365 	102 	108 	109 
000107 	365 	102 	108 	109 
000108 	365 	102 	108 	109 
000109 	365 	102 	108 	109 
000110 	365 	102 	108 	109 
000111 	365 	102 	108 	109 
000112 	365 	114 	108 	109 
000113 	365 	114 	108 	109 
000114 	365 	114 	108 	109 
000115 	365 	126 	108 	109 
000116 	337 	123 	130 	130 
000117 	337 	123 	130 	130 
000118 	337 	123 	130 	130 
000119 	353 	138 	108 	109 
000120 	365 	138 	108 	109 
000121 	365 	126 	108 	109 
000122 	365 	126 	108 	109 
000123 	365 	126 	108 	109 
000124 	365 	126 	108 	109 
000125 	365 	126 	108 	109 
000126 	365 	126 	108 	109 
000127 	376 	126 	109 	109 
000128 	376 	126 	109 	109 
000129 	376 	126 	109 	109 
000130 	376 	126 	109 	109 
000131 	388 	114 	109 	109 
000132 	388 	102 	109 	109 
000133 	388 	102 	109 	109 
000134 	388 	102 	109 	109 
000135 	388 	102 	109 	109 
000136 	380 	94 	130 	130 
000137 	388 	90 	109 	109 
000138 	388 	90 	109 	109 
000139 	400 	90 	109 	109 
000140 	400 	90 	109 	109 
000141 	400 	90 	109 	109 
000142 	400 	90 	109 	109 
000143 	400 	90 	109 	109 
000144 	400 	78 	109 	109 
000145 	400 	78 	109 	109 
000146 	400 	78 	109 	109 
000147 	400 	78 	109 	109 
000148 	388 	90 	109 	109 
000149 	388 	90 	109 	109 
000150 	388 	90 	109 	109 
000151 	388 	90 	109 	109 
000152 	376 	90 	109 	109 
000153 	376 	90 	109 	109 
000154 	376 	102 	109 	109 
000155 	376 	102 	109 	109 
000156 	388 	102 	109 	109 
000157 	388 	102 	109 	109 
000158 	388 	102 	109 	109 
000159 	388 	102 	109 	109 
000160 	388 	102 	109 	109 
000161 	380 	94 	130 	130 
000162 	388 	102 	109 	109 
000163 	380 	94 	130 	130 
000164 	388 	102 	109 	109 
000165 	388 	102 	109 	109 
000166 	366 	94 	130 	130 
000167 	366 	94 	130 	130 
000168 	376 	114 	109 	109 
000169 	376 	114 	109 	109 
000170 	376 	114 	109 	109 
000171 	365 	114 	108 	109 
000172 	365 	114 	108 	109 
000173 	365 	114 	108 	109 
000174 	365 	114 	108 	109 
000175 	365 	114 	108 	109 
000176 	365 	114 	108 	109 
000177 	353 	102 	108 	109 
000178 	353 	102 	108 	109 
000179 	353 	102 	108 	109 
000180 	353 	102 	108 	109 
000181 	353 	102 	108 	109 
000182 	353 	102 	108 	109 
000183 	353 	102 	108 	109 
000184 	353 	102 	108 	109 
000185 	353 	102 	108 	109 
000186 	341 	102 	108 	109 
000187 	341 	114 	108 	109 
000188 	341 	114 	108 	109 
000189 	341 	114 	108 	109 
000190 	341 	114 	108 	109 
000191 	341 	114 	108 	109 
000192 	341 	114 	108 	109 
000193 	329 	114 	108 	109 
000194 	329 	114 	108 	109 
000195 	329 	114 	108 	109 
000196 	329 	114 	108 	109 
000197 	329 	114 	108 	109 
000198 	341 	114 	108 	109 
000199 	341 	114 	108 	109 
000200 	341 	102 	108 	109 
000201 	341 	102 	108 	109 
000202 	341 	102 	108 	109 
000203 	341 	102 	108 	109 
000204 	341 	102 	108 	109 
000205 	341 	102 	108 	109 
000206 	341 	102 	108 	109 
000207 	341 	102 	108 	109 
000208 	341 	102 	108 	109 
000209 	341 	102 	108 	109 
000210 	341 	102 	108 	109 
000211 	341 	102 	108 	109 
000212 	341 	102 	108 	109 
000213 	341 	102 	108 	109 
000214 	341 	102 	108 	109 
000215 	341 	102 	108 	109 
000216 	341 	102 	108 	109 
000217 	341 	102 	108 	109 
000218 	341 	102 	108 	109 
000219 	341 	102 	108 	109 
000220 	341 	102 	108 	109 
000221 	341 	102 	108 	109 
000222 	341 	102 	108 	109 
000223 	341 	102 	108 	109 
000224 	341 	102 	108 	109 
000225 	341 	102 	108 	109 
000226 	341 	102 	108 	109 
000227 	341 	102 	108 	109 
000228 	341 	102 	108 	109 
000229 	341 	102 	108 	109 
000230 	341 	102 	108 	109 
000231 	341 	102 	108 	109 
000232 	341 	102 	108 	109 
000233 	323 	94 	130 	130 
000234 	329 	102 	108 	109 
000235 	329 	102 	108 	109 
000236 	329 	102 	108 	109 
000237 	341 	114 	108 	109 
000238 	341 	114 	108 	109 
000239 	341 	114 	108 	109 
000240 	341 	114 	108 	109 
000241 	329 	114 	108 	109 
000242 	323 	109 	130 	130 
000243 	341 	114 	108 	109 
000244 	341 	114 	108 	109 
000245 	341 	126 	108 	109 
000246 	341 	126 	108 	109 
000247 	341 	126 	108 	109 
000248 	341 	126 	108 	109 
000249 	341 	126 	108 	109 
000250 	341 	126 	108 	109 
000251 	341 	114 	108 	109 
000252 	341 	114 	108 	109 
000253 	341 	114 	108 	109 
000254 	341 	114 	108 	109 
000255 	341 	114 	108 	109 
000256 	341 	114 	108 	109 
000257 	353 	114 	108 	109 
000258 	353 	114 	108 	109 
000259 	337 	94 	130 	130 
000260 	353 	102 	108 	109 
000261 	353 	102 	108 	109 
000262 	353 	102 	108 	109 
000263 	353 	102 	108 	109 
000264 	365 	114 	108 	109 
000265 	365 	114 	108 	109 
000266 	365 	102 	108 	109 
000267 	365 	102 	108 	109 
000268 	365 	102 	108 	109 
000269 	365 	102 	108 	109 
000270 	365 	102 	108 	109 
000271 	365 	102 	108 	109 
000272 	365 	102 	108 	109 
000273 	365 	102 	108 	109 
000274 	365 	102 	108 	109 
000275 	365 	102 	108 	109 
000276 	365 	102 	108 	109 
000277 	353 	102 	108 	109 
000278 	353 	102 	108 	109 
000279 	353 	102 	108 	109 
000280 	353 	102 	108 	109 
000281 	353 	102 	108 	109 
000282 	353 	102 	108 	109 
000283 	353 	102 	108 	109 
000284 	353 	102 	108 	109 
000285 	353 	102 	108 	109 
000286 	353 	102 	108 	109 
000287 	353 	102 	108 	109 
000288 	353 	102 	108 	109 
000289 	353 	102 	108 	109 
000290 	353 	102 	108 	109 
000291 	353 	102 	108 	109 
000292 	353 	102 	108 	109 
000293 	353 	102 	108 	109 
000294 	353 	102 	108 	109 
000295 	353 	102 	108 	109 
000296 	353 	102 	108 	109 
000297 	353 	102 	108 	109 
000298 	353 	102 	108 	109 
000299 	353 	102 	108 	109 
000300 	353 	102 	108 	109 
000301 	353 	102 	108 	109 
000302 	337 	94 	130 	130 
000303 	341 	102 	108 	109 
000304 	341 	102 	108 	109 
000305 	341 	102 	108 	109 
000306 	341 	102 	108 	109 
000307 	341 	114 	108 	109 
000308 	341 	114 	108 	109 
000309 	341 	114 	108 	109 
000310 	341 	114 	108 	109 
000311 	341 	114 	108 	109 
000312 	341 	114 	108 	109 
000313 	341 	114 	108 	109 
000314 	341 	114 	108 	109 
000315 	341 	114 	108 	109 
000316 	341 	114 	108 	109 
000317 	341 	114 	108 	109 
000318 	341 	114 	108 	109 
000319 	341 	114 	108 	109 
000320 	341 	114 	108 	109 
000321 	353 	114 	108 	109 
000322 	353 	114 	108 	109 
000323 	353 	114 	108 	109 
000324 	353 	114 	108 	109 
000325 	353 	114 	108 	109 
000326 	353 	114 	108 	109 
000327 	353 	114 	108 	109 
000328 	353 	114 	108 	109 
000329 	365 	114 	108 	109 
000330 	365 	114 	108 	109 
000331 	365 	114 	108 	109 
000332 	365 	114 	108 	109 
000333 	365 	114 	108 	109 
000334 	365 	114 	108 	109 
000335 	365 	114 	108 	109 
000336 	365 	114 	108 	109 
000337 	365 	114 	108 	109 
000338 	365 	114 	108 	109 
000339 	365 	114 	108 	109 
000340 	365 	114 	108 	109 
000341 	376 	114 	109 	109 
000342 	376 	114 	109 	109 
000343 	376 	114 	109 	109 
000344 	376 	114 	109 	109 
000345 	376 	114 	109 	109 
000346 	376 	114 	109 	109 
000347 	376 	114 	109 	109 
000348 	376 	114 	109 	109 
000349 	376 	114 	109 	109 
000350 	376 	114 	109 	109 
000351 	376 	114 	109 	109 
000352 	376 	114 	109 	109 
000353 	376 	114 	109 	109 
000354 	376 	114 	109 	109 
000355 	376 	114 	109 	109 
000356 	376 	114 	109 	109 
000357 	365 	114 	108 	109 
000358 	365 	114 	108 	109 
000359 	365 	114 	108 	109 
000360 	365 	114 	108 	109 
000361 	353 	102 	108 	109 
000362 	353 	102 	108 	109 
000363 	353 	102 	108 	109 
000364 	353 	102 	108 	109 
000365 	353 	102 	108 	109 
000366 	353 	102 	108 	109 
000367 	365 	114 	108 	109 
000368 	365 	102 	108 	109 
000369 	365 	114 	108 	109 
000370 	365 	114 	108 	109 
