Identity  : 	id10809
Reference : 	f8EQHkPHXvo
Offset    : 	0
FV Conf   : 	23.753
ASD Conf  : 	6.356

FRAME 	X 	Y 	W 	H 
001615 	120 	71 	76 	75 
001616 	120 	71 	76 	75 
001617 	120 	71 	76 	75 
001618 	120 	71 	76 	75 
001619 	120 	71 	76 	75 
001620 	120 	71 	76 	75 
001621 	120 	71 	76 	75 
001622 	120 	71 	76 	75 
001623 	120 	71 	76 	75 
001624 	120 	71 	76 	75 
001625 	120 	71 	76 	75 
001626 	120 	71 	76 	75 
001627 	120 	71 	76 	75 
001628 	120 	71 	76 	75 
001629 	120 	71 	76 	75 
001630 	120 	71 	76 	75 
001631 	120 	71 	76 	75 
001632 	120 	71 	76 	75 
001633 	120 	71 	76 	75 
001634 	120 	71 	76 	75 
001635 	120 	71 	76 	75 
001636 	120 	71 	76 	75 
001637 	120 	71 	76 	75 
001638 	120 	71 	76 	75 
001639 	120 	71 	76 	75 
001640 	120 	71 	76 	75 
001641 	120 	71 	76 	75 
001642 	105 	55 	90 	91 
001643 	105 	55 	90 	91 
001644 	105 	55 	90 	91 
001645 	112 	62 	75 	76 
001646 	112 	62 	75 	76 
001647 	95 	55 	90 	91 
001648 	103 	62 	76 	76 
001649 	103 	54 	76 	76 
001650 	95 	54 	76 	76 
001651 	95 	54 	76 	76 
001652 	85 	45 	90 	91 
001653 	95 	54 	76 	76 
001654 	85 	45 	90 	91 
001655 	85 	45 	90 	91 
001656 	85 	45 	90 	91 
001657 	87 	54 	76 	76 
001658 	87 	54 	76 	76 
001659 	87 	54 	76 	76 
001660 	87 	54 	76 	76 
001661 	87 	54 	76 	76 
001662 	87 	54 	76 	76 
001663 	87 	54 	76 	76 
001664 	87 	54 	76 	76 
001665 	87 	54 	76 	76 
001666 	85 	45 	90 	91 
001667 	85 	45 	90 	91 
001668 	85 	45 	90 	91 
001669 	85 	45 	90 	91 
001670 	85 	45 	90 	91 
001671 	85 	45 	90 	91 
001672 	85 	45 	90 	91 
001673 	87 	54 	76 	76 
001674 	87 	54 	76 	76 
001675 	87 	54 	76 	76 
001676 	87 	54 	76 	76 
001677 	87 	54 	76 	76 
001678 	87 	54 	76 	76 
001679 	87 	54 	76 	76 
001680 	87 	54 	76 	76 
001681 	87 	54 	76 	76 
001682 	87 	54 	76 	76 
001683 	87 	54 	76 	76 
001684 	87 	54 	76 	76 
001685 	87 	54 	76 	76 
001686 	87 	54 	76 	76 
001687 	87 	54 	76 	76 
001688 	87 	54 	76 	76 
001689 	87 	54 	76 	76 
001690 	75 	45 	90 	91 
001691 	75 	45 	90 	91 
001692 	75 	45 	90 	91 
001693 	75 	45 	90 	91 
001694 	87 	62 	76 	76 
001695 	75 	45 	90 	91 
001696 	87 	62 	76 	76 
001697 	87 	62 	76 	76 
001698 	79 	62 	75 	76 
001699 	75 	55 	90 	91 
001700 	87 	62 	76 	76 
001701 	87 	62 	76 	76 
001702 	87 	62 	76 	76 
001703 	87 	62 	76 	76 
001704 	87 	62 	76 	76 
001705 	87 	62 	76 	76 
001706 	87 	62 	76 	76 
001707 	87 	62 	76 	76 
001708 	87 	62 	76 	76 
001709 	85 	55 	90 	91 
001710 	85 	55 	90 	91 
001711 	85 	55 	90 	91 
001712 	85 	55 	90 	91 
001713 	85 	55 	90 	91 
001714 	85 	55 	90 	91 
001715 	85 	55 	90 	91 
001716 	85 	55 	90 	91 
001717 	85 	55 	90 	91 
001718 	85 	55 	90 	91 
001719 	95 	71 	76 	75 
001720 	87 	71 	76 	75 
001721 	87 	71 	76 	75 
001722 	87 	71 	76 	75 
001723 	87 	71 	76 	75 
001724 	87 	71 	76 	75 
001725 	87 	71 	76 	75 
001726 	75 	65 	90 	91 
001727 	75 	65 	90 	91 
001728 	87 	71 	76 	75 
001729 	75 	65 	90 	91 
001730 	87 	71 	76 	75 
001731 	87 	71 	76 	75 
