Identity  : 	id10970
Reference : 	cCD8t-5cjxM
Offset    : 	-2
FV Conf   : 	14.517
ASD Conf  : 	7.642

FRAME 	X 	Y 	W 	H 
001289 	188 	89 	224 	224 
001290 	188 	89 	224 	224 
001291 	188 	89 	224 	224 
001292 	188 	89 	224 	224 
001293 	188 	89 	224 	224 
001294 	188 	89 	224 	224 
001295 	188 	89 	224 	224 
001296 	188 	89 	224 	224 
001297 	188 	89 	224 	224 
001298 	188 	89 	224 	224 
001299 	197 	95 	187 	186 
001300 	197 	95 	187 	186 
001301 	197 	95 	187 	186 
001302 	163 	89 	224 	224 
001303 	163 	89 	224 	224 
001304 	163 	89 	224 	224 
001305 	197 	95 	187 	186 
001306 	197 	95 	187 	186 
001307 	197 	95 	187 	186 
001308 	163 	89 	224 	224 
001309 	163 	89 	224 	224 
001310 	163 	89 	224 	224 
001311 	163 	89 	224 	224 
001312 	163 	89 	224 	224 
001313 	163 	89 	224 	224 
001314 	163 	89 	224 	224 
001315 	163 	89 	224 	224 
001316 	163 	89 	224 	224 
001317 	163 	89 	224 	224 
001318 	163 	89 	224 	224 
001319 	163 	89 	224 	224 
001320 	163 	89 	224 	224 
001321 	163 	89 	224 	224 
001322 	163 	89 	224 	224 
001323 	163 	89 	224 	224 
001324 	163 	89 	224 	224 
001325 	163 	89 	224 	224 
001326 	163 	89 	224 	224 
001327 	188 	89 	224 	224 
001328 	188 	89 	224 	224 
001329 	188 	89 	224 	224 
001330 	188 	89 	224 	224 
001331 	188 	89 	224 	224 
001332 	188 	89 	224 	224 
001333 	188 	89 	224 	224 
001334 	188 	89 	224 	224 
001335 	188 	89 	224 	224 
001336 	188 	89 	224 	224 
001337 	188 	89 	224 	224 
001338 	188 	89 	224 	224 
001339 	188 	89 	224 	224 
001340 	188 	89 	224 	224 
001341 	188 	89 	224 	224 
001342 	188 	89 	224 	224 
001343 	188 	89 	224 	224 
001344 	188 	89 	224 	224 
001345 	188 	89 	224 	224 
001346 	188 	89 	224 	224 
001347 	188 	89 	224 	224 
001348 	188 	89 	224 	224 
001349 	188 	89 	224 	224 
001350 	188 	89 	224 	224 
001351 	188 	89 	224 	224 
001352 	188 	89 	224 	224 
001353 	188 	89 	224 	224 
001354 	188 	89 	224 	224 
001355 	188 	89 	224 	224 
001356 	188 	89 	224 	224 
001357 	188 	89 	224 	224 
001358 	188 	89 	224 	224 
001359 	188 	89 	224 	224 
001360 	188 	89 	224 	224 
001361 	197 	95 	187 	186 
001362 	188 	89 	224 	224 
001363 	188 	89 	224 	224 
001364 	188 	89 	224 	224 
001365 	188 	89 	224 	224 
001366 	188 	89 	224 	224 
001367 	188 	89 	224 	224 
001368 	188 	89 	224 	224 
001369 	188 	89 	224 	224 
001370 	188 	89 	224 	224 
001371 	188 	89 	224 	224 
001372 	188 	89 	224 	224 
001373 	188 	89 	224 	224 
001374 	188 	89 	224 	224 
001375 	188 	89 	224 	224 
001376 	188 	89 	224 	224 
001377 	188 	89 	224 	224 
001378 	188 	89 	224 	224 
001379 	188 	89 	224 	224 
001380 	188 	89 	224 	224 
001381 	188 	89 	224 	224 
001382 	188 	89 	224 	224 
001383 	188 	89 	224 	224 
001384 	188 	89 	224 	224 
001385 	188 	89 	224 	224 
001386 	188 	89 	224 	224 
001387 	188 	89 	224 	224 
001388 	188 	89 	224 	224 
001389 	188 	89 	224 	224 
001390 	188 	89 	224 	224 
001391 	188 	89 	224 	224 
