Identity  : 	id10815
Reference : 	AgRpdaqiC7Q
Offset    : 	1
FV Conf   : 	12.948
ASD Conf  : 	7.485

FRAME 	X 	Y 	W 	H 
003815 	180 	94 	130 	130 
003816 	180 	94 	130 	130 
003817 	180 	94 	130 	130 
003818 	180 	94 	130 	130 
003819 	180 	94 	130 	130 
003820 	180 	94 	130 	130 
003821 	180 	94 	130 	130 
003822 	180 	94 	130 	130 
003823 	180 	94 	130 	130 
003824 	180 	94 	130 	130 
003825 	180 	94 	130 	130 
003826 	180 	94 	130 	130 
003827 	180 	94 	130 	130 
003828 	180 	94 	130 	130 
003829 	180 	94 	130 	130 
003830 	180 	94 	130 	130 
003831 	180 	94 	130 	130 
003832 	180 	94 	130 	130 
003833 	180 	94 	130 	130 
003834 	180 	94 	130 	130 
003835 	180 	94 	130 	130 
003836 	180 	94 	130 	130 
003837 	180 	94 	130 	130 
003838 	180 	94 	130 	130 
003839 	180 	94 	130 	130 
003840 	180 	94 	130 	130 
003841 	180 	94 	130 	130 
003842 	180 	94 	130 	130 
003843 	180 	94 	130 	130 
003844 	180 	94 	130 	130 
003845 	180 	94 	130 	130 
003846 	180 	94 	130 	130 
003847 	180 	94 	130 	130 
003848 	180 	94 	130 	130 
003849 	180 	94 	130 	130 
003850 	180 	94 	130 	130 
003851 	180 	94 	130 	130 
003852 	180 	94 	130 	130 
003853 	180 	94 	130 	130 
003854 	180 	94 	130 	130 
003855 	180 	94 	130 	130 
003856 	180 	94 	130 	130 
003857 	180 	94 	130 	130 
003858 	180 	94 	130 	130 
003859 	180 	94 	130 	130 
003860 	180 	94 	130 	130 
003861 	180 	94 	130 	130 
003862 	180 	94 	130 	130 
003863 	180 	94 	130 	130 
003864 	180 	94 	130 	130 
003865 	180 	94 	130 	130 
003866 	180 	94 	130 	130 
003867 	180 	94 	130 	130 
003868 	180 	94 	130 	130 
003869 	180 	94 	130 	130 
003870 	180 	94 	130 	130 
003871 	180 	94 	130 	130 
003872 	180 	94 	130 	130 
003873 	180 	94 	130 	130 
003874 	180 	94 	130 	130 
003875 	180 	94 	130 	130 
003876 	180 	94 	130 	130 
003877 	180 	94 	130 	130 
003878 	180 	94 	130 	130 
003879 	180 	94 	130 	130 
003880 	180 	94 	130 	130 
003881 	180 	94 	130 	130 
003882 	180 	94 	130 	130 
003883 	180 	94 	130 	130 
003884 	180 	94 	130 	130 
003885 	180 	80 	130 	130 
003886 	180 	80 	130 	130 
003887 	180 	80 	130 	130 
003888 	180 	80 	130 	130 
003889 	180 	80 	130 	130 
003890 	165 	80 	130 	130 
003891 	165 	80 	130 	130 
003892 	165 	80 	130 	130 
003893 	165 	80 	130 	130 
003894 	165 	80 	130 	130 
003895 	165 	80 	130 	130 
003896 	165 	80 	130 	130 
003897 	185 	90 	109 	109 
003898 	185 	90 	109 	109 
003899 	180 	80 	130 	130 
003900 	185 	90 	109 	109 
003901 	185 	90 	109 	109 
003902 	185 	90 	109 	109 
003903 	185 	90 	109 	109 
003904 	185 	90 	109 	109 
003905 	185 	90 	109 	109 
003906 	165 	80 	130 	130 
003907 	165 	80 	130 	130 
003908 	165 	80 	130 	130 
003909 	165 	80 	130 	130 
003910 	165 	94 	130 	130 
003911 	165 	94 	130 	130 
003912 	165 	94 	130 	130 
003913 	165 	94 	130 	130 
003914 	165 	94 	130 	130 
003915 	165 	94 	130 	130 
003916 	165 	94 	130 	130 
003917 	165 	94 	130 	130 
003918 	165 	80 	130 	130 
003919 	165 	80 	130 	130 
003920 	165 	80 	130 	130 
003921 	165 	94 	130 	130 
003922 	165 	94 	130 	130 
003923 	165 	94 	130 	130 
003924 	165 	94 	130 	130 
003925 	165 	94 	130 	130 
003926 	165 	94 	130 	130 
003927 	165 	94 	130 	130 
003928 	165 	94 	130 	130 
003929 	165 	94 	130 	130 
003930 	165 	94 	130 	130 
003931 	165 	94 	130 	130 
003932 	165 	94 	130 	130 
003933 	165 	94 	130 	130 
003934 	165 	94 	130 	130 
003935 	165 	94 	130 	130 
003936 	165 	94 	130 	130 
003937 	165 	94 	130 	130 
003938 	165 	94 	130 	130 
003939 	165 	94 	130 	130 
003940 	165 	94 	130 	130 
003941 	165 	94 	130 	130 
003942 	165 	94 	130 	130 
003943 	165 	80 	130 	130 
003944 	165 	80 	130 	130 
003945 	165 	80 	130 	130 
003946 	165 	80 	130 	130 
003947 	165 	80 	130 	130 
003948 	165 	80 	130 	130 
003949 	165 	94 	130 	130 
003950 	165 	94 	130 	130 
003951 	165 	94 	130 	130 
003952 	165 	94 	130 	130 
003953 	165 	94 	130 	130 
003954 	151 	80 	130 	130 
003955 	151 	80 	130 	130 
003956 	151 	80 	130 	130 
003957 	151 	80 	130 	130 
003958 	151 	80 	130 	130 
003959 	151 	80 	130 	130 
003960 	151 	80 	130 	130 
003961 	151 	80 	130 	130 
003962 	165 	80 	130 	130 
003963 	165 	80 	130 	130 
003964 	180 	94 	130 	130 
003965 	180 	94 	130 	130 
003966 	194 	80 	130 	130 
003967 	194 	80 	130 	130 
003968 	197 	102 	109 	109 
003969 	197 	102 	109 	109 
003970 	197 	102 	109 	109 
003971 	197 	102 	109 	109 
003972 	197 	102 	109 	109 
003973 	197 	102 	109 	109 
003974 	194 	80 	130 	130 
003975 	194 	80 	130 	130 
003976 	194 	80 	130 	130 
003977 	194 	80 	130 	130 
003978 	194 	80 	130 	130 
003979 	194 	80 	130 	130 
003980 	194 	80 	130 	130 
003981 	194 	80 	130 	130 
003982 	194 	80 	130 	130 
003983 	194 	80 	130 	130 
003984 	194 	80 	130 	130 
003985 	194 	80 	130 	130 
003986 	194 	80 	130 	130 
003987 	194 	80 	130 	130 
003988 	194 	80 	130 	130 
003989 	194 	80 	130 	130 
003990 	194 	80 	130 	130 
003991 	194 	80 	130 	130 
003992 	194 	80 	130 	130 
003993 	194 	80 	130 	130 
003994 	194 	94 	130 	130 
003995 	194 	94 	130 	130 
003996 	194 	94 	130 	130 
003997 	194 	94 	130 	130 
003998 	194 	94 	130 	130 
003999 	194 	94 	130 	130 
004000 	194 	94 	130 	130 
004001 	194 	94 	130 	130 
004002 	194 	94 	130 	130 
004003 	194 	94 	130 	130 
004004 	194 	94 	130 	130 
004005 	194 	94 	130 	130 
004006 	194 	94 	130 	130 
004007 	194 	94 	130 	130 
004008 	194 	94 	130 	130 
004009 	194 	94 	130 	130 
004010 	194 	94 	130 	130 
004011 	194 	94 	130 	130 
004012 	194 	94 	130 	130 
004013 	194 	94 	130 	130 
004014 	194 	94 	130 	130 
004015 	194 	94 	130 	130 
004016 	194 	94 	130 	130 
004017 	194 	94 	130 	130 
004018 	194 	94 	130 	130 
004019 	194 	94 	130 	130 
004020 	194 	94 	130 	130 
