Identity  : 	id10567
Reference : 	p_aWV6K4XY8
Offset    : 	-3
FV Conf   : 	18.601
ASD Conf  : 	7.509

FRAME 	X 	Y 	W 	H 
003561 	164 	79 	156 	156 
003562 	164 	79 	156 	156 
003563 	164 	79 	156 	156 
003564 	164 	79 	156 	156 
003565 	160 	79 	156 	156 
003566 	156 	79 	156 	156 
003567 	151 	79 	156 	156 
003568 	147 	79 	156 	156 
003569 	147 	79 	156 	156 
003570 	147 	79 	156 	156 
003571 	147 	79 	156 	156 
003572 	147 	79 	156 	156 
003573 	147 	79 	156 	156 
003574 	147 	79 	156 	156 
003575 	147 	79 	156 	156 
003576 	147 	79 	156 	156 
003577 	147 	79 	156 	156 
003578 	147 	79 	156 	156 
003579 	147 	79 	156 	156 
003580 	147 	79 	156 	156 
003581 	147 	79 	156 	156 
003582 	164 	96 	156 	156 
003583 	164 	96 	156 	156 
003584 	164 	96 	156 	156 
003585 	164 	96 	156 	156 
003586 	164 	96 	156 	156 
003587 	164 	96 	156 	156 
003588 	164 	96 	156 	156 
003589 	164 	96 	156 	156 
003590 	164 	96 	156 	156 
003591 	164 	79 	156 	156 
003592 	164 	79 	156 	156 
003593 	164 	79 	156 	156 
003594 	164 	79 	156 	156 
003595 	164 	79 	156 	156 
003596 	181 	79 	156 	156 
003597 	181 	79 	156 	156 
003598 	181 	79 	156 	156 
003599 	181 	79 	156 	156 
003600 	181 	79 	156 	156 
003601 	181 	79 	156 	156 
003602 	181 	79 	156 	156 
003603 	181 	79 	156 	156 
003604 	181 	79 	156 	156 
003605 	181 	79 	156 	156 
003606 	181 	79 	156 	156 
003607 	164 	79 	156 	156 
003608 	181 	79 	156 	156 
003609 	181 	79 	156 	156 
003610 	181 	79 	156 	156 
003611 	181 	79 	156 	156 
003612 	164 	79 	156 	156 
003613 	164 	79 	156 	156 
003614 	164 	79 	156 	156 
003615 	164 	79 	156 	156 
003616 	164 	79 	156 	156 
003617 	164 	79 	156 	156 
003618 	164 	79 	156 	156 
003619 	164 	79 	156 	156 
003620 	164 	79 	156 	156 
003621 	164 	79 	156 	156 
003622 	164 	79 	156 	156 
003623 	164 	79 	156 	156 
003624 	164 	79 	156 	156 
003625 	164 	79 	156 	156 
003626 	164 	79 	156 	156 
003627 	164 	79 	156 	156 
003628 	164 	79 	156 	156 
003629 	164 	79 	156 	156 
003630 	164 	79 	156 	156 
003631 	164 	79 	156 	156 
003632 	164 	79 	156 	156 
003633 	135 	53 	187 	187 
003634 	135 	53 	187 	187 
003635 	135 	53 	187 	187 
003636 	135 	53 	187 	187 
003637 	135 	53 	187 	187 
003638 	135 	53 	187 	187 
003639 	164 	79 	156 	156 
003640 	164 	79 	156 	156 
003641 	164 	62 	156 	155 
003642 	164 	62 	156 	155 
003643 	164 	62 	156 	155 
003644 	164 	62 	156 	155 
003645 	164 	62 	156 	155 
003646 	164 	62 	156 	155 
003647 	164 	62 	156 	155 
003648 	164 	62 	156 	155 
003649 	164 	62 	156 	155 
003650 	164 	62 	156 	155 
003651 	164 	62 	156 	155 
003652 	164 	62 	156 	155 
003653 	181 	62 	156 	155 
003654 	181 	62 	156 	155 
003655 	181 	62 	156 	155 
003656 	164 	62 	156 	155 
003657 	164 	62 	156 	155 
003658 	181 	62 	156 	155 
003659 	181 	62 	156 	155 
003660 	181 	62 	156 	155 
003661 	181 	62 	156 	155 
003662 	181 	62 	156 	155 
003663 	181 	62 	156 	155 
003664 	181 	44 	156 	156 
003665 	181 	44 	156 	156 
003666 	181 	44 	156 	156 
003667 	181 	44 	156 	156 
003668 	181 	44 	156 	156 
003669 	156 	33 	187 	187 
003670 	164 	44 	156 	156 
003671 	164 	44 	156 	156 
003672 	164 	44 	156 	156 
003673 	164 	44 	156 	156 
003674 	164 	44 	156 	156 
003675 	164 	44 	156 	156 
003676 	164 	44 	156 	156 
003677 	164 	44 	156 	156 
003678 	164 	44 	156 	156 
003679 	164 	44 	156 	156 
003680 	164 	44 	156 	156 
003681 	164 	44 	156 	156 
003682 	164 	44 	156 	156 
003683 	164 	44 	156 	156 
003684 	164 	62 	156 	155 
003685 	164 	62 	156 	155 
003686 	164 	44 	156 	156 
003687 	164 	44 	156 	156 
003688 	164 	62 	156 	155 
003689 	164 	62 	156 	155 
003690 	164 	62 	156 	155 
003691 	164 	62 	156 	155 
003692 	164 	62 	156 	155 
003693 	164 	62 	156 	155 
003694 	164 	62 	156 	155 
003695 	164 	62 	156 	155 
003696 	164 	62 	156 	155 
003697 	164 	62 	156 	155 
003698 	164 	62 	156 	155 
003699 	164 	44 	156 	156 
003700 	156 	33 	187 	187 
003701 	156 	33 	187 	187 
003702 	164 	62 	156 	155 
003703 	164 	62 	156 	155 
003704 	164 	62 	156 	155 
003705 	164 	62 	156 	155 
003706 	164 	62 	156 	155 
003707 	164 	62 	156 	155 
003708 	156 	33 	187 	187 
003709 	156 	33 	187 	187 
003710 	156 	33 	187 	187 
003711 	156 	33 	187 	187 
003712 	156 	33 	187 	187 
003713 	156 	33 	187 	187 
003714 	156 	33 	187 	187 
003715 	181 	62 	156 	155 
003716 	181 	62 	156 	155 
003717 	181 	62 	156 	155 
003718 	181 	62 	156 	155 
003719 	181 	62 	156 	155 
003720 	181 	62 	156 	155 
003721 	181 	62 	156 	155 
003722 	181 	62 	156 	155 
003723 	181 	62 	156 	155 
003724 	181 	79 	156 	156 
003725 	181 	62 	156 	155 
003726 	181 	62 	156 	155 
003727 	181 	62 	156 	155 
003728 	181 	62 	156 	155 
003729 	181 	62 	156 	155 
003730 	181 	62 	156 	155 
003731 	181 	62 	156 	155 
003732 	181 	62 	156 	155 
003733 	181 	62 	156 	155 
003734 	181 	62 	156 	155 
003735 	181 	62 	156 	155 
003736 	181 	62 	156 	155 
003737 	181 	62 	156 	155 
003738 	181 	62 	156 	155 
003739 	181 	62 	156 	155 
003740 	181 	62 	156 	155 
003741 	181 	62 	156 	155 
003742 	181 	62 	156 	155 
003743 	181 	62 	156 	155 
003744 	181 	62 	156 	155 
003745 	181 	44 	156 	156 
003746 	181 	44 	156 	156 
003747 	181 	44 	156 	156 
003748 	181 	44 	156 	156 
003749 	181 	44 	156 	156 
003750 	181 	44 	156 	156 
003751 	181 	44 	156 	156 
003752 	181 	44 	156 	156 
003753 	181 	44 	156 	156 
003754 	181 	44 	156 	156 
003755 	181 	44 	156 	156 
003756 	181 	44 	156 	156 
003757 	181 	44 	156 	156 
003758 	181 	44 	156 	156 
003759 	181 	44 	156 	156 
003760 	181 	62 	156 	155 
003761 	181 	62 	156 	155 
003762 	181 	62 	156 	155 
003763 	181 	62 	156 	155 
003764 	181 	62 	156 	155 
003765 	181 	44 	156 	156 
003766 	181 	44 	156 	156 
003767 	181 	44 	156 	156 
003768 	181 	44 	156 	156 
003769 	181 	44 	156 	156 
003770 	181 	44 	156 	156 
003771 	181 	44 	156 	156 
003772 	181 	62 	156 	155 
003773 	181 	62 	156 	155 
003774 	181 	62 	156 	155 
003775 	181 	62 	156 	155 
003776 	181 	62 	156 	155 
003777 	181 	62 	156 	155 
003778 	181 	62 	156 	155 
003779 	164 	62 	156 	155 
003780 	164 	62 	156 	155 
003781 	164 	79 	156 	156 
003782 	164 	79 	156 	156 
003783 	164 	62 	156 	155 
003784 	164 	62 	156 	155 
003785 	164 	62 	156 	155 
003786 	164 	79 	156 	156 
003787 	164 	79 	156 	156 
003788 	164 	79 	156 	156 
003789 	164 	79 	156 	156 
003790 	164 	79 	156 	156 
003791 	164 	79 	156 	156 
003792 	164 	79 	156 	156 
003793 	164 	79 	156 	156 
003794 	164 	79 	156 	156 
003795 	164 	79 	156 	156 
003796 	164 	79 	156 	156 
003797 	164 	79 	156 	156 
003798 	164 	79 	156 	156 
003799 	164 	79 	156 	156 
003800 	181 	79 	156 	156 
003801 	181 	79 	156 	156 
