Identity  : 	id10016
Reference : 	Zxab80IZxU8
Offset    : 	0
FV Conf   : 	18.871
ASD Conf  : 	6.567

FRAME 	X 	Y 	W 	H 
003420 	156 	95 	187 	186 
003421 	156 	74 	187 	187 
003422 	156 	74 	187 	187 
003423 	156 	74 	187 	187 
003424 	135 	74 	187 	187 
003425 	135 	74 	187 	187 
003426 	135 	74 	187 	187 
003427 	135 	74 	187 	187 
003428 	135 	74 	187 	187 
003429 	135 	74 	187 	187 
003430 	135 	95 	187 	186 
003431 	156 	95 	187 	186 
003432 	156 	95 	187 	186 
003433 	156 	95 	187 	186 
003434 	156 	95 	187 	186 
003435 	156 	95 	187 	186 
003436 	156 	95 	187 	186 
003437 	156 	95 	187 	186 
003438 	156 	95 	187 	186 
003439 	156 	95 	187 	186 
003440 	138 	64 	224 	224 
003441 	156 	74 	187 	187 
003442 	156 	74 	187 	187 
003443 	156 	74 	187 	187 
003444 	138 	64 	224 	224 
003445 	156 	74 	187 	187 
003446 	156 	74 	187 	187 
003447 	156 	74 	187 	187 
003448 	156 	74 	187 	187 
003449 	156 	74 	187 	187 
003450 	156 	74 	187 	187 
003451 	156 	74 	187 	187 
003452 	156 	74 	187 	187 
003453 	156 	74 	187 	187 
003454 	156 	74 	187 	187 
003455 	156 	74 	187 	187 
003456 	156 	74 	187 	187 
003457 	156 	74 	187 	187 
003458 	156 	74 	187 	187 
003459 	156 	74 	187 	187 
003460 	156 	74 	187 	187 
003461 	156 	74 	187 	187 
003462 	156 	74 	187 	187 
003463 	156 	74 	187 	187 
003464 	156 	74 	187 	187 
003465 	156 	74 	187 	187 
003466 	156 	74 	187 	187 
003467 	156 	74 	187 	187 
003468 	156 	74 	187 	187 
003469 	156 	74 	187 	187 
003470 	156 	74 	187 	187 
003471 	156 	74 	187 	187 
003472 	156 	74 	187 	187 
003473 	156 	74 	187 	187 
003474 	156 	74 	187 	187 
003475 	156 	74 	187 	187 
003476 	156 	74 	187 	187 
003477 	156 	74 	187 	187 
003478 	156 	74 	187 	187 
003479 	156 	74 	187 	187 
003480 	156 	74 	187 	187 
003481 	156 	74 	187 	187 
003482 	177 	74 	187 	187 
003483 	177 	74 	187 	187 
003484 	177 	74 	187 	187 
003485 	177 	74 	187 	187 
003486 	177 	74 	187 	187 
003487 	177 	74 	187 	187 
003488 	177 	74 	187 	187 
003489 	177 	74 	187 	187 
003490 	156 	95 	187 	186 
003491 	156 	74 	187 	187 
003492 	156 	95 	187 	186 
003493 	156 	74 	187 	187 
003494 	156 	95 	187 	186 
003495 	156 	95 	187 	186 
003496 	156 	95 	187 	186 
003497 	156 	95 	187 	186 
003498 	156 	115 	187 	187 
003499 	156 	115 	187 	187 
003500 	156 	115 	187 	187 
003501 	156 	115 	187 	187 
003502 	156 	115 	187 	187 
003503 	156 	115 	187 	187 
003504 	156 	115 	187 	187 
003505 	156 	115 	187 	187 
003506 	156 	115 	187 	187 
003507 	156 	115 	187 	187 
003508 	156 	115 	187 	187 
003509 	156 	115 	187 	187 
003510 	156 	115 	187 	187 
003511 	156 	115 	187 	187 
003512 	156 	115 	187 	187 
003513 	156 	115 	187 	187 
003514 	156 	115 	187 	187 
003515 	156 	115 	187 	187 
003516 	156 	115 	187 	187 
003517 	156 	115 	187 	187 
003518 	156 	136 	187 	187 
003519 	156 	136 	187 	187 
003520 	156 	136 	187 	187 
003521 	156 	115 	187 	187 
003522 	156 	115 	187 	187 
003523 	156 	115 	187 	187 
003524 	156 	115 	187 	187 
003525 	156 	115 	187 	187 
003526 	156 	115 	187 	187 
003527 	156 	115 	187 	187 
003528 	156 	115 	187 	187 
003529 	156 	115 	187 	187 
003530 	156 	115 	187 	187 
003531 	156 	115 	187 	187 
003532 	156 	115 	187 	187 
003533 	156 	115 	187 	187 
003534 	156 	115 	187 	187 
003535 	156 	115 	187 	187 
003536 	156 	115 	187 	187 
003537 	156 	115 	187 	187 
003538 	156 	95 	187 	186 
003539 	156 	95 	187 	186 
003540 	156 	95 	187 	186 
003541 	156 	95 	187 	186 
003542 	156 	95 	187 	186 
003543 	156 	95 	187 	186 
003544 	156 	74 	187 	187 
003545 	156 	74 	187 	187 
003546 	156 	74 	187 	187 
003547 	156 	74 	187 	187 
003548 	156 	95 	187 	186 
003549 	156 	95 	187 	186 
003550 	156 	95 	187 	186 
003551 	156 	95 	187 	186 
003552 	156 	95 	187 	186 
003553 	156 	95 	187 	186 
003554 	156 	95 	187 	186 
003555 	156 	95 	187 	186 
003556 	156 	95 	187 	186 
003557 	156 	95 	187 	186 
003558 	156 	95 	187 	186 
003559 	156 	95 	187 	186 
003560 	156 	95 	187 	186 
003561 	156 	95 	187 	186 
003562 	156 	95 	187 	186 
003563 	156 	95 	187 	186 
003564 	156 	115 	187 	187 
003565 	156 	115 	187 	187 
003566 	156 	115 	187 	187 
003567 	156 	115 	187 	187 
003568 	156 	115 	187 	187 
003569 	156 	115 	187 	187 
003570 	156 	115 	187 	187 
003571 	156 	115 	187 	187 
003572 	156 	115 	187 	187 
003573 	156 	115 	187 	187 
003574 	156 	115 	187 	187 
003575 	156 	115 	187 	187 
003576 	156 	115 	187 	187 
003577 	156 	115 	187 	187 
003578 	156 	115 	187 	187 
003579 	156 	115 	187 	187 
003580 	156 	115 	187 	187 
003581 	156 	115 	187 	187 
003582 	156 	115 	187 	187 
003583 	156 	115 	187 	187 
003584 	156 	115 	187 	187 
003585 	156 	115 	187 	187 
003586 	156 	115 	187 	187 
003587 	156 	115 	187 	187 
003588 	156 	115 	187 	187 
003589 	156 	115 	187 	187 
003590 	156 	115 	187 	187 
003591 	156 	115 	187 	187 
003592 	156 	115 	187 	187 
003593 	135 	115 	187 	187 
003594 	135 	115 	187 	187 
003595 	135 	115 	187 	187 
003596 	135 	115 	187 	187 
003597 	135 	115 	187 	187 
003598 	135 	115 	187 	187 
003599 	135 	115 	187 	187 
003600 	135 	115 	187 	187 
003601 	135 	115 	187 	187 
003602 	135 	115 	187 	187 
003603 	135 	115 	187 	187 
003604 	135 	115 	187 	187 
003605 	135 	95 	187 	186 
003606 	135 	95 	187 	186 
003607 	135 	95 	187 	186 
003608 	135 	95 	187 	186 
003609 	135 	95 	187 	186 
003610 	135 	95 	187 	186 
003611 	135 	95 	187 	186 
003612 	135 	95 	187 	186 
003613 	135 	95 	187 	186 
003614 	135 	95 	187 	186 
003615 	135 	95 	187 	186 
003616 	135 	95 	187 	186 
003617 	135 	95 	187 	186 
003618 	135 	95 	187 	186 
003619 	135 	95 	187 	186 
003620 	135 	95 	187 	186 
003621 	156 	95 	187 	186 
003622 	156 	95 	187 	186 
003623 	156 	95 	187 	186 
003624 	156 	95 	187 	186 
003625 	156 	95 	187 	186 
003626 	156 	95 	187 	186 
003627 	135 	95 	187 	186 
003628 	113 	64 	224 	224 
003629 	113 	64 	224 	224 
003630 	156 	95 	187 	186 
003631 	135 	95 	187 	186 
003632 	135 	95 	187 	186 
003633 	135 	74 	187 	187 
003634 	135 	74 	187 	187 
003635 	135 	74 	187 	187 
003636 	135 	74 	187 	187 
003637 	135 	74 	187 	187 
003638 	135 	74 	187 	187 
003639 	156 	95 	187 	186 
003640 	156 	95 	187 	186 
003641 	156 	74 	187 	187 
003642 	138 	64 	224 	224 
003643 	156 	74 	187 	187 
003644 	156 	74 	187 	187 
003645 	156 	74 	187 	187 
003646 	156 	74 	187 	187 
003647 	156 	74 	187 	187 
003648 	156 	74 	187 	187 
003649 	156 	74 	187 	187 
003650 	156 	74 	187 	187 
003651 	156 	74 	187 	187 
003652 	135 	74 	187 	187 
003653 	135 	74 	187 	187 
003654 	135 	74 	187 	187 
003655 	135 	74 	187 	187 
003656 	135 	74 	187 	187 
003657 	135 	95 	187 	186 
003658 	135 	95 	187 	186 
003659 	135 	74 	187 	187 
003660 	135 	74 	187 	187 
003661 	135 	74 	187 	187 
003662 	135 	74 	187 	187 
003663 	135 	74 	187 	187 
003664 	135 	95 	187 	186 
003665 	135 	74 	187 	187 
003666 	135 	74 	187 	187 
003667 	135 	74 	187 	187 
003668 	135 	74 	187 	187 
003669 	135 	74 	187 	187 
003670 	135 	74 	187 	187 
003671 	135 	74 	187 	187 
003672 	135 	74 	187 	187 
003673 	156 	74 	187 	187 
003674 	156 	74 	187 	187 
003675 	156 	74 	187 	187 
003676 	156 	74 	187 	187 
003677 	156 	74 	187 	187 
003678 	156 	74 	187 	187 
003679 	156 	74 	187 	187 
003680 	156 	74 	187 	187 
003681 	156 	74 	187 	187 
003682 	156 	74 	187 	187 
003683 	156 	74 	187 	187 
003684 	156 	74 	187 	187 
003685 	156 	74 	187 	187 
003686 	156 	74 	187 	187 
003687 	156 	74 	187 	187 
003688 	156 	74 	187 	187 
003689 	156 	74 	187 	187 
003690 	156 	74 	187 	187 
003691 	156 	74 	187 	187 
003692 	156 	74 	187 	187 
003693 	156 	74 	187 	187 
003694 	156 	74 	187 	187 
003695 	156 	74 	187 	187 
003696 	156 	74 	187 	187 
003697 	156 	74 	187 	187 
003698 	156 	74 	187 	187 
003699 	156 	74 	187 	187 
003700 	156 	74 	187 	187 
003701 	156 	74 	187 	187 
003702 	156 	74 	187 	187 
003703 	156 	74 	187 	187 
003704 	156 	74 	187 	187 
003705 	156 	74 	187 	187 
003706 	156 	74 	187 	187 
003707 	156 	74 	187 	187 
003708 	156 	74 	187 	187 
003709 	156 	74 	187 	187 
003710 	156 	74 	187 	187 
003711 	156 	74 	187 	187 
003712 	156 	74 	187 	187 
003713 	156 	74 	187 	187 
003714 	156 	74 	187 	187 
003715 	156 	74 	187 	187 
003716 	156 	74 	187 	187 
003717 	156 	74 	187 	187 
003718 	156 	74 	187 	187 
003719 	156 	74 	187 	187 
003720 	156 	74 	187 	187 
003721 	135 	74 	187 	187 
003722 	135 	74 	187 	187 
003723 	135 	74 	187 	187 
003724 	135 	74 	187 	187 
003725 	135 	74 	187 	187 
003726 	135 	74 	187 	187 
003727 	135 	74 	187 	187 
003728 	135 	74 	187 	187 
003729 	135 	74 	187 	187 
003730 	135 	74 	187 	187 
003731 	135 	74 	187 	187 
003732 	135 	74 	187 	187 
003733 	135 	74 	187 	187 
003734 	135 	74 	187 	187 
003735 	135 	74 	187 	187 
003736 	135 	74 	187 	187 
003737 	135 	74 	187 	187 
003738 	135 	74 	187 	187 
003739 	135 	74 	187 	187 
003740 	135 	74 	187 	187 
003741 	135 	74 	187 	187 
003742 	135 	74 	187 	187 
003743 	135 	74 	187 	187 
003744 	135 	74 	187 	187 
003745 	135 	74 	187 	187 
003746 	135 	95 	187 	186 
003747 	135 	74 	187 	187 
003748 	135 	95 	187 	186 
003749 	135 	95 	187 	186 
003750 	135 	95 	187 	186 
003751 	135 	74 	187 	187 
