Identity  : 	id10016
Reference : 	Zxab80IZxU8
Offset    : 	-1
FV Conf   : 	21.663
ASD Conf  : 	6.491

FRAME 	X 	Y 	W 	H 
000534 	74 	53 	186 	187 
000535 	74 	53 	186 	187 
000536 	53 	53 	187 	187 
000537 	53 	53 	187 	187 
000538 	74 	53 	186 	187 
000539 	74 	53 	186 	187 
000540 	74 	53 	186 	187 
000541 	74 	53 	186 	187 
000542 	74 	53 	186 	187 
000543 	94 	53 	187 	187 
000544 	94 	53 	187 	187 
000545 	94 	53 	187 	187 
000546 	115 	74 	187 	187 
000547 	115 	74 	187 	187 
000548 	115 	74 	187 	187 
000549 	135 	74 	187 	187 
000550 	135 	74 	187 	187 
000551 	135 	74 	187 	187 
000552 	135 	74 	187 	187 
000553 	135 	53 	187 	187 
000554 	135 	53 	187 	187 
000555 	135 	53 	187 	187 
000556 	135 	53 	187 	187 
000557 	135 	53 	187 	187 
000558 	135 	53 	187 	187 
000559 	135 	53 	187 	187 
000560 	115 	53 	187 	187 
000561 	115 	53 	187 	187 
000562 	115 	74 	187 	187 
000563 	115 	74 	187 	187 
000564 	115 	74 	187 	187 
000565 	115 	74 	187 	187 
000566 	115 	74 	187 	187 
000567 	115 	74 	187 	187 
000568 	115 	53 	187 	187 
000569 	115 	53 	187 	187 
000570 	115 	53 	187 	187 
000571 	135 	53 	187 	187 
000572 	135 	53 	187 	187 
000573 	135 	53 	187 	187 
000574 	135 	53 	187 	187 
000575 	135 	53 	187 	187 
000576 	135 	53 	187 	187 
000577 	135 	53 	187 	187 
000578 	135 	53 	187 	187 
000579 	135 	53 	187 	187 
000580 	135 	53 	187 	187 
000581 	135 	53 	187 	187 
000582 	135 	53 	187 	187 
000583 	135 	53 	187 	187 
000584 	135 	53 	187 	187 
000585 	135 	53 	187 	187 
000586 	135 	53 	187 	187 
000587 	135 	53 	187 	187 
000588 	135 	53 	187 	187 
000589 	135 	53 	187 	187 
000590 	135 	53 	187 	187 
000591 	135 	53 	187 	187 
000592 	135 	53 	187 	187 
000593 	135 	53 	187 	187 
000594 	135 	53 	187 	187 
000595 	135 	53 	187 	187 
000596 	135 	74 	187 	187 
000597 	135 	53 	187 	187 
000598 	135 	53 	187 	187 
000599 	135 	53 	187 	187 
000600 	115 	53 	187 	187 
000601 	115 	74 	187 	187 
000602 	115 	74 	187 	187 
000603 	115 	74 	187 	187 
000604 	115 	74 	187 	187 
000605 	135 	74 	187 	187 
000606 	135 	74 	187 	187 
000607 	135 	74 	187 	187 
000608 	113 	64 	224 	224 
000609 	135 	95 	187 	186 
000610 	135 	95 	187 	186 
000611 	135 	95 	187 	186 
000612 	135 	95 	187 	186 
000613 	135 	95 	187 	186 
000614 	135 	95 	187 	186 
000615 	135 	95 	187 	186 
000616 	113 	64 	224 	224 
000617 	113 	64 	224 	224 
000618 	113 	64 	224 	224 
000619 	135 	95 	187 	186 
000620 	135 	95 	187 	186 
000621 	135 	95 	187 	186 
000622 	135 	95 	187 	186 
000623 	135 	95 	187 	186 
000624 	135 	95 	187 	186 
000625 	135 	95 	187 	186 
000626 	135 	95 	187 	186 
000627 	135 	95 	187 	186 
000628 	113 	89 	224 	224 
000629 	113 	89 	224 	224 
000630 	135 	115 	187 	187 
000631 	135 	115 	187 	187 
000632 	115 	115 	187 	187 
000633 	115 	115 	187 	187 
000634 	115 	115 	187 	187 
000635 	115 	115 	187 	187 
000636 	135 	115 	187 	187 
000637 	135 	115 	187 	187 
000638 	135 	115 	187 	187 
000639 	115 	115 	187 	187 
000640 	115 	115 	187 	187 
000641 	115 	115 	187 	187 
000642 	115 	115 	187 	187 
000643 	115 	115 	187 	187 
000644 	115 	136 	187 	187 
000645 	115 	136 	187 	187 
000646 	135 	136 	187 	187 
000647 	115 	115 	187 	187 
000648 	115 	115 	187 	187 
000649 	115 	115 	187 	187 
000650 	115 	115 	187 	187 
000651 	115 	115 	187 	187 
000652 	135 	115 	187 	187 
000653 	113 	89 	224 	224 
000654 	135 	95 	187 	186 
000655 	135 	95 	187 	186 
000656 	135 	95 	187 	186 
000657 	135 	95 	187 	186 
000658 	113 	64 	224 	224 
000659 	113 	64 	224 	224 
000660 	113 	64 	224 	224 
000661 	113 	64 	224 	224 
000662 	135 	74 	187 	187 
000663 	135 	74 	187 	187 
000664 	135 	74 	187 	187 
000665 	135 	74 	187 	187 
000666 	135 	74 	187 	187 
000667 	135 	74 	187 	187 
000668 	135 	74 	187 	187 
000669 	135 	74 	187 	187 
000670 	135 	74 	187 	187 
000671 	115 	74 	187 	187 
000672 	115 	74 	187 	187 
000673 	115 	74 	187 	187 
000674 	115 	74 	187 	187 
000675 	115 	74 	187 	187 
000676 	115 	74 	187 	187 
000677 	115 	74 	187 	187 
000678 	115 	74 	187 	187 
000679 	115 	74 	187 	187 
000680 	115 	74 	187 	187 
000681 	115 	74 	187 	187 
000682 	115 	74 	187 	187 
000683 	115 	74 	187 	187 
000684 	89 	39 	223 	224 
000685 	89 	39 	223 	224 
000686 	115 	74 	187 	187 
000687 	89 	39 	223 	224 
000688 	115 	74 	187 	187 
000689 	115 	74 	187 	187 
000690 	115 	74 	187 	187 
000691 	115 	74 	187 	187 
000692 	115 	74 	187 	187 
000693 	115 	74 	187 	187 
000694 	115 	74 	187 	187 
000695 	135 	74 	187 	187 
000696 	135 	74 	187 	187 
000697 	135 	74 	187 	187 
000698 	135 	74 	187 	187 
000699 	113 	64 	224 	224 
000700 	135 	74 	187 	187 
000701 	135 	74 	187 	187 
000702 	135 	74 	187 	187 
000703 	135 	74 	187 	187 
000704 	135 	74 	187 	187 
000705 	135 	74 	187 	187 
000706 	115 	74 	187 	187 
000707 	115 	74 	187 	187 
000708 	115 	74 	187 	187 
000709 	115 	74 	187 	187 
000710 	115 	74 	187 	187 
000711 	115 	74 	187 	187 
000712 	115 	74 	187 	187 
000713 	115 	74 	187 	187 
000714 	89 	64 	223 	224 
000715 	94 	74 	187 	187 
000716 	94 	74 	187 	187 
000717 	94 	74 	187 	187 
000718 	94 	74 	187 	187 
000719 	94 	74 	187 	187 
000720 	94 	74 	187 	187 
000721 	94 	74 	187 	187 
000722 	89 	39 	223 	224 
000723 	115 	74 	187 	187 
000724 	94 	74 	187 	187 
000725 	115 	74 	187 	187 
000726 	89 	39 	223 	224 
000727 	89 	39 	223 	224 
000728 	89 	39 	223 	224 
000729 	89 	39 	223 	224 
000730 	89 	39 	223 	224 
000731 	89 	64 	223 	224 
000732 	94 	74 	187 	187 
000733 	94 	74 	187 	187 
000734 	89 	39 	223 	224 
000735 	89 	64 	223 	224 
000736 	89 	39 	223 	224 
000737 	89 	39 	223 	224 
000738 	89 	64 	223 	224 
000739 	89 	64 	223 	224 
000740 	115 	74 	187 	187 
000741 	89 	64 	223 	224 
000742 	115 	74 	187 	187 
000743 	115 	74 	187 	187 
000744 	115 	74 	187 	187 
000745 	115 	74 	187 	187 
000746 	115 	74 	187 	187 
000747 	115 	74 	187 	187 
000748 	115 	74 	187 	187 
000749 	115 	74 	187 	187 
000750 	115 	74 	187 	187 
000751 	115 	74 	187 	187 
000752 	115 	74 	187 	187 
000753 	115 	74 	187 	187 
000754 	115 	74 	187 	187 
000755 	115 	74 	187 	187 
000756 	115 	74 	187 	187 
000757 	115 	74 	187 	187 
000758 	115 	74 	187 	187 
000759 	115 	74 	187 	187 
000760 	115 	74 	187 	187 
000761 	89 	64 	223 	224 
