Identity  : 	id10204
Reference : 	OH-5dGHLOwA
Offset    : 	-1
FV Conf   : 	12.711
ASD Conf  : 	6.062

FRAME 	X 	Y 	W 	H 
001500 	266 	51 	130 	130 
001501 	266 	51 	130 	130 
001502 	280 	51 	130 	130 
001503 	280 	51 	130 	130 
001504 	280 	51 	130 	130 
001505 	294 	51 	130 	130 
001506 	294 	51 	130 	130 
001507 	294 	51 	130 	130 
001508 	294 	51 	130 	130 
001509 	294 	51 	130 	130 
001510 	280 	51 	130 	130 
001511 	280 	37 	130 	130 
001512 	280 	37 	130 	130 
001513 	280 	37 	130 	130 
001514 	280 	37 	130 	130 
001515 	280 	37 	130 	130 
001516 	280 	23 	130 	130 
001517 	280 	37 	130 	130 
001518 	280 	37 	130 	130 
001519 	280 	51 	130 	130 
001520 	280 	51 	130 	130 
001521 	280 	51 	130 	130 
001522 	280 	37 	130 	130 
001523 	280 	51 	130 	130 
001524 	280 	51 	130 	130 
001525 	280 	51 	130 	130 
001526 	280 	51 	130 	130 
001527 	280 	51 	130 	130 
001528 	280 	51 	130 	130 
001529 	280 	51 	130 	130 
001530 	280 	51 	130 	130 
001531 	280 	51 	130 	130 
001532 	280 	51 	130 	130 
001533 	280 	51 	130 	130 
001534 	280 	51 	130 	130 
001535 	281 	54 	108 	109 
001536 	266 	51 	130 	130 
001537 	266 	51 	130 	130 
001538 	266 	51 	130 	130 
001539 	266 	51 	130 	130 
001540 	266 	51 	130 	130 
001541 	266 	51 	130 	130 
001542 	284 	65 	90 	91 
001543 	284 	65 	90 	91 
001544 	284 	65 	90 	91 
001545 	269 	66 	108 	109 
001546 	269 	66 	108 	109 
001547 	269 	66 	108 	109 
001548 	269 	66 	108 	109 
001549 	266 	51 	130 	130 
001550 	266 	66 	130 	130 
001551 	266 	66 	130 	130 
001552 	266 	66 	130 	130 
001553 	266 	51 	130 	130 
001554 	266 	51 	130 	130 
001555 	266 	51 	130 	130 
001556 	266 	51 	130 	130 
001557 	266 	51 	130 	130 
001558 	251 	51 	130 	130 
001559 	251 	51 	130 	130 
001560 	251 	51 	130 	130 
001561 	251 	37 	130 	130 
001562 	251 	51 	130 	130 
001563 	251 	51 	130 	130 
001564 	251 	51 	130 	130 
001565 	251 	51 	130 	130 
001566 	266 	51 	130 	130 
001567 	266 	37 	130 	130 
001568 	266 	37 	130 	130 
001569 	266 	37 	130 	130 
001570 	280 	23 	130 	130 
001571 	280 	23 	130 	130 
001572 	280 	23 	130 	130 
001573 	280 	23 	130 	130 
001574 	266 	23 	130 	130 
001575 	266 	23 	130 	130 
001576 	251 	23 	130 	130 
001577 	251 	23 	130 	130 
001578 	248 	23 	130 	130 
001579 	244 	23 	130 	130 
001580 	240 	23 	130 	130 
001581 	237 	23 	130 	130 
001582 	237 	23 	130 	130 
001583 	237 	23 	130 	130 
001584 	237 	23 	130 	130 
001585 	237 	23 	130 	130 
001586 	237 	23 	130 	130 
001587 	237 	23 	130 	130 
001588 	237 	23 	130 	130 
001589 	223 	37 	130 	130 
001590 	223 	37 	130 	130 
001591 	223 	37 	130 	130 
001592 	237 	37 	130 	130 
001593 	237 	37 	130 	130 
001594 	237 	37 	130 	130 
001595 	237 	37 	130 	130 
001596 	237 	37 	130 	130 
001597 	237 	37 	130 	130 
001598 	237 	37 	130 	130 
001599 	237 	37 	130 	130 
001600 	233 	27 	156 	156 
001601 	233 	27 	156 	156 
001602 	233 	27 	156 	156 
001603 	251 	37 	130 	130 
001604 	251 	37 	130 	130 
001605 	251 	37 	130 	130 
001606 	251 	51 	130 	130 
001607 	251 	51 	130 	130 
001608 	251 	51 	130 	130 
001609 	251 	51 	130 	130 
001610 	251 	66 	130 	130 
001611 	251 	66 	130 	130 
001612 	251 	66 	130 	130 
001613 	251 	66 	130 	130 
001614 	251 	66 	130 	130 
001615 	266 	66 	130 	130 
001616 	266 	66 	130 	130 
001617 	266 	66 	130 	130 
001618 	266 	66 	130 	130 
001619 	280 	66 	130 	130 
001620 	280 	66 	130 	130 
001621 	280 	80 	130 	130 
001622 	280 	80 	130 	130 
001623 	280 	80 	130 	130 
