Identity  : 	id10204
Reference : 	OH-5dGHLOwA
Offset    : 	-1
FV Conf   : 	16.403
ASD Conf  : 	5.778

FRAME 	X 	Y 	W 	H 
000624 	251 	51 	130 	130 
000625 	251 	51 	130 	130 
000626 	251 	51 	130 	130 
000627 	251 	51 	130 	130 
000628 	251 	51 	130 	130 
000629 	251 	51 	130 	130 
000630 	251 	51 	130 	130 
000631 	251 	51 	130 	130 
000632 	251 	51 	130 	130 
000633 	251 	51 	130 	130 
000634 	251 	51 	130 	130 
000635 	251 	51 	130 	130 
000636 	251 	51 	130 	130 
000637 	251 	51 	130 	130 
000638 	251 	51 	130 	130 
000639 	251 	51 	130 	130 
000640 	266 	66 	130 	130 
000641 	266 	66 	130 	130 
000642 	266 	66 	130 	130 
000643 	266 	66 	130 	130 
000644 	280 	66 	130 	130 
000645 	280 	66 	130 	130 
000646 	294 	66 	130 	130 
000647 	294 	66 	130 	130 
000648 	294 	66 	130 	130 
000649 	309 	66 	130 	130 
000650 	309 	66 	130 	130 
000651 	309 	66 	130 	130 
000652 	302 	44 	156 	156 
000653 	302 	44 	156 	156 
000654 	323 	66 	130 	130 
000655 	323 	66 	130 	130 
000656 	337 	66 	130 	130 
000657 	337 	66 	130 	130 
000658 	337 	66 	130 	130 
000659 	337 	66 	130 	130 
000660 	337 	66 	130 	130 
000661 	337 	66 	130 	130 
000662 	337 	66 	130 	130 
000663 	337 	66 	130 	130 
000664 	337 	66 	130 	130 
000665 	337 	80 	130 	130 
000666 	337 	80 	130 	130 
000667 	337 	66 	130 	130 
000668 	337 	66 	130 	130 
000669 	337 	66 	130 	130 
000670 	337 	66 	130 	130 
000671 	337 	66 	130 	130 
000672 	337 	66 	130 	130 
000673 	337 	66 	130 	130 
000674 	337 	66 	130 	130 
000675 	337 	66 	130 	130 
000676 	352 	66 	130 	130 
000677 	352 	51 	130 	130 
000678 	352 	51 	130 	130 
000679 	352 	51 	130 	130 
000680 	352 	51 	130 	130 
000681 	366 	51 	130 	130 
000682 	366 	51 	130 	130 
000683 	366 	51 	130 	130 
000684 	366 	51 	130 	130 
000685 	366 	51 	130 	130 
000686 	366 	51 	130 	130 
000687 	366 	51 	130 	130 
000688 	366 	51 	130 	130 
000689 	353 	44 	156 	156 
000690 	366 	66 	130 	130 
000691 	366 	66 	130 	130 
000692 	366 	66 	130 	130 
000693 	366 	66 	130 	130 
000694 	366 	66 	130 	130 
000695 	366 	66 	130 	130 
000696 	366 	66 	130 	130 
000697 	365 	66 	130 	130 
000698 	365 	66 	130 	130 
000699 	364 	65 	130 	130 
000700 	364 	65 	130 	130 
000701 	363 	65 	131 	131 
000702 	363 	65 	131 	131 
000703 	362 	65 	131 	131 
000704 	362 	65 	131 	131 
000705 	361 	65 	131 	131 
000706 	361 	64 	131 	131 
000707 	360 	64 	131 	131 
000708 	360 	64 	131 	131 
000709 	359 	64 	131 	131 
000710 	359 	64 	131 	131 
000711 	358 	64 	131 	131 
000712 	358 	64 	132 	132 
000713 	357 	63 	132 	132 
000714 	357 	63 	132 	132 
000715 	356 	63 	132 	132 
000716 	356 	63 	132 	132 
000717 	356 	63 	132 	132 
000718 	355 	63 	132 	132 
000719 	355 	63 	132 	132 
000720 	354 	63 	132 	132 
000721 	354 	62 	132 	132 
000722 	353 	62 	133 	133 
000723 	353 	62 	133 	133 
000724 	352 	62 	133 	133 
000725 	352 	62 	133 	133 
000726 	351 	62 	133 	133 
000727 	351 	62 	133 	133 
000728 	350 	61 	133 	133 
000729 	350 	61 	133 	133 
000730 	349 	61 	133 	133 
000731 	349 	61 	133 	133 
000732 	348 	61 	133 	133 
000733 	348 	61 	134 	134 
000734 	347 	61 	134 	134 
000735 	347 	60 	134 	134 
000736 	346 	60 	134 	134 
000737 	346 	60 	134 	134 
000738 	346 	60 	134 	134 
000739 	345 	60 	134 	134 
000740 	345 	60 	134 	134 
000741 	344 	60 	134 	134 
000742 	344 	59 	134 	134 
000743 	343 	59 	134 	134 
000744 	343 	59 	135 	135 
000745 	342 	59 	135 	135 
000746 	342 	59 	135 	135 
000747 	341 	59 	135 	135 
000748 	341 	59 	135 	135 
000749 	340 	58 	135 	135 
000750 	340 	58 	135 	135 
000751 	339 	58 	135 	135 
000752 	339 	58 	135 	135 
000753 	338 	58 	135 	135 
000754 	338 	58 	135 	135 
000755 	337 	58 	136 	136 
000756 	337 	57 	136 	136 
000757 	336 	57 	136 	136 
000758 	336 	57 	136 	136 
000759 	335 	57 	136 	136 
000760 	335 	57 	136 	136 
000761 	335 	57 	136 	136 
000762 	334 	57 	136 	136 
