Identity  : 	id10984
Reference : 	lKjzO4AuCis
Offset    : 	-1
FV Conf   : 	14.821
ASD Conf  : 	8.512

FRAME 	X 	Y 	W 	H 
005327 	402 	79 	76 	76 
005328 	402 	79 	76 	76 
005329 	393 	75 	91 	91 
005330 	393 	75 	91 	91 
005331 	393 	75 	91 	91 
005332 	393 	75 	91 	91 
005333 	393 	75 	91 	91 
005334 	393 	75 	91 	91 
005335 	393 	75 	91 	91 
005336 	393 	75 	91 	91 
005337 	393 	75 	91 	91 
005338 	393 	75 	91 	91 
005339 	393 	75 	91 	91 
005340 	393 	75 	91 	91 
005341 	393 	75 	91 	91 
005342 	393 	75 	91 	91 
005343 	393 	75 	91 	91 
005344 	393 	75 	91 	91 
005345 	393 	75 	91 	91 
005346 	393 	75 	91 	91 
005347 	393 	75 	91 	91 
005348 	393 	75 	91 	91 
005349 	393 	75 	91 	91 
005350 	393 	75 	91 	91 
005351 	393 	75 	91 	91 
005352 	402 	87 	76 	76 
005353 	402 	87 	76 	76 
005354 	402 	87 	76 	76 
005355 	402 	87 	76 	76 
005356 	402 	87 	76 	76 
005357 	402 	87 	76 	76 
005358 	402 	87 	76 	76 
005359 	402 	87 	76 	76 
005360 	402 	87 	76 	76 
005361 	402 	87 	76 	76 
005362 	402 	87 	76 	76 
005363 	402 	87 	76 	76 
005364 	402 	87 	76 	76 
005365 	402 	87 	76 	76 
005366 	402 	87 	76 	76 
005367 	402 	87 	76 	76 
005368 	402 	87 	76 	76 
005369 	402 	87 	76 	76 
005370 	402 	87 	76 	76 
005371 	402 	87 	76 	76 
005372 	402 	87 	76 	76 
005373 	402 	87 	76 	76 
005374 	402 	87 	76 	76 
005375 	402 	87 	76 	76 
005376 	402 	87 	76 	76 
005377 	402 	87 	76 	76 
005378 	402 	87 	76 	76 
005379 	402 	87 	76 	76 
005380 	402 	87 	76 	76 
005381 	402 	87 	76 	76 
005382 	402 	87 	76 	76 
005383 	402 	87 	76 	76 
005384 	402 	87 	76 	76 
005385 	402 	87 	76 	76 
005386 	402 	87 	76 	76 
005387 	402 	87 	76 	76 
005388 	402 	87 	76 	76 
005389 	402 	87 	76 	76 
005390 	402 	87 	76 	76 
005391 	402 	87 	76 	76 
005392 	393 	85 	91 	91 
005393 	393 	85 	91 	91 
005394 	393 	85 	91 	91 
005395 	393 	85 	91 	91 
005396 	393 	85 	91 	91 
005397 	393 	85 	91 	91 
005398 	393 	85 	91 	91 
005399 	393 	85 	91 	91 
005400 	393 	85 	91 	91 
005401 	402 	87 	76 	76 
005402 	393 	75 	91 	91 
005403 	393 	75 	91 	91 
005404 	393 	75 	91 	91 
005405 	393 	75 	91 	91 
005406 	393 	75 	91 	91 
005407 	402 	87 	76 	76 
005408 	393 	85 	91 	91 
005409 	393 	85 	91 	91 
005410 	393 	85 	91 	91 
005411 	393 	85 	91 	91 
005412 	393 	85 	91 	91 
005413 	393 	85 	91 	91 
005414 	393 	85 	91 	91 
005415 	393 	85 	91 	91 
005416 	393 	85 	91 	91 
005417 	393 	85 	91 	91 
005418 	393 	85 	91 	91 
005419 	393 	85 	91 	91 
005420 	393 	85 	91 	91 
005421 	393 	85 	91 	91 
005422 	393 	85 	91 	91 
005423 	393 	85 	91 	91 
005424 	393 	85 	91 	91 
005425 	393 	85 	91 	91 
005426 	393 	85 	91 	91 
005427 	393 	85 	91 	91 
005428 	393 	85 	91 	91 
005429 	393 	75 	91 	91 
005430 	402 	87 	76 	76 
005431 	393 	75 	91 	91 
005432 	393 	75 	91 	91 
005433 	393 	75 	91 	91 
005434 	393 	75 	91 	91 
005435 	393 	75 	91 	91 
005436 	393 	75 	91 	91 
005437 	393 	65 	91 	91 
005438 	393 	65 	91 	91 
005439 	393 	65 	91 	91 
005440 	393 	65 	91 	91 
005441 	393 	65 	91 	91 
005442 	393 	65 	91 	91 
005443 	393 	65 	91 	91 
005444 	393 	65 	91 	91 
005445 	393 	65 	91 	91 
005446 	393 	65 	91 	91 
005447 	393 	65 	91 	91 
005448 	393 	65 	91 	91 
005449 	393 	65 	91 	91 
005450 	393 	65 	91 	91 
005451 	393 	65 	91 	91 
005452 	393 	65 	91 	91 
005453 	393 	65 	91 	91 
005454 	393 	65 	91 	91 
005455 	393 	75 	91 	91 
005456 	393 	75 	91 	91 
