Identity  : 	id10406
Reference : 	hKCJ_V7Qghg
Offset    : 	-4
FV Conf   : 	20.789
ASD Conf  : 	5.665

FRAME 	X 	Y 	W 	H 
008143 	250 	62 	156 	155 
008144 	250 	62 	156 	155 
008145 	250 	62 	156 	155 
008146 	250 	62 	156 	155 
008147 	250 	62 	156 	155 
008148 	233 	62 	156 	155 
008149 	233 	62 	156 	155 
008150 	233 	62 	156 	155 
008151 	251 	80 	130 	130 
008152 	251 	80 	130 	130 
008153 	250 	79 	156 	156 
008154 	250 	79 	156 	156 
008155 	250 	79 	156 	156 
008156 	250 	79 	156 	156 
008157 	250 	79 	156 	156 
008158 	250 	79 	156 	156 
008159 	250 	79 	156 	156 
008160 	250 	79 	156 	156 
008161 	266 	80 	130 	130 
008162 	266 	80 	130 	130 
008163 	266 	80 	130 	130 
008164 	266 	80 	130 	130 
008165 	266 	80 	130 	130 
008166 	266 	80 	130 	130 
008167 	266 	80 	130 	130 
008168 	266 	80 	130 	130 
008169 	266 	80 	130 	130 
008170 	280 	80 	130 	130 
008171 	280 	80 	130 	130 
008172 	280 	80 	130 	130 
008173 	280 	80 	130 	130 
008174 	280 	80 	130 	130 
008175 	267 	62 	156 	155 
008176 	267 	62 	156 	155 
008177 	267 	62 	156 	155 
008178 	267 	62 	156 	155 
008179 	267 	62 	156 	155 
008180 	280 	80 	130 	130 
008181 	280 	80 	130 	130 
008182 	280 	80 	130 	130 
008183 	267 	79 	156 	156 
008184 	267 	79 	156 	156 
008185 	267 	79 	156 	156 
008186 	267 	79 	156 	156 
008187 	280 	80 	130 	130 
008188 	280 	80 	130 	130 
008189 	280 	80 	130 	130 
008190 	280 	80 	130 	130 
008191 	267 	62 	156 	155 
008192 	280 	80 	130 	130 
008193 	266 	80 	130 	130 
008194 	266 	80 	130 	130 
008195 	266 	80 	130 	130 
008196 	266 	80 	130 	130 
008197 	266 	80 	130 	130 
008198 	266 	80 	130 	130 
008199 	250 	62 	156 	155 
008200 	250 	62 	156 	155 
008201 	250 	62 	156 	155 
008202 	250 	62 	156 	155 
008203 	266 	80 	130 	130 
008204 	266 	80 	130 	130 
008205 	266 	80 	130 	130 
008206 	266 	80 	130 	130 
008207 	280 	80 	130 	130 
008208 	280 	80 	130 	130 
008209 	280 	80 	130 	130 
008210 	280 	80 	130 	130 
008211 	280 	80 	130 	130 
008212 	280 	80 	130 	130 
008213 	280 	80 	130 	130 
008214 	280 	80 	130 	130 
008215 	267 	79 	156 	156 
008216 	267 	79 	156 	156 
008217 	250 	79 	156 	156 
008218 	250 	79 	156 	156 
008219 	250 	79 	156 	156 
008220 	250 	62 	156 	155 
008221 	266 	80 	130 	130 
008222 	266 	80 	130 	130 
008223 	250 	62 	156 	155 
008224 	266 	80 	130 	130 
008225 	250 	62 	156 	155 
008226 	250 	62 	156 	155 
008227 	233 	62 	156 	155 
008228 	233 	62 	156 	155 
008229 	233 	62 	156 	155 
008230 	233 	62 	156 	155 
008231 	233 	62 	156 	155 
008232 	233 	62 	156 	155 
008233 	233 	62 	156 	155 
008234 	233 	62 	156 	155 
008235 	250 	79 	156 	156 
008236 	250 	79 	156 	156 
008237 	233 	62 	156 	155 
008238 	233 	62 	156 	155 
008239 	233 	62 	156 	155 
008240 	251 	80 	130 	130 
008241 	251 	80 	130 	130 
008242 	250 	79 	156 	156 
008243 	250 	79 	156 	156 
008244 	250 	79 	156 	156 
008245 	280 	94 	130 	130 
008246 	266 	94 	130 	130 
008247 	250 	79 	156 	156 
008248 	250 	79 	156 	156 
008249 	250 	79 	156 	156 
008250 	250 	79 	156 	156 
008251 	250 	79 	156 	156 
008252 	250 	79 	156 	156 
008253 	250 	79 	156 	156 
008254 	250 	79 	156 	156 
008255 	250 	79 	156 	156 
008256 	233 	79 	156 	156 
008257 	233 	79 	156 	156 
008258 	233 	79 	156 	156 
008259 	233 	79 	156 	156 
008260 	250 	62 	156 	155 
008261 	250 	62 	156 	155 
