Identity  : 	id10376
Reference : 	mk1UmZlF7XU
Offset    : 	-2
FV Conf   : 	16.777
ASD Conf  : 	7.553

FRAME 	X 	Y 	W 	H 
003515 	323 	80 	130 	130 
003516 	323 	80 	130 	130 
003517 	323 	80 	130 	130 
003518 	323 	80 	130 	130 
003519 	323 	80 	130 	130 
003520 	323 	80 	130 	130 
003521 	323 	80 	130 	130 
003522 	323 	80 	130 	130 
003523 	323 	80 	130 	130 
003524 	323 	80 	130 	130 
003525 	323 	80 	130 	130 
003526 	323 	80 	130 	130 
003527 	323 	80 	130 	130 
003528 	323 	80 	130 	130 
003529 	323 	80 	130 	130 
003530 	323 	80 	130 	130 
003531 	323 	80 	130 	130 
003532 	323 	80 	130 	130 
003533 	323 	80 	130 	130 
003534 	323 	80 	130 	130 
003535 	323 	80 	130 	130 
003536 	323 	80 	130 	130 
003537 	323 	80 	130 	130 
003538 	323 	80 	130 	130 
003539 	323 	80 	130 	130 
003540 	323 	80 	130 	130 
003541 	323 	80 	130 	130 
003542 	323 	80 	130 	130 
003543 	323 	80 	130 	130 
003544 	323 	80 	130 	130 
003545 	323 	80 	130 	130 
003546 	323 	80 	130 	130 
003547 	323 	80 	130 	130 
003548 	323 	80 	130 	130 
003549 	323 	80 	130 	130 
003550 	323 	80 	130 	130 
003551 	323 	80 	130 	130 
003552 	323 	80 	130 	130 
003553 	323 	80 	130 	130 
003554 	323 	80 	130 	130 
003555 	323 	80 	130 	130 
003556 	323 	80 	130 	130 
003557 	323 	80 	130 	130 
003558 	323 	80 	130 	130 
003559 	323 	80 	130 	130 
003560 	323 	80 	130 	130 
003561 	323 	80 	130 	130 
003562 	323 	80 	130 	130 
003563 	323 	80 	130 	130 
003564 	323 	80 	130 	130 
003565 	323 	80 	130 	130 
003566 	323 	80 	130 	130 
003567 	323 	80 	130 	130 
003568 	323 	80 	130 	130 
003569 	323 	80 	130 	130 
003570 	323 	80 	130 	130 
003571 	323 	80 	130 	130 
003572 	323 	80 	130 	130 
003573 	323 	80 	130 	130 
003574 	323 	80 	130 	130 
003575 	323 	80 	130 	130 
003576 	323 	80 	130 	130 
003577 	323 	80 	130 	130 
003578 	323 	80 	130 	130 
003579 	323 	80 	130 	130 
003580 	323 	80 	130 	130 
003581 	323 	80 	130 	130 
003582 	323 	80 	130 	130 
003583 	323 	80 	130 	130 
003584 	323 	80 	130 	130 
003585 	323 	80 	130 	130 
003586 	323 	80 	130 	130 
003587 	323 	80 	130 	130 
003588 	323 	80 	130 	130 
003589 	323 	80 	130 	130 
003590 	323 	80 	130 	130 
003591 	323 	80 	130 	130 
003592 	323 	80 	130 	130 
003593 	323 	80 	130 	130 
003594 	323 	80 	130 	130 
003595 	323 	80 	130 	130 
003596 	323 	80 	130 	130 
003597 	323 	80 	130 	130 
003598 	323 	80 	130 	130 
003599 	323 	80 	130 	130 
003600 	323 	94 	130 	130 
003601 	323 	94 	130 	130 
003602 	323 	94 	130 	130 
003603 	323 	94 	130 	130 
003604 	323 	80 	130 	130 
003605 	323 	80 	130 	130 
003606 	323 	80 	130 	130 
003607 	323 	80 	130 	130 
003608 	323 	80 	130 	130 
003609 	323 	80 	130 	130 
003610 	323 	80 	130 	130 
003611 	323 	80 	130 	130 
003612 	302 	79 	156 	156 
003613 	302 	79 	156 	156 
003614 	309 	80 	130 	130 
003615 	309 	80 	130 	130 
003616 	309 	80 	130 	130 
003617 	309 	80 	130 	130 
003618 	309 	80 	130 	130 
003619 	309 	80 	130 	130 
003620 	309 	80 	130 	130 
003621 	309 	80 	130 	130 
003622 	309 	80 	130 	130 
003623 	309 	80 	130 	130 
003624 	309 	80 	130 	130 
003625 	309 	80 	130 	130 
003626 	309 	80 	130 	130 
003627 	294 	80 	130 	130 
003628 	294 	80 	130 	130 
003629 	294 	80 	130 	130 
003630 	294 	80 	130 	130 
003631 	294 	80 	130 	130 
003632 	294 	80 	130 	130 
003633 	294 	80 	130 	130 
003634 	294 	80 	130 	130 
003635 	294 	80 	130 	130 
003636 	294 	80 	130 	130 
003637 	294 	80 	130 	130 
003638 	294 	80 	130 	130 
003639 	294 	80 	130 	130 
003640 	294 	94 	130 	130 
003641 	294 	94 	130 	130 
003642 	294 	94 	130 	130 
003643 	280 	80 	130 	130 
003644 	280 	80 	130 	130 
003645 	280 	80 	130 	130 
003646 	280 	80 	130 	130 
003647 	280 	80 	130 	130 
003648 	280 	80 	130 	130 
003649 	294 	94 	130 	130 
003650 	294 	80 	130 	130 
003651 	294 	80 	130 	130 
003652 	294 	80 	130 	130 
003653 	294 	80 	130 	130 
003654 	294 	80 	130 	130 
003655 	294 	80 	130 	130 
003656 	294 	80 	130 	130 
003657 	309 	94 	130 	130 
003658 	309 	80 	130 	130 
003659 	309 	80 	130 	130 
003660 	309 	80 	130 	130 
003661 	309 	80 	130 	130 
003662 	309 	80 	130 	130 
003663 	309 	80 	130 	130 
003664 	309 	80 	130 	130 
003665 	309 	80 	130 	130 
003666 	309 	80 	130 	130 
003667 	323 	80 	130 	130 
003668 	323 	80 	130 	130 
003669 	323 	80 	130 	130 
003670 	323 	80 	130 	130 
003671 	323 	80 	130 	130 
003672 	309 	80 	130 	130 
003673 	309 	80 	130 	130 
003674 	309 	80 	130 	130 
003675 	309 	80 	130 	130 
003676 	309 	94 	130 	130 
003677 	294 	80 	130 	130 
003678 	294 	80 	130 	130 
003679 	294 	94 	130 	130 
003680 	280 	80 	130 	130 
003681 	280 	80 	130 	130 
003682 	280 	80 	130 	130 
003683 	280 	80 	130 	130 
003684 	280 	80 	130 	130 
003685 	280 	80 	130 	130 
003686 	280 	80 	130 	130 
003687 	280 	94 	130 	130 
003688 	280 	80 	130 	130 
003689 	280 	80 	130 	130 
003690 	280 	80 	130 	130 
003691 	280 	80 	130 	130 
003692 	280 	80 	130 	130 
003693 	280 	80 	130 	130 
003694 	267 	62 	156 	155 
003695 	294 	80 	130 	130 
003696 	294 	80 	130 	130 
003697 	294 	80 	130 	130 
003698 	294 	80 	130 	130 
003699 	285 	62 	155 	155 
003700 	309 	80 	130 	130 
003701 	309 	80 	130 	130 
003702 	309 	80 	130 	130 
003703 	323 	94 	130 	130 
003704 	323 	80 	130 	130 
003705 	323 	80 	130 	130 
003706 	323 	80 	130 	130 
003707 	337 	80 	130 	130 
003708 	337 	80 	130 	130 
003709 	337 	80 	130 	130 
003710 	337 	80 	130 	130 
003711 	337 	80 	130 	130 
003712 	337 	80 	130 	130 
003713 	337 	80 	130 	130 
003714 	337 	80 	130 	130 
003715 	337 	80 	130 	130 
003716 	337 	80 	130 	130 
003717 	337 	80 	130 	130 
003718 	337 	80 	130 	130 
003719 	337 	80 	130 	130 
003720 	323 	80 	130 	130 
003721 	323 	80 	130 	130 
003722 	323 	80 	130 	130 
003723 	323 	80 	130 	130 
003724 	323 	80 	130 	130 
003725 	323 	80 	130 	130 
003726 	309 	80 	130 	130 
003727 	309 	80 	130 	130 
003728 	309 	80 	130 	130 
003729 	309 	80 	130 	130 
003730 	309 	80 	130 	130 
003731 	294 	80 	130 	130 
003732 	294 	80 	130 	130 
003733 	294 	80 	130 	130 
003734 	294 	80 	130 	130 
003735 	294 	80 	130 	130 
003736 	294 	80 	130 	130 
003737 	294 	80 	130 	130 
003738 	294 	80 	130 	130 
003739 	294 	80 	130 	130 
003740 	309 	94 	130 	130 
003741 	309 	94 	130 	130 
003742 	309 	80 	130 	130 
003743 	309 	80 	130 	130 
003744 	309 	80 	130 	130 
003745 	309 	80 	130 	130 
003746 	309 	80 	130 	130 
003747 	309 	80 	130 	130 
003748 	302 	62 	156 	155 
003749 	323 	80 	130 	130 
003750 	323 	80 	130 	130 
003751 	323 	80 	130 	130 
003752 	323 	80 	130 	130 
003753 	323 	80 	130 	130 
003754 	323 	80 	130 	130 
003755 	323 	80 	130 	130 
003756 	309 	80 	130 	130 
003757 	309 	80 	130 	130 
003758 	309 	80 	130 	130 
003759 	309 	80 	130 	130 
003760 	309 	80 	130 	130 
003761 	309 	80 	130 	130 
003762 	309 	80 	130 	130 
003763 	309 	80 	130 	130 
003764 	309 	80 	130 	130 
003765 	294 	80 	130 	130 
003766 	294 	80 	130 	130 
003767 	294 	80 	130 	130 
003768 	294 	80 	130 	130 
003769 	285 	62 	155 	155 
003770 	309 	80 	130 	130 
003771 	309 	80 	130 	130 
003772 	309 	80 	130 	130 
003773 	302 	62 	156 	155 
003774 	323 	66 	130 	130 
003775 	323 	66 	130 	130 
003776 	323 	66 	130 	130 
003777 	323 	66 	130 	130 
003778 	323 	66 	130 	130 
003779 	323 	66 	130 	130 
003780 	323 	66 	130 	130 
003781 	323 	66 	130 	130 
003782 	323 	66 	130 	130 
003783 	323 	66 	130 	130 
003784 	323 	66 	130 	130 
003785 	323 	66 	130 	130 
003786 	323 	66 	130 	130 
003787 	323 	66 	130 	130 
003788 	323 	80 	130 	130 
003789 	323 	80 	130 	130 
003790 	323 	80 	130 	130 
003791 	323 	80 	130 	130 
003792 	323 	80 	130 	130 
003793 	323 	80 	130 	130 
003794 	323 	80 	130 	130 
003795 	323 	80 	130 	130 
003796 	309 	80 	130 	130 
003797 	323 	80 	130 	130 
003798 	323 	80 	130 	130 
003799 	323 	80 	130 	130 
003800 	323 	80 	130 	130 
003801 	323 	80 	130 	130 
003802 	323 	80 	130 	130 
003803 	323 	80 	130 	130 
003804 	323 	80 	130 	130 
003805 	323 	80 	130 	130 
003806 	323 	80 	130 	130 
003807 	309 	80 	130 	130 
003808 	309 	80 	130 	130 
003809 	309 	80 	130 	130 
003810 	309 	80 	130 	130 
003811 	309 	80 	130 	130 
003812 	309 	80 	130 	130 
003813 	309 	80 	130 	130 
003814 	309 	80 	130 	130 
003815 	309 	80 	130 	130 
003816 	309 	80 	130 	130 
003817 	309 	80 	130 	130 
003818 	309 	80 	130 	130 
003819 	309 	80 	130 	130 
003820 	309 	80 	130 	130 
003821 	309 	80 	130 	130 
003822 	309 	80 	130 	130 
003823 	309 	80 	130 	130 
003824 	309 	80 	130 	130 
003825 	309 	80 	130 	130 
003826 	323 	80 	130 	130 
003827 	323 	80 	130 	130 
003828 	323 	80 	130 	130 
003829 	323 	80 	130 	130 
003830 	323 	80 	130 	130 
003831 	323 	80 	130 	130 
003832 	323 	66 	130 	130 
003833 	323 	66 	130 	130 
003834 	323 	66 	130 	130 
