Identity  : 	id10406
Reference : 	LkBrGkkK64Q
Offset    : 	-2
FV Conf   : 	15.814
ASD Conf  : 	7.105

FRAME 	X 	Y 	W 	H 
003228 	388 	66 	109 	109 
003229 	388 	66 	109 	109 
003230 	388 	66 	109 	109 
003231 	388 	66 	109 	109 
003232 	388 	66 	109 	109 
003233 	388 	66 	109 	109 
003234 	388 	66 	109 	109 
003235 	388 	66 	109 	109 
003236 	388 	66 	109 	109 
003237 	388 	66 	109 	109 
003238 	388 	66 	109 	109 
003239 	388 	66 	109 	109 
003240 	388 	66 	109 	109 
003241 	388 	66 	109 	109 
003242 	388 	66 	109 	109 
003243 	388 	66 	109 	109 
003244 	388 	66 	109 	109 
003245 	403 	65 	91 	91 
003246 	388 	66 	109 	109 
003247 	403 	65 	91 	91 
003248 	388 	66 	109 	109 
003249 	403 	65 	91 	91 
003250 	388 	54 	109 	109 
003251 	388 	54 	109 	109 
003252 	388 	54 	109 	109 
003253 	388 	54 	109 	109 
003254 	388 	54 	109 	109 
003255 	388 	54 	109 	109 
003256 	388 	54 	109 	109 
003257 	388 	54 	109 	109 
003258 	388 	54 	109 	109 
003259 	388 	54 	109 	109 
003260 	388 	54 	109 	109 
003261 	388 	54 	109 	109 
003262 	403 	65 	91 	91 
003263 	403 	65 	91 	91 
003264 	400 	54 	109 	109 
003265 	400 	54 	109 	109 
003266 	400 	54 	109 	109 
003267 	400 	54 	109 	109 
003268 	400 	54 	109 	109 
003269 	388 	54 	109 	109 
003270 	388 	54 	109 	109 
003271 	388 	54 	109 	109 
003272 	388 	54 	109 	109 
003273 	388 	54 	109 	109 
003274 	388 	54 	109 	109 
003275 	400 	66 	109 	109 
003276 	400 	66 	109 	109 
003277 	412 	66 	109 	109 
003278 	412 	78 	109 	109 
003279 	400 	66 	109 	109 
003280 	400 	66 	109 	109 
003281 	400 	66 	109 	109 
003282 	400 	66 	109 	109 
003283 	388 	78 	109 	109 
003284 	388 	66 	109 	109 
003285 	388 	66 	109 	109 
003286 	388 	66 	109 	109 
003287 	388 	66 	109 	109 
003288 	388 	66 	109 	109 
003289 	388 	66 	109 	109 
003290 	388 	54 	109 	109 
003291 	388 	54 	109 	109 
003292 	388 	54 	109 	109 
003293 	388 	54 	109 	109 
003294 	388 	43 	109 	108 
003295 	376 	43 	109 	108 
003296 	376 	43 	109 	108 
003297 	376 	43 	109 	108 
003298 	365 	43 	108 	108 
003299 	365 	43 	108 	108 
003300 	376 	43 	109 	108 
003301 	376 	43 	109 	108 
003302 	376 	43 	109 	108 
003303 	376 	43 	109 	108 
003304 	376 	31 	109 	108 
003305 	376 	31 	109 	108 
003306 	376 	31 	109 	108 
003307 	376 	31 	109 	108 
003308 	376 	31 	109 	108 
003309 	376 	31 	109 	108 
003310 	376 	43 	109 	108 
003311 	376 	43 	109 	108 
003312 	376 	43 	109 	108 
003313 	376 	43 	109 	108 
003314 	376 	54 	109 	109 
003315 	376 	54 	109 	109 
003316 	376 	54 	109 	109 
003317 	376 	54 	109 	109 
003318 	376 	66 	109 	109 
003319 	376 	66 	109 	109 
003320 	393 	65 	91 	91 
003321 	388 	54 	109 	109 
003322 	388 	54 	109 	109 
003323 	388 	54 	109 	109 
003324 	388 	54 	109 	109 
003325 	400 	54 	109 	109 
003326 	413 	55 	91 	91 
003327 	400 	54 	109 	109 
003328 	400 	54 	109 	109 
003329 	400 	54 	109 	109 
003330 	400 	54 	109 	109 
003331 	400 	54 	109 	109 
003332 	400 	54 	109 	109 
003333 	400 	54 	109 	109 
003334 	400 	54 	109 	109 
003335 	400 	54 	109 	109 
003336 	400 	54 	109 	109 
003337 	400 	54 	109 	109 
003338 	400 	54 	109 	109 
003339 	400 	54 	109 	109 
003340 	400 	54 	109 	109 
003341 	388 	54 	109 	109 
003342 	388 	54 	109 	109 
003343 	388 	54 	109 	109 
003344 	393 	65 	91 	91 
003345 	376 	66 	109 	109 
003346 	376 	66 	109 	109 
003347 	365 	66 	108 	109 
003348 	365 	78 	108 	109 
003349 	353 	78 	108 	109 
003350 	341 	90 	108 	109 
003351 	341 	90 	108 	109 
003352 	341 	90 	108 	109 
003353 	341 	90 	108 	109 
003354 	341 	90 	108 	109 
003355 	341 	90 	108 	109 
003356 	341 	90 	108 	109 
003357 	341 	90 	108 	109 
003358 	341 	90 	108 	109 
003359 	341 	90 	108 	109 
003360 	341 	90 	108 	109 
003361 	341 	90 	108 	109 
003362 	341 	90 	108 	109 
003363 	341 	90 	108 	109 
003364 	341 	90 	108 	109 
003365 	341 	90 	108 	109 
003366 	341 	90 	108 	109 
003367 	341 	90 	108 	109 
003368 	341 	90 	108 	109 
003369 	341 	90 	108 	109 
003370 	341 	90 	108 	109 
003371 	341 	90 	108 	109 
003372 	341 	78 	108 	109 
003373 	341 	78 	108 	109 
003374 	341 	78 	108 	109 
003375 	341 	78 	108 	109 
003376 	341 	78 	108 	109 
003377 	341 	78 	108 	109 
003378 	341 	78 	108 	109 
003379 	341 	78 	108 	109 
003380 	341 	78 	108 	109 
003381 	341 	78 	108 	109 
003382 	353 	78 	108 	109 
003383 	353 	78 	108 	109 
003384 	353 	78 	108 	109 
003385 	353 	78 	108 	109 
003386 	353 	78 	108 	109 
003387 	353 	78 	108 	109 
003388 	353 	78 	108 	109 
003389 	353 	78 	108 	109 
003390 	365 	66 	108 	109 
003391 	365 	78 	108 	109 
003392 	365 	66 	108 	109 
003393 	365 	66 	108 	109 
003394 	365 	66 	108 	109 
003395 	365 	66 	108 	109 
003396 	376 	66 	109 	109 
003397 	376 	66 	109 	109 
003398 	376 	66 	109 	109 
003399 	376 	66 	109 	109 
003400 	376 	66 	109 	109 
003401 	376 	66 	109 	109 
003402 	376 	66 	109 	109 
003403 	376 	66 	109 	109 
003404 	376 	66 	109 	109 
003405 	388 	66 	109 	109 
003406 	388 	66 	109 	109 
003407 	388 	66 	109 	109 
003408 	388 	66 	109 	109 
003409 	388 	66 	109 	109 
003410 	388 	66 	109 	109 
003411 	388 	66 	109 	109 
003412 	388 	66 	109 	109 
003413 	388 	66 	109 	109 
003414 	388 	66 	109 	109 
003415 	388 	66 	109 	109 
003416 	388 	66 	109 	109 
003417 	388 	66 	109 	109 
003418 	388 	66 	109 	109 
003419 	388 	66 	109 	109 
003420 	388 	66 	109 	109 
003421 	388 	66 	109 	109 
003422 	388 	66 	109 	109 
003423 	388 	66 	109 	109 
003424 	388 	66 	109 	109 
003425 	388 	66 	109 	109 
003426 	388 	66 	109 	109 
003427 	388 	66 	109 	109 
003428 	388 	66 	109 	109 
003429 	388 	66 	109 	109 
003430 	388 	66 	109 	109 
003431 	388 	66 	109 	109 
003432 	388 	66 	109 	109 
003433 	388 	66 	109 	109 
003434 	388 	66 	109 	109 
003435 	388 	66 	109 	109 
003436 	388 	66 	109 	109 
003437 	388 	66 	109 	109 
003438 	388 	66 	109 	109 
003439 	388 	66 	109 	109 
003440 	388 	66 	109 	109 
003441 	388 	66 	109 	109 
003442 	388 	66 	109 	109 
003443 	388 	66 	109 	109 
003444 	388 	66 	109 	109 
003445 	388 	66 	109 	109 
003446 	388 	66 	109 	109 
003447 	388 	66 	109 	109 
003448 	388 	66 	109 	109 
003449 	388 	66 	109 	109 
003450 	388 	66 	109 	109 
003451 	388 	66 	109 	109 
003452 	388 	66 	109 	109 
003453 	388 	66 	109 	109 
003454 	388 	66 	109 	109 
003455 	388 	66 	109 	109 
003456 	388 	66 	109 	109 
003457 	388 	66 	109 	109 
003458 	388 	66 	109 	109 
003459 	388 	66 	109 	109 
003460 	388 	66 	109 	109 
003461 	388 	66 	109 	109 
003462 	388 	66 	109 	109 
003463 	393 	65 	91 	91 
003464 	393 	65 	91 	91 
003465 	376 	66 	109 	109 
003466 	376 	66 	109 	109 
003467 	376 	66 	109 	109 
003468 	376 	66 	109 	109 
003469 	376 	66 	109 	109 
003470 	376 	66 	109 	109 
003471 	376 	66 	109 	109 
003472 	376 	66 	109 	109 
003473 	376 	66 	109 	109 
003474 	376 	66 	109 	109 
003475 	376 	66 	109 	109 
003476 	376 	66 	109 	109 
003477 	393 	65 	91 	91 
003478 	393 	65 	91 	91 
003479 	393 	65 	91 	91 
003480 	393 	65 	91 	91 
003481 	376 	66 	109 	109 
003482 	376 	66 	109 	109 
003483 	376 	66 	109 	109 
003484 	376 	66 	109 	109 
003485 	376 	66 	109 	109 
003486 	376 	66 	109 	109 
003487 	393 	65 	91 	91 
003488 	393 	65 	91 	91 
003489 	393 	65 	91 	91 
003490 	393 	65 	91 	91 
003491 	393 	65 	91 	91 
003492 	388 	54 	109 	109 
003493 	388 	54 	109 	109 
003494 	388 	54 	109 	109 
003495 	388 	54 	109 	109 
003496 	388 	54 	109 	109 
003497 	388 	54 	109 	109 
003498 	388 	54 	109 	109 
003499 	388 	54 	109 	109 
003500 	388 	54 	109 	109 
003501 	388 	54 	109 	109 
003502 	388 	54 	109 	109 
003503 	388 	54 	109 	109 
003504 	388 	54 	109 	109 
003505 	388 	54 	109 	109 
003506 	388 	54 	109 	109 
003507 	403 	65 	91 	91 
003508 	403 	65 	91 	91 
003509 	403 	65 	91 	91 
003510 	403 	65 	91 	91 
003511 	403 	65 	91 	91 
003512 	403 	65 	91 	91 
003513 	388 	66 	109 	109 
003514 	403 	65 	91 	91 
003515 	403 	65 	91 	91 
003516 	403 	75 	91 	91 
003517 	403 	65 	91 	91 
003518 	400 	54 	109 	109 
003519 	400 	66 	109 	109 
003520 	400 	54 	109 	109 
003521 	400 	66 	109 	109 
003522 	400 	66 	109 	109 
003523 	400 	66 	109 	109 
003524 	403 	75 	91 	91 
003525 	403 	75 	91 	91 
003526 	403 	65 	91 	91 
003527 	403 	65 	91 	91 
003528 	403 	65 	91 	91 
003529 	403 	65 	91 	91 
003530 	403 	65 	91 	91 
003531 	403 	65 	91 	91 
003532 	403 	65 	91 	91 
003533 	403 	65 	91 	91 
003534 	403 	65 	91 	91 
003535 	403 	65 	91 	91 
003536 	403 	65 	91 	91 
003537 	403 	65 	91 	91 
003538 	403 	65 	91 	91 
003539 	403 	65 	91 	91 
003540 	403 	65 	91 	91 
003541 	403 	65 	91 	91 
003542 	388 	54 	109 	109 
003543 	388 	54 	109 	109 
003544 	388 	54 	109 	109 
003545 	388 	54 	109 	109 
003546 	388 	54 	109 	109 
003547 	388 	54 	109 	109 
003548 	388 	54 	109 	109 
003549 	388 	54 	109 	109 
003550 	388 	54 	109 	109 
003551 	403 	55 	91 	91 
003552 	388 	43 	109 	108 
003553 	388 	43 	109 	108 
003554 	388 	43 	109 	108 
003555 	388 	43 	109 	108 
003556 	388 	43 	109 	108 
003557 	388 	43 	109 	108 
003558 	388 	43 	109 	108 
003559 	388 	43 	109 	108 
003560 	388 	43 	109 	108 
003561 	388 	54 	109 	109 
003562 	388 	54 	109 	109 
003563 	388 	54 	109 	109 
003564 	388 	54 	109 	109 
003565 	388 	54 	109 	109 
003566 	388 	54 	109 	109 
003567 	388 	54 	109 	109 
003568 	388 	54 	109 	109 
003569 	388 	54 	109 	109 
003570 	388 	54 	109 	109 
003571 	376 	54 	109 	109 
003572 	376 	54 	109 	109 
003573 	376 	54 	109 	109 
003574 	376 	54 	109 	109 
003575 	376 	54 	109 	109 
003576 	376 	54 	109 	109 
003577 	376 	54 	109 	109 
003578 	376 	54 	109 	109 
003579 	376 	54 	109 	109 
003580 	376 	54 	109 	109 
003581 	393 	65 	91 	91 
003582 	388 	54 	109 	109 
003583 	388 	54 	109 	109 
003584 	388 	54 	109 	109 
003585 	388 	54 	109 	109 
003586 	388 	54 	109 	109 
003587 	388 	54 	109 	109 
003588 	388 	54 	109 	109 
003589 	388 	54 	109 	109 
003590 	388 	54 	109 	109 
003591 	388 	54 	109 	109 
003592 	388 	54 	109 	109 
003593 	388 	54 	109 	109 
003594 	388 	54 	109 	109 
003595 	388 	54 	109 	109 
003596 	388 	54 	109 	109 
003597 	388 	54 	109 	109 
003598 	376 	54 	109 	109 
003599 	376 	54 	109 	109 
003600 	376 	54 	109 	109 
003601 	376 	54 	109 	109 
003602 	376 	54 	109 	109 
003603 	376 	54 	109 	109 
003604 	376 	54 	109 	109 
003605 	376 	54 	109 	109 
003606 	376 	54 	109 	109 
003607 	388 	54 	109 	109 
003608 	388 	54 	109 	109 
003609 	388 	54 	109 	109 
003610 	388 	54 	109 	109 
003611 	388 	54 	109 	109 
003612 	388 	54 	109 	109 
003613 	388 	54 	109 	109 
003614 	388 	54 	109 	109 
003615 	388 	54 	109 	109 
003616 	403 	65 	91 	91 
003617 	403 	65 	91 	91 
003618 	403 	65 	91 	91 
003619 	403 	65 	91 	91 
003620 	403 	65 	91 	91 
003621 	403 	65 	91 	91 
003622 	388 	54 	109 	109 
003623 	388 	54 	109 	109 
003624 	388 	54 	109 	109 
003625 	388 	54 	109 	109 
003626 	388 	54 	109 	109 
003627 	400 	54 	109 	109 
003628 	400 	54 	109 	109 
003629 	400 	54 	109 	109 
003630 	400 	54 	109 	109 
003631 	400 	54 	109 	109 
003632 	400 	54 	109 	109 
003633 	400 	54 	109 	109 
003634 	400 	54 	109 	109 
003635 	388 	66 	109 	109 
003636 	388 	66 	109 	109 
003637 	388 	66 	109 	109 
003638 	388 	66 	109 	109 
003639 	388 	66 	109 	109 
003640 	388 	66 	109 	109 
003641 	388 	66 	109 	109 
003642 	388 	66 	109 	109 
003643 	388 	66 	109 	109 
003644 	388 	66 	109 	109 
003645 	388 	66 	109 	109 
003646 	388 	66 	109 	109 
003647 	388 	66 	109 	109 
003648 	388 	66 	109 	109 
003649 	388 	66 	109 	109 
003650 	388 	66 	109 	109 
003651 	388 	66 	109 	109 
003652 	388 	66 	109 	109 
003653 	403 	65 	91 	91 
003654 	403 	65 	91 	91 
003655 	403 	65 	91 	91 
003656 	400 	54 	109 	109 
003657 	400 	54 	109 	109 
003658 	400 	54 	109 	109 
003659 	400 	54 	109 	109 
003660 	400 	54 	109 	109 
003661 	400 	54 	109 	109 
003662 	400 	54 	109 	109 
003663 	400 	54 	109 	109 
003664 	400 	54 	109 	109 
003665 	400 	54 	109 	109 
003666 	400 	54 	109 	109 
003667 	400 	54 	109 	109 
003668 	400 	54 	109 	109 
003669 	400 	54 	109 	109 
003670 	400 	54 	109 	109 
003671 	400 	54 	109 	109 
003672 	413 	65 	91 	91 
003673 	400 	54 	109 	109 
003674 	400 	54 	109 	109 
003675 	400 	54 	109 	109 
003676 	400 	54 	109 	109 
003677 	400 	54 	109 	109 
003678 	400 	54 	109 	109 
003679 	400 	54 	109 	109 
003680 	400 	54 	109 	109 
003681 	400 	54 	109 	109 
003682 	400 	54 	109 	109 
003683 	400 	54 	109 	109 
003684 	400 	54 	109 	109 
003685 	400 	54 	109 	109 
003686 	400 	54 	109 	109 
003687 	413 	65 	91 	91 
003688 	413 	65 	91 	91 
003689 	400 	54 	109 	109 
003690 	400 	54 	109 	109 
003691 	413 	65 	91 	91 
003692 	413 	65 	91 	91 
003693 	400 	54 	109 	109 
003694 	400 	54 	109 	109 
003695 	400 	54 	109 	109 
003696 	400 	54 	109 	109 
003697 	413 	65 	91 	91 
003698 	413 	65 	91 	91 
003699 	400 	54 	109 	109 
003700 	400 	54 	109 	109 
003701 	413 	65 	91 	91 
003702 	413 	65 	91 	91 
003703 	400 	54 	109 	109 
003704 	400 	54 	109 	109 
003705 	413 	65 	91 	91 
003706 	400 	54 	109 	109 
003707 	413 	65 	91 	91 
003708 	400 	54 	109 	109 
003709 	400 	54 	109 	109 
003710 	400 	54 	109 	109 
003711 	400 	54 	109 	109 
003712 	412 	54 	109 	109 
003713 	400 	54 	109 	109 
003714 	400 	54 	109 	109 
003715 	400 	54 	109 	109 
003716 	400 	54 	109 	109 
003717 	400 	54 	109 	109 
003718 	400 	54 	109 	109 
003719 	400 	54 	109 	109 
003720 	400 	54 	109 	109 
003721 	400 	54 	109 	109 
003722 	400 	54 	109 	109 
003723 	400 	66 	109 	109 
003724 	400 	66 	109 	109 
003725 	388 	66 	109 	109 
003726 	388 	66 	109 	109 
003727 	388 	66 	109 	109 
003728 	388 	66 	109 	109 
003729 	388 	66 	109 	109 
003730 	388 	66 	109 	109 
003731 	388 	66 	109 	109 
003732 	388 	66 	109 	109 
003733 	388 	54 	109 	109 
003734 	388 	54 	109 	109 
003735 	388 	54 	109 	109 
003736 	388 	54 	109 	109 
003737 	393 	65 	91 	91 
003738 	393 	65 	91 	91 
