Identity  : 	id10165
Reference : 	3JX6DOorxsE
Offset    : 	-2
FV Conf   : 	18.536
ASD Conf  : 	6.306

FRAME 	X 	Y 	W 	H 
010284 	296 	78 	53 	53 
010285 	296 	78 	53 	53 
010286 	296 	78 	53 	53 
010287 	293 	73 	64 	63 
010288 	293 	73 	64 	63 
010289 	296 	78 	53 	53 
010290 	296 	78 	53 	53 
010291 	293 	73 	64 	63 
010292 	302 	78 	53 	53 
010293 	302 	78 	53 	53 
010294 	302 	72 	53 	53 
010295 	302 	78 	53 	53 
010296 	302 	72 	53 	53 
010297 	302 	78 	53 	53 
010298 	300 	73 	63 	63 
010299 	308 	72 	52 	53 
010300 	308 	72 	52 	53 
010301 	308 	72 	52 	53 
010302 	308 	72 	52 	53 
010303 	308 	72 	52 	53 
010304 	308 	72 	52 	53 
010305 	307 	66 	63 	63 
010306 	313 	72 	53 	53 
010307 	313 	72 	53 	53 
010308 	313 	72 	53 	53 
010309 	307 	66 	63 	63 
010310 	307 	66 	63 	63 
010311 	313 	72 	53 	53 
010312 	313 	72 	53 	53 
010313 	313 	72 	53 	53 
010314 	313 	72 	53 	53 
010315 	313 	72 	53 	53 
010316 	313 	72 	53 	53 
010317 	313 	72 	53 	53 
010318 	313 	72 	53 	53 
010319 	313 	72 	53 	53 
010320 	313 	72 	53 	53 
010321 	313 	72 	53 	53 
010322 	313 	72 	53 	53 
010323 	313 	72 	53 	53 
010324 	313 	72 	53 	53 
010325 	319 	72 	53 	53 
010326 	319 	72 	53 	53 
010327 	319 	72 	53 	53 
010328 	319 	72 	53 	53 
010329 	319 	72 	53 	53 
010330 	314 	73 	63 	63 
010331 	314 	73 	63 	63 
010332 	314 	73 	63 	63 
010333 	319 	78 	53 	53 
010334 	319 	78 	53 	53 
010335 	319 	78 	53 	53 
010336 	319 	78 	53 	53 
010337 	319 	78 	53 	53 
010338 	319 	78 	53 	53 
010339 	319 	78 	53 	53 
010340 	319 	78 	53 	53 
010341 	319 	78 	53 	53 
010342 	319 	78 	53 	53 
010343 	319 	72 	53 	53 
010344 	319 	72 	53 	53 
010345 	319 	72 	53 	53 
010346 	319 	72 	53 	53 
010347 	319 	72 	53 	53 
010348 	319 	72 	53 	53 
010349 	319 	72 	53 	53 
010350 	314 	66 	63 	63 
010351 	314 	66 	63 	63 
010352 	314 	66 	63 	63 
010353 	314 	66 	63 	63 
010354 	314 	66 	63 	63 
010355 	314 	66 	63 	63 
010356 	314 	66 	63 	63 
010357 	314 	66 	63 	63 
010358 	314 	66 	63 	63 
010359 	314 	66 	63 	63 
010360 	319 	72 	53 	53 
010361 	313 	72 	53 	53 
010362 	313 	72 	53 	53 
010363 	313 	72 	53 	53 
010364 	313 	72 	53 	53 
010365 	313 	72 	53 	53 
010366 	313 	72 	53 	53 
010367 	313 	72 	53 	53 
010368 	313 	72 	53 	53 
010369 	313 	72 	53 	53 
010370 	313 	72 	53 	53 
010371 	313 	72 	53 	53 
010372 	313 	72 	53 	53 
010373 	313 	72 	53 	53 
010374 	313 	72 	53 	53 
010375 	313 	72 	53 	53 
010376 	313 	72 	53 	53 
010377 	313 	72 	53 	53 
010378 	313 	72 	53 	53 
010379 	313 	72 	53 	53 
010380 	313 	72 	53 	53 
010381 	307 	66 	63 	63 
010382 	308 	72 	52 	53 
010383 	308 	72 	52 	53 
010384 	308 	72 	52 	53 
010385 	308 	72 	52 	53 
010386 	313 	72 	53 	53 
010387 	313 	72 	53 	53 
010388 	313 	72 	53 	53 
010389 	313 	72 	53 	53 
010390 	313 	72 	53 	53 
010391 	313 	72 	53 	53 
010392 	313 	72 	53 	53 
