Identity  : 	id10113
Reference : 	nmtrhNAFbaQ
Offset    : 	2
FV Conf   : 	13.556
ASD Conf  : 	6.921

FRAME 	X 	Y 	W 	H 
003171 	180 	94 	130 	130 
003172 	180 	80 	130 	130 
003173 	164 	62 	156 	155 
003174 	165 	80 	130 	130 
003175 	165 	80 	130 	130 
003176 	165 	80 	130 	130 
003177 	165 	80 	130 	130 
003178 	165 	80 	130 	130 
003179 	180 	80 	130 	130 
003180 	180 	80 	130 	130 
003181 	180 	94 	130 	130 
003182 	180 	80 	130 	130 
003183 	180 	94 	130 	130 
003184 	180 	94 	130 	130 
003185 	180 	94 	130 	130 
003186 	180 	94 	130 	130 
003187 	180 	94 	130 	130 
003188 	164 	79 	156 	156 
003189 	164 	80 	143 	143 
003190 	165 	80 	130 	130 
003191 	165 	80 	130 	130 
003192 	151 	80 	130 	130 
003193 	151 	80 	130 	130 
003194 	151 	80 	130 	130 
003195 	130 	79 	156 	156 
003196 	137 	80 	130 	130 
003197 	137 	80 	130 	130 
003198 	137 	80 	130 	130 
003199 	137 	80 	130 	130 
003200 	137 	94 	130 	130 
003201 	137 	94 	130 	130 
003202 	137 	94 	130 	130 
003203 	137 	94 	130 	130 
003204 	137 	94 	130 	130 
003205 	122 	80 	130 	130 
003206 	113 	79 	155 	156 
003207 	113 	79 	155 	156 
003208 	122 	94 	130 	130 
003209 	122 	94 	130 	130 
003210 	122 	94 	130 	130 
003211 	122 	94 	130 	130 
003212 	122 	94 	130 	130 
003213 	122 	94 	130 	130 
003214 	122 	94 	130 	130 
003215 	122 	94 	130 	130 
003216 	122 	94 	130 	130 
003217 	122 	94 	130 	130 
003218 	113 	79 	155 	156 
003219 	137 	94 	130 	130 
003220 	137 	94 	130 	130 
003221 	137 	94 	130 	130 
003222 	137 	94 	130 	130 
003223 	137 	94 	130 	130 
003224 	130 	96 	156 	156 
003225 	151 	94 	130 	130 
003226 	151 	94 	130 	130 
003227 	151 	94 	130 	130 
003228 	151 	94 	130 	130 
003229 	151 	94 	130 	130 
003230 	165 	109 	130 	130 
003231 	165 	109 	130 	130 
003232 	185 	114 	109 	109 
003233 	180 	109 	130 	130 
003234 	180 	109 	130 	130 
003235 	180 	109 	130 	130 
003236 	180 	109 	130 	130 
003237 	197 	126 	109 	109 
003238 	197 	126 	109 	109 
003239 	197 	126 	109 	109 
003240 	181 	96 	156 	156 
003241 	194 	109 	130 	130 
003242 	180 	109 	130 	130 
003243 	180 	109 	130 	130 
003244 	180 	109 	130 	130 
003245 	180 	109 	130 	130 
003246 	180 	109 	130 	130 
003247 	180 	109 	130 	130 
003248 	180 	109 	130 	130 
003249 	180 	109 	130 	130 
003250 	180 	109 	130 	130 
003251 	180 	109 	130 	130 
003252 	180 	109 	130 	130 
003253 	180 	109 	130 	130 
003254 	180 	109 	130 	130 
003255 	165 	109 	130 	130 
003256 	165 	109 	130 	130 
003257 	165 	109 	130 	130 
003258 	151 	109 	130 	130 
003259 	137 	94 	130 	130 
003260 	122 	109 	130 	130 
003261 	108 	109 	130 	130 
003262 	108 	109 	130 	130 
003263 	108 	109 	130 	130 
003264 	108 	109 	130 	130 
003265 	108 	94 	130 	130 
003266 	95 	79 	156 	156 
003267 	122 	94 	130 	130 
003268 	122 	94 	130 	130 
003269 	137 	109 	130 	130 
003270 	137 	109 	130 	130 
003271 	151 	109 	130 	130 
003272 	151 	109 	130 	130 
003273 	173 	126 	109 	109 
003274 	173 	126 	109 	109 
003275 	165 	123 	130 	130 
003276 	185 	126 	109 	109 
003277 	185 	126 	109 	109 
003278 	180 	123 	130 	130 
003279 	180 	123 	130 	130 
003280 	180 	123 	130 	130 
003281 	181 	96 	156 	156 
003282 	181 	96 	156 	156 
003283 	194 	109 	130 	130 
003284 	194 	109 	130 	130 
003285 	194 	123 	130 	130 
003286 	194 	123 	130 	130 
003287 	194 	123 	130 	130 
003288 	194 	123 	130 	130 
003289 	194 	123 	130 	130 
003290 	194 	123 	130 	130 
003291 	194 	123 	130 	130 
003292 	194 	123 	130 	130 
003293 	180 	123 	130 	130 
003294 	180 	123 	130 	130 
003295 	180 	123 	130 	130 
003296 	185 	126 	109 	109 
003297 	185 	126 	109 	109 
003298 	165 	123 	130 	130 
003299 	165 	123 	130 	130 
003300 	173 	126 	109 	109 
003301 	173 	126 	109 	109 
003302 	151 	109 	130 	130 
003303 	151 	109 	130 	130 
003304 	151 	109 	130 	130 
003305 	151 	109 	130 	130 
003306 	151 	109 	130 	130 
003307 	151 	109 	130 	130 
003308 	151 	109 	130 	130 
003309 	151 	109 	130 	130 
003310 	151 	109 	130 	130 
003311 	151 	109 	130 	130 
003312 	151 	109 	130 	130 
003313 	151 	109 	130 	130 
003314 	151 	109 	130 	130 
003315 	151 	109 	130 	130 
003316 	151 	109 	130 	130 
003317 	151 	109 	130 	130 
003318 	151 	109 	130 	130 
003319 	151 	109 	130 	130 
003320 	151 	109 	130 	130 
003321 	151 	109 	130 	130 
003322 	151 	109 	130 	130 
003323 	151 	109 	130 	130 
003324 	151 	109 	130 	130 
003325 	165 	109 	130 	130 
003326 	165 	109 	130 	130 
003327 	165 	94 	130 	130 
003328 	165 	94 	130 	130 
003329 	180 	94 	130 	130 
003330 	194 	94 	130 	130 
003331 	194 	94 	130 	130 
003332 	194 	109 	130 	130 
003333 	194 	109 	130 	130 
003334 	194 	109 	130 	130 
003335 	208 	109 	130 	130 
003336 	208 	109 	130 	130 
003337 	208 	109 	130 	130 
003338 	208 	109 	130 	130 
003339 	208 	109 	130 	130 
003340 	208 	109 	130 	130 
003341 	208 	109 	130 	130 
003342 	208 	109 	130 	130 
003343 	208 	109 	130 	130 
003344 	208 	109 	130 	130 
003345 	194 	109 	130 	130 
003346 	194 	109 	130 	130 
003347 	194 	109 	130 	130 
003348 	194 	109 	130 	130 
003349 	194 	109 	130 	130 
003350 	194 	109 	130 	130 
003351 	194 	94 	130 	130 
003352 	194 	94 	130 	130 
003353 	194 	94 	130 	130 
003354 	194 	94 	130 	130 
003355 	194 	94 	130 	130 
003356 	194 	94 	130 	130 
003357 	194 	94 	130 	130 
003358 	194 	94 	130 	130 
003359 	194 	109 	130 	130 
003360 	194 	123 	130 	130 
003361 	194 	123 	130 	130 
003362 	194 	123 	130 	130 
003363 	180 	123 	130 	130 
003364 	180 	123 	130 	130 
003365 	180 	123 	130 	130 
003366 	180 	123 	130 	130 
003367 	180 	123 	130 	130 
003368 	180 	123 	130 	130 
003369 	180 	123 	130 	130 
003370 	180 	109 	130 	130 
003371 	180 	109 	130 	130 
003372 	180 	109 	130 	130 
003373 	180 	94 	130 	130 
003374 	165 	94 	130 	130 
003375 	165 	94 	130 	130 
003376 	151 	94 	130 	130 
003377 	151 	94 	130 	130 
003378 	151 	94 	130 	130 
003379 	151 	94 	130 	130 
003380 	151 	94 	130 	130 
003381 	151 	94 	130 	130 
003382 	151 	94 	130 	130 
003383 	151 	94 	130 	130 
003384 	151 	94 	130 	130 
003385 	151 	94 	130 	130 
003386 	151 	94 	130 	130 
003387 	147 	79 	156 	156 
003388 	147 	79 	156 	156 
003389 	165 	94 	130 	130 
003390 	165 	94 	130 	130 
003391 	165 	94 	130 	130 
003392 	165 	94 	130 	130 
003393 	165 	94 	130 	130 
003394 	165 	94 	130 	130 
003395 	165 	94 	130 	130 
003396 	165 	94 	130 	130 
003397 	165 	94 	130 	130 
003398 	165 	94 	130 	130 
003399 	165 	94 	130 	130 
003400 	165 	94 	130 	130 
003401 	165 	94 	130 	130 
003402 	165 	94 	130 	130 
003403 	164 	96 	156 	156 
003404 	180 	109 	130 	130 
003405 	181 	96 	156 	156 
003406 	181 	96 	156 	156 
003407 	194 	123 	130 	130 
003408 	194 	123 	130 	130 
003409 	194 	123 	130 	130 
003410 	208 	123 	130 	130 
003411 	208 	123 	130 	130 
003412 	208 	123 	130 	130 
003413 	208 	123 	130 	130 
003414 	208 	123 	130 	130 
003415 	194 	123 	130 	130 
003416 	194 	123 	130 	130 
003417 	194 	123 	130 	130 
003418 	194 	123 	130 	130 
003419 	194 	123 	130 	130 
003420 	180 	109 	130 	130 
003421 	165 	109 	130 	130 
003422 	165 	109 	130 	130 
003423 	151 	109 	130 	130 
003424 	151 	109 	130 	130 
003425 	151 	109 	130 	130 
003426 	137 	109 	130 	130 
003427 	137 	109 	130 	130 
003428 	137 	109 	130 	130 
003429 	137 	109 	130 	130 
003430 	137 	109 	130 	130 
003431 	137 	109 	130 	130 
003432 	151 	109 	130 	130 
003433 	151 	109 	130 	130 
003434 	151 	109 	130 	130 
003435 	151 	109 	130 	130 
003436 	151 	109 	130 	130 
003437 	151 	109 	130 	130 
003438 	151 	109 	130 	130 
003439 	151 	109 	130 	130 
003440 	151 	109 	130 	130 
003441 	151 	109 	130 	130 
003442 	151 	109 	130 	130 
003443 	151 	109 	130 	130 
003444 	151 	109 	130 	130 
003445 	151 	109 	130 	130 
003446 	151 	109 	130 	130 
003447 	151 	109 	130 	130 
003448 	151 	109 	130 	130 
003449 	151 	109 	130 	130 
003450 	151 	109 	130 	130 
003451 	151 	109 	130 	130 
003452 	151 	109 	130 	130 
003453 	151 	109 	130 	130 
003454 	151 	109 	130 	130 
003455 	151 	109 	130 	130 
003456 	151 	109 	130 	130 
003457 	151 	109 	130 	130 
003458 	151 	109 	130 	130 
003459 	151 	109 	130 	130 
003460 	151 	109 	130 	130 
003461 	151 	109 	130 	130 
003462 	151 	109 	130 	130 
003463 	151 	109 	130 	130 
003464 	151 	109 	130 	130 
003465 	151 	109 	130 	130 
003466 	151 	109 	130 	130 
003467 	151 	109 	130 	130 
003468 	151 	109 	130 	130 
003469 	151 	109 	130 	130 
003470 	151 	109 	130 	130 
003471 	151 	109 	130 	130 
003472 	151 	109 	130 	130 
003473 	151 	109 	130 	130 
003474 	151 	109 	130 	130 
003475 	151 	109 	130 	130 
003476 	151 	109 	130 	130 
003477 	151 	109 	130 	130 
003478 	151 	109 	130 	130 
003479 	151 	109 	130 	130 
003480 	165 	109 	130 	130 
003481 	180 	94 	130 	130 
003482 	180 	94 	130 	130 
003483 	181 	79 	156 	156 
003484 	194 	94 	130 	130 
003485 	194 	94 	130 	130 
003486 	194 	94 	130 	130 
003487 	194 	94 	130 	130 
003488 	194 	94 	130 	130 
003489 	194 	94 	130 	130 
003490 	194 	94 	130 	130 
003491 	194 	109 	130 	130 
003492 	194 	94 	130 	130 
003493 	194 	109 	130 	130 
003494 	194 	94 	130 	130 
003495 	194 	109 	130 	130 
003496 	180 	94 	130 	130 
003497 	180 	109 	130 	130 
003498 	180 	109 	130 	130 
003499 	180 	109 	130 	130 
003500 	180 	109 	130 	130 
003501 	180 	109 	130 	130 
003502 	180 	109 	130 	130 
003503 	180 	109 	130 	130 
003504 	180 	109 	130 	130 
003505 	180 	109 	130 	130 
003506 	180 	109 	130 	130 
003507 	180 	109 	130 	130 
003508 	180 	109 	130 	130 
003509 	180 	109 	130 	130 
003510 	180 	94 	130 	130 
003511 	180 	109 	130 	130 
003512 	180 	109 	130 	130 
003513 	180 	109 	130 	130 
003514 	197 	114 	109 	109 
003515 	181 	96 	156 	156 
003516 	194 	109 	130 	130 
003517 	194 	123 	130 	130 
003518 	194 	123 	130 	130 
003519 	194 	123 	130 	130 
003520 	194 	123 	130 	130 
003521 	194 	123 	130 	130 
003522 	194 	123 	130 	130 
003523 	194 	123 	130 	130 
003524 	194 	123 	130 	130 
003525 	181 	96 	156 	156 
003526 	197 	126 	109 	109 
003527 	197 	126 	109 	109 
003528 	197 	126 	109 	109 
003529 	197 	126 	109 	109 
003530 	180 	109 	130 	130 
003531 	180 	109 	130 	130 
003532 	180 	109 	130 	130 
003533 	180 	109 	130 	130 
003534 	180 	109 	130 	130 
003535 	180 	109 	130 	130 
003536 	180 	109 	130 	130 
003537 	180 	109 	130 	130 
003538 	180 	109 	130 	130 
003539 	180 	109 	130 	130 
003540 	180 	109 	130 	130 
003541 	180 	109 	130 	130 
003542 	180 	109 	130 	130 
003543 	180 	109 	130 	130 
003544 	180 	109 	130 	130 
003545 	180 	109 	130 	130 
003546 	180 	109 	130 	130 
003547 	180 	109 	130 	130 
003548 	180 	109 	130 	130 
003549 	180 	109 	130 	130 
003550 	180 	109 	130 	130 
003551 	180 	109 	130 	130 
003552 	180 	94 	130 	130 
003553 	185 	102 	109 	109 
003554 	165 	94 	130 	130 
003555 	165 	94 	130 	130 
003556 	165 	94 	130 	130 
003557 	165 	94 	130 	130 
003558 	165 	94 	130 	130 
003559 	172 	87 	130 	130 
003560 	180 	80 	130 	130 
003561 	180 	80 	130 	130 
003562 	180 	80 	130 	130 
003563 	194 	80 	130 	130 
003564 	181 	79 	156 	156 
003565 	194 	94 	130 	130 
003566 	194 	94 	130 	130 
003567 	194 	94 	130 	130 
003568 	194 	94 	130 	130 
003569 	194 	94 	130 	130 
003570 	194 	94 	130 	130 
003571 	194 	94 	130 	130 
003572 	194 	94 	130 	130 
003573 	194 	109 	130 	130 
003574 	194 	94 	130 	130 
003575 	181 	79 	156 	156 
003576 	180 	94 	130 	130 
003577 	180 	94 	130 	130 
003578 	180 	94 	130 	130 
003579 	180 	94 	130 	130 
003580 	165 	94 	130 	130 
003581 	165 	94 	130 	130 
