Identity  : 	id10016
Reference : 	FDXUYIgkTgk
Offset    : 	0
FV Conf   : 	22.725
ASD Conf  : 	8.254

FRAME 	X 	Y 	W 	H 
001218 	269 	62 	76 	76 
001219 	280 	73 	63 	63 
001220 	269 	62 	76 	76 
001221 	273 	73 	63 	63 
001222 	273 	73 	63 	63 
001223 	273 	73 	63 	63 
001224 	273 	73 	63 	63 
001225 	273 	73 	63 	63 
001226 	273 	73 	63 	63 
001227 	273 	80 	63 	63 
001228 	273 	80 	63 	63 
001229 	273 	80 	63 	63 
001230 	273 	80 	63 	63 
001231 	273 	80 	63 	63 
001232 	273 	80 	63 	63 
001233 	273 	80 	63 	63 
001234 	273 	80 	63 	63 
001235 	273 	80 	63 	63 
001236 	273 	80 	63 	63 
001237 	273 	80 	63 	63 
001238 	273 	80 	63 	63 
001239 	273 	80 	63 	63 
001240 	266 	80 	63 	63 
001241 	261 	71 	76 	75 
001242 	261 	71 	76 	75 
001243 	261 	71 	76 	75 
001244 	261 	71 	76 	75 
001245 	261 	71 	76 	75 
001246 	273 	73 	63 	63 
001247 	273 	73 	63 	63 
001248 	273 	73 	63 	63 
001249 	273 	80 	63 	63 
001250 	273 	80 	63 	63 
001251 	273 	80 	63 	63 
001252 	273 	80 	63 	63 
001253 	273 	80 	63 	63 
001254 	273 	80 	63 	63 
001255 	273 	80 	63 	63 
001256 	273 	80 	63 	63 
001257 	273 	80 	63 	63 
001258 	273 	80 	63 	63 
001259 	273 	80 	63 	63 
001260 	273 	80 	63 	63 
001261 	273 	80 	63 	63 
001262 	273 	80 	63 	63 
001263 	273 	80 	63 	63 
001264 	273 	80 	63 	63 
001265 	273 	80 	63 	63 
001266 	273 	80 	63 	63 
001267 	273 	80 	63 	63 
001268 	273 	80 	63 	63 
001269 	273 	80 	63 	63 
001270 	273 	80 	63 	63 
001271 	273 	80 	63 	63 
001272 	273 	80 	63 	63 
001273 	273 	80 	63 	63 
001274 	273 	80 	63 	63 
001275 	273 	80 	63 	63 
001276 	273 	80 	63 	63 
001277 	273 	80 	63 	63 
001278 	273 	80 	63 	63 
001279 	273 	80 	63 	63 
001280 	273 	80 	63 	63 
001281 	273 	80 	63 	63 
001282 	273 	80 	63 	63 
001283 	273 	80 	63 	63 
001284 	273 	80 	63 	63 
001285 	273 	80 	63 	63 
001286 	273 	80 	63 	63 
001287 	273 	80 	63 	63 
001288 	273 	80 	63 	63 
001289 	273 	80 	63 	63 
001290 	273 	80 	63 	63 
001291 	273 	80 	63 	63 
001292 	273 	80 	63 	63 
001293 	273 	80 	63 	63 
001294 	273 	73 	63 	63 
001295 	273 	73 	63 	63 
001296 	273 	73 	63 	63 
001297 	280 	73 	63 	63 
001298 	280 	73 	63 	63 
001299 	280 	73 	63 	63 
001300 	280 	73 	63 	63 
001301 	280 	73 	63 	63 
001302 	280 	73 	63 	63 
001303 	280 	73 	63 	63 
001304 	280 	73 	63 	63 
001305 	280 	73 	63 	63 
001306 	280 	73 	63 	63 
001307 	280 	66 	63 	63 
001308 	280 	66 	63 	63 
001309 	280 	73 	63 	63 
001310 	280 	73 	63 	63 
001311 	280 	73 	63 	63 
001312 	280 	73 	63 	63 
001313 	280 	73 	63 	63 
001314 	280 	73 	63 	63 
001315 	280 	73 	63 	63 
001316 	280 	73 	63 	63 
001317 	280 	73 	63 	63 
001318 	280 	73 	63 	63 
001319 	280 	73 	63 	63 
001320 	280 	73 	63 	63 
001321 	280 	73 	63 	63 
001322 	280 	66 	63 	63 
001323 	280 	66 	63 	63 
001324 	280 	66 	63 	63 
001325 	280 	73 	63 	63 
001326 	280 	66 	63 	63 
001327 	280 	66 	63 	63 
001328 	280 	66 	63 	63 
001329 	280 	66 	63 	63 
001330 	280 	66 	63 	63 
001331 	280 	66 	63 	63 
001332 	280 	66 	63 	63 
001333 	280 	66 	63 	63 
001334 	280 	66 	63 	63 
001335 	280 	66 	63 	63 
001336 	280 	66 	63 	63 
001337 	280 	66 	63 	63 
001338 	280 	66 	63 	63 
001339 	280 	66 	63 	63 
001340 	280 	66 	63 	63 
001341 	280 	66 	63 	63 
001342 	280 	66 	63 	63 
001343 	280 	66 	63 	63 
001344 	280 	66 	63 	63 
001345 	280 	73 	63 	63 
001346 	280 	73 	63 	63 
001347 	273 	73 	63 	63 
001348 	273 	80 	63 	63 
001349 	273 	80 	63 	63 
001350 	273 	80 	63 	63 
001351 	273 	80 	63 	63 
001352 	273 	73 	63 	63 
001353 	273 	73 	63 	63 
001354 	273 	80 	63 	63 
001355 	273 	80 	63 	63 
001356 	273 	80 	63 	63 
001357 	273 	80 	63 	63 
001358 	273 	80 	63 	63 
001359 	273 	80 	63 	63 
001360 	273 	80 	63 	63 
001361 	273 	80 	63 	63 
001362 	273 	80 	63 	63 
001363 	273 	80 	63 	63 
001364 	273 	80 	63 	63 
001365 	273 	80 	63 	63 
001366 	273 	80 	63 	63 
001367 	273 	80 	63 	63 
001368 	273 	80 	63 	63 
001369 	273 	80 	63 	63 
001370 	273 	80 	63 	63 
001371 	273 	80 	63 	63 
001372 	273 	80 	63 	63 
001373 	273 	80 	63 	63 
001374 	273 	80 	63 	63 
001375 	273 	80 	63 	63 
001376 	273 	80 	63 	63 
001377 	273 	80 	63 	63 
001378 	273 	80 	63 	63 
001379 	273 	80 	63 	63 
001380 	273 	80 	63 	63 
001381 	273 	73 	63 	63 
001382 	273 	73 	63 	63 
001383 	273 	73 	63 	63 
001384 	280 	73 	63 	63 
001385 	280 	73 	63 	63 
001386 	280 	66 	63 	63 
001387 	280 	73 	63 	63 
001388 	280 	66 	63 	63 
001389 	278 	62 	75 	76 
001390 	280 	66 	63 	63 
001391 	280 	66 	63 	63 
001392 	280 	66 	63 	63 
001393 	280 	66 	63 	63 
001394 	280 	66 	63 	63 
001395 	280 	66 	63 	63 
001396 	280 	66 	63 	63 
001397 	280 	66 	63 	63 
001398 	280 	66 	63 	63 
001399 	280 	66 	63 	63 
001400 	280 	66 	63 	63 
001401 	280 	66 	63 	63 
001402 	280 	66 	63 	63 
001403 	280 	66 	63 	63 
001404 	280 	73 	63 	63 
001405 	280 	73 	63 	63 
001406 	280 	73 	63 	63 
001407 	280 	73 	63 	63 
001408 	280 	73 	63 	63 
001409 	280 	66 	63 	63 
001410 	280 	66 	63 	63 
001411 	280 	66 	63 	63 
001412 	280 	66 	63 	63 
001413 	280 	66 	63 	63 
001414 	280 	73 	63 	63 
001415 	280 	66 	63 	63 
001416 	280 	66 	63 	63 
001417 	280 	66 	63 	63 
001418 	280 	66 	63 	63 
001419 	280 	73 	63 	63 
001420 	278 	62 	75 	76 
001421 	278 	62 	75 	76 
001422 	278 	62 	75 	76 
001423 	278 	62 	75 	76 
001424 	278 	62 	75 	76 
001425 	278 	62 	75 	76 
001426 	278 	62 	75 	76 
001427 	278 	62 	75 	76 
001428 	286 	73 	64 	63 
001429 	278 	62 	75 	76 
001430 	286 	66 	64 	63 
001431 	286 	66 	64 	63 
001432 	286 	66 	64 	63 
001433 	286 	66 	64 	63 
001434 	286 	59 	64 	63 
001435 	286 	59 	64 	63 
001436 	293 	59 	64 	63 
001437 	293 	59 	64 	63 
001438 	293 	59 	64 	63 
001439 	293 	59 	64 	63 
001440 	293 	59 	64 	63 
001441 	286 	59 	64 	63 
001442 	286 	52 	64 	63 
001443 	286 	52 	64 	63 
001444 	286 	52 	64 	63 
001445 	286 	45 	64 	63 
001446 	286 	45 	64 	63 
001447 	286 	45 	64 	63 
001448 	286 	45 	64 	63 
001449 	286 	45 	64 	63 
001450 	286 	45 	64 	63 
001451 	278 	38 	75 	75 
001452 	286 	52 	64 	63 
001453 	286 	45 	64 	63 
001454 	286 	45 	64 	63 
001455 	286 	45 	64 	63 
001456 	293 	45 	64 	63 
001457 	293 	52 	64 	63 
001458 	293 	52 	64 	63 
001459 	293 	52 	64 	63 
001460 	293 	52 	64 	63 
001461 	293 	52 	64 	63 
001462 	293 	52 	64 	63 
001463 	286 	59 	64 	63 
001464 	286 	59 	64 	63 
001465 	286 	59 	64 	63 
001466 	286 	66 	64 	63 
001467 	286 	66 	64 	63 
001468 	286 	66 	64 	63 
001469 	286 	66 	64 	63 
001470 	286 	66 	64 	63 
001471 	286 	66 	64 	63 
001472 	286 	66 	64 	63 
001473 	286 	66 	64 	63 
001474 	286 	66 	64 	63 
001475 	286 	66 	64 	63 
001476 	286 	66 	64 	63 
001477 	286 	66 	64 	63 
001478 	286 	66 	64 	63 
001479 	286 	66 	64 	63 
001480 	286 	66 	64 	63 
001481 	286 	66 	64 	63 
001482 	286 	66 	64 	63 
001483 	286 	66 	64 	63 
001484 	286 	66 	64 	63 
001485 	286 	73 	64 	63 
001486 	286 	73 	64 	63 
001487 	286 	73 	64 	63 
001488 	286 	73 	64 	63 
001489 	286 	73 	64 	63 
001490 	286 	66 	64 	63 
001491 	286 	66 	64 	63 
001492 	286 	66 	64 	63 
001493 	286 	66 	64 	63 
001494 	286 	66 	64 	63 
001495 	286 	66 	64 	63 
001496 	286 	66 	64 	63 
001497 	280 	66 	63 	63 
001498 	280 	66 	63 	63 
001499 	280 	66 	63 	63 
001500 	280 	66 	63 	63 
001501 	280 	66 	63 	63 
001502 	280 	66 	63 	63 
001503 	280 	66 	63 	63 
001504 	280 	66 	63 	63 
001505 	280 	66 	63 	63 
001506 	286 	66 	64 	63 
001507 	286 	66 	64 	63 
001508 	286 	66 	64 	63 
001509 	286 	66 	64 	63 
001510 	286 	66 	64 	63 
001511 	286 	73 	64 	63 
001512 	286 	73 	64 	63 
001513 	293 	73 	64 	63 
001514 	286 	62 	76 	76 
001515 	286 	62 	76 	76 
001516 	286 	62 	76 	76 
001517 	286 	66 	64 	63 
001518 	286 	66 	64 	63 
001519 	286 	66 	64 	63 
001520 	286 	66 	64 	63 
001521 	286 	66 	64 	63 
001522 	286 	73 	64 	63 
001523 	286 	66 	64 	63 
001524 	286 	66 	64 	63 
001525 	286 	66 	64 	63 
001526 	286 	66 	64 	63 
001527 	286 	66 	64 	63 
001528 	286 	66 	64 	63 
001529 	286 	66 	64 	63 
001530 	286 	66 	64 	63 
001531 	286 	66 	64 	63 
001532 	286 	66 	64 	63 
001533 	286 	66 	64 	63 
001534 	286 	66 	64 	63 
001535 	286 	66 	64 	63 
001536 	286 	66 	64 	63 
001537 	286 	73 	64 	63 
001538 	286 	73 	64 	63 
001539 	286 	73 	64 	63 
001540 	286 	73 	64 	63 
001541 	286 	73 	64 	63 
001542 	286 	73 	64 	63 
001543 	286 	73 	64 	63 
001544 	286 	73 	64 	63 
001545 	286 	73 	64 	63 
001546 	286 	73 	64 	63 
001547 	286 	73 	64 	63 
001548 	286 	73 	64 	63 
001549 	286 	73 	64 	63 
001550 	286 	73 	64 	63 
001551 	286 	73 	64 	63 
001552 	286 	73 	64 	63 
001553 	286 	73 	64 	63 
001554 	286 	73 	64 	63 
001555 	286 	73 	64 	63 
001556 	286 	73 	64 	63 
001557 	286 	73 	64 	63 
001558 	286 	73 	64 	63 
001559 	286 	73 	64 	63 
001560 	286 	73 	64 	63 
001561 	286 	73 	64 	63 
001562 	286 	73 	64 	63 
001563 	286 	73 	64 	63 
001564 	286 	73 	64 	63 
001565 	286 	73 	64 	63 
001566 	286 	73 	64 	63 
001567 	286 	73 	64 	63 
001568 	278 	62 	75 	76 
001569 	278 	62 	75 	76 
001570 	280 	73 	63 	63 
001571 	280 	73 	63 	63 
