Identity  : 	id10238
Reference : 	I48IlU3VNsw
Offset    : 	-2
FV Conf   : 	12.734
ASD Conf  : 	6.628

FRAME 	X 	Y 	W 	H 
002022 	223 	80 	130 	130 
002023 	223 	80 	130 	130 
002024 	223 	80 	130 	130 
002025 	223 	80 	130 	130 
002026 	223 	80 	130 	130 
002027 	223 	80 	130 	130 
002028 	223 	80 	130 	130 
002029 	223 	80 	130 	130 
002030 	223 	80 	130 	130 
002031 	223 	80 	130 	130 
002032 	223 	80 	130 	130 
002033 	223 	80 	130 	130 
002034 	223 	80 	130 	130 
002035 	221 	78 	109 	109 
002036 	221 	78 	109 	109 
002037 	223 	80 	130 	130 
002038 	223 	80 	130 	130 
002039 	223 	80 	130 	130 
002040 	223 	80 	130 	130 
002041 	223 	80 	130 	130 
002042 	223 	80 	130 	130 
002043 	223 	80 	130 	130 
002044 	208 	66 	130 	130 
002045 	208 	66 	130 	130 
002046 	208 	66 	130 	130 
002047 	208 	80 	130 	130 
002048 	208 	80 	130 	130 
002049 	208 	80 	130 	130 
002050 	208 	80 	130 	130 
002051 	208 	80 	130 	130 
002052 	208 	80 	130 	130 
002053 	208 	80 	130 	130 
002054 	208 	80 	130 	130 
002055 	208 	80 	130 	130 
002056 	208 	80 	130 	130 
002057 	208 	80 	130 	130 
002058 	208 	66 	130 	130 
002059 	208 	66 	130 	130 
002060 	208 	80 	130 	130 
002061 	208 	80 	130 	130 
002062 	208 	80 	130 	130 
002063 	208 	80 	130 	130 
002064 	208 	80 	130 	130 
002065 	208 	80 	130 	130 
002066 	208 	80 	130 	130 
002067 	208 	80 	130 	130 
002068 	208 	80 	130 	130 
002069 	208 	80 	130 	130 
002070 	208 	80 	130 	130 
002071 	208 	80 	130 	130 
002072 	208 	80 	130 	130 
002073 	221 	78 	109 	109 
002074 	221 	78 	109 	109 
002075 	221 	78 	109 	109 
002076 	221 	78 	109 	109 
002077 	221 	78 	109 	109 
002078 	208 	80 	130 	130 
002079 	223 	80 	130 	130 
002080 	223 	80 	130 	130 
002081 	223 	80 	130 	130 
002082 	223 	80 	130 	130 
002083 	223 	80 	130 	130 
002084 	223 	80 	130 	130 
002085 	223 	80 	130 	130 
002086 	223 	80 	130 	130 
002087 	223 	80 	130 	130 
002088 	223 	80 	130 	130 
002089 	223 	80 	130 	130 
002090 	223 	80 	130 	130 
002091 	223 	80 	130 	130 
002092 	223 	80 	130 	130 
002093 	223 	80 	130 	130 
002094 	223 	80 	130 	130 
002095 	223 	80 	130 	130 
002096 	223 	80 	130 	130 
002097 	223 	80 	130 	130 
002098 	223 	80 	130 	130 
002099 	223 	80 	130 	130 
002100 	233 	90 	109 	109 
002101 	233 	90 	109 	109 
002102 	223 	80 	130 	130 
002103 	233 	90 	109 	109 
002104 	223 	80 	130 	130 
002105 	223 	80 	130 	130 
002106 	223 	80 	130 	130 
002107 	223 	80 	130 	130 
002108 	223 	80 	130 	130 
002109 	223 	80 	130 	130 
002110 	221 	90 	109 	109 
002111 	221 	90 	109 	109 
002112 	208 	80 	130 	130 
002113 	209 	90 	109 	109 
002114 	209 	90 	109 	109 
002115 	209 	102 	109 	109 
002116 	209 	102 	109 	109 
002117 	194 	94 	130 	130 
002118 	209 	114 	109 	109 
002119 	209 	114 	109 	109 
002120 	209 	114 	109 	109 
002121 	209 	102 	109 	109 
002122 	209 	102 	109 	109 
002123 	208 	94 	130 	130 
002124 	208 	94 	130 	130 
002125 	208 	80 	130 	130 
002126 	208 	80 	130 	130 
002127 	208 	80 	130 	130 
002128 	208 	66 	130 	130 
002129 	208 	66 	130 	130 
002130 	208 	66 	130 	130 
002131 	208 	66 	130 	130 
002132 	208 	66 	130 	130 
002133 	221 	78 	109 	109 
002134 	208 	80 	130 	130 
002135 	208 	80 	130 	130 
002136 	208 	80 	130 	130 
002137 	208 	80 	130 	130 
002138 	194 	80 	130 	130 
002139 	194 	80 	130 	130 
002140 	194 	80 	130 	130 
002141 	194 	66 	130 	130 
002142 	180 	66 	130 	130 
002143 	165 	66 	130 	130 
002144 	165 	66 	130 	130 
002145 	165 	66 	130 	130 
002146 	180 	66 	130 	130 
002147 	180 	66 	130 	130 
002148 	180 	66 	130 	130 
002149 	180 	66 	130 	130 
002150 	165 	66 	130 	130 
002151 	165 	66 	130 	130 
002152 	165 	66 	130 	130 
002153 	165 	66 	130 	130 
002154 	165 	66 	130 	130 
002155 	165 	66 	130 	130 
002156 	165 	66 	130 	130 
002157 	165 	66 	130 	130 
002158 	180 	66 	130 	130 
002159 	180 	66 	130 	130 
002160 	180 	66 	130 	130 
002161 	180 	66 	130 	130 
002162 	180 	66 	130 	130 
002163 	180 	66 	130 	130 
002164 	180 	66 	130 	130 
002165 	180 	66 	130 	130 
002166 	180 	66 	130 	130 
002167 	180 	66 	130 	130 
002168 	180 	66 	130 	130 
002169 	180 	66 	130 	130 
002170 	180 	66 	130 	130 
002171 	180 	66 	130 	130 
002172 	180 	66 	130 	130 
002173 	194 	66 	130 	130 
002174 	194 	66 	130 	130 
002175 	194 	66 	130 	130 
002176 	194 	66 	130 	130 
002177 	194 	66 	130 	130 
002178 	194 	66 	130 	130 
002179 	194 	66 	130 	130 
002180 	194 	66 	130 	130 
002181 	194 	66 	130 	130 
002182 	194 	66 	130 	130 
002183 	194 	66 	130 	130 
002184 	194 	66 	130 	130 
002185 	194 	66 	130 	130 
002186 	194 	66 	130 	130 
002187 	194 	66 	130 	130 
002188 	209 	90 	109 	109 
002189 	209 	90 	109 	109 
002190 	209 	90 	109 	109 
002191 	209 	90 	109 	109 
002192 	208 	80 	130 	130 
002193 	208 	80 	130 	130 
002194 	208 	80 	130 	130 
002195 	208 	80 	130 	130 
002196 	208 	80 	130 	130 
002197 	208 	80 	130 	130 
002198 	208 	80 	130 	130 
002199 	208 	80 	130 	130 
002200 	208 	80 	130 	130 
002201 	208 	80 	130 	130 
002202 	208 	80 	130 	130 
002203 	208 	80 	130 	130 
002204 	208 	80 	130 	130 
002205 	208 	80 	130 	130 
002206 	208 	80 	130 	130 
002207 	208 	80 	130 	130 
002208 	208 	80 	130 	130 
002209 	208 	80 	130 	130 
002210 	208 	94 	130 	130 
002211 	208 	94 	130 	130 
002212 	208 	94 	130 	130 
002213 	208 	94 	130 	130 
002214 	208 	94 	130 	130 
002215 	221 	102 	109 	109 
002216 	223 	94 	130 	130 
002217 	223 	80 	130 	130 
002218 	223 	94 	130 	130 
002219 	223 	94 	130 	130 
002220 	223 	94 	130 	130 
002221 	223 	94 	130 	130 
002222 	223 	94 	130 	130 
002223 	245 	102 	109 	109 
002224 	245 	102 	109 	109 
002225 	245 	102 	109 	109 
002226 	245 	102 	109 	109 
002227 	245 	102 	109 	109 
002228 	245 	114 	109 	109 
002229 	245 	114 	109 	109 
002230 	245 	114 	109 	109 
002231 	245 	114 	109 	109 
002232 	245 	114 	109 	109 
002233 	245 	114 	109 	109 
002234 	245 	114 	109 	109 
002235 	237 	94 	130 	130 
002236 	237 	94 	130 	130 
002237 	237 	94 	130 	130 
002238 	237 	94 	130 	130 
002239 	257 	102 	109 	109 
002240 	257 	102 	109 	109 
002241 	257 	102 	109 	109 
002242 	257 	102 	109 	109 
002243 	237 	94 	130 	130 
002244 	257 	90 	109 	109 
002245 	257 	90 	109 	109 
002246 	257 	90 	109 	109 
002247 	257 	90 	109 	109 
002248 	257 	90 	109 	109 
002249 	257 	90 	109 	109 
002250 	257 	90 	109 	109 
002251 	257 	90 	109 	109 
002252 	257 	90 	109 	109 
002253 	257 	90 	109 	109 
002254 	257 	90 	109 	109 
002255 	237 	94 	130 	130 
002256 	237 	94 	130 	130 
002257 	245 	102 	109 	109 
002258 	245 	102 	109 	109 
002259 	233 	102 	109 	109 
002260 	233 	114 	109 	109 
002261 	233 	114 	109 	109 
002262 	233 	114 	109 	109 
002263 	233 	114 	109 	109 
002264 	233 	114 	109 	109 
002265 	245 	114 	109 	109 
002266 	245 	114 	109 	109 
002267 	237 	94 	130 	130 
002268 	237 	94 	130 	130 
002269 	257 	102 	109 	109 
002270 	257 	102 	109 	109 
002271 	257 	102 	109 	109 
002272 	257 	102 	109 	109 
002273 	257 	102 	109 	109 
002274 	257 	102 	109 	109 
002275 	257 	102 	109 	109 
002276 	257 	102 	109 	109 
002277 	257 	102 	109 	109 
002278 	257 	102 	109 	109 
002279 	257 	102 	109 	109 
002280 	257 	102 	109 	109 
002281 	257 	102 	109 	109 
002282 	257 	102 	109 	109 
002283 	257 	102 	109 	109 
002284 	237 	80 	130 	130 
002285 	237 	80 	130 	130 
002286 	245 	90 	109 	109 
002287 	245 	90 	109 	109 
002288 	245 	90 	109 	109 
002289 	233 	90 	109 	109 
002290 	233 	90 	109 	109 
002291 	233 	90 	109 	109 
002292 	233 	90 	109 	109 
002293 	221 	90 	109 	109 
002294 	208 	80 	130 	130 
002295 	208 	80 	130 	130 
002296 	208 	80 	130 	130 
002297 	208 	80 	130 	130 
002298 	209 	90 	109 	109 
002299 	194 	80 	130 	130 
002300 	194 	80 	130 	130 
002301 	194 	80 	130 	130 
002302 	194 	80 	130 	130 
002303 	194 	80 	130 	130 
002304 	194 	80 	130 	130 
002305 	194 	80 	130 	130 
002306 	194 	80 	130 	130 
002307 	194 	80 	130 	130 
002308 	194 	80 	130 	130 
002309 	194 	80 	130 	130 
002310 	197 	78 	109 	109 
002311 	197 	78 	109 	109 
002312 	197 	78 	109 	109 
002313 	197 	78 	109 	109 
002314 	197 	78 	109 	109 
