Identity  : 	id11152
Reference : 	rj2lMHDaAwk
Offset    : 	-1
FV Conf   : 	15.719
ASD Conf  : 	7.001

FRAME 	X 	Y 	W 	H 
002281 	173 	78 	109 	109 
002282 	173 	78 	109 	109 
002283 	161 	90 	109 	109 
002284 	161 	90 	109 	109 
002285 	161 	102 	109 	109 
002286 	161 	102 	109 	109 
002287 	161 	102 	109 	109 
002288 	161 	114 	109 	109 
002289 	161 	114 	109 	109 
002290 	161 	114 	109 	109 
002291 	161 	114 	109 	109 
002292 	161 	114 	109 	109 
002293 	161 	114 	109 	109 
002294 	161 	114 	109 	109 
002295 	161 	114 	109 	109 
002296 	161 	114 	109 	109 
002297 	161 	114 	109 	109 
002298 	161 	102 	109 	109 
002299 	161 	102 	109 	109 
002300 	161 	102 	109 	109 
002301 	161 	102 	109 	109 
002302 	161 	102 	109 	109 
002303 	161 	102 	109 	109 
002304 	161 	102 	109 	109 
002305 	161 	102 	109 	109 
002306 	173 	102 	109 	109 
002307 	173 	102 	109 	109 
002308 	173 	102 	109 	109 
002309 	173 	102 	109 	109 
002310 	173 	102 	109 	109 
002311 	173 	102 	109 	109 
002312 	173 	90 	109 	109 
002313 	173 	90 	109 	109 
002314 	173 	90 	109 	109 
002315 	173 	90 	109 	109 
002316 	173 	90 	109 	109 
002317 	173 	90 	109 	109 
002318 	173 	90 	109 	109 
002319 	173 	90 	109 	109 
002320 	173 	90 	109 	109 
002321 	173 	90 	109 	109 
002322 	173 	90 	109 	109 
002323 	173 	90 	109 	109 
002324 	173 	90 	109 	109 
002325 	173 	102 	109 	109 
002326 	173 	102 	109 	109 
002327 	173 	102 	109 	109 
002328 	173 	102 	109 	109 
002329 	185 	102 	109 	109 
002330 	185 	102 	109 	109 
002331 	185 	102 	109 	109 
002332 	180 	80 	130 	130 
002333 	197 	102 	109 	109 
002334 	197 	102 	109 	109 
002335 	197 	102 	109 	109 
002336 	180 	80 	130 	130 
002337 	185 	90 	109 	109 
002338 	185 	90 	109 	109 
002339 	185 	90 	109 	109 
002340 	185 	90 	109 	109 
002341 	173 	90 	109 	109 
002342 	173 	90 	109 	109 
002343 	173 	90 	109 	109 
002344 	185 	90 	109 	109 
002345 	185 	90 	109 	109 
002346 	185 	90 	109 	109 
002347 	185 	90 	109 	109 
002348 	185 	90 	109 	109 
002349 	185 	90 	109 	109 
002350 	185 	90 	109 	109 
002351 	185 	90 	109 	109 
002352 	185 	90 	109 	109 
002353 	185 	90 	109 	109 
002354 	185 	90 	109 	109 
002355 	185 	90 	109 	109 
002356 	185 	90 	109 	109 
002357 	185 	90 	109 	109 
002358 	185 	90 	109 	109 
002359 	185 	90 	109 	109 
002360 	185 	90 	109 	109 
002361 	185 	90 	109 	109 
002362 	185 	90 	109 	109 
002363 	173 	90 	109 	109 
002364 	173 	90 	109 	109 
002365 	173 	90 	109 	109 
002366 	173 	90 	109 	109 
002367 	173 	90 	109 	109 
002368 	173 	78 	109 	109 
002369 	173 	78 	109 	109 
002370 	173 	78 	109 	109 
002371 	185 	78 	109 	109 
002372 	185 	78 	109 	109 
002373 	185 	78 	109 	109 
002374 	185 	78 	109 	109 
002375 	185 	78 	109 	109 
002376 	185 	78 	109 	109 
002377 	173 	78 	109 	109 
002378 	173 	78 	109 	109 
002379 	173 	78 	109 	109 
002380 	173 	78 	109 	109 
002381 	185 	78 	109 	109 
002382 	185 	78 	109 	109 
002383 	185 	78 	109 	109 
002384 	185 	78 	109 	109 
002385 	185 	78 	109 	109 
002386 	185 	78 	109 	109 
002387 	185 	78 	109 	109 
002388 	185 	78 	109 	109 
002389 	185 	78 	109 	109 
002390 	185 	78 	109 	109 
002391 	185 	78 	109 	109 
002392 	185 	78 	109 	109 
002393 	185 	78 	109 	109 
002394 	185 	78 	109 	109 
002395 	185 	78 	109 	109 
002396 	185 	78 	109 	109 
002397 	185 	90 	109 	109 
002398 	185 	90 	109 	109 
002399 	185 	90 	109 	109 
002400 	185 	90 	109 	109 
002401 	185 	90 	109 	109 
002402 	185 	90 	109 	109 
002403 	185 	90 	109 	109 
002404 	185 	90 	109 	109 
002405 	185 	90 	109 	109 
002406 	185 	78 	109 	109 
002407 	185 	78 	109 	109 
002408 	185 	78 	109 	109 
002409 	185 	78 	109 	109 
002410 	185 	78 	109 	109 
002411 	185 	78 	109 	109 
002412 	185 	78 	109 	109 
002413 	185 	78 	109 	109 
002414 	185 	78 	109 	109 
002415 	185 	78 	109 	109 
002416 	185 	90 	109 	109 
002417 	185 	90 	109 	109 
002418 	185 	90 	109 	109 
002419 	185 	90 	109 	109 
002420 	185 	90 	109 	109 
002421 	185 	90 	109 	109 
002422 	185 	90 	109 	109 
002423 	185 	90 	109 	109 
002424 	185 	90 	109 	109 
002425 	185 	90 	109 	109 
002426 	185 	90 	109 	109 
002427 	185 	90 	109 	109 
002428 	185 	90 	109 	109 
002429 	185 	90 	109 	109 
002430 	185 	90 	109 	109 
