Identity  : 	id10615
Reference : 	kjngGjKO8qk
Offset    : 	1
FV Conf   : 	14.958
ASD Conf  : 	7.648

FRAME 	X 	Y 	W 	H 
003172 	164 	115 	91 	91 
003173 	178 	121 	76 	75 
003174 	174 	115 	91 	91 
003175 	186 	121 	76 	75 
003176 	184 	115 	91 	91 
003177 	184 	115 	91 	91 
003178 	184 	115 	91 	91 
003179 	184 	115 	91 	91 
003180 	184 	115 	91 	91 
003181 	184 	115 	91 	91 
003182 	184 	105 	91 	91 
003183 	184 	105 	91 	91 
003184 	174 	105 	91 	91 
003185 	174 	105 	91 	91 
003186 	164 	105 	91 	91 
003187 	164 	105 	91 	91 
003188 	154 	105 	91 	91 
003189 	144 	105 	91 	91 
003190 	144 	105 	91 	91 
003191 	144 	105 	91 	91 
003192 	134 	105 	91 	91 
003193 	134 	105 	91 	91 
003194 	124 	105 	91 	91 
003195 	114 	105 	91 	91 
003196 	114 	105 	91 	91 
003197 	114 	105 	91 	91 
003198 	114 	105 	91 	91 
003199 	105 	115 	90 	91 
003200 	105 	115 	90 	91 
003201 	105 	115 	90 	91 
003202 	105 	115 	90 	91 
003203 	90 	102 	108 	109 
003204 	95 	115 	90 	91 
003205 	95 	115 	90 	91 
003206 	95 	105 	90 	91 
003207 	95 	105 	90 	91 
003208 	95 	105 	90 	91 
003209 	95 	115 	90 	91 
003210 	95 	115 	90 	91 
003211 	95 	105 	90 	91 
003212 	95 	105 	90 	91 
003213 	95 	105 	90 	91 
003214 	105 	105 	90 	91 
003215 	105 	105 	90 	91 
003216 	114 	105 	91 	91 
003217 	114 	105 	91 	91 
003218 	114 	105 	91 	91 
003219 	124 	105 	91 	91 
003220 	137 	121 	75 	75 
003221 	137 	121 	75 	75 
003222 	145 	121 	76 	75 
003223 	145 	121 	76 	75 
003224 	153 	121 	76 	75 
003225 	153 	121 	76 	75 
003226 	162 	121 	75 	75 
003227 	162 	121 	75 	75 
003228 	164 	115 	91 	91 
003229 	170 	121 	75 	75 
003230 	164 	115 	91 	91 
003231 	170 	121 	75 	75 
003232 	164 	115 	91 	91 
003233 	170 	129 	75 	75 
003234 	164 	115 	91 	91 
003235 	164 	115 	91 	91 
003236 	170 	121 	75 	75 
003237 	164 	115 	91 	91 
003238 	178 	121 	76 	75 
003239 	178 	121 	76 	75 
003240 	178 	121 	76 	75 
003241 	178 	121 	76 	75 
003242 	178 	121 	76 	75 
003243 	178 	121 	76 	75 
003244 	178 	121 	76 	75 
003245 	178 	121 	76 	75 
003246 	178 	121 	76 	75 
003247 	178 	129 	76 	75 
003248 	178 	121 	76 	75 
003249 	178 	121 	76 	75 
003250 	178 	121 	76 	75 
003251 	164 	115 	91 	91 
003252 	170 	121 	75 	75 
003253 	170 	121 	75 	75 
003254 	170 	121 	75 	75 
003255 	170 	121 	75 	75 
003256 	170 	121 	75 	75 
003257 	162 	121 	75 	75 
003258 	154 	105 	91 	91 
003259 	154 	105 	91 	91 
003260 	154 	105 	91 	91 
003261 	153 	112 	76 	76 
003262 	144 	105 	91 	91 
003263 	144 	105 	91 	91 
003264 	144 	105 	91 	91 
003265 	144 	105 	91 	91 
003266 	134 	105 	91 	91 
003267 	134 	105 	91 	91 
003268 	134 	105 	91 	91 
003269 	134 	105 	91 	91 
003270 	134 	105 	91 	91 
003271 	134 	105 	91 	91 
003272 	124 	105 	91 	91 
003273 	124 	105 	91 	91 
003274 	124 	105 	91 	91 
003275 	124 	105 	91 	91 
003276 	124 	105 	91 	91 
003277 	124 	105 	91 	91 
003278 	124 	105 	91 	91 
003279 	134 	105 	91 	91 
003280 	134 	105 	91 	91 
003281 	134 	105 	91 	91 
003282 	134 	105 	91 	91 
003283 	134 	105 	91 	91 
003284 	145 	121 	76 	75 
003285 	145 	121 	76 	75 
003286 	144 	115 	91 	91 
003287 	153 	121 	76 	75 
003288 	153 	121 	76 	75 
003289 	153 	121 	76 	75 
003290 	153 	121 	76 	75 
003291 	162 	121 	75 	75 
003292 	162 	121 	75 	75 
003293 	162 	121 	75 	75 
003294 	162 	121 	75 	75 
003295 	162 	121 	75 	75 
003296 	170 	121 	75 	75 
003297 	170 	121 	75 	75 
003298 	170 	121 	75 	75 
003299 	170 	121 	75 	75 
003300 	170 	121 	75 	75 
003301 	178 	121 	76 	75 
003302 	178 	121 	76 	75 
003303 	178 	121 	76 	75 
003304 	178 	121 	76 	75 
003305 	178 	121 	76 	75 
003306 	178 	121 	76 	75 
003307 	178 	121 	76 	75 
003308 	178 	121 	76 	75 
003309 	178 	121 	76 	75 
003310 	178 	121 	76 	75 
003311 	170 	121 	75 	75 
003312 	170 	121 	75 	75 
003313 	170 	121 	75 	75 
003314 	170 	121 	75 	75 
003315 	170 	121 	75 	75 
003316 	162 	121 	75 	75 
003317 	162 	121 	75 	75 
003318 	162 	121 	75 	75 
003319 	162 	121 	75 	75 
003320 	162 	121 	75 	75 
003321 	162 	121 	75 	75 
003322 	154 	115 	91 	91 
003323 	154 	115 	91 	91 
003324 	153 	121 	76 	75 
003325 	153 	121 	76 	75 
003326 	154 	105 	91 	91 
003327 	154 	105 	91 	91 
003328 	154 	105 	91 	91 
003329 	154 	105 	91 	91 
003330 	154 	105 	91 	91 
003331 	154 	105 	91 	91 
003332 	154 	105 	91 	91 
003333 	154 	105 	91 	91 
003334 	154 	105 	91 	91 
003335 	162 	121 	75 	75 
003336 	162 	121 	75 	75 
003337 	154 	105 	91 	91 
003338 	154 	105 	91 	91 
003339 	153 	112 	76 	76 
003340 	144 	105 	91 	91 
003341 	144 	105 	91 	91 
003342 	144 	105 	91 	91 
003343 	145 	104 	76 	76 
003344 	145 	104 	76 	76 
003345 	134 	95 	91 	91 
003346 	134 	95 	91 	91 
003347 	137 	104 	75 	76 
003348 	137 	104 	75 	76 
003349 	137 	104 	75 	76 
003350 	134 	95 	91 	91 
003351 	137 	104 	75 	76 
003352 	124 	95 	91 	91 
003353 	124 	95 	91 	91 
003354 	124 	95 	91 	91 
003355 	137 	104 	75 	76 
003356 	137 	104 	75 	76 
003357 	134 	95 	91 	91 
003358 	134 	95 	91 	91 
003359 	145 	112 	76 	76 
003360 	145 	112 	76 	76 
003361 	145 	112 	76 	76 
003362 	145 	112 	76 	76 
003363 	145 	112 	76 	76 
003364 	145 	112 	76 	76 
003365 	145 	112 	76 	76 
003366 	145 	112 	76 	76 
003367 	145 	112 	76 	76 
003368 	145 	112 	76 	76 
003369 	144 	105 	91 	91 
003370 	145 	112 	76 	76 
003371 	145 	112 	76 	76 
003372 	145 	112 	76 	76 
003373 	144 	105 	91 	91 
003374 	153 	121 	76 	75 
003375 	153 	121 	76 	75 
003376 	153 	121 	76 	75 
003377 	153 	121 	76 	75 
003378 	153 	121 	76 	75 
003379 	153 	121 	76 	75 
003380 	153 	121 	76 	75 
003381 	153 	121 	76 	75 
003382 	153 	121 	76 	75 
003383 	153 	121 	76 	75 
003384 	153 	112 	76 	76 
003385 	153 	112 	76 	76 
003386 	153 	112 	76 	76 
003387 	153 	112 	76 	76 
003388 	162 	112 	75 	76 
003389 	162 	112 	75 	76 
003390 	162 	112 	75 	76 
003391 	162 	112 	75 	76 
003392 	162 	104 	75 	76 
003393 	162 	104 	75 	76 
003394 	162 	104 	75 	76 
003395 	162 	112 	75 	76 
003396 	162 	112 	75 	76 
003397 	162 	112 	75 	76 
003398 	162 	112 	75 	76 
003399 	162 	112 	75 	76 
003400 	162 	112 	75 	76 
003401 	162 	112 	75 	76 
003402 	162 	112 	75 	76 
003403 	162 	112 	75 	76 
003404 	162 	112 	75 	76 
003405 	162 	112 	75 	76 
003406 	164 	105 	91 	91 
003407 	170 	121 	75 	75 
003408 	170 	121 	75 	75 
003409 	170 	121 	75 	75 
003410 	164 	115 	91 	91 
003411 	170 	121 	75 	75 
003412 	170 	121 	75 	75 
003413 	170 	121 	75 	75 
003414 	170 	121 	75 	75 
003415 	170 	121 	75 	75 
003416 	162 	121 	75 	75 
003417 	162 	121 	75 	75 
003418 	162 	121 	75 	75 
003419 	162 	121 	75 	75 
003420 	154 	105 	91 	91 
003421 	154 	105 	91 	91 
003422 	154 	105 	91 	91 
003423 	154 	105 	91 	91 
003424 	154 	105 	91 	91 
