Identity  : 	id10195
Reference : 	ZbtjVTtdE2g
Offset    : 	0
FV Conf   : 	24.642
ASD Conf  : 	6.384

FRAME 	X 	Y 	W 	H 
001579 	264 	95 	90 	91 
001580 	254 	95 	90 	91 
001581 	254 	95 	90 	91 
001582 	254 	95 	90 	91 
001583 	261 	96 	76 	75 
001584 	254 	85 	90 	91 
001585 	264 	85 	90 	91 
001586 	274 	85 	90 	91 
001587 	286 	96 	76 	75 
001588 	284 	95 	90 	91 
001589 	284 	95 	90 	91 
001590 	294 	95 	90 	91 
001591 	294 	105 	90 	91 
001592 	294 	105 	90 	91 
001593 	294 	105 	90 	91 
001594 	294 	105 	90 	91 
001595 	294 	105 	90 	91 
001596 	294 	105 	90 	91 
001597 	294 	105 	90 	91 
001598 	294 	112 	76 	76 
001599 	284 	105 	90 	91 
001600 	284 	105 	90 	91 
001601 	284 	105 	90 	91 
001602 	284 	105 	90 	91 
001603 	284 	105 	90 	91 
001604 	284 	105 	90 	91 
001605 	274 	105 	90 	91 
001606 	274 	105 	90 	91 
001607 	274 	105 	90 	91 
001608 	274 	105 	90 	91 
001609 	274 	105 	90 	91 
001610 	278 	112 	75 	76 
001611 	274 	105 	90 	91 
001612 	264 	105 	90 	91 
001613 	264 	105 	90 	91 
001614 	264 	105 	90 	91 
001615 	264 	105 	90 	91 
001616 	264 	105 	90 	91 
001617 	264 	105 	90 	91 
001618 	264 	105 	90 	91 
001619 	264 	105 	90 	91 
001620 	264 	105 	90 	91 
001621 	264 	105 	90 	91 
001622 	264 	105 	90 	91 
001623 	264 	105 	90 	91 
001624 	264 	105 	90 	91 
001625 	264 	105 	90 	91 
001626 	264 	105 	90 	91 
001627 	274 	105 	90 	91 
001628 	274 	105 	90 	91 
001629 	278 	104 	75 	76 
001630 	274 	95 	90 	91 
001631 	274 	95 	90 	91 
001632 	286 	104 	76 	76 
001633 	286 	104 	76 	76 
001634 	286 	104 	76 	76 
001635 	274 	95 	90 	91 
001636 	286 	104 	76 	76 
001637 	286 	104 	76 	76 
001638 	274 	105 	90 	91 
001639 	274 	105 	90 	91 
001640 	274 	105 	90 	91 
001641 	274 	105 	90 	91 
001642 	274 	105 	90 	91 
001643 	274 	105 	90 	91 
001644 	274 	105 	90 	91 
001645 	274 	105 	90 	91 
001646 	286 	112 	76 	76 
001647 	284 	105 	90 	91 
001648 	284 	105 	90 	91 
001649 	284 	105 	90 	91 
001650 	294 	105 	90 	91 
001651 	294 	105 	90 	91 
001652 	294 	105 	90 	91 
001653 	294 	112 	76 	76 
001654 	294 	105 	90 	91 
001655 	294 	105 	90 	91 
001656 	294 	105 	90 	91 
001657 	294 	105 	90 	91 
001658 	294 	105 	90 	91 
001659 	294 	105 	90 	91 
001660 	294 	105 	90 	91 
001661 	294 	105 	90 	91 
001662 	294 	105 	90 	91 
001663 	294 	105 	90 	91 
001664 	294 	105 	90 	91 
001665 	294 	105 	90 	91 
001666 	294 	112 	76 	76 
001667 	284 	105 	90 	91 
001668 	284 	105 	90 	91 
001669 	284 	105 	90 	91 
001670 	284 	105 	90 	91 
001671 	284 	105 	90 	91 
001672 	284 	105 	90 	91 
001673 	286 	104 	76 	76 
001674 	286 	104 	76 	76 
001675 	286 	104 	76 	76 
001676 	284 	95 	90 	91 
001677 	284 	95 	90 	91 
001678 	284 	95 	90 	91 
001679 	284 	95 	90 	91 
001680 	284 	95 	90 	91 
001681 	284 	95 	90 	91 
001682 	284 	95 	90 	91 
001683 	284 	95 	90 	91 
001684 	294 	96 	76 	75 
001685 	284 	85 	90 	91 
001686 	294 	85 	90 	91 
001687 	294 	85 	90 	91 
001688 	294 	85 	90 	91 
001689 	294 	75 	90 	91 
001690 	304 	75 	90 	91 
001691 	304 	75 	90 	91 
001692 	314 	75 	90 	91 
001693 	314 	75 	90 	91 
001694 	314 	75 	90 	91 
001695 	314 	75 	90 	91 
001696 	323 	75 	91 	91 
001697 	323 	75 	91 	91 
001698 	323 	75 	91 	91 
001699 	323 	75 	91 	91 
001700 	323 	85 	91 	91 
001701 	323 	85 	91 	91 
001702 	323 	85 	91 	91 
001703 	323 	85 	91 	91 
001704 	336 	96 	75 	75 
001705 	333 	85 	91 	91 
001706 	333 	85 	91 	91 
001707 	333 	85 	91 	91 
001708 	333 	85 	91 	91 
001709 	333 	95 	91 	91 
001710 	333 	95 	91 	91 
001711 	323 	95 	91 	91 
001712 	323 	95 	91 	91 
001713 	323 	95 	91 	91 
001714 	323 	95 	91 	91 
001715 	314 	85 	90 	91 
001716 	314 	85 	90 	91 
001717 	314 	85 	90 	91 
001718 	304 	85 	90 	91 
001719 	304 	85 	90 	91 
001720 	294 	85 	90 	91 
001721 	294 	85 	90 	91 
001722 	294 	85 	90 	91 
001723 	284 	85 	90 	91 
001724 	284 	75 	90 	91 
001725 	284 	75 	90 	91 
001726 	284 	75 	90 	91 
001727 	284 	75 	90 	91 
001728 	284 	75 	90 	91 
001729 	284 	75 	90 	91 
001730 	284 	85 	90 	91 
001731 	284 	85 	90 	91 
001732 	286 	96 	76 	75 
001733 	284 	95 	90 	91 
001734 	274 	95 	90 	91 
001735 	274 	95 	90 	91 
001736 	274 	105 	90 	91 
001737 	278 	104 	75 	76 
001738 	278 	104 	75 	76 
001739 	278 	104 	75 	76 
001740 	278 	104 	75 	76 
001741 	278 	104 	75 	76 
001742 	278 	104 	75 	76 
001743 	278 	104 	75 	76 
001744 	278 	104 	75 	76 
001745 	278 	104 	75 	76 
001746 	278 	104 	75 	76 
001747 	274 	105 	90 	91 
001748 	274 	105 	90 	91 
001749 	274 	105 	90 	91 
001750 	274 	105 	90 	91 
001751 	286 	104 	76 	76 
001752 	286 	104 	76 	76 
001753 	274 	95 	90 	91 
001754 	274 	95 	90 	91 
001755 	286 	96 	76 	75 
001756 	274 	85 	90 	91 
001757 	274 	85 	90 	91 
001758 	274 	75 	90 	91 
001759 	274 	75 	90 	91 
001760 	274 	75 	90 	91 
001761 	274 	75 	90 	91 
001762 	274 	75 	90 	91 
001763 	274 	75 	90 	91 
001764 	284 	75 	90 	91 
001765 	284 	85 	90 	91 
001766 	294 	85 	90 	91 
001767 	304 	85 	90 	91 
001768 	304 	85 	90 	91 
001769 	304 	85 	90 	91 
001770 	314 	85 	90 	91 
001771 	314 	85 	90 	91 
001772 	314 	85 	90 	91 
001773 	314 	85 	90 	91 
001774 	314 	85 	90 	91 
001775 	314 	85 	90 	91 
001776 	314 	85 	90 	91 
001777 	314 	85 	90 	91 
001778 	304 	85 	90 	91 
001779 	304 	85 	90 	91 
001780 	304 	85 	90 	91 
001781 	294 	95 	90 	91 
001782 	294 	95 	90 	91 
001783 	294 	95 	90 	91 
001784 	294 	95 	90 	91 
001785 	294 	95 	90 	91 
001786 	284 	95 	90 	91 
001787 	284 	95 	90 	91 
001788 	284 	95 	90 	91 
001789 	284 	95 	90 	91 
001790 	284 	95 	90 	91 
001791 	284 	95 	90 	91 
001792 	284 	95 	90 	91 
001793 	284 	95 	90 	91 
001794 	284 	95 	90 	91 
001795 	286 	104 	76 	76 
001796 	274 	95 	90 	91 
001797 	278 	104 	75 	76 
001798 	278 	104 	75 	76 
001799 	274 	95 	90 	91 
001800 	274 	95 	90 	91 
001801 	274 	95 	90 	91 
001802 	274 	95 	90 	91 
001803 	274 	95 	90 	91 
001804 	274 	95 	90 	91 
001805 	286 	104 	76 	76 
001806 	286 	104 	76 	76 
001807 	284 	105 	90 	91 
001808 	284 	105 	90 	91 
001809 	284 	105 	90 	91 
001810 	284 	105 	90 	91 
001811 	284 	105 	90 	91 
001812 	286 	104 	76 	76 
001813 	284 	95 	90 	91 
001814 	284 	95 	90 	91 
001815 	284 	95 	90 	91 
001816 	284 	95 	90 	91 
001817 	284 	95 	90 	91 
001818 	284 	95 	90 	91 
001819 	284 	95 	90 	91 
001820 	284 	95 	90 	91 
001821 	284 	95 	90 	91 
001822 	294 	104 	76 	76 
001823 	294 	95 	90 	91 
001824 	294 	95 	90 	91 
001825 	294 	95 	90 	91 
001826 	303 	104 	75 	76 
001827 	303 	104 	75 	76 
001828 	303 	104 	75 	76 
001829 	303 	104 	75 	76 
001830 	303 	104 	75 	76 
001831 	303 	104 	75 	76 
001832 	303 	104 	75 	76 
001833 	303 	104 	75 	76 
001834 	303 	104 	75 	76 
001835 	303 	104 	75 	76 
001836 	303 	104 	75 	76 
001837 	303 	104 	75 	76 
001838 	294 	105 	90 	91 
001839 	294 	105 	90 	91 
001840 	294 	105 	90 	91 
001841 	294 	95 	90 	91 
001842 	294 	95 	90 	91 
001843 	294 	95 	90 	91 
001844 	294 	95 	90 	91 
001845 	284 	95 	90 	91 
001846 	286 	96 	76 	75 
001847 	286 	96 	76 	75 
001848 	286 	96 	76 	75 
001849 	286 	96 	76 	75 
001850 	286 	96 	76 	75 
001851 	284 	95 	90 	91 
001852 	294 	96 	76 	75 
001853 	294 	96 	76 	75 
001854 	294 	85 	90 	91 
001855 	294 	85 	90 	91 
001856 	294 	85 	90 	91 
001857 	294 	85 	90 	91 
001858 	294 	85 	90 	91 
001859 	294 	85 	90 	91 
001860 	294 	85 	90 	91 
001861 	294 	85 	90 	91 
001862 	294 	85 	90 	91 
001863 	294 	85 	90 	91 
001864 	294 	95 	90 	91 
001865 	294 	95 	90 	91 
001866 	294 	95 	90 	91 
001867 	294 	95 	90 	91 
001868 	294 	95 	90 	91 
001869 	294 	95 	90 	91 
001870 	294 	95 	90 	91 
001871 	294 	95 	90 	91 
001872 	294 	95 	90 	91 
001873 	294 	95 	90 	91 
001874 	294 	95 	90 	91 
001875 	294 	95 	90 	91 
001876 	294 	95 	90 	91 
001877 	294 	95 	90 	91 
001878 	294 	95 	90 	91 
001879 	294 	95 	90 	91 
001880 	284 	95 	90 	91 
001881 	284 	95 	90 	91 
001882 	284 	95 	90 	91 
001883 	284 	95 	90 	91 
001884 	286 	96 	76 	75 
001885 	286 	96 	76 	75 
001886 	286 	96 	76 	75 
001887 	286 	96 	76 	75 
001888 	284 	95 	90 	91 
001889 	284 	95 	90 	91 
001890 	284 	95 	90 	91 
001891 	284 	95 	90 	91 
001892 	284 	95 	90 	91 
001893 	284 	95 	90 	91 
001894 	284 	95 	90 	91 
001895 	284 	95 	90 	91 
001896 	284 	95 	90 	91 
001897 	286 	96 	76 	75 
