Identity  : 	id10484
Reference : 	GMwBycbefP0
Offset    : 	-1
FV Conf   : 	12.815
ASD Conf  : 	7.174

FRAME 	X 	Y 	W 	H 
005018 	285 	96 	155 	156 
005019 	285 	96 	155 	156 
005020 	285 	96 	155 	156 
005021 	285 	96 	155 	156 
005022 	285 	96 	155 	156 
005023 	285 	96 	155 	156 
005024 	285 	96 	155 	156 
005025 	285 	96 	155 	156 
005026 	285 	96 	155 	156 
005027 	285 	96 	155 	156 
005028 	285 	96 	155 	156 
005029 	285 	96 	155 	156 
005030 	285 	96 	155 	156 
005031 	285 	96 	155 	156 
005032 	285 	96 	155 	156 
005033 	285 	96 	155 	156 
005034 	285 	96 	155 	156 
005035 	285 	96 	155 	156 
005036 	285 	96 	155 	156 
005037 	285 	79 	155 	156 
005038 	259 	74 	187 	187 
005039 	259 	74 	187 	187 
005040 	259 	74 	187 	187 
005041 	259 	74 	187 	187 
005042 	259 	74 	187 	187 
005043 	259 	74 	187 	187 
005044 	259 	74 	187 	187 
005045 	259 	74 	187 	187 
005046 	259 	74 	187 	187 
005047 	259 	74 	187 	187 
005048 	259 	74 	187 	187 
005049 	259 	74 	187 	187 
005050 	259 	74 	187 	187 
005051 	259 	74 	187 	187 
005052 	259 	74 	187 	187 
005053 	259 	74 	187 	187 
005054 	259 	74 	187 	187 
005055 	259 	74 	187 	187 
005056 	259 	74 	187 	187 
005057 	259 	74 	187 	187 
005058 	259 	74 	187 	187 
005059 	285 	96 	155 	156 
005060 	285 	96 	155 	156 
005061 	285 	96 	155 	156 
005062 	285 	96 	155 	156 
005063 	285 	96 	155 	156 
005064 	285 	96 	155 	156 
005065 	285 	96 	155 	156 
005066 	285 	96 	155 	156 
005067 	285 	96 	155 	156 
005068 	285 	96 	155 	156 
005069 	285 	96 	155 	156 
005070 	285 	96 	155 	156 
005071 	285 	96 	155 	156 
005072 	285 	96 	155 	156 
005073 	285 	96 	155 	156 
005074 	285 	96 	155 	156 
005075 	285 	96 	155 	156 
005076 	285 	96 	155 	156 
005077 	285 	96 	155 	156 
005078 	285 	96 	155 	156 
005079 	285 	96 	155 	156 
005080 	285 	96 	155 	156 
005081 	285 	96 	155 	156 
005082 	285 	96 	155 	156 
005083 	285 	96 	155 	156 
005084 	285 	96 	155 	156 
005085 	285 	96 	155 	156 
005086 	285 	96 	155 	156 
005087 	285 	96 	155 	156 
005088 	285 	96 	155 	156 
005089 	285 	96 	155 	156 
005090 	285 	96 	155 	156 
005091 	285 	96 	155 	156 
005092 	285 	96 	155 	156 
005093 	285 	96 	155 	156 
005094 	285 	96 	155 	156 
005095 	285 	96 	155 	156 
005096 	285 	96 	155 	156 
005097 	285 	96 	155 	156 
005098 	285 	96 	155 	156 
005099 	285 	96 	155 	156 
005100 	285 	96 	155 	156 
005101 	285 	96 	155 	156 
005102 	285 	96 	155 	156 
005103 	285 	96 	155 	156 
005104 	285 	96 	155 	156 
005105 	285 	96 	155 	156 
005106 	285 	96 	155 	156 
005107 	285 	96 	155 	156 
005108 	285 	96 	155 	156 
005109 	285 	96 	155 	156 
005110 	285 	96 	155 	156 
005111 	285 	96 	155 	156 
005112 	285 	96 	155 	156 
005113 	285 	96 	155 	156 
005114 	285 	96 	155 	156 
005115 	285 	96 	155 	156 
005116 	285 	96 	155 	156 
005117 	285 	96 	155 	156 
005118 	285 	96 	155 	156 
005119 	285 	96 	155 	156 
005120 	285 	96 	155 	156 
005121 	285 	96 	155 	156 
005122 	285 	96 	155 	156 
005123 	285 	96 	155 	156 
005124 	285 	96 	155 	156 
005125 	285 	96 	155 	156 
005126 	285 	96 	155 	156 
005127 	285 	96 	155 	156 
005128 	285 	96 	155 	156 
005129 	285 	96 	155 	156 
005130 	285 	96 	155 	156 
005131 	285 	96 	155 	156 
005132 	285 	96 	155 	156 
005133 	285 	96 	155 	156 
005134 	285 	96 	155 	156 
005135 	285 	96 	155 	156 
005136 	285 	96 	155 	156 
005137 	285 	96 	155 	156 
005138 	285 	96 	155 	156 
005139 	285 	96 	155 	156 
005140 	285 	96 	155 	156 
005141 	285 	96 	155 	156 
005142 	285 	96 	155 	156 
005143 	285 	96 	155 	156 
005144 	285 	96 	155 	156 
005145 	285 	96 	155 	156 
005146 	285 	96 	155 	156 
005147 	285 	96 	155 	156 
005148 	285 	96 	155 	156 
005149 	285 	96 	155 	156 
005150 	285 	96 	155 	156 
005151 	285 	96 	155 	156 
005152 	285 	96 	155 	156 
005153 	285 	96 	155 	156 
005154 	285 	96 	155 	156 
005155 	285 	96 	155 	156 
005156 	285 	96 	155 	156 
005157 	285 	96 	155 	156 
005158 	285 	96 	155 	156 
005159 	259 	74 	187 	187 
005160 	259 	74 	187 	187 
005161 	285 	96 	155 	156 
005162 	285 	96 	155 	156 
005163 	259 	74 	187 	187 
