Identity  : 	id10595
Reference : 	TAlC9RzAnLQ
Offset    : 	0
FV Conf   : 	25.507
ASD Conf  : 	8.031

FRAME 	X 	Y 	W 	H 
005302 	342 	53 	187 	187 
005303 	342 	53 	187 	187 
005304 	353 	79 	156 	156 
005305 	353 	79 	156 	156 
005306 	353 	79 	156 	156 
005307 	353 	79 	156 	156 
005308 	353 	79 	156 	156 
005309 	353 	79 	156 	156 
005310 	342 	74 	187 	187 
005311 	342 	74 	187 	187 
005312 	353 	79 	156 	156 
005313 	353 	79 	156 	156 
005314 	353 	79 	156 	156 
005315 	371 	79 	155 	156 
005316 	371 	79 	155 	156 
005317 	371 	79 	155 	156 
005318 	371 	79 	155 	156 
005319 	371 	79 	155 	156 
005320 	371 	79 	155 	156 
005321 	371 	79 	155 	156 
005322 	371 	79 	155 	156 
005323 	371 	79 	155 	156 
005324 	371 	79 	155 	156 
005325 	371 	79 	155 	156 
005326 	371 	79 	155 	156 
005327 	342 	53 	187 	187 
005328 	342 	53 	187 	187 
005329 	342 	53 	187 	187 
005330 	353 	79 	156 	156 
005331 	353 	79 	156 	156 
005332 	353 	62 	156 	155 
005333 	353 	62 	156 	155 
005334 	353 	62 	156 	155 
005335 	321 	53 	187 	187 
005336 	321 	53 	187 	187 
005337 	321 	53 	187 	187 
005338 	321 	53 	187 	187 
005339 	336 	62 	156 	155 
005340 	353 	62 	156 	155 
005341 	353 	62 	156 	155 
005342 	353 	62 	156 	155 
005343 	336 	62 	156 	155 
005344 	336 	62 	156 	155 
005345 	336 	62 	156 	155 
005346 	336 	62 	156 	155 
005347 	336 	62 	156 	155 
005348 	336 	62 	156 	155 
005349 	336 	62 	156 	155 
005350 	336 	62 	156 	155 
005351 	336 	62 	156 	155 
005352 	336 	62 	156 	155 
005353 	353 	62 	156 	155 
005354 	353 	62 	156 	155 
005355 	353 	62 	156 	155 
005356 	353 	62 	156 	155 
005357 	353 	62 	156 	155 
005358 	353 	62 	156 	155 
005359 	353 	62 	156 	155 
005360 	353 	62 	156 	155 
005361 	353 	62 	156 	155 
005362 	353 	62 	156 	155 
005363 	353 	62 	156 	155 
005364 	353 	62 	156 	155 
005365 	336 	62 	156 	155 
005366 	321 	53 	187 	187 
005367 	321 	53 	187 	187 
005368 	321 	53 	187 	187 
005369 	321 	53 	187 	187 
005370 	353 	62 	156 	155 
005371 	353 	62 	156 	155 
005372 	353 	62 	156 	155 
005373 	342 	53 	187 	187 
005374 	342 	53 	187 	187 
005375 	371 	62 	155 	155 
005376 	371 	62 	155 	155 
005377 	371 	62 	155 	155 
005378 	371 	62 	155 	155 
005379 	371 	62 	155 	155 
005380 	371 	62 	155 	155 
005381 	371 	62 	155 	155 
005382 	342 	53 	187 	187 
005383 	342 	53 	187 	187 
005384 	342 	53 	187 	187 
005385 	353 	62 	156 	155 
005386 	353 	79 	156 	156 
005387 	353 	79 	156 	156 
005388 	353 	79 	156 	156 
005389 	321 	53 	187 	187 
005390 	321 	53 	187 	187 
005391 	321 	53 	187 	187 
005392 	321 	53 	187 	187 
005393 	353 	79 	156 	156 
005394 	353 	79 	156 	156 
005395 	353 	62 	156 	155 
005396 	342 	53 	187 	187 
005397 	342 	53 	187 	187 
005398 	342 	53 	187 	187 
005399 	342 	53 	187 	187 
005400 	342 	53 	187 	187 
005401 	371 	62 	155 	155 
005402 	371 	62 	155 	155 
005403 	342 	53 	187 	187 
005404 	342 	53 	187 	187 
005405 	353 	62 	156 	155 
005406 	353 	62 	156 	155 
005407 	353 	62 	156 	155 
005408 	353 	62 	156 	155 
005409 	321 	53 	187 	187 
005410 	321 	53 	187 	187 
005411 	321 	53 	187 	187 
005412 	321 	53 	187 	187 
005413 	321 	53 	187 	187 
005414 	321 	53 	187 	187 
005415 	353 	79 	156 	156 
005416 	353 	79 	156 	156 
005417 	353 	79 	156 	156 
005418 	371 	62 	155 	155 
005419 	371 	62 	155 	155 
005420 	371 	62 	155 	155 
005421 	371 	62 	155 	155 
005422 	371 	62 	155 	155 
005423 	371 	62 	155 	155 
005424 	342 	53 	187 	187 
005425 	353 	62 	156 	155 
005426 	349 	66 	156 	155 
005427 	344 	70 	156 	156 
005428 	340 	75 	156 	156 
005429 	336 	79 	156 	156 
005430 	336 	79 	156 	156 
005431 	336 	79 	156 	156 
005432 	336 	79 	156 	156 
005433 	336 	79 	156 	156 
005434 	336 	79 	156 	156 
005435 	336 	79 	156 	156 
005436 	353 	79 	156 	156 
005437 	353 	79 	156 	156 
005438 	353 	79 	156 	156 
005439 	353 	79 	156 	156 
005440 	353 	79 	156 	156 
005441 	353 	79 	156 	156 
005442 	321 	53 	187 	187 
005443 	321 	53 	187 	187 
005444 	336 	62 	156 	155 
005445 	336 	62 	156 	155 
005446 	336 	62 	156 	155 
005447 	336 	62 	156 	155 
005448 	336 	62 	156 	155 
005449 	336 	62 	156 	155 
005450 	336 	79 	156 	156 
005451 	321 	53 	187 	187 
005452 	336 	79 	156 	156 
005453 	321 	53 	187 	187 
005454 	353 	79 	156 	156 
005455 	353 	79 	156 	156 
005456 	353 	79 	156 	156 
005457 	353 	79 	156 	156 
005458 	353 	79 	156 	156 
005459 	353 	79 	156 	156 
005460 	342 	53 	187 	187 
005461 	371 	79 	155 	156 
005462 	371 	79 	155 	156 
005463 	371 	79 	155 	156 
005464 	371 	79 	155 	156 
005465 	371 	79 	155 	156 
005466 	371 	79 	155 	156 
005467 	371 	79 	155 	156 
005468 	371 	79 	155 	156 
005469 	371 	79 	155 	156 
005470 	371 	62 	155 	155 
005471 	342 	53 	187 	187 
005472 	342 	53 	187 	187 
005473 	342 	53 	187 	187 
005474 	342 	53 	187 	187 
005475 	371 	79 	155 	156 
005476 	371 	79 	155 	156 
005477 	371 	79 	155 	156 
005478 	371 	79 	155 	156 
005479 	371 	79 	155 	156 
