Identity  : 	id10688
Reference : 	fgv7HjTZvMk
Offset    : 	-1
FV Conf   : 	12.806
ASD Conf  : 	10.019

FRAME 	X 	Y 	W 	H 
001137 	107 	87 	63 	63 
001138 	107 	87 	63 	63 
001139 	107 	87 	63 	63 
001140 	107 	87 	63 	63 
001141 	107 	87 	63 	63 
001142 	107 	87 	63 	63 
001143 	107 	87 	63 	63 
001144 	107 	87 	63 	63 
001145 	107 	93 	63 	64 
001146 	107 	93 	63 	64 
001147 	107 	93 	63 	64 
001148 	107 	93 	63 	64 
001149 	107 	93 	63 	64 
001150 	107 	93 	63 	64 
001151 	107 	93 	63 	64 
001152 	107 	93 	63 	64 
001153 	107 	93 	63 	64 
001154 	107 	93 	63 	64 
001155 	107 	93 	63 	64 
001156 	107 	93 	63 	64 
001157 	107 	93 	63 	64 
001158 	107 	93 	63 	64 
001159 	107 	87 	63 	63 
001160 	107 	87 	63 	63 
001161 	107 	87 	63 	63 
001162 	103 	79 	76 	76 
001163 	103 	79 	76 	76 
001164 	103 	79 	76 	76 
001165 	103 	79 	76 	76 
001166 	114 	87 	63 	63 
001167 	114 	87 	63 	63 
001168 	114 	87 	63 	63 
001169 	114 	87 	63 	63 
001170 	103 	79 	76 	76 
001171 	103 	79 	76 	76 
001172 	107 	87 	63 	63 
001173 	107 	87 	63 	63 
001174 	107 	87 	63 	63 
001175 	107 	87 	63 	63 
001176 	103 	79 	76 	76 
001177 	114 	87 	63 	63 
001178 	114 	87 	63 	63 
001179 	114 	87 	63 	63 
001180 	114 	87 	63 	63 
001181 	114 	87 	63 	63 
001182 	114 	87 	63 	63 
001183 	114 	87 	63 	63 
001184 	114 	87 	63 	63 
001185 	114 	87 	63 	63 
001186 	114 	87 	63 	63 
001187 	114 	87 	63 	63 
001188 	114 	87 	63 	63 
001189 	114 	87 	63 	63 
001190 	114 	87 	63 	63 
001191 	114 	87 	63 	63 
001192 	114 	87 	63 	63 
001193 	114 	87 	63 	63 
001194 	114 	87 	63 	63 
001195 	114 	87 	63 	63 
001196 	114 	87 	63 	63 
001197 	114 	87 	63 	63 
001198 	114 	87 	63 	63 
001199 	114 	87 	63 	63 
001200 	114 	87 	63 	63 
001201 	114 	87 	63 	63 
001202 	114 	87 	63 	63 
001203 	114 	87 	63 	63 
001204 	114 	87 	63 	63 
001205 	114 	87 	63 	63 
001206 	114 	87 	63 	63 
001207 	114 	87 	63 	63 
001208 	114 	87 	63 	63 
001209 	114 	87 	63 	63 
001210 	114 	87 	63 	63 
001211 	114 	80 	63 	63 
001212 	114 	80 	63 	63 
001213 	114 	80 	63 	63 
001214 	114 	80 	63 	63 
001215 	114 	80 	63 	63 
001216 	114 	87 	63 	63 
001217 	114 	80 	63 	63 
001218 	114 	80 	63 	63 
001219 	114 	80 	63 	63 
001220 	114 	80 	63 	63 
001221 	114 	80 	63 	63 
001222 	114 	80 	63 	63 
001223 	112 	79 	75 	76 
001224 	114 	87 	63 	63 
001225 	114 	87 	63 	63 
001226 	114 	87 	63 	63 
001227 	114 	87 	63 	63 
001228 	112 	79 	75 	76 
001229 	112 	79 	75 	76 
001230 	112 	79 	75 	76 
001231 	114 	87 	63 	63 
001232 	112 	79 	75 	76 
001233 	112 	79 	75 	76 
001234 	112 	79 	75 	76 
001235 	112 	79 	75 	76 
001236 	112 	79 	75 	76 
001237 	114 	80 	63 	63 
001238 	114 	80 	63 	63 
001239 	114 	80 	63 	63 
001240 	114 	80 	63 	63 
001241 	114 	80 	63 	63 
001242 	114 	80 	63 	63 
001243 	114 	80 	63 	63 
001244 	114 	80 	63 	63 
001245 	114 	80 	63 	63 
001246 	114 	80 	63 	63 
001247 	114 	80 	63 	63 
001248 	114 	80 	63 	63 
001249 	114 	80 	63 	63 
001250 	114 	80 	63 	63 
001251 	114 	80 	63 	63 
001252 	114 	87 	63 	63 
001253 	112 	79 	75 	76 
001254 	112 	79 	75 	76 
001255 	112 	79 	75 	76 
001256 	112 	79 	75 	76 
001257 	112 	79 	75 	76 
001258 	112 	79 	75 	76 
001259 	112 	79 	75 	76 
001260 	112 	79 	75 	76 
001261 	112 	79 	75 	76 
001262 	121 	87 	63 	63 
001263 	121 	87 	63 	63 
