Identity  : 	id11022
Reference : 	ulCC3Hf3sZM
Offset    : 	-1
FV Conf   : 	19.554
ASD Conf  : 	6.899

FRAME 	X 	Y 	W 	H 
004874 	208 	80 	130 	130 
004875 	208 	80 	130 	130 
004876 	208 	80 	130 	130 
004877 	208 	80 	130 	130 
004878 	208 	80 	130 	130 
004879 	208 	80 	130 	130 
004880 	199 	62 	155 	155 
004881 	208 	80 	130 	130 
004882 	199 	62 	155 	155 
004883 	208 	66 	130 	130 
004884 	208 	66 	130 	130 
004885 	208 	66 	130 	130 
004886 	208 	66 	130 	130 
004887 	208 	66 	130 	130 
004888 	208 	66 	130 	130 
004889 	208 	66 	130 	130 
004890 	208 	66 	130 	130 
004891 	208 	66 	130 	130 
004892 	208 	66 	130 	130 
004893 	208 	66 	130 	130 
004894 	208 	66 	130 	130 
004895 	208 	66 	130 	130 
004896 	208 	51 	130 	130 
004897 	208 	51 	130 	130 
004898 	208 	51 	130 	130 
004899 	208 	51 	130 	130 
004900 	208 	51 	130 	130 
004901 	208 	51 	130 	130 
004902 	208 	51 	130 	130 
004903 	208 	51 	130 	130 
004904 	208 	51 	130 	130 
004905 	208 	51 	130 	130 
004906 	208 	51 	130 	130 
004907 	208 	51 	130 	130 
004908 	208 	51 	130 	130 
004909 	208 	51 	130 	130 
004910 	208 	51 	130 	130 
004911 	208 	51 	130 	130 
004912 	208 	51 	130 	130 
004913 	208 	51 	130 	130 
004914 	208 	51 	130 	130 
004915 	194 	51 	130 	130 
004916 	208 	66 	130 	130 
004917 	208 	66 	130 	130 
004918 	208 	66 	130 	130 
004919 	208 	66 	130 	130 
004920 	194 	66 	130 	130 
004921 	194 	66 	130 	130 
004922 	194 	66 	130 	130 
004923 	194 	66 	130 	130 
004924 	194 	66 	130 	130 
004925 	194 	66 	130 	130 
004926 	208 	66 	130 	130 
004927 	208 	66 	130 	130 
004928 	208 	66 	130 	130 
004929 	194 	66 	130 	130 
004930 	194 	66 	130 	130 
004931 	194 	66 	130 	130 
004932 	194 	66 	130 	130 
004933 	194 	66 	130 	130 
004934 	194 	66 	130 	130 
004935 	194 	66 	130 	130 
004936 	194 	66 	130 	130 
004937 	194 	66 	130 	130 
004938 	194 	66 	130 	130 
004939 	180 	66 	130 	130 
004940 	180 	66 	130 	130 
004941 	180 	66 	130 	130 
004942 	180 	66 	130 	130 
004943 	180 	66 	130 	130 
004944 	180 	66 	130 	130 
004945 	180 	66 	130 	130 
004946 	180 	66 	130 	130 
004947 	180 	66 	130 	130 
004948 	180 	66 	130 	130 
004949 	180 	66 	130 	130 
004950 	180 	66 	130 	130 
004951 	180 	66 	130 	130 
004952 	180 	66 	130 	130 
004953 	180 	66 	130 	130 
004954 	180 	66 	130 	130 
004955 	180 	80 	130 	130 
004956 	180 	80 	130 	130 
004957 	180 	80 	130 	130 
004958 	180 	80 	130 	130 
004959 	180 	80 	130 	130 
004960 	180 	80 	130 	130 
004961 	180 	80 	130 	130 
004962 	180 	80 	130 	130 
004963 	180 	80 	130 	130 
004964 	180 	80 	130 	130 
004965 	180 	80 	130 	130 
004966 	180 	80 	130 	130 
004967 	180 	80 	130 	130 
004968 	180 	80 	130 	130 
004969 	180 	80 	130 	130 
004970 	180 	80 	130 	130 
004971 	165 	80 	130 	130 
004972 	165 	80 	130 	130 
004973 	180 	80 	130 	130 
004974 	180 	80 	130 	130 
004975 	180 	80 	130 	130 
004976 	180 	80 	130 	130 
004977 	180 	80 	130 	130 
004978 	180 	80 	130 	130 
004979 	180 	80 	130 	130 
004980 	180 	66 	130 	130 
004981 	180 	66 	130 	130 
004982 	164 	62 	156 	155 
004983 	164 	62 	156 	155 
004984 	164 	62 	156 	155 
004985 	180 	80 	130 	130 
004986 	180 	80 	130 	130 
004987 	180 	80 	130 	130 
004988 	180 	80 	130 	130 
004989 	181 	62 	156 	155 
