Identity  : 	id10381
Reference : 	nK1lfRZQWwk
Offset    : 	-1
FV Conf   : 	11.469
ASD Conf  : 	6.954

FRAME 	X 	Y 	W 	H 
003519 	154 	65 	91 	91 
003520 	154 	65 	91 	91 
003521 	154 	65 	91 	91 
003522 	154 	65 	91 	91 
003523 	154 	65 	91 	91 
003524 	154 	65 	91 	91 
003525 	154 	65 	91 	91 
003526 	154 	65 	91 	91 
003527 	154 	65 	91 	91 
003528 	154 	65 	91 	91 
003529 	154 	55 	91 	91 
003530 	154 	55 	91 	91 
003531 	154 	65 	91 	91 
003532 	154 	55 	91 	91 
003533 	154 	55 	91 	91 
003534 	154 	55 	91 	91 
003535 	154 	55 	91 	91 
003536 	154 	55 	91 	91 
003537 	154 	55 	91 	91 
003538 	154 	55 	91 	91 
003539 	154 	55 	91 	91 
003540 	154 	65 	91 	91 
003541 	154 	65 	91 	91 
003542 	154 	65 	91 	91 
003543 	154 	65 	91 	91 
003544 	154 	65 	91 	91 
003545 	150 	54 	108 	109 
003546 	164 	65 	91 	91 
003547 	164 	65 	91 	91 
003548 	164 	65 	91 	91 
003549 	164 	65 	91 	91 
003550 	164 	65 	91 	91 
003551 	164 	55 	91 	91 
003552 	164 	55 	91 	91 
003553 	164 	55 	91 	91 
003554 	161 	43 	109 	108 
003555 	174 	55 	91 	91 
003556 	174 	55 	91 	91 
003557 	174 	55 	91 	91 
003558 	174 	55 	91 	91 
003559 	174 	55 	91 	91 
003560 	174 	55 	91 	91 
003561 	174 	55 	91 	91 
003562 	174 	55 	91 	91 
003563 	174 	55 	91 	91 
003564 	174 	55 	91 	91 
003565 	174 	55 	91 	91 
003566 	174 	55 	91 	91 
003567 	174 	55 	91 	91 
003568 	174 	55 	91 	91 
003569 	174 	55 	91 	91 
003570 	174 	55 	91 	91 
003571 	173 	54 	109 	109 
003572 	173 	54 	109 	109 
003573 	173 	54 	109 	109 
003574 	173 	54 	109 	109 
003575 	173 	54 	109 	109 
003576 	173 	54 	109 	109 
003577 	173 	54 	109 	109 
003578 	173 	54 	109 	109 
003579 	173 	54 	109 	109 
003580 	173 	54 	109 	109 
003581 	173 	54 	109 	109 
003582 	173 	54 	109 	109 
003583 	173 	54 	109 	109 
003584 	173 	54 	109 	109 
003585 	173 	54 	109 	109 
003586 	173 	54 	109 	109 
003587 	173 	54 	109 	109 
003588 	173 	54 	109 	109 
003589 	173 	54 	109 	109 
003590 	173 	54 	109 	109 
003591 	173 	54 	109 	109 
003592 	173 	54 	109 	109 
003593 	173 	54 	109 	109 
003594 	173 	54 	109 	109 
003595 	173 	54 	109 	109 
003596 	184 	55 	91 	91 
003597 	184 	55 	91 	91 
003598 	184 	55 	91 	91 
003599 	184 	55 	91 	91 
003600 	184 	55 	91 	91 
003601 	174 	55 	91 	91 
003602 	174 	55 	91 	91 
003603 	174 	55 	91 	91 
003604 	174 	55 	91 	91 
003605 	174 	55 	91 	91 
003606 	174 	55 	91 	91 
003607 	174 	55 	91 	91 
003608 	174 	55 	91 	91 
003609 	174 	55 	91 	91 
003610 	174 	55 	91 	91 
003611 	174 	55 	91 	91 
003612 	174 	55 	91 	91 
003613 	174 	55 	91 	91 
003614 	174 	55 	91 	91 
003615 	174 	55 	91 	91 
003616 	174 	55 	91 	91 
003617 	174 	55 	91 	91 
003618 	174 	55 	91 	91 
003619 	174 	55 	91 	91 
003620 	174 	55 	91 	91 
003621 	174 	55 	91 	91 
003622 	174 	55 	91 	91 
003623 	174 	55 	91 	91 
003624 	174 	55 	91 	91 
003625 	174 	55 	91 	91 
003626 	174 	55 	91 	91 
003627 	174 	55 	91 	91 
003628 	174 	55 	91 	91 
003629 	174 	55 	91 	91 
003630 	174 	55 	91 	91 
003631 	173 	43 	109 	108 
003632 	173 	43 	109 	108 
003633 	173 	43 	109 	108 
003634 	173 	43 	109 	108 
003635 	174 	55 	91 	91 
003636 	174 	55 	91 	91 
003637 	174 	55 	91 	91 
003638 	174 	55 	91 	91 
003639 	174 	55 	91 	91 
003640 	174 	55 	91 	91 
003641 	174 	55 	91 	91 
003642 	173 	43 	109 	108 
003643 	173 	43 	109 	108 
003644 	174 	55 	91 	91 
003645 	174 	55 	91 	91 
003646 	174 	55 	91 	91 
003647 	174 	55 	91 	91 
003648 	174 	55 	91 	91 
003649 	173 	54 	109 	109 
003650 	174 	55 	91 	91 
003651 	174 	55 	91 	91 
003652 	173 	54 	109 	109 
003653 	173 	54 	109 	109 
003654 	173 	54 	109 	109 
003655 	184 	55 	91 	91 
003656 	184 	55 	91 	91 
003657 	184 	55 	91 	91 
003658 	173 	43 	109 	108 
003659 	184 	55 	91 	91 
003660 	174 	55 	91 	91 
003661 	174 	55 	91 	91 
003662 	173 	43 	109 	108 
003663 	173 	43 	109 	108 
003664 	173 	43 	109 	108 
003665 	184 	55 	91 	91 
003666 	184 	55 	91 	91 
003667 	184 	55 	91 	91 
003668 	184 	65 	91 	91 
003669 	184 	65 	91 	91 
003670 	184 	65 	91 	91 
003671 	184 	65 	91 	91 
003672 	184 	65 	91 	91 
003673 	184 	65 	91 	91 
003674 	184 	65 	91 	91 
003675 	184 	55 	91 	91 
003676 	184 	55 	91 	91 
003677 	184 	65 	91 	91 
003678 	184 	65 	91 	91 
003679 	194 	65 	91 	91 
003680 	194 	65 	91 	91 
003681 	194 	65 	91 	91 
003682 	194 	65 	91 	91 
003683 	194 	65 	91 	91 
003684 	194 	65 	91 	91 
003685 	194 	65 	91 	91 
003686 	194 	65 	91 	91 
003687 	194 	65 	91 	91 
003688 	194 	65 	91 	91 
003689 	194 	65 	91 	91 
003690 	194 	65 	91 	91 
003691 	194 	65 	91 	91 
003692 	184 	55 	91 	91 
003693 	184 	55 	91 	91 
003694 	184 	55 	91 	91 
003695 	184 	55 	91 	91 
003696 	184 	55 	91 	91 
003697 	184 	55 	91 	91 
003698 	184 	55 	91 	91 
003699 	184 	55 	91 	91 
003700 	184 	55 	91 	91 
003701 	184 	55 	91 	91 
003702 	184 	55 	91 	91 
003703 	184 	55 	91 	91 
003704 	184 	55 	91 	91 
003705 	184 	55 	91 	91 
003706 	184 	55 	91 	91 
003707 	184 	55 	91 	91 
003708 	184 	55 	91 	91 
003709 	184 	55 	91 	91 
003710 	184 	55 	91 	91 
003711 	184 	55 	91 	91 
003712 	174 	55 	91 	91 
003713 	174 	55 	91 	91 
003714 	174 	55 	91 	91 
003715 	174 	55 	91 	91 
003716 	174 	55 	91 	91 
003717 	164 	55 	91 	91 
003718 	164 	55 	91 	91 
003719 	164 	55 	91 	91 
003720 	164 	55 	91 	91 
003721 	154 	65 	91 	91 
003722 	154 	65 	91 	91 
003723 	154 	65 	91 	91 
003724 	154 	65 	91 	91 
003725 	154 	65 	91 	91 
003726 	154 	65 	91 	91 
003727 	144 	65 	91 	91 
003728 	144 	65 	91 	91 
003729 	144 	65 	91 	91 
003730 	144 	65 	91 	91 
003731 	144 	65 	91 	91 
003732 	144 	65 	91 	91 
003733 	144 	65 	91 	91 
003734 	144 	65 	91 	91 
003735 	154 	65 	91 	91 
003736 	154 	65 	91 	91 
003737 	154 	65 	91 	91 
003738 	154 	65 	91 	91 
003739 	154 	65 	91 	91 
003740 	154 	65 	91 	91 
003741 	164 	65 	91 	91 
003742 	164 	65 	91 	91 
003743 	164 	65 	91 	91 
003744 	164 	65 	91 	91 
003745 	164 	65 	91 	91 
003746 	164 	65 	91 	91 
003747 	164 	65 	91 	91 
003748 	164 	65 	91 	91 
003749 	164 	65 	91 	91 
003750 	164 	65 	91 	91 
003751 	164 	65 	91 	91 
003752 	164 	65 	91 	91 
003753 	164 	65 	91 	91 
003754 	164 	65 	91 	91 
003755 	164 	65 	91 	91 
003756 	164 	65 	91 	91 
003757 	164 	65 	91 	91 
003758 	164 	65 	91 	91 
003759 	164 	65 	91 	91 
003760 	154 	65 	91 	91 
003761 	154 	65 	91 	91 
003762 	154 	65 	91 	91 
003763 	154 	65 	91 	91 
003764 	154 	65 	91 	91 
003765 	154 	65 	91 	91 
003766 	154 	65 	91 	91 
003767 	144 	55 	91 	91 
003768 	144 	65 	91 	91 
003769 	144 	65 	91 	91 
003770 	144 	65 	91 	91 
003771 	144 	65 	91 	91 
003772 	144 	65 	91 	91 
003773 	144 	65 	91 	91 
003774 	144 	65 	91 	91 
003775 	134 	65 	91 	91 
003776 	134 	65 	91 	91 
003777 	134 	65 	91 	91 
003778 	134 	65 	91 	91 
003779 	134 	65 	91 	91 
003780 	134 	65 	91 	91 
003781 	134 	65 	91 	91 
003782 	134 	65 	91 	91 
003783 	134 	65 	91 	91 
003784 	134 	65 	91 	91 
003785 	134 	65 	91 	91 
003786 	134 	65 	91 	91 
003787 	134 	65 	91 	91 
003788 	134 	65 	91 	91 
003789 	134 	65 	91 	91 
003790 	134 	65 	91 	91 
003791 	134 	65 	91 	91 
003792 	134 	65 	91 	91 
003793 	144 	65 	91 	91 
003794 	144 	65 	91 	91 
003795 	144 	65 	91 	91 
003796 	144 	65 	91 	91 
003797 	144 	65 	91 	91 
003798 	144 	65 	91 	91 
003799 	144 	65 	91 	91 
003800 	144 	65 	91 	91 
003801 	144 	65 	91 	91 
003802 	144 	65 	91 	91 
003803 	144 	65 	91 	91 
003804 	144 	65 	91 	91 
003805 	144 	65 	91 	91 
003806 	144 	65 	91 	91 
003807 	144 	65 	91 	91 
003808 	144 	65 	91 	91 
003809 	144 	65 	91 	91 
003810 	144 	65 	91 	91 
003811 	144 	65 	91 	91 
003812 	144 	65 	91 	91 
003813 	144 	65 	91 	91 
003814 	144 	65 	91 	91 
003815 	144 	65 	91 	91 
003816 	144 	65 	91 	91 
003817 	144 	65 	91 	91 
003818 	144 	65 	91 	91 
003819 	144 	65 	91 	91 
003820 	144 	65 	91 	91 
003821 	144 	65 	91 	91 
003822 	144 	65 	91 	91 
003823 	144 	65 	91 	91 
003824 	144 	65 	91 	91 
003825 	144 	65 	91 	91 
003826 	144 	65 	91 	91 
003827 	144 	65 	91 	91 
003828 	144 	65 	91 	91 
003829 	144 	65 	91 	91 
003830 	144 	65 	91 	91 
003831 	144 	65 	91 	91 
003832 	144 	65 	91 	91 
003833 	144 	65 	91 	91 
003834 	144 	65 	91 	91 
003835 	144 	65 	91 	91 
003836 	144 	65 	91 	91 
