Identity  : 	id10376
Reference : 	cMI5F_qxd4M
Offset    : 	-1
FV Conf   : 	17.311
ASD Conf  : 	7.035

FRAME 	X 	Y 	W 	H 
005637 	385 	79 	76 	76 
005638 	385 	79 	76 	76 
005639 	385 	79 	76 	76 
005640 	385 	79 	76 	76 
005641 	385 	79 	76 	76 
005642 	385 	79 	76 	76 
005643 	385 	79 	76 	76 
005644 	385 	79 	76 	76 
005645 	385 	79 	76 	76 
005646 	385 	79 	76 	76 
005647 	385 	79 	76 	76 
005648 	385 	79 	76 	76 
005649 	385 	79 	76 	76 
005650 	385 	79 	76 	76 
005651 	385 	79 	76 	76 
005652 	385 	79 	76 	76 
005653 	385 	79 	76 	76 
005654 	385 	79 	76 	76 
005655 	385 	79 	76 	76 
005656 	383 	75 	91 	91 
005657 	385 	79 	76 	76 
005658 	383 	75 	91 	91 
005659 	383 	75 	91 	91 
005660 	383 	75 	91 	91 
005661 	383 	75 	91 	91 
005662 	383 	75 	91 	91 
005663 	383 	75 	91 	91 
005664 	383 	75 	91 	91 
005665 	383 	75 	91 	91 
005666 	383 	75 	91 	91 
005667 	383 	75 	91 	91 
005668 	383 	75 	91 	91 
005669 	383 	75 	91 	91 
005670 	383 	75 	91 	91 
005671 	383 	75 	91 	91 
005672 	383 	75 	91 	91 
005673 	383 	75 	91 	91 
005674 	383 	75 	91 	91 
005675 	383 	75 	91 	91 
005676 	383 	75 	91 	91 
005677 	383 	75 	91 	91 
005678 	383 	75 	91 	91 
005679 	383 	75 	91 	91 
005680 	383 	75 	91 	91 
005681 	383 	75 	91 	91 
005682 	383 	75 	91 	91 
005683 	383 	75 	91 	91 
005684 	383 	75 	91 	91 
005685 	383 	75 	91 	91 
005686 	383 	75 	91 	91 
005687 	383 	75 	91 	91 
005688 	383 	75 	91 	91 
005689 	383 	75 	91 	91 
005690 	383 	75 	91 	91 
005691 	383 	75 	91 	91 
005692 	383 	75 	91 	91 
005693 	383 	75 	91 	91 
005694 	383 	75 	91 	91 
005695 	394 	79 	75 	76 
005696 	383 	75 	91 	91 
005697 	383 	75 	91 	91 
005698 	383 	75 	91 	91 
005699 	383 	75 	91 	91 
005700 	383 	75 	91 	91 
005701 	383 	75 	91 	91 
005702 	383 	75 	91 	91 
005703 	383 	75 	91 	91 
005704 	383 	75 	91 	91 
005705 	383 	75 	91 	91 
005706 	383 	75 	91 	91 
005707 	394 	79 	75 	76 
005708 	383 	75 	91 	91 
005709 	394 	79 	75 	76 
005710 	394 	79 	75 	76 
005711 	394 	79 	75 	76 
005712 	394 	79 	75 	76 
005713 	394 	79 	75 	76 
005714 	394 	87 	75 	76 
005715 	394 	87 	75 	76 
005716 	394 	87 	75 	76 
005717 	394 	87 	75 	76 
005718 	394 	87 	75 	76 
005719 	394 	87 	75 	76 
005720 	394 	79 	75 	76 
005721 	394 	79 	75 	76 
005722 	393 	75 	91 	91 
005723 	393 	75 	91 	91 
005724 	393 	75 	91 	91 
005725 	393 	75 	91 	91 
005726 	402 	87 	76 	76 
005727 	402 	87 	76 	76 
005728 	394 	87 	75 	76 
005729 	394 	87 	75 	76 
005730 	402 	87 	76 	76 
005731 	393 	75 	91 	91 
005732 	393 	75 	91 	91 
005733 	393 	75 	91 	91 
005734 	393 	75 	91 	91 
005735 	402 	87 	76 	76 
005736 	393 	85 	91 	91 
005737 	393 	85 	91 	91 
005738 	393 	85 	91 	91 
005739 	393 	85 	91 	91 
005740 	393 	85 	91 	91 
005741 	402 	87 	76 	76 
005742 	393 	75 	91 	91 
005743 	393 	75 	91 	91 
005744 	393 	75 	91 	91 
005745 	393 	75 	91 	91 
005746 	393 	75 	91 	91 
005747 	393 	75 	91 	91 
005748 	393 	75 	91 	91 
005749 	393 	75 	91 	91 
005750 	393 	75 	91 	91 
005751 	393 	75 	91 	91 
005752 	393 	75 	91 	91 
005753 	393 	75 	91 	91 
005754 	393 	75 	91 	91 
005755 	393 	75 	91 	91 
005756 	393 	75 	91 	91 
005757 	393 	75 	91 	91 
005758 	393 	75 	91 	91 
005759 	394 	79 	75 	76 
005760 	393 	75 	91 	91 
005761 	393 	75 	91 	91 
005762 	394 	79 	75 	76 
005763 	394 	79 	75 	76 
005764 	402 	79 	76 	76 
005765 	402 	79 	76 	76 
005766 	393 	65 	91 	91 
005767 	393 	65 	91 	91 
005768 	393 	65 	91 	91 
005769 	393 	65 	91 	91 
005770 	393 	65 	91 	91 
005771 	402 	71 	76 	75 
005772 	402 	71 	76 	75 
005773 	410 	71 	76 	75 
005774 	410 	71 	76 	75 
005775 	403 	55 	91 	91 
005776 	403 	55 	91 	91 
005777 	403 	55 	91 	91 
005778 	419 	62 	75 	76 
005779 	419 	62 	75 	76 
005780 	413 	55 	91 	91 
005781 	427 	62 	76 	76 
005782 	427 	62 	76 	76 
005783 	423 	55 	91 	91 
005784 	435 	62 	76 	76 
005785 	435 	54 	76 	76 
005786 	435 	54 	76 	76 
005787 	433 	45 	91 	91 
005788 	444 	54 	75 	76 
005789 	444 	54 	75 	76 
005790 	444 	54 	75 	76 
005791 	444 	54 	75 	76 
005792 	444 	54 	75 	76 
005793 	444 	54 	75 	76 
005794 	452 	54 	75 	76 
005795 	452 	54 	75 	76 
005796 	452 	54 	75 	76 
005797 	452 	54 	75 	76 
005798 	452 	54 	75 	76 
005799 	452 	54 	75 	76 
005800 	452 	54 	75 	76 
005801 	452 	54 	75 	76 
005802 	452 	54 	75 	76 
005803 	452 	54 	75 	76 
005804 	452 	54 	75 	76 
005805 	452 	54 	75 	76 
005806 	452 	54 	75 	76 
005807 	452 	54 	75 	76 
005808 	452 	54 	75 	76 
005809 	452 	54 	75 	76 
005810 	452 	54 	75 	76 
005811 	452 	54 	75 	76 
005812 	452 	54 	75 	76 
005813 	452 	54 	75 	76 
005814 	452 	54 	75 	76 
005815 	452 	54 	75 	76 
005816 	452 	54 	75 	76 
005817 	452 	54 	75 	76 
005818 	452 	54 	75 	76 
005819 	452 	54 	75 	76 
005820 	452 	54 	75 	76 
005821 	452 	54 	75 	76 
005822 	452 	54 	75 	76 
005823 	452 	54 	75 	76 
005824 	452 	54 	75 	76 
005825 	452 	62 	75 	76 
005826 	452 	62 	75 	76 
005827 	444 	54 	75 	76 
005828 	444 	54 	75 	76 
005829 	444 	54 	75 	76 
005830 	444 	62 	75 	76 
005831 	444 	62 	75 	76 
005832 	444 	62 	75 	76 
005833 	444 	62 	75 	76 
005834 	444 	62 	75 	76 
005835 	444 	62 	75 	76 
005836 	444 	62 	75 	76 
005837 	433 	55 	91 	91 
005838 	433 	55 	91 	91 
005839 	433 	55 	91 	91 
005840 	435 	62 	76 	76 
005841 	435 	62 	76 	76 
005842 	435 	62 	76 	76 
005843 	435 	62 	76 	76 
005844 	435 	62 	76 	76 
005845 	435 	62 	76 	76 
005846 	435 	62 	76 	76 
005847 	435 	62 	76 	76 
005848 	435 	62 	76 	76 
005849 	435 	62 	76 	76 
005850 	435 	62 	76 	76 
005851 	435 	62 	76 	76 
005852 	435 	62 	76 	76 
005853 	435 	62 	76 	76 
005854 	435 	62 	76 	76 
005855 	435 	62 	76 	76 
005856 	423 	55 	91 	91 
005857 	423 	55 	91 	91 
005858 	423 	55 	91 	91 
005859 	423 	55 	91 	91 
005860 	427 	62 	76 	76 
005861 	427 	62 	76 	76 
005862 	427 	62 	76 	76 
005863 	427 	62 	76 	76 
005864 	427 	62 	76 	76 
005865 	419 	62 	75 	76 
005866 	419 	62 	75 	76 
005867 	419 	62 	75 	76 
005868 	403 	55 	91 	91 
005869 	410 	62 	76 	76 
005870 	402 	62 	76 	76 
005871 	402 	62 	76 	76 
