Identity  : 	id10666
Reference : 	OXiVLnu6QG4
Offset    : 	-4
FV Conf   : 	17.683
ASD Conf  : 	6.067

FRAME 	X 	Y 	W 	H 
020485 	122 	94 	130 	130 
020486 	122 	94 	130 	130 
020487 	126 	102 	108 	109 
020488 	126 	102 	108 	109 
020489 	126 	102 	108 	109 
020490 	122 	94 	130 	130 
020491 	122 	94 	130 	130 
020492 	122 	94 	130 	130 
020493 	122 	94 	130 	130 
020494 	122 	94 	130 	130 
020495 	138 	102 	108 	109 
020496 	138 	102 	108 	109 
020497 	138 	102 	108 	109 
020498 	138 	102 	108 	109 
020499 	138 	102 	108 	109 
020500 	138 	102 	108 	109 
020501 	138 	102 	108 	109 
020502 	138 	102 	108 	109 
020503 	138 	102 	108 	109 
020504 	138 	102 	108 	109 
020505 	138 	102 	108 	109 
020506 	138 	102 	108 	109 
020507 	138 	102 	108 	109 
020508 	138 	102 	108 	109 
020509 	138 	102 	108 	109 
020510 	138 	102 	108 	109 
020511 	138 	102 	108 	109 
020512 	138 	102 	108 	109 
020513 	138 	102 	108 	109 
020514 	138 	102 	108 	109 
020515 	138 	114 	108 	109 
020516 	138 	114 	108 	109 
020517 	138 	114 	108 	109 
020518 	138 	114 	108 	109 
020519 	138 	114 	108 	109 
020520 	138 	114 	108 	109 
020521 	138 	114 	108 	109 
020522 	138 	114 	108 	109 
020523 	138 	114 	108 	109 
020524 	138 	114 	108 	109 
020525 	138 	102 	108 	109 
020526 	138 	102 	108 	109 
020527 	138 	102 	108 	109 
020528 	138 	102 	108 	109 
020529 	138 	102 	108 	109 
020530 	138 	102 	108 	109 
020531 	138 	102 	108 	109 
020532 	138 	102 	108 	109 
020533 	138 	102 	108 	109 
020534 	138 	102 	108 	109 
020535 	138 	102 	108 	109 
020536 	138 	102 	108 	109 
020537 	138 	102 	108 	109 
020538 	138 	102 	108 	109 
020539 	138 	102 	108 	109 
020540 	138 	102 	108 	109 
020541 	138 	102 	108 	109 
020542 	138 	102 	108 	109 
020543 	138 	102 	108 	109 
020544 	138 	114 	108 	109 
020545 	138 	114 	108 	109 
020546 	138 	114 	108 	109 
020547 	138 	114 	108 	109 
020548 	138 	114 	108 	109 
020549 	138 	114 	108 	109 
020550 	138 	114 	108 	109 
020551 	138 	114 	108 	109 
020552 	138 	114 	108 	109 
020553 	138 	114 	108 	109 
020554 	138 	114 	108 	109 
020555 	138 	114 	108 	109 
020556 	138 	114 	108 	109 
020557 	138 	114 	108 	109 
020558 	138 	114 	108 	109 
020559 	138 	114 	108 	109 
020560 	138 	114 	108 	109 
020561 	138 	114 	108 	109 
020562 	138 	114 	108 	109 
020563 	138 	114 	108 	109 
020564 	138 	114 	108 	109 
020565 	138 	114 	108 	109 
020566 	138 	114 	108 	109 
020567 	137 	109 	130 	130 
020568 	137 	109 	130 	130 
020569 	137 	109 	130 	130 
020570 	150 	114 	108 	109 
020571 	150 	114 	108 	109 
020572 	150 	114 	108 	109 
020573 	137 	109 	130 	130 
020574 	137 	109 	130 	130 
020575 	137 	109 	130 	130 
020576 	137 	109 	130 	130 
020577 	137 	109 	130 	130 
020578 	150 	114 	108 	109 
020579 	150 	114 	108 	109 
020580 	150 	114 	108 	109 
020581 	150 	114 	108 	109 
020582 	150 	114 	108 	109 
020583 	150 	114 	108 	109 
020584 	150 	114 	108 	109 
020585 	150 	114 	108 	109 
020586 	150 	114 	108 	109 
020587 	150 	114 	108 	109 
020588 	150 	114 	108 	109 
020589 	150 	114 	108 	109 
020590 	150 	114 	108 	109 
020591 	150 	114 	108 	109 
020592 	150 	114 	108 	109 
020593 	150 	114 	108 	109 
020594 	150 	114 	108 	109 
020595 	150 	114 	108 	109 
020596 	150 	114 	108 	109 
020597 	150 	114 	108 	109 
020598 	150 	114 	108 	109 
020599 	150 	114 	108 	109 
020600 	150 	114 	108 	109 
020601 	150 	114 	108 	109 
020602 	161 	114 	109 	109 
020603 	161 	114 	109 	109 
020604 	161 	114 	109 	109 
020605 	161 	114 	109 	109 
020606 	161 	114 	109 	109 
020607 	161 	114 	109 	109 
020608 	161 	114 	109 	109 
020609 	161 	114 	109 	109 
020610 	161 	114 	109 	109 
020611 	161 	114 	109 	109 
020612 	161 	114 	109 	109 
020613 	161 	114 	109 	109 
020614 	161 	114 	109 	109 
020615 	161 	114 	109 	109 
020616 	161 	114 	109 	109 
020617 	161 	114 	109 	109 
020618 	161 	114 	109 	109 
020619 	161 	114 	109 	109 
020620 	150 	114 	108 	109 
020621 	150 	114 	108 	109 
020622 	150 	114 	108 	109 
020623 	150 	114 	108 	109 
020624 	150 	114 	108 	109 
020625 	150 	102 	108 	109 
020626 	150 	102 	108 	109 
020627 	150 	102 	108 	109 
020628 	150 	102 	108 	109 
020629 	150 	102 	108 	109 
020630 	150 	102 	108 	109 
020631 	150 	102 	108 	109 
020632 	150 	102 	108 	109 
020633 	137 	94 	130 	130 
020634 	138 	102 	108 	109 
020635 	138 	102 	108 	109 
020636 	138 	102 	108 	109 
020637 	138 	102 	108 	109 
020638 	138 	102 	108 	109 
020639 	137 	94 	130 	130 
020640 	137 	94 	130 	130 
020641 	137 	94 	130 	130 
020642 	137 	94 	130 	130 
020643 	137 	94 	130 	130 
020644 	137 	94 	130 	130 
020645 	137 	94 	130 	130 
020646 	137 	94 	130 	130 
020647 	137 	94 	130 	130 
020648 	137 	94 	130 	130 
020649 	137 	94 	130 	130 
020650 	150 	102 	108 	109 
020651 	150 	102 	108 	109 
020652 	150 	102 	108 	109 
020653 	150 	102 	108 	109 
020654 	150 	102 	108 	109 
020655 	150 	102 	108 	109 
020656 	150 	102 	108 	109 
020657 	150 	102 	108 	109 
020658 	150 	102 	108 	109 
020659 	150 	102 	108 	109 
020660 	150 	102 	108 	109 
020661 	150 	102 	108 	109 
020662 	150 	102 	108 	109 
020663 	150 	102 	108 	109 
020664 	150 	102 	108 	109 
020665 	150 	102 	108 	109 
020666 	150 	102 	108 	109 
020667 	150 	102 	108 	109 
020668 	150 	102 	108 	109 
020669 	150 	102 	108 	109 
020670 	150 	102 	108 	109 
020671 	150 	102 	108 	109 
020672 	150 	102 	108 	109 
020673 	150 	102 	108 	109 
020674 	150 	102 	108 	109 
020675 	150 	102 	108 	109 
020676 	150 	102 	108 	109 
020677 	150 	102 	108 	109 
020678 	150 	102 	108 	109 
020679 	150 	102 	108 	109 
020680 	150 	102 	108 	109 
020681 	150 	102 	108 	109 
