Identity  : 	id10176
Reference : 	tjYSDGVX19I
Offset    : 	-2
FV Conf   : 	13.022
ASD Conf  : 	7.271

FRAME 	X 	Y 	W 	H 
009607 	452 	104 	75 	76 
009608 	452 	104 	75 	76 
009609 	452 	104 	75 	76 
009610 	452 	104 	75 	76 
009611 	452 	104 	75 	76 
009612 	443 	95 	90 	91 
009613 	443 	95 	90 	91 
009614 	444 	96 	75 	75 
009615 	444 	96 	75 	75 
009616 	444 	96 	75 	75 
009617 	444 	96 	75 	75 
009618 	444 	96 	75 	75 
009619 	444 	96 	75 	75 
009620 	444 	96 	75 	75 
009621 	444 	96 	75 	75 
009622 	444 	96 	75 	75 
009623 	444 	96 	75 	75 
009624 	444 	96 	75 	75 
009625 	444 	96 	75 	75 
009626 	444 	96 	75 	75 
009627 	444 	96 	75 	75 
009628 	444 	96 	75 	75 
009629 	444 	96 	75 	75 
009630 	452 	96 	75 	75 
009631 	452 	96 	75 	75 
009632 	452 	96 	75 	75 
009633 	452 	96 	75 	75 
009634 	452 	96 	75 	75 
009635 	452 	96 	75 	75 
009636 	452 	96 	75 	75 
009637 	452 	96 	75 	75 
009638 	452 	96 	75 	75 
009639 	452 	96 	75 	75 
009640 	452 	96 	75 	75 
009641 	452 	96 	75 	75 
009642 	452 	96 	75 	75 
009643 	452 	96 	75 	75 
009644 	452 	96 	75 	75 
009645 	452 	96 	75 	75 
009646 	452 	96 	75 	75 
009647 	444 	96 	75 	75 
009648 	444 	96 	75 	75 
009649 	452 	96 	75 	75 
009650 	452 	96 	75 	75 
009651 	452 	96 	75 	75 
009652 	452 	96 	75 	75 
009653 	452 	96 	75 	75 
009654 	444 	96 	75 	75 
009655 	444 	96 	75 	75 
009656 	444 	96 	75 	75 
009657 	444 	96 	75 	75 
009658 	444 	96 	75 	75 
009659 	444 	96 	75 	75 
009660 	444 	96 	75 	75 
009661 	444 	96 	75 	75 
009662 	444 	96 	75 	75 
009663 	444 	96 	75 	75 
009664 	444 	96 	75 	75 
009665 	444 	96 	75 	75 
009666 	452 	96 	75 	75 
009667 	452 	96 	75 	75 
009668 	452 	96 	75 	75 
009669 	452 	96 	75 	75 
009670 	452 	96 	75 	75 
009671 	452 	96 	75 	75 
009672 	452 	96 	75 	75 
009673 	452 	96 	75 	75 
009674 	452 	96 	75 	75 
009675 	452 	96 	75 	75 
009676 	452 	96 	75 	75 
009677 	452 	96 	75 	75 
009678 	452 	96 	75 	75 
009679 	452 	96 	75 	75 
009680 	460 	96 	76 	75 
009681 	460 	96 	76 	75 
009682 	460 	96 	76 	75 
009683 	453 	85 	90 	91 
009684 	460 	96 	76 	75 
009685 	463 	85 	90 	91 
009686 	463 	85 	90 	91 
009687 	463 	85 	90 	91 
009688 	463 	85 	90 	91 
009689 	463 	85 	90 	91 
009690 	463 	85 	90 	91 
009691 	463 	85 	90 	91 
009692 	477 	96 	75 	75 
009693 	477 	96 	75 	75 
009694 	477 	96 	75 	75 
009695 	477 	96 	75 	75 
009696 	477 	96 	75 	75 
009697 	473 	85 	90 	91 
009698 	473 	85 	90 	91 
009699 	473 	85 	90 	91 
009700 	473 	85 	90 	91 
009701 	473 	85 	90 	91 
009702 	473 	85 	90 	91 
009703 	477 	96 	75 	75 
009704 	473 	85 	90 	91 
009705 	473 	85 	90 	91 
009706 	473 	85 	90 	91 
009707 	473 	85 	90 	91 
009708 	477 	96 	75 	75 
009709 	473 	85 	90 	91 
009710 	473 	85 	90 	91 
009711 	473 	85 	90 	91 
009712 	473 	85 	90 	91 
009713 	473 	85 	90 	91 
009714 	463 	85 	90 	91 
009715 	463 	85 	90 	91 
009716 	463 	85 	90 	91 
009717 	463 	85 	90 	91 
009718 	463 	85 	90 	91 
009719 	463 	85 	90 	91 
009720 	463 	85 	90 	91 
009721 	463 	85 	90 	91 
009722 	463 	85 	90 	91 
009723 	463 	85 	90 	91 
009724 	463 	85 	90 	91 
009725 	463 	85 	90 	91 
009726 	463 	85 	90 	91 
009727 	463 	85 	90 	91 
009728 	463 	85 	90 	91 
009729 	463 	85 	90 	91 
009730 	463 	85 	90 	91 
009731 	463 	85 	90 	91 
009732 	463 	85 	90 	91 
009733 	468 	87 	76 	76 
009734 	468 	87 	76 	76 
009735 	468 	87 	76 	76 
009736 	468 	87 	76 	76 
009737 	453 	75 	90 	91 
009738 	453 	75 	90 	91 
009739 	453 	75 	90 	91 
009740 	453 	75 	90 	91 
009741 	453 	75 	90 	91 
009742 	460 	79 	76 	76 
009743 	453 	65 	90 	91 
009744 	443 	65 	90 	91 
009745 	443 	65 	90 	91 
009746 	443 	65 	90 	91 
009747 	443 	65 	90 	91 
009748 	443 	65 	90 	91 
009749 	444 	71 	75 	75 
009750 	444 	71 	75 	75 
009751 	444 	71 	75 	75 
009752 	444 	71 	75 	75 
009753 	444 	71 	75 	75 
009754 	435 	71 	76 	75 
009755 	435 	71 	76 	75 
009756 	433 	65 	91 	91 
009757 	433 	65 	91 	91 
009758 	433 	65 	91 	91 
009759 	433 	65 	91 	91 
009760 	433 	65 	91 	91 
009761 	433 	65 	91 	91 
009762 	433 	65 	91 	91 
009763 	433 	65 	91 	91 
009764 	433 	65 	91 	91 
009765 	433 	65 	91 	91 
009766 	433 	65 	91 	91 
009767 	444 	79 	75 	76 
009768 	444 	79 	75 	76 
009769 	444 	79 	75 	76 
009770 	444 	79 	75 	76 
009771 	444 	79 	75 	76 
009772 	433 	65 	91 	91 
009773 	444 	79 	75 	76 
009774 	444 	79 	75 	76 
009775 	444 	79 	75 	76 
009776 	444 	79 	75 	76 
009777 	444 	79 	75 	76 
009778 	443 	65 	90 	91 
009779 	443 	65 	90 	91 
009780 	443 	65 	90 	91 
009781 	443 	65 	90 	91 
009782 	443 	65 	90 	91 
009783 	452 	79 	75 	76 
009784 	452 	79 	75 	76 
009785 	452 	79 	75 	76 
009786 	452 	79 	75 	76 
009787 	452 	79 	75 	76 
009788 	443 	75 	90 	91 
009789 	443 	75 	90 	91 
009790 	443 	75 	90 	91 
009791 	443 	75 	90 	91 
009792 	443 	75 	90 	91 
009793 	443 	75 	90 	91 
009794 	443 	75 	90 	91 
009795 	443 	75 	90 	91 
009796 	443 	75 	90 	91 
009797 	443 	75 	90 	91 
009798 	443 	75 	90 	91 
009799 	443 	75 	90 	91 
009800 	443 	75 	90 	91 
009801 	443 	75 	90 	91 
009802 	443 	75 	90 	91 
009803 	443 	75 	90 	91 
009804 	443 	75 	90 	91 
009805 	452 	87 	75 	76 
009806 	452 	87 	75 	76 
009807 	452 	87 	75 	76 
009808 	452 	87 	75 	76 
009809 	452 	87 	75 	76 
009810 	452 	87 	75 	76 
009811 	452 	87 	75 	76 
009812 	452 	87 	75 	76 
009813 	452 	87 	75 	76 
009814 	452 	87 	75 	76 
009815 	443 	85 	90 	91 
009816 	443 	85 	90 	91 
009817 	443 	85 	90 	91 
009818 	443 	85 	90 	91 
009819 	443 	85 	90 	91 
009820 	443 	85 	90 	91 
009821 	443 	85 	90 	91 
009822 	443 	85 	90 	91 
009823 	443 	85 	90 	91 
009824 	443 	85 	90 	91 
009825 	443 	85 	90 	91 
009826 	443 	85 	90 	91 
009827 	443 	85 	90 	91 
009828 	443 	85 	90 	91 
009829 	443 	85 	90 	91 
009830 	443 	85 	90 	91 
009831 	443 	85 	90 	91 
009832 	443 	85 	90 	91 
009833 	444 	87 	75 	76 
009834 	444 	87 	75 	76 
009835 	444 	87 	75 	76 
009836 	444 	87 	75 	76 
009837 	444 	87 	75 	76 
009838 	444 	87 	75 	76 
009839 	433 	75 	91 	91 
009840 	433 	75 	91 	91 
009841 	433 	75 	91 	91 
009842 	433 	75 	91 	91 
009843 	435 	87 	76 	76 
009844 	435 	87 	76 	76 
009845 	435 	87 	76 	76 
009846 	423 	75 	91 	91 
009847 	423 	75 	91 	91 
009848 	423 	75 	91 	91 
009849 	423 	75 	91 	91 
009850 	423 	75 	91 	91 
009851 	423 	75 	91 	91 
009852 	423 	75 	91 	91 
009853 	427 	79 	76 	76 
009854 	413 	75 	91 	91 
009855 	413 	75 	91 	91 
009856 	413 	75 	91 	91 
009857 	413 	75 	91 	91 
009858 	419 	79 	75 	76 
009859 	419 	79 	75 	76 
009860 	419 	79 	75 	76 
009861 	419 	79 	75 	76 
009862 	419 	79 	75 	76 
009863 	419 	79 	75 	76 
009864 	419 	79 	75 	76 
009865 	419 	79 	75 	76 
009866 	419 	79 	75 	76 
009867 	413 	75 	91 	91 
009868 	413 	75 	91 	91 
009869 	419 	87 	75 	76 
009870 	413 	75 	91 	91 
009871 	413 	75 	91 	91 
009872 	413 	75 	91 	91 
009873 	413 	75 	91 	91 
009874 	413 	75 	91 	91 
009875 	413 	75 	91 	91 
009876 	413 	75 	91 	91 
009877 	413 	75 	91 	91 
009878 	427 	79 	76 	76 
009879 	423 	75 	91 	91 
009880 	423 	75 	91 	91 
009881 	427 	79 	76 	76 
009882 	423 	75 	91 	91 
009883 	423 	75 	91 	91 
009884 	423 	75 	91 	91 
009885 	423 	75 	91 	91 
009886 	423 	75 	91 	91 
009887 	423 	75 	91 	91 
009888 	435 	87 	76 	76 
009889 	435 	87 	76 	76 
009890 	435 	87 	76 	76 
009891 	435 	87 	76 	76 
009892 	433 	75 	91 	91 
009893 	435 	87 	76 	76 
009894 	435 	87 	76 	76 
009895 	435 	87 	76 	76 
009896 	433 	75 	91 	91 
009897 	433 	75 	91 	91 
009898 	433 	75 	91 	91 
009899 	433 	75 	91 	91 
009900 	433 	75 	91 	91 
009901 	433 	75 	91 	91 
009902 	433 	75 	91 	91 
009903 	433 	75 	91 	91 
009904 	444 	87 	75 	76 
009905 	444 	87 	75 	76 
009906 	444 	87 	75 	76 
009907 	444 	87 	75 	76 
009908 	444 	87 	75 	76 
009909 	444 	87 	75 	76 
009910 	443 	85 	90 	91 
009911 	443 	85 	90 	91 
009912 	443 	85 	90 	91 
009913 	443 	85 	90 	91 
009914 	443 	85 	90 	91 
009915 	443 	85 	90 	91 
009916 	443 	85 	90 	91 
009917 	443 	85 	90 	91 
009918 	443 	85 	90 	91 
009919 	443 	85 	90 	91 
009920 	443 	85 	90 	91 
009921 	443 	85 	90 	91 
009922 	443 	85 	90 	91 
009923 	443 	85 	90 	91 
009924 	444 	96 	75 	75 
009925 	444 	96 	75 	75 
009926 	444 	96 	75 	75 
009927 	444 	96 	75 	75 
009928 	444 	96 	75 	75 
009929 	433 	95 	91 	91 
009930 	444 	104 	75 	76 
009931 	433 	95 	91 	91 
009932 	433 	95 	91 	91 
009933 	435 	104 	76 	76 
009934 	435 	104 	76 	76 
009935 	435 	104 	76 	76 
009936 	435 	104 	76 	76 
009937 	435 	104 	76 	76 
009938 	435 	104 	76 	76 
009939 	435 	104 	76 	76 
009940 	435 	104 	76 	76 
009941 	435 	104 	76 	76 
009942 	435 	104 	76 	76 
