Identity  : 	id10324
Reference : 	B1nRjIlyftI
Offset    : 	-4
FV Conf   : 	14.459
ASD Conf  : 	6.089

FRAME 	X 	Y 	W 	H 
006578 	237 	51 	130 	130 
006579 	248 	56 	123 	123 
006580 	258 	61 	115 	116 
006581 	269 	66 	108 	109 
006582 	251 	51 	130 	130 
006583 	251 	51 	130 	130 
006584 	251 	51 	130 	130 
006585 	237 	51 	130 	130 
006586 	237 	51 	130 	130 
006587 	237 	51 	130 	130 
006588 	237 	51 	130 	130 
006589 	237 	51 	130 	130 
006590 	237 	51 	130 	130 
006591 	251 	51 	130 	130 
006592 	269 	54 	108 	109 
006593 	269 	54 	108 	109 
006594 	269 	54 	108 	109 
006595 	257 	54 	109 	109 
006596 	245 	54 	109 	109 
006597 	233 	54 	109 	109 
006598 	233 	54 	109 	109 
006599 	233 	54 	109 	109 
006600 	233 	54 	109 	109 
006601 	233 	54 	109 	109 
006602 	233 	54 	109 	109 
006603 	233 	54 	109 	109 
006604 	233 	54 	109 	109 
006605 	233 	54 	109 	109 
006606 	223 	51 	130 	130 
006607 	233 	66 	109 	109 
006608 	208 	51 	130 	130 
006609 	208 	51 	130 	130 
006610 	208 	51 	130 	130 
006611 	220 	52 	120 	120 
006612 	233 	54 	109 	109 
006613 	233 	54 	109 	109 
006614 	233 	54 	109 	109 
006615 	233 	54 	109 	109 
006616 	233 	54 	109 	109 
006617 	233 	54 	109 	109 
006618 	233 	54 	109 	109 
006619 	223 	51 	130 	130 
006620 	223 	51 	130 	130 
006621 	223 	51 	130 	130 
006622 	223 	51 	130 	130 
006623 	223 	51 	130 	130 
006624 	223 	51 	130 	130 
006625 	223 	51 	130 	130 
006626 	223 	51 	130 	130 
006627 	223 	51 	130 	130 
006628 	223 	51 	130 	130 
006629 	233 	54 	109 	109 
006630 	233 	54 	109 	109 
006631 	233 	54 	109 	109 
006632 	233 	54 	109 	109 
006633 	233 	54 	109 	109 
006634 	233 	54 	109 	109 
006635 	233 	54 	109 	109 
006636 	245 	54 	109 	109 
006637 	257 	54 	109 	109 
006638 	257 	54 	109 	109 
006639 	257 	54 	109 	109 
006640 	251 	37 	130 	130 
006641 	269 	54 	108 	109 
006642 	269 	54 	108 	109 
006643 	269 	54 	108 	109 
006644 	269 	54 	108 	109 
006645 	251 	51 	130 	130 
006646 	257 	54 	109 	109 
006647 	257 	54 	109 	109 
006648 	257 	54 	109 	109 
006649 	269 	54 	108 	109 
006650 	268 	54 	112 	112 
006651 	268 	53 	115 	116 
006652 	268 	52 	119 	120 
006653 	267 	52 	123 	123 
006654 	266 	52 	126 	126 
006655 	266 	51 	130 	130 
006656 	266 	51 	130 	130 
006657 	266 	51 	130 	130 
006658 	266 	51 	130 	130 
006659 	266 	51 	130 	130 
006660 	266 	51 	130 	130 
006661 	281 	66 	108 	109 
006662 	281 	66 	108 	109 
006663 	281 	66 	108 	109 
006664 	281 	66 	108 	109 
006665 	293 	66 	108 	109 
006666 	293 	66 	108 	109 
006667 	293 	66 	108 	109 
006668 	293 	66 	108 	109 
006669 	281 	66 	108 	109 
006670 	281 	66 	108 	109 
006671 	266 	51 	130 	130 
006672 	269 	66 	108 	109 
006673 	269 	66 	108 	109 
006674 	269 	66 	108 	109 
006675 	269 	66 	108 	109 
006676 	281 	66 	108 	109 
006677 	281 	66 	108 	109 
006678 	281 	66 	108 	109 
006679 	281 	66 	108 	109 
006680 	281 	66 	108 	109 
006681 	281 	66 	108 	109 
006682 	281 	66 	108 	109 
006683 	266 	66 	130 	130 
006684 	266 	66 	130 	130 
006685 	266 	66 	130 	130 
006686 	266 	66 	130 	130 
006687 	266 	66 	130 	130 
006688 	266 	66 	130 	130 
006689 	266 	66 	130 	130 
006690 	269 	66 	108 	109 
006691 	251 	51 	130 	130 
006692 	257 	66 	109 	109 
006693 	257 	54 	109 	109 
006694 	257 	54 	109 	109 
006695 	257 	54 	109 	109 
006696 	257 	66 	109 	109 
006697 	257 	54 	109 	109 
006698 	269 	66 	108 	109 
006699 	269 	66 	108 	109 
006700 	269 	66 	108 	109 
006701 	251 	51 	130 	130 
006702 	257 	54 	109 	109 
006703 	245 	54 	109 	109 
006704 	245 	54 	109 	109 
006705 	245 	54 	109 	109 
