Identity  : 	id10244
Reference : 	1lzMgm69tTk
Offset    : 	-6
FV Conf   : 	18.159
ASD Conf  : 	6.602

FRAME 	X 	Y 	W 	H 
014045 	281 	66 	108 	109 
014046 	281 	66 	108 	109 
014047 	281 	66 	108 	109 
014048 	281 	66 	108 	109 
014049 	281 	66 	108 	109 
014050 	281 	66 	108 	109 
014051 	281 	66 	108 	109 
014052 	281 	66 	108 	109 
014053 	281 	66 	108 	109 
014054 	281 	66 	108 	109 
014055 	281 	66 	108 	109 
014056 	281 	66 	108 	109 
014057 	266 	51 	130 	130 
014058 	266 	51 	130 	130 
014059 	266 	51 	130 	130 
014060 	266 	51 	130 	130 
014061 	266 	51 	130 	130 
014062 	266 	51 	130 	130 
014063 	266 	51 	130 	130 
014064 	266 	51 	130 	130 
014065 	281 	66 	108 	109 
014066 	281 	66 	108 	109 
014067 	281 	66 	108 	109 
014068 	266 	66 	130 	130 
014069 	281 	78 	108 	109 
014070 	266 	66 	130 	130 
014071 	266 	66 	130 	130 
014072 	266 	66 	130 	130 
014073 	266 	66 	130 	130 
014074 	281 	78 	108 	109 
014075 	281 	66 	108 	109 
014076 	281 	66 	108 	109 
014077 	281 	66 	108 	109 
014078 	281 	66 	108 	109 
014079 	281 	66 	108 	109 
014080 	293 	66 	108 	109 
014081 	293 	66 	108 	109 
014082 	293 	66 	108 	109 
014083 	293 	66 	108 	109 
014084 	293 	66 	108 	109 
014085 	293 	66 	108 	109 
014086 	293 	66 	108 	109 
014087 	293 	66 	108 	109 
014088 	293 	66 	108 	109 
014089 	293 	66 	108 	109 
014090 	293 	66 	108 	109 
014091 	293 	66 	108 	109 
014092 	293 	66 	108 	109 
014093 	293 	66 	108 	109 
014094 	293 	66 	108 	109 
014095 	293 	66 	108 	109 
014096 	293 	66 	108 	109 
014097 	293 	66 	108 	109 
014098 	280 	66 	130 	130 
014099 	293 	78 	108 	109 
014100 	293 	78 	108 	109 
014101 	293 	78 	108 	109 
014102 	293 	78 	108 	109 
014103 	293 	78 	108 	109 
014104 	293 	78 	108 	109 
014105 	293 	78 	108 	109 
014106 	280 	66 	130 	130 
014107 	280 	66 	130 	130 
014108 	280 	66 	130 	130 
014109 	293 	66 	108 	109 
014110 	293 	66 	108 	109 
014111 	293 	66 	108 	109 
014112 	293 	66 	108 	109 
014113 	293 	66 	108 	109 
014114 	293 	66 	108 	109 
014115 	293 	66 	108 	109 
014116 	281 	66 	108 	109 
014117 	281 	66 	108 	109 
014118 	281 	66 	108 	109 
014119 	281 	66 	108 	109 
014120 	281 	66 	108 	109 
014121 	281 	66 	108 	109 
014122 	281 	66 	108 	109 
014123 	281 	66 	108 	109 
014124 	281 	66 	108 	109 
014125 	281 	66 	108 	109 
014126 	281 	66 	108 	109 
014127 	281 	66 	108 	109 
014128 	281 	66 	108 	109 
014129 	266 	51 	130 	130 
014130 	266 	51 	130 	130 
014131 	266 	51 	130 	130 
014132 	266 	51 	130 	130 
014133 	266 	51 	130 	130 
014134 	269 	66 	108 	109 
014135 	269 	66 	108 	109 
014136 	269 	66 	108 	109 
014137 	269 	66 	108 	109 
014138 	269 	66 	108 	109 
014139 	269 	66 	108 	109 
014140 	269 	66 	108 	109 
014141 	269 	66 	108 	109 
014142 	269 	66 	108 	109 
014143 	269 	66 	108 	109 
014144 	269 	66 	108 	109 
014145 	266 	51 	130 	130 
014146 	281 	66 	108 	109 
014147 	281 	66 	108 	109 
014148 	281 	66 	108 	109 
014149 	281 	66 	108 	109 
014150 	281 	66 	108 	109 
014151 	281 	66 	108 	109 
014152 	281 	66 	108 	109 
014153 	281 	66 	108 	109 
014154 	281 	66 	108 	109 
014155 	281 	66 	108 	109 
014156 	281 	66 	108 	109 
014157 	281 	66 	108 	109 
014158 	281 	66 	108 	109 
014159 	281 	66 	108 	109 
014160 	281 	66 	108 	109 
014161 	266 	51 	130 	130 
014162 	266 	51 	130 	130 
014163 	266 	51 	130 	130 
014164 	266 	51 	130 	130 
014165 	266 	51 	130 	130 
014166 	266 	51 	130 	130 
014167 	266 	51 	130 	130 
014168 	266 	51 	130 	130 
014169 	269 	66 	108 	109 
014170 	281 	66 	108 	109 
014171 	281 	66 	108 	109 
014172 	281 	66 	108 	109 
014173 	281 	66 	108 	109 
014174 	281 	66 	108 	109 
014175 	281 	66 	108 	109 
014176 	269 	66 	108 	109 
014177 	269 	66 	108 	109 
014178 	269 	66 	108 	109 
014179 	269 	66 	108 	109 
014180 	269 	66 	108 	109 
014181 	266 	51 	130 	130 
014182 	269 	66 	108 	109 
014183 	269 	66 	108 	109 
014184 	266 	51 	130 	130 
014185 	281 	66 	108 	109 
014186 	281 	66 	108 	109 
014187 	281 	66 	108 	109 
014188 	281 	66 	108 	109 
014189 	281 	66 	108 	109 
014190 	281 	66 	108 	109 
014191 	281 	66 	108 	109 
014192 	281 	66 	108 	109 
014193 	281 	66 	108 	109 
014194 	281 	66 	108 	109 
014195 	281 	66 	108 	109 
014196 	266 	51 	130 	130 
014197 	266 	51 	130 	130 
014198 	266 	51 	130 	130 
014199 	266 	51 	130 	130 
014200 	266 	51 	130 	130 
014201 	266 	51 	130 	130 
014202 	266 	51 	130 	130 
014203 	266 	51 	130 	130 
014204 	266 	51 	130 	130 
014205 	269 	66 	108 	109 
014206 	269 	66 	108 	109 
014207 	269 	66 	108 	109 
014208 	269 	66 	108 	109 
014209 	269 	66 	108 	109 
014210 	269 	66 	108 	109 
014211 	269 	54 	108 	109 
014212 	269 	54 	108 	109 
014213 	269 	54 	108 	109 
014214 	269 	54 	108 	109 
014215 	266 	51 	130 	130 
014216 	266 	51 	130 	130 
014217 	266 	51 	130 	130 
014218 	266 	51 	130 	130 
014219 	266 	51 	130 	130 
014220 	266 	51 	130 	130 
014221 	269 	66 	108 	109 
014222 	269 	66 	108 	109 
014223 	269 	66 	108 	109 
014224 	269 	66 	108 	109 
014225 	269 	66 	108 	109 
014226 	269 	66 	108 	109 
014227 	269 	66 	108 	109 
014228 	269 	66 	108 	109 
014229 	269 	66 	108 	109 
014230 	269 	66 	108 	109 
014231 	269 	66 	108 	109 
014232 	269 	66 	108 	109 
014233 	269 	66 	108 	109 
014234 	269 	66 	108 	109 
014235 	269 	66 	108 	109 
014236 	269 	66 	108 	109 
014237 	269 	66 	108 	109 
014238 	269 	66 	108 	109 
014239 	269 	66 	108 	109 
014240 	269 	66 	108 	109 
014241 	269 	66 	108 	109 
014242 	269 	66 	108 	109 
014243 	269 	66 	108 	109 
014244 	269 	66 	108 	109 
014245 	269 	66 	108 	109 
014246 	269 	66 	108 	109 
014247 	269 	66 	108 	109 
014248 	269 	66 	108 	109 
014249 	269 	66 	108 	109 
014250 	269 	66 	108 	109 
014251 	269 	66 	108 	109 
014252 	269 	66 	108 	109 
