Identity  : 	id10130
Reference : 	CpRZ_HdlsS0
Offset    : 	1
FV Conf   : 	17.167
ASD Conf  : 	5.430

FRAME 	X 	Y 	W 	H 
001244 	376 	114 	109 	109 
001245 	376 	114 	109 	109 
001246 	366 	109 	130 	130 
001247 	366 	109 	130 	130 
001248 	366 	109 	130 	130 
001249 	366 	109 	130 	130 
001250 	366 	109 	130 	130 
001251 	366 	109 	130 	130 
001252 	365 	114 	108 	109 
001253 	365 	114 	108 	109 
001254 	352 	109 	130 	130 
001255 	352 	109 	130 	130 
001256 	352 	109 	130 	130 
001257 	352 	109 	130 	130 
001258 	337 	94 	130 	130 
001259 	337 	94 	130 	130 
001260 	323 	94 	130 	130 
001261 	323 	94 	130 	130 
001262 	323 	94 	130 	130 
001263 	323 	94 	130 	130 
001264 	323 	94 	130 	130 
001265 	323 	94 	130 	130 
001266 	323 	94 	130 	130 
001267 	323 	94 	130 	130 
001268 	323 	94 	130 	130 
001269 	323 	94 	130 	130 
001270 	323 	80 	130 	130 
001271 	323 	80 	130 	130 
001272 	323 	80 	130 	130 
001273 	323 	80 	130 	130 
001274 	323 	80 	130 	130 
001275 	341 	90 	108 	109 
001276 	337 	80 	130 	130 
001277 	337 	80 	130 	130 
001278 	337 	80 	130 	130 
001279 	337 	80 	130 	130 
001280 	337 	80 	130 	130 
001281 	337 	80 	130 	130 
001282 	337 	80 	130 	130 
001283 	337 	80 	130 	130 
001284 	337 	80 	130 	130 
001285 	337 	80 	130 	130 
001286 	337 	80 	130 	130 
001287 	337 	80 	130 	130 
001288 	337 	80 	130 	130 
001289 	337 	80 	130 	130 
001290 	353 	90 	108 	109 
001291 	353 	90 	108 	109 
001292 	352 	80 	130 	130 
001293 	353 	90 	108 	109 
001294 	353 	90 	108 	109 
001295 	352 	80 	130 	130 
001296 	352 	80 	130 	130 
001297 	352 	80 	130 	130 
001298 	353 	102 	108 	109 
001299 	353 	102 	108 	109 
001300 	353 	102 	108 	109 
001301 	353 	102 	108 	109 
001302 	353 	102 	108 	109 
001303 	353 	102 	108 	109 
001304 	353 	102 	108 	109 
001305 	353 	102 	108 	109 
001306 	353 	102 	108 	109 
001307 	353 	102 	108 	109 
001308 	353 	102 	108 	109 
001309 	353 	102 	108 	109 
001310 	353 	102 	108 	109 
001311 	353 	102 	108 	109 
001312 	353 	102 	108 	109 
001313 	353 	102 	108 	109 
001314 	353 	102 	108 	109 
001315 	353 	102 	108 	109 
001316 	337 	94 	130 	130 
001317 	337 	94 	130 	130 
001318 	337 	94 	130 	130 
001319 	337 	80 	130 	130 
001320 	337 	80 	130 	130 
001321 	337 	80 	130 	130 
001322 	337 	80 	130 	130 
001323 	337 	80 	130 	130 
001324 	337 	80 	130 	130 
001325 	353 	102 	108 	109 
001326 	353 	102 	108 	109 
001327 	353 	102 	108 	109 
001328 	353 	102 	108 	109 
001329 	353 	102 	108 	109 
001330 	353 	102 	108 	109 
001331 	353 	102 	108 	109 
001332 	353 	102 	108 	109 
001333 	353 	102 	108 	109 
001334 	353 	102 	108 	109 
001335 	353 	102 	108 	109 
001336 	353 	102 	108 	109 
001337 	353 	102 	108 	109 
001338 	353 	102 	108 	109 
001339 	353 	102 	108 	109 
001340 	353 	102 	108 	109 
001341 	353 	102 	108 	109 
001342 	353 	102 	108 	109 
001343 	353 	102 	108 	109 
001344 	353 	102 	108 	109 
001345 	353 	102 	108 	109 
001346 	353 	102 	108 	109 
001347 	353 	102 	108 	109 
001348 	353 	102 	108 	109 
001349 	353 	102 	108 	109 
001350 	353 	102 	108 	109 
001351 	353 	102 	108 	109 
001352 	353 	102 	108 	109 
001353 	353 	102 	108 	109 
001354 	353 	102 	108 	109 
001355 	353 	102 	108 	109 
001356 	353 	102 	108 	109 
001357 	353 	102 	108 	109 
001358 	353 	102 	108 	109 
001359 	353 	102 	108 	109 
001360 	353 	102 	108 	109 
001361 	353 	102 	108 	109 
001362 	353 	102 	108 	109 
001363 	353 	102 	108 	109 
001364 	353 	102 	108 	109 
001365 	353 	102 	108 	109 
001366 	353 	102 	108 	109 
001367 	353 	102 	108 	109 
001368 	353 	102 	108 	109 
001369 	353 	102 	108 	109 
001370 	353 	102 	108 	109 
001371 	353 	102 	108 	109 
001372 	353 	102 	108 	109 
001373 	353 	102 	108 	109 
001374 	352 	94 	130 	130 
001375 	352 	94 	130 	130 
001376 	365 	102 	108 	109 
001377 	352 	80 	130 	130 
001378 	365 	90 	108 	109 
001379 	365 	90 	108 	109 
001380 	365 	90 	108 	109 
001381 	352 	80 	130 	130 
