Identity  : 	id10130
Reference : 	CpRZ_HdlsS0
Offset    : 	1
FV Conf   : 	17.167
ASD Conf  : 	5.947

FRAME 	X 	Y 	W 	H 
000778 	376 	114 	109 	109 
000779 	376 	114 	109 	109 
000780 	376 	114 	109 	109 
000781 	376 	114 	109 	109 
000782 	376 	114 	109 	109 
000783 	376 	114 	109 	109 
000784 	376 	114 	109 	109 
000785 	376 	114 	109 	109 
000786 	376 	114 	109 	109 
000787 	376 	114 	109 	109 
000788 	376 	114 	109 	109 
000789 	376 	114 	109 	109 
000790 	376 	114 	109 	109 
000791 	376 	114 	109 	109 
000792 	376 	114 	109 	109 
000793 	376 	114 	109 	109 
000794 	376 	114 	109 	109 
000795 	376 	114 	109 	109 
000796 	376 	114 	109 	109 
000797 	376 	114 	109 	109 
000798 	376 	114 	109 	109 
000799 	376 	114 	109 	109 
000800 	376 	114 	109 	109 
000801 	376 	114 	109 	109 
000802 	376 	114 	109 	109 
000803 	376 	114 	109 	109 
000804 	376 	114 	109 	109 
000805 	376 	114 	109 	109 
000806 	376 	114 	109 	109 
000807 	376 	114 	109 	109 
000808 	376 	114 	109 	109 
000809 	376 	114 	109 	109 
000810 	376 	114 	109 	109 
000811 	376 	114 	109 	109 
000812 	376 	114 	109 	109 
000813 	376 	114 	109 	109 
000814 	376 	114 	109 	109 
000815 	376 	114 	109 	109 
000816 	376 	114 	109 	109 
000817 	376 	114 	109 	109 
000818 	376 	114 	109 	109 
000819 	376 	114 	109 	109 
000820 	376 	114 	109 	109 
000821 	376 	114 	109 	109 
000822 	376 	114 	109 	109 
000823 	376 	114 	109 	109 
000824 	376 	114 	109 	109 
000825 	376 	114 	109 	109 
000826 	376 	114 	109 	109 
000827 	376 	114 	109 	109 
000828 	376 	114 	109 	109 
000829 	376 	114 	109 	109 
000830 	376 	114 	109 	109 
000831 	376 	114 	109 	109 
000832 	376 	114 	109 	109 
000833 	376 	114 	109 	109 
000834 	376 	114 	109 	109 
000835 	376 	114 	109 	109 
000836 	376 	114 	109 	109 
000837 	376 	114 	109 	109 
000838 	376 	114 	109 	109 
000839 	376 	114 	109 	109 
000840 	376 	114 	109 	109 
000841 	376 	114 	109 	109 
000842 	376 	114 	109 	109 
000843 	366 	109 	130 	130 
000844 	366 	109 	130 	130 
000845 	366 	109 	130 	130 
000846 	365 	114 	108 	109 
000847 	365 	114 	108 	109 
000848 	365 	114 	108 	109 
000849 	365 	114 	108 	109 
000850 	365 	114 	108 	109 
000851 	365 	114 	108 	109 
000852 	365 	114 	108 	109 
000853 	365 	114 	108 	109 
000854 	365 	114 	108 	109 
000855 	365 	114 	108 	109 
000856 	365 	114 	108 	109 
000857 	365 	114 	108 	109 
000858 	365 	114 	108 	109 
000859 	365 	114 	108 	109 
000860 	365 	114 	108 	109 
000861 	365 	114 	108 	109 
000862 	376 	114 	109 	109 
000863 	376 	114 	109 	109 
000864 	376 	114 	109 	109 
000865 	376 	114 	109 	109 
000866 	376 	114 	109 	109 
000867 	376 	114 	109 	109 
000868 	376 	114 	109 	109 
000869 	376 	114 	109 	109 
000870 	376 	114 	109 	109 
000871 	376 	114 	109 	109 
000872 	376 	114 	109 	109 
000873 	376 	114 	109 	109 
000874 	376 	114 	109 	109 
000875 	376 	114 	109 	109 
000876 	376 	114 	109 	109 
000877 	376 	114 	109 	109 
000878 	376 	114 	109 	109 
000879 	376 	114 	109 	109 
000880 	376 	114 	109 	109 
000881 	376 	114 	109 	109 
000882 	376 	114 	109 	109 
000883 	365 	114 	108 	109 
000884 	365 	114 	108 	109 
000885 	365 	114 	108 	109 
000886 	365 	114 	108 	109 
000887 	365 	114 	108 	109 
000888 	365 	102 	108 	109 
000889 	365 	102 	108 	109 
000890 	365 	102 	108 	109 
000891 	365 	102 	108 	109 
000892 	365 	102 	108 	109 
000893 	365 	102 	108 	109 
000894 	365 	102 	108 	109 
000895 	365 	102 	108 	109 
000896 	365 	102 	108 	109 
000897 	365 	102 	108 	109 
000898 	365 	102 	108 	109 
000899 	365 	102 	108 	109 
000900 	365 	102 	108 	109 
000901 	365 	102 	108 	109 
000902 	365 	102 	108 	109 
000903 	365 	102 	108 	109 
000904 	365 	102 	108 	109 
000905 	365 	102 	108 	109 
000906 	365 	102 	108 	109 
000907 	365 	102 	108 	109 
000908 	365 	102 	108 	109 
000909 	365 	102 	108 	109 
000910 	365 	102 	108 	109 
000911 	352 	94 	130 	130 
000912 	352 	94 	130 	130 
000913 	352 	94 	130 	130 
000914 	352 	94 	130 	130 
000915 	365 	102 	108 	109 
000916 	365 	102 	108 	109 
000917 	365 	102 	108 	109 
000918 	365 	102 	108 	109 
000919 	365 	102 	108 	109 
000920 	365 	102 	108 	109 
000921 	365 	102 	108 	109 
000922 	365 	102 	108 	109 
000923 	365 	102 	108 	109 
000924 	365 	102 	108 	109 
000925 	365 	102 	108 	109 
000926 	365 	102 	108 	109 
000927 	365 	102 	108 	109 
000928 	365 	102 	108 	109 
000929 	365 	102 	108 	109 
000930 	352 	94 	130 	130 
000931 	352 	94 	130 	130 
000932 	352 	94 	130 	130 
000933 	352 	94 	130 	130 
000934 	352 	94 	130 	130 
000935 	352 	94 	130 	130 
000936 	352 	94 	130 	130 
000937 	352 	94 	130 	130 
000938 	352 	94 	130 	130 
000939 	352 	94 	130 	130 
000940 	352 	94 	130 	130 
000941 	352 	94 	130 	130 
000942 	352 	94 	130 	130 
000943 	352 	94 	130 	130 
000944 	352 	94 	130 	130 
000945 	352 	94 	130 	130 
000946 	352 	94 	130 	130 
000947 	352 	94 	130 	130 
000948 	352 	94 	130 	130 
000949 	365 	102 	108 	109 
000950 	365 	102 	108 	109 
000951 	365 	102 	108 	109 
000952 	365 	102 	108 	109 
000953 	376 	102 	109 	109 
000954 	376 	102 	109 	109 
000955 	376 	102 	109 	109 
000956 	376 	102 	109 	109 
000957 	376 	102 	109 	109 
000958 	366 	80 	130 	130 
000959 	376 	90 	109 	109 
000960 	366 	80 	130 	130 
000961 	366 	80 	130 	130 
000962 	366 	80 	130 	130 
000963 	366 	80 	130 	130 
000964 	366 	80 	130 	130 
000965 	376 	102 	109 	109 
000966 	376 	102 	109 	109 
000967 	376 	102 	109 	109 
000968 	376 	102 	109 	109 
000969 	376 	102 	109 	109 
000970 	376 	102 	109 	109 
000971 	376 	102 	109 	109 
000972 	376 	102 	109 	109 
000973 	376 	102 	109 	109 
000974 	376 	102 	109 	109 
000975 	365 	102 	108 	109 
000976 	365 	102 	108 	109 
000977 	365 	102 	108 	109 
000978 	365 	102 	108 	109 
000979 	365 	102 	108 	109 
000980 	365 	102 	108 	109 
000981 	365 	102 	108 	109 
000982 	365 	102 	108 	109 
000983 	376 	102 	109 	109 
000984 	376 	102 	109 	109 
000985 	376 	102 	109 	109 
000986 	376 	102 	109 	109 
000987 	376 	102 	109 	109 
000988 	376 	102 	109 	109 
000989 	376 	102 	109 	109 
000990 	376 	102 	109 	109 
000991 	376 	102 	109 	109 
000992 	376 	102 	109 	109 
000993 	376 	102 	109 	109 
000994 	376 	102 	109 	109 
000995 	376 	102 	109 	109 
000996 	376 	102 	109 	109 
000997 	376 	102 	109 	109 
000998 	376 	102 	109 	109 
000999 	376 	102 	109 	109 
001000 	376 	102 	109 	109 
001001 	376 	102 	109 	109 
001002 	376 	102 	109 	109 
001003 	376 	102 	109 	109 
001004 	365 	102 	108 	109 
001005 	365 	102 	108 	109 
001006 	365 	102 	108 	109 
001007 	365 	102 	108 	109 
001008 	365 	102 	108 	109 
001009 	365 	102 	108 	109 
001010 	365 	102 	108 	109 
001011 	365 	102 	108 	109 
