Identity  : 	id10921
Reference : 	0Pz31wdsopU
Offset    : 	-2
FV Conf   : 	14.907
ASD Conf  : 	7.357

FRAME 	X 	Y 	W 	H 
000603 	403 	65 	91 	91 
000604 	403 	65 	91 	91 
000605 	403 	65 	91 	91 
000606 	403 	65 	91 	91 
000607 	403 	65 	91 	91 
000608 	410 	71 	76 	75 
000609 	403 	55 	91 	91 
000610 	410 	62 	76 	76 
000611 	410 	62 	76 	76 
000612 	419 	62 	75 	76 
000613 	419 	62 	75 	76 
000614 	419 	71 	75 	75 
000615 	419 	71 	75 	75 
000616 	427 	71 	76 	75 
000617 	427 	62 	76 	76 
000618 	427 	62 	76 	76 
000619 	427 	62 	76 	76 
000620 	427 	62 	76 	76 
000621 	435 	62 	76 	76 
000622 	435 	62 	76 	76 
000623 	435 	62 	76 	76 
000624 	435 	62 	76 	76 
000625 	435 	62 	76 	76 
000626 	435 	62 	76 	76 
000627 	435 	62 	76 	76 
000628 	435 	71 	76 	75 
000629 	435 	71 	76 	75 
000630 	435 	71 	76 	75 
000631 	435 	71 	76 	75 
000632 	435 	71 	76 	75 
000633 	435 	71 	76 	75 
000634 	435 	71 	76 	75 
000635 	435 	71 	76 	75 
000636 	435 	71 	76 	75 
000637 	435 	71 	76 	75 
000638 	435 	71 	76 	75 
000639 	435 	71 	76 	75 
000640 	435 	71 	76 	75 
000641 	435 	71 	76 	75 
000642 	435 	71 	76 	75 
000643 	435 	71 	76 	75 
000644 	435 	71 	76 	75 
000645 	435 	71 	76 	75 
000646 	435 	71 	76 	75 
000647 	435 	71 	76 	75 
000648 	435 	71 	76 	75 
000649 	435 	71 	76 	75 
000650 	435 	62 	76 	76 
000651 	435 	62 	76 	76 
000652 	435 	62 	76 	76 
000653 	435 	62 	76 	76 
000654 	423 	55 	91 	91 
000655 	423 	55 	91 	91 
000656 	427 	62 	76 	76 
000657 	427 	62 	76 	76 
000658 	419 	71 	75 	75 
000659 	419 	71 	75 	75 
000660 	419 	71 	75 	75 
000661 	419 	71 	75 	75 
000662 	403 	65 	91 	91 
000663 	403 	65 	91 	91 
000664 	419 	79 	75 	76 
000665 	419 	79 	75 	76 
000666 	419 	79 	75 	76 
000667 	419 	79 	75 	76 
000668 	419 	79 	75 	76 
000669 	419 	79 	75 	76 
000670 	419 	79 	75 	76 
000671 	410 	79 	76 	76 
000672 	410 	79 	76 	76 
000673 	410 	79 	76 	76 
000674 	410 	79 	76 	76 
000675 	410 	79 	76 	76 
000676 	410 	79 	76 	76 
000677 	410 	79 	76 	76 
000678 	403 	65 	91 	91 
000679 	410 	71 	76 	75 
000680 	410 	71 	76 	75 
000681 	410 	71 	76 	75 
000682 	410 	71 	76 	75 
000683 	410 	71 	76 	75 
000684 	410 	71 	76 	75 
000685 	410 	71 	76 	75 
000686 	410 	71 	76 	75 
000687 	410 	71 	76 	75 
000688 	410 	71 	76 	75 
000689 	410 	71 	76 	75 
000690 	410 	71 	76 	75 
000691 	410 	71 	76 	75 
000692 	410 	71 	76 	75 
000693 	410 	71 	76 	75 
000694 	410 	71 	76 	75 
000695 	410 	71 	76 	75 
000696 	419 	71 	75 	75 
000697 	419 	71 	75 	75 
000698 	419 	71 	75 	75 
000699 	419 	71 	75 	75 
000700 	419 	71 	75 	75 
000701 	419 	71 	75 	75 
000702 	419 	71 	75 	75 
000703 	419 	71 	75 	75 
000704 	419 	71 	75 	75 
000705 	419 	71 	75 	75 
000706 	419 	71 	75 	75 
000707 	419 	71 	75 	75 
000708 	419 	71 	75 	75 
000709 	419 	71 	75 	75 
000710 	419 	71 	75 	75 
000711 	419 	71 	75 	75 
000712 	419 	71 	75 	75 
000713 	419 	71 	75 	75 
000714 	419 	71 	75 	75 
000715 	419 	71 	75 	75 
000716 	419 	71 	75 	75 
000717 	427 	79 	76 	76 
000718 	427 	79 	76 	76 
000719 	427 	79 	76 	76 
000720 	427 	79 	76 	76 
000721 	427 	87 	76 	76 
000722 	427 	87 	76 	76 
000723 	427 	87 	76 	76 
000724 	419 	79 	75 	76 
000725 	419 	79 	75 	76 
000726 	419 	79 	75 	76 
000727 	427 	79 	76 	76 
000728 	427 	79 	76 	76 
000729 	427 	79 	76 	76 
000730 	427 	79 	76 	76 
000731 	427 	79 	76 	76 
000732 	427 	79 	76 	76 
000733 	427 	79 	76 	76 
000734 	427 	79 	76 	76 
000735 	439 	87 	63 	63 
000736 	435 	79 	76 	76 
000737 	435 	79 	76 	76 
000738 	439 	80 	63 	63 
000739 	439 	80 	63 	63 
000740 	427 	71 	76 	75 
000741 	432 	80 	63 	63 
000742 	419 	71 	75 	75 
000743 	419 	71 	75 	75 
000744 	419 	71 	75 	75 
000745 	427 	71 	76 	75 
000746 	427 	71 	76 	75 
000747 	427 	79 	76 	76 
000748 	427 	79 	76 	76 
000749 	427 	79 	76 	76 
000750 	427 	71 	76 	75 
000751 	427 	71 	76 	75 
000752 	427 	71 	76 	75 
000753 	427 	71 	76 	75 
000754 	427 	71 	76 	75 
000755 	427 	71 	76 	75 
000756 	439 	80 	63 	63 
000757 	435 	71 	76 	75 
000758 	435 	71 	76 	75 
000759 	435 	71 	76 	75 
000760 	435 	71 	76 	75 
000761 	435 	71 	76 	75 
000762 	435 	71 	76 	75 
000763 	439 	80 	63 	63 
000764 	427 	71 	76 	75 
000765 	427 	71 	76 	75 
000766 	427 	62 	76 	76 
000767 	427 	62 	76 	76 
000768 	427 	62 	76 	76 
000769 	423 	55 	91 	91 
000770 	423 	55 	91 	91 
000771 	423 	55 	91 	91 
000772 	423 	55 	91 	91 
000773 	423 	55 	91 	91 
000774 	423 	55 	91 	91 
000775 	435 	62 	76 	76 
000776 	435 	62 	76 	76 
000777 	435 	62 	76 	76 
000778 	435 	62 	76 	76 
000779 	435 	62 	76 	76 
000780 	435 	62 	76 	76 
000781 	423 	55 	91 	91 
000782 	427 	62 	76 	76 
000783 	427 	62 	76 	76 
000784 	427 	62 	76 	76 
000785 	427 	62 	76 	76 
000786 	427 	62 	76 	76 
000787 	427 	71 	76 	75 
000788 	413 	65 	91 	91 
000789 	413 	65 	91 	91 
000790 	419 	71 	75 	75 
000791 	419 	71 	75 	75 
000792 	419 	71 	75 	75 
000793 	419 	62 	75 	76 
000794 	419 	62 	75 	76 
000795 	419 	54 	75 	76 
000796 	419 	54 	75 	76 
000797 	427 	54 	76 	76 
000798 	419 	54 	75 	76 
000799 	427 	54 	76 	76 
000800 	419 	54 	75 	76 
000801 	419 	54 	75 	76 
000802 	427 	62 	76 	76 
000803 	427 	62 	76 	76 
000804 	427 	62 	76 	76 
000805 	427 	71 	76 	75 
000806 	427 	71 	76 	75 
000807 	427 	71 	76 	75 
000808 	427 	71 	76 	75 
000809 	413 	55 	91 	91 
000810 	413 	55 	91 	91 
000811 	413 	55 	91 	91 
000812 	413 	55 	91 	91 
000813 	413 	55 	91 	91 
000814 	423 	55 	91 	91 
000815 	423 	55 	91 	91 
000816 	435 	71 	76 	75 
000817 	435 	71 	76 	75 
000818 	433 	65 	91 	91 
000819 	444 	79 	75 	76 
000820 	444 	79 	75 	76 
000821 	444 	79 	75 	76 
000822 	444 	71 	75 	75 
000823 	444 	71 	75 	75 
000824 	433 	55 	91 	91 
000825 	433 	55 	91 	91 
000826 	435 	62 	76 	76 
000827 	435 	62 	76 	76 
000828 	435 	54 	76 	76 
000829 	435 	54 	76 	76 
000830 	435 	54 	76 	76 
000831 	435 	54 	76 	76 
000832 	435 	54 	76 	76 
000833 	435 	54 	76 	76 
000834 	435 	54 	76 	76 
000835 	435 	54 	76 	76 
000836 	435 	54 	76 	76 
000837 	435 	62 	76 	76 
000838 	435 	62 	76 	76 
000839 	427 	71 	76 	75 
000840 	427 	71 	76 	75 
000841 	427 	71 	76 	75 
000842 	427 	71 	76 	75 
000843 	427 	62 	76 	76 
000844 	427 	62 	76 	76 
000845 	427 	62 	76 	76 
000846 	427 	62 	76 	76 
000847 	427 	62 	76 	76 
000848 	427 	62 	76 	76 
000849 	427 	62 	76 	76 
000850 	427 	62 	76 	76 
000851 	427 	62 	76 	76 
000852 	427 	62 	76 	76 
000853 	427 	62 	76 	76 
000854 	427 	62 	76 	76 
000855 	427 	62 	76 	76 
000856 	427 	62 	76 	76 
000857 	427 	71 	76 	75 
000858 	427 	71 	76 	75 
000859 	427 	71 	76 	75 
000860 	427 	71 	76 	75 
000861 	435 	71 	76 	75 
000862 	435 	71 	76 	75 
000863 	435 	71 	76 	75 
000864 	435 	71 	76 	75 
000865 	435 	71 	76 	75 
000866 	435 	71 	76 	75 
000867 	435 	71 	76 	75 
000868 	435 	71 	76 	75 
000869 	435 	71 	76 	75 
000870 	435 	71 	76 	75 
000871 	435 	71 	76 	75 
000872 	435 	71 	76 	75 
000873 	435 	71 	76 	75 
000874 	435 	71 	76 	75 
000875 	435 	71 	76 	75 
000876 	435 	71 	76 	75 
000877 	427 	71 	76 	75 
000878 	427 	62 	76 	76 
