Identity  : 	id10615
Reference : 	2vm63ejhA3k
Offset    : 	-1
FV Conf   : 	20.648
ASD Conf  : 	8.661

FRAME 	X 	Y 	W 	H 
007004 	269 	78 	108 	109 
007005 	269 	78 	108 	109 
007006 	269 	78 	108 	109 
007007 	269 	78 	108 	109 
007008 	269 	78 	108 	109 
007009 	269 	78 	108 	109 
007010 	269 	78 	108 	109 
007011 	274 	85 	90 	91 
007012 	274 	85 	90 	91 
007013 	257 	78 	109 	109 
007014 	257 	78 	109 	109 
007015 	245 	78 	109 	109 
007016 	245 	78 	109 	109 
007017 	233 	78 	109 	109 
007018 	233 	78 	109 	109 
007019 	233 	78 	109 	109 
007020 	233 	78 	109 	109 
007021 	234 	85 	90 	91 
007022 	234 	85 	90 	91 
007023 	234 	85 	90 	91 
007024 	234 	85 	90 	91 
007025 	233 	78 	109 	109 
007026 	233 	78 	109 	109 
007027 	234 	85 	90 	91 
007028 	221 	78 	109 	109 
007029 	221 	78 	109 	109 
007030 	221 	78 	109 	109 
007031 	224 	85 	91 	91 
007032 	224 	75 	91 	91 
007033 	224 	75 	91 	91 
007034 	224 	75 	91 	91 
007035 	221 	66 	109 	109 
007036 	221 	66 	109 	109 
007037 	221 	66 	109 	109 
007038 	221 	66 	109 	109 
007039 	234 	75 	90 	91 
007040 	234 	75 	90 	91 
007041 	234 	75 	90 	91 
007042 	234 	75 	90 	91 
007043 	234 	75 	90 	91 
007044 	221 	66 	109 	109 
007045 	221 	66 	109 	109 
007046 	221 	66 	109 	109 
007047 	221 	66 	109 	109 
007048 	221 	66 	109 	109 
007049 	209 	66 	109 	109 
007050 	209 	66 	109 	109 
007051 	214 	65 	91 	91 
007052 	197 	54 	109 	109 
007053 	197 	54 	109 	109 
007054 	214 	65 	91 	91 
007055 	197 	54 	109 	109 
007056 	214 	55 	91 	91 
007057 	214 	55 	91 	91 
007058 	214 	55 	91 	91 
007059 	214 	55 	91 	91 
007060 	214 	55 	91 	91 
007061 	214 	55 	91 	91 
007062 	197 	43 	109 	108 
007063 	197 	54 	109 	109 
007064 	197 	54 	109 	109 
007065 	204 	65 	91 	91 
007066 	214 	65 	91 	91 
007067 	214 	65 	91 	91 
007068 	224 	65 	91 	91 
007069 	234 	65 	90 	91 
007070 	233 	54 	109 	109 
007071 	245 	66 	109 	109 
007072 	245 	66 	109 	109 
007073 	257 	66 	109 	109 
007074 	257 	66 	109 	109 
007075 	257 	66 	109 	109 
007076 	257 	66 	109 	109 
007077 	274 	75 	90 	91 
007078 	269 	66 	108 	109 
007079 	269 	66 	108 	109 
007080 	269 	66 	108 	109 
007081 	269 	66 	108 	109 
007082 	269 	66 	108 	109 
007083 	284 	75 	90 	91 
007084 	269 	66 	108 	109 
007085 	269 	66 	108 	109 
007086 	269 	66 	108 	109 
007087 	269 	66 	108 	109 
007088 	269 	66 	108 	109 
007089 	257 	66 	109 	109 
007090 	257 	66 	109 	109 
007091 	257 	66 	109 	109 
007092 	257 	66 	109 	109 
007093 	257 	54 	109 	109 
007094 	257 	54 	109 	109 
007095 	269 	66 	108 	109 
007096 	257 	54 	109 	109 
007097 	269 	54 	108 	109 
007098 	269 	54 	108 	109 
007099 	269 	54 	108 	109 
007100 	269 	54 	108 	109 
007101 	269 	54 	108 	109 
007102 	257 	54 	109 	109 
007103 	257 	54 	109 	109 
007104 	257 	66 	109 	109 
007105 	257 	66 	109 	109 
007106 	245 	54 	109 	109 
007107 	257 	54 	109 	109 
007108 	257 	54 	109 	109 
007109 	257 	54 	109 	109 
007110 	245 	54 	109 	109 
007111 	245 	54 	109 	109 
007112 	245 	54 	109 	109 
007113 	245 	54 	109 	109 
007114 	245 	54 	109 	109 
007115 	245 	54 	109 	109 
007116 	245 	54 	109 	109 
007117 	245 	54 	109 	109 
007118 	245 	54 	109 	109 
007119 	245 	54 	109 	109 
007120 	254 	65 	90 	91 
007121 	245 	54 	109 	109 
007122 	245 	54 	109 	109 
007123 	245 	54 	109 	109 
007124 	245 	54 	109 	109 
007125 	245 	54 	109 	109 
007126 	254 	65 	90 	91 
007127 	245 	66 	109 	109 
007128 	245 	66 	109 	109 
007129 	245 	66 	109 	109 
007130 	245 	66 	109 	109 
007131 	245 	66 	109 	109 
007132 	245 	66 	109 	109 
007133 	233 	66 	109 	109 
007134 	233 	66 	109 	109 
007135 	233 	66 	109 	109 
007136 	234 	75 	90 	91 
007137 	221 	78 	109 	109 
007138 	221 	78 	109 	109 
007139 	234 	85 	90 	91 
007140 	234 	85 	90 	91 
007141 	233 	78 	109 	109 
007142 	233 	78 	109 	109 
007143 	233 	78 	109 	109 
007144 	233 	78 	109 	109 
007145 	233 	78 	109 	109 
007146 	233 	78 	109 	109 
007147 	233 	78 	109 	109 
007148 	233 	78 	109 	109 
007149 	233 	78 	109 	109 
007150 	221 	78 	109 	109 
007151 	221 	78 	109 	109 
007152 	221 	78 	109 	109 
007153 	221 	66 	109 	109 
007154 	221 	66 	109 	109 
007155 	234 	75 	90 	91 
007156 	233 	66 	109 	109 
007157 	233 	66 	109 	109 
007158 	233 	66 	109 	109 
007159 	233 	66 	109 	109 
007160 	233 	66 	109 	109 
007161 	233 	66 	109 	109 
007162 	244 	75 	90 	91 
007163 	244 	75 	90 	91 
007164 	233 	66 	109 	109 
007165 	233 	66 	109 	109 
007166 	233 	66 	109 	109 
007167 	245 	78 	109 	109 
007168 	245 	78 	109 	109 
007169 	244 	85 	90 	91 
007170 	244 	85 	90 	91 
007171 	244 	85 	90 	91 
007172 	244 	85 	90 	91 
007173 	244 	85 	90 	91 
007174 	244 	85 	90 	91 
007175 	245 	66 	109 	109 
007176 	245 	66 	109 	109 
007177 	254 	75 	90 	91 
007178 	264 	75 	90 	91 
007179 	264 	75 	90 	91 
007180 	264 	75 	90 	91 
007181 	264 	75 	90 	91 
007182 	264 	75 	90 	91 
007183 	245 	66 	109 	109 
007184 	245 	66 	109 	109 
007185 	245 	66 	109 	109 
007186 	257 	66 	109 	109 
007187 	257 	66 	109 	109 
007188 	257 	66 	109 	109 
007189 	274 	85 	90 	91 
007190 	274 	85 	90 	91 
007191 	274 	85 	90 	91 
007192 	274 	85 	90 	91 
007193 	269 	78 	108 	109 
007194 	274 	95 	90 	91 
007195 	269 	78 	108 	109 
007196 	269 	78 	108 	109 
007197 	269 	78 	108 	109 
007198 	269 	78 	108 	109 
007199 	269 	78 	108 	109 
007200 	274 	85 	90 	91 
007201 	257 	78 	109 	109 
007202 	257 	78 	109 	109 
007203 	257 	78 	109 	109 
007204 	257 	78 	109 	109 
007205 	257 	78 	109 	109 
007206 	257 	78 	109 	109 
007207 	257 	78 	109 	109 
007208 	257 	78 	109 	109 
007209 	257 	78 	109 	109 
007210 	264 	95 	90 	91 
007211 	245 	90 	109 	109 
007212 	254 	95 	90 	91 
007213 	245 	78 	109 	109 
007214 	254 	95 	90 	91 
007215 	254 	85 	90 	91 
007216 	254 	85 	90 	91 
007217 	254 	85 	90 	91 
007218 	245 	78 	109 	109 
007219 	245 	78 	109 	109 
007220 	245 	78 	109 	109 
007221 	245 	78 	109 	109 
007222 	245 	78 	109 	109 
007223 	245 	78 	109 	109 
007224 	244 	85 	90 	91 
007225 	244 	85 	90 	91 
007226 	244 	85 	90 	91 
007227 	233 	66 	109 	109 
007228 	233 	78 	109 	109 
007229 	233 	78 	109 	109 
007230 	233 	78 	109 	109 
007231 	233 	78 	109 	109 
007232 	233 	78 	109 	109 
007233 	233 	78 	109 	109 
007234 	233 	78 	109 	109 
007235 	233 	78 	109 	109 
007236 	233 	78 	109 	109 
007237 	244 	85 	90 	91 
007238 	244 	85 	90 	91 
007239 	244 	85 	90 	91 
007240 	245 	78 	109 	109 
007241 	245 	78 	109 	109 
007242 	254 	85 	90 	91 
007243 	254 	85 	90 	91 
007244 	254 	85 	90 	91 
007245 	254 	85 	90 	91 
007246 	254 	85 	90 	91 
007247 	254 	85 	90 	91 
007248 	254 	85 	90 	91 
007249 	254 	85 	90 	91 
007250 	245 	78 	109 	109 
007251 	245 	78 	109 	109 
007252 	244 	95 	90 	91 
007253 	244 	95 	90 	91 
007254 	233 	90 	109 	109 
007255 	233 	90 	109 	109 
007256 	233 	90 	109 	109 
007257 	234 	95 	90 	91 
007258 	221 	78 	109 	109 
007259 	221 	78 	109 	109 
