Identity  : 	id10513
Reference : 	A_W4kYirEVg
Offset    : 	-2
FV Conf   : 	16.280
ASD Conf  : 	6.390

FRAME 	X 	Y 	W 	H 
001141 	184 	85 	91 	91 
001142 	184 	85 	91 	91 
001143 	184 	95 	91 	91 
001144 	184 	85 	91 	91 
001145 	184 	85 	91 	91 
001146 	184 	85 	91 	91 
001147 	184 	85 	91 	91 
001148 	184 	85 	91 	91 
001149 	184 	85 	91 	91 
001150 	184 	85 	91 	91 
001151 	173 	90 	109 	109 
001152 	173 	90 	109 	109 
001153 	173 	90 	109 	109 
001154 	173 	90 	109 	109 
001155 	173 	90 	109 	109 
001156 	173 	90 	109 	109 
001157 	173 	90 	109 	109 
001158 	173 	90 	109 	109 
001159 	173 	90 	109 	109 
001160 	173 	90 	109 	109 
001161 	173 	90 	109 	109 
001162 	173 	90 	109 	109 
001163 	173 	90 	109 	109 
001164 	173 	90 	109 	109 
001165 	173 	90 	109 	109 
001166 	173 	90 	109 	109 
001167 	173 	90 	109 	109 
001168 	173 	90 	109 	109 
001169 	173 	90 	109 	109 
001170 	173 	90 	109 	109 
001171 	173 	90 	109 	109 
001172 	173 	90 	109 	109 
001173 	173 	90 	109 	109 
001174 	173 	90 	109 	109 
001175 	173 	90 	109 	109 
001176 	173 	90 	109 	109 
001177 	173 	90 	109 	109 
001178 	173 	90 	109 	109 
001179 	173 	90 	109 	109 
001180 	174 	105 	91 	91 
001181 	174 	105 	91 	91 
001182 	174 	105 	91 	91 
001183 	186 	104 	76 	76 
001184 	186 	104 	76 	76 
001185 	174 	105 	91 	91 
001186 	173 	90 	109 	109 
001187 	173 	90 	109 	109 
001188 	173 	90 	109 	109 
001189 	173 	90 	109 	109 
001190 	173 	90 	109 	109 
001191 	173 	90 	109 	109 
001192 	173 	90 	109 	109 
001193 	173 	90 	109 	109 
001194 	173 	90 	109 	109 
001195 	173 	90 	109 	109 
001196 	173 	90 	109 	109 
001197 	173 	90 	109 	109 
001198 	173 	90 	109 	109 
001199 	173 	90 	109 	109 
001200 	173 	90 	109 	109 
001201 	173 	102 	109 	109 
001202 	173 	102 	109 	109 
001203 	173 	102 	109 	109 
001204 	173 	90 	109 	109 
001205 	173 	90 	109 	109 
001206 	173 	90 	109 	109 
001207 	173 	90 	109 	109 
001208 	173 	102 	109 	109 
001209 	173 	102 	109 	109 
001210 	173 	102 	109 	109 
001211 	172 	102 	109 	109 
001212 	172 	102 	109 	109 
001213 	172 	102 	109 	109 
001214 	172 	102 	109 	109 
001215 	171 	102 	109 	109 
001216 	171 	102 	109 	109 
001217 	171 	102 	109 	109 
001218 	171 	102 	109 	109 
001219 	170 	102 	109 	109 
001220 	170 	102 	109 	109 
001221 	170 	102 	109 	109 
001222 	169 	102 	109 	109 
001223 	169 	102 	109 	109 
001224 	169 	102 	109 	109 
001225 	169 	102 	109 	109 
001226 	168 	102 	109 	109 
001227 	168 	102 	109 	109 
001228 	168 	102 	109 	109 
001229 	168 	102 	109 	109 
001230 	167 	102 	109 	109 
001231 	167 	102 	109 	109 
001232 	167 	102 	109 	109 
001233 	166 	102 	109 	109 
001234 	166 	102 	109 	109 
001235 	166 	102 	109 	109 
001236 	166 	102 	109 	109 
001237 	165 	102 	109 	109 
001238 	165 	102 	109 	109 
001239 	165 	102 	109 	109 
001240 	165 	102 	109 	109 
001241 	164 	102 	109 	109 
001242 	164 	102 	109 	109 
001243 	164 	102 	109 	109 
001244 	164 	102 	109 	109 
001245 	163 	102 	109 	109 
001246 	163 	102 	109 	109 
001247 	163 	102 	109 	109 
001248 	162 	102 	109 	109 
001249 	162 	102 	109 	109 
001250 	162 	102 	109 	109 
001251 	162 	102 	109 	109 
001252 	161 	102 	109 	109 
001253 	161 	102 	109 	109 
001254 	161 	102 	109 	109 
001255 	161 	102 	109 	109 
001256 	160 	102 	109 	109 
001257 	160 	102 	109 	109 
001258 	160 	102 	109 	109 
001259 	159 	102 	109 	109 
001260 	159 	102 	109 	109 
001261 	159 	102 	109 	109 
001262 	159 	102 	109 	109 
001263 	158 	102 	109 	109 
001264 	158 	102 	109 	109 
001265 	158 	102 	109 	109 
001266 	158 	102 	109 	109 
001267 	157 	102 	109 	109 
001268 	157 	102 	109 	109 
001269 	157 	102 	109 	109 
001270 	156 	102 	109 	109 
001271 	156 	102 	109 	109 
001272 	156 	102 	109 	109 
001273 	156 	102 	109 	109 
001274 	155 	102 	108 	109 
001275 	155 	102 	108 	109 
001276 	155 	102 	108 	109 
001277 	155 	102 	108 	109 
001278 	154 	102 	108 	109 
001279 	154 	102 	108 	109 
001280 	154 	102 	108 	109 
001281 	153 	102 	108 	109 
001282 	153 	102 	108 	109 
001283 	153 	102 	108 	109 
001284 	153 	102 	108 	109 
001285 	152 	102 	108 	109 
001286 	152 	102 	108 	109 
001287 	152 	102 	108 	109 
001288 	152 	102 	108 	109 
001289 	151 	102 	108 	109 
001290 	151 	102 	108 	109 
001291 	151 	102 	108 	109 
001292 	150 	102 	108 	109 
001293 	150 	102 	108 	109 
001294 	150 	102 	108 	109 
001295 	150 	102 	108 	109 
001296 	149 	102 	108 	109 
001297 	149 	102 	108 	109 
001298 	149 	102 	108 	109 
001299 	149 	102 	108 	109 
001300 	148 	102 	108 	109 
001301 	148 	102 	108 	109 
001302 	148 	102 	108 	109 
001303 	147 	102 	108 	109 
001304 	147 	102 	108 	109 
001305 	147 	102 	108 	109 
001306 	147 	102 	108 	109 
001307 	146 	102 	108 	109 
001308 	146 	102 	108 	109 
001309 	146 	102 	108 	109 
001310 	146 	102 	108 	109 
001311 	145 	102 	108 	109 
001312 	145 	102 	108 	109 
001313 	145 	102 	108 	109 
001314 	145 	102 	108 	109 
001315 	144 	102 	108 	109 
001316 	144 	102 	108 	109 
001317 	144 	102 	108 	109 
001318 	143 	102 	108 	109 
001319 	143 	102 	108 	109 
001320 	143 	102 	108 	109 
001321 	143 	102 	108 	109 
001322 	142 	102 	108 	109 
001323 	142 	102 	108 	109 
001324 	142 	102 	108 	109 
001325 	142 	102 	108 	109 
001326 	141 	102 	108 	109 
001327 	141 	102 	108 	109 
001328 	141 	102 	108 	109 
001329 	140 	102 	108 	109 
001330 	140 	102 	108 	109 
001331 	140 	102 	108 	109 
001332 	140 	102 	108 	109 
001333 	139 	102 	108 	109 
001334 	139 	102 	108 	109 
001335 	139 	102 	108 	109 
001336 	139 	102 	108 	109 
001337 	138 	102 	108 	109 
001338 	138 	102 	108 	109 
001339 	138 	102 	108 	109 
001340 	138 	102 	108 	109 
001341 	138 	102 	108 	109 
001342 	138 	102 	108 	109 
001343 	138 	102 	108 	109 
001344 	138 	102 	108 	109 
001345 	138 	102 	108 	109 
001346 	138 	102 	108 	109 
001347 	138 	102 	108 	109 
001348 	138 	90 	108 	109 
001349 	138 	90 	108 	109 
001350 	138 	90 	108 	109 
001351 	150 	90 	108 	109 
001352 	150 	90 	108 	109 
001353 	150 	90 	108 	109 
001354 	150 	90 	108 	109 
001355 	150 	90 	108 	109 
001356 	150 	90 	108 	109 
001357 	150 	90 	108 	109 
001358 	150 	90 	108 	109 
001359 	150 	90 	108 	109 
001360 	150 	102 	108 	109 
001361 	150 	102 	108 	109 
001362 	150 	102 	108 	109 
001363 	150 	102 	108 	109 
001364 	150 	102 	108 	109 
001365 	150 	102 	108 	109 
001366 	150 	102 	108 	109 
001367 	150 	102 	108 	109 
001368 	150 	102 	108 	109 
001369 	150 	102 	108 	109 
001370 	150 	102 	108 	109 
001371 	150 	102 	108 	109 
001372 	150 	102 	108 	109 
001373 	150 	102 	108 	109 
001374 	150 	102 	108 	109 
001375 	150 	102 	108 	109 
001376 	150 	102 	108 	109 
001377 	150 	102 	108 	109 
001378 	150 	102 	108 	109 
001379 	150 	102 	108 	109 
001380 	150 	102 	108 	109 
001381 	150 	102 	108 	109 
001382 	150 	102 	108 	109 
001383 	150 	102 	108 	109 
001384 	150 	102 	108 	109 
001385 	150 	102 	108 	109 
001386 	150 	102 	108 	109 
001387 	150 	102 	108 	109 
001388 	150 	102 	108 	109 
001389 	150 	102 	108 	109 
001390 	150 	102 	108 	109 
