Identity  : 	id10878
Reference : 	lq2Z0RoiKqc
Offset    : 	-4
FV Conf   : 	17.991
ASD Conf  : 	9.106

FRAME 	X 	Y 	W 	H 
010850 	244 	75 	90 	91 
010851 	244 	75 	90 	91 
010852 	244 	75 	90 	91 
010853 	244 	75 	90 	91 
010854 	244 	75 	90 	91 
010855 	244 	75 	90 	91 
010856 	244 	75 	90 	91 
010857 	244 	75 	90 	91 
010858 	244 	75 	90 	91 
010859 	244 	75 	90 	91 
010860 	244 	75 	90 	91 
010861 	244 	75 	90 	91 
010862 	244 	75 	90 	91 
010863 	244 	75 	90 	91 
010864 	244 	75 	90 	91 
010865 	244 	75 	90 	91 
010866 	244 	75 	90 	91 
010867 	244 	75 	90 	91 
010868 	244 	75 	90 	91 
010869 	244 	75 	90 	91 
010870 	244 	75 	90 	91 
010871 	244 	75 	90 	91 
010872 	244 	75 	90 	91 
010873 	244 	75 	90 	91 
010874 	244 	75 	90 	91 
010875 	244 	75 	90 	91 
010876 	244 	65 	90 	91 
010877 	244 	75 	90 	91 
010878 	244 	75 	90 	91 
010879 	244 	65 	90 	91 
010880 	254 	65 	90 	91 
010881 	254 	65 	90 	91 
010882 	264 	65 	90 	91 
010883 	264 	65 	90 	91 
010884 	278 	71 	75 	75 
010885 	278 	71 	75 	75 
010886 	274 	55 	90 	91 
010887 	286 	62 	76 	76 
010888 	286 	71 	76 	75 
010889 	286 	71 	76 	75 
010890 	286 	71 	76 	75 
010891 	286 	71 	76 	75 
010892 	286 	71 	76 	75 
010893 	274 	65 	90 	91 
010894 	278 	71 	75 	75 
010895 	264 	55 	90 	91 
010896 	264 	55 	90 	91 
010897 	264 	55 	90 	91 
010898 	264 	45 	90 	91 
010899 	274 	45 	90 	91 
010900 	274 	45 	90 	91 
010901 	284 	45 	90 	91 
010902 	284 	45 	90 	91 
010903 	284 	45 	90 	91 
010904 	284 	45 	90 	91 
010905 	284 	45 	90 	91 
010906 	284 	45 	90 	91 
010907 	284 	45 	90 	91 
010908 	284 	45 	90 	91 
010909 	286 	54 	76 	76 
010910 	274 	45 	90 	91 
010911 	274 	45 	90 	91 
010912 	274 	45 	90 	91 
010913 	274 	45 	90 	91 
010914 	278 	62 	75 	76 
010915 	278 	62 	75 	76 
010916 	264 	55 	90 	91 
010917 	264 	55 	90 	91 
010918 	264 	55 	90 	91 
010919 	264 	55 	90 	91 
010920 	264 	65 	90 	91 
010921 	264 	65 	90 	91 
010922 	264 	65 	90 	91 
010923 	264 	65 	90 	91 
010924 	264 	65 	90 	91 
010925 	264 	65 	90 	91 
010926 	264 	65 	90 	91 
010927 	264 	65 	90 	91 
010928 	264 	65 	90 	91 
010929 	264 	65 	90 	91 
010930 	264 	65 	90 	91 
010931 	264 	65 	90 	91 
010932 	264 	65 	90 	91 
010933 	264 	65 	90 	91 
010934 	264 	65 	90 	91 
010935 	264 	65 	90 	91 
010936 	264 	65 	90 	91 
010937 	264 	65 	90 	91 
010938 	264 	65 	90 	91 
010939 	264 	65 	90 	91 
010940 	278 	71 	75 	75 
010941 	274 	65 	90 	91 
010942 	274 	65 	90 	91 
010943 	274 	65 	90 	91 
010944 	286 	71 	76 	75 
010945 	286 	71 	76 	75 
010946 	286 	71 	76 	75 
010947 	274 	65 	90 	91 
010948 	274 	65 	90 	91 
010949 	264 	65 	90 	91 
010950 	254 	65 	90 	91 
010951 	254 	65 	90 	91 
010952 	254 	65 	90 	91 
010953 	244 	75 	90 	91 
010954 	244 	65 	90 	91 
010955 	254 	65 	90 	91 
010956 	254 	65 	90 	91 
010957 	254 	65 	90 	91 
010958 	264 	55 	90 	91 
010959 	264 	55 	90 	91 
010960 	278 	71 	75 	75 
010961 	278 	71 	75 	75 
010962 	274 	55 	90 	91 
010963 	274 	55 	90 	91 
010964 	274 	55 	90 	91 
010965 	274 	55 	90 	91 
010966 	274 	55 	90 	91 
010967 	274 	55 	90 	91 
010968 	274 	55 	90 	91 
010969 	278 	71 	75 	75 
010970 	264 	55 	90 	91 
010971 	264 	55 	90 	91 
010972 	269 	71 	76 	75 
010973 	269 	71 	76 	75 
010974 	254 	65 	90 	91 
010975 	254 	65 	90 	91 
010976 	254 	65 	90 	91 
010977 	244 	65 	90 	91 
010978 	244 	65 	90 	91 
010979 	244 	65 	90 	91 
010980 	234 	65 	90 	91 
010981 	234 	65 	90 	91 
010982 	234 	65 	90 	91 
010983 	234 	65 	90 	91 
010984 	234 	65 	90 	91 
010985 	234 	65 	90 	91 
010986 	234 	65 	90 	91 
010987 	234 	65 	90 	91 
010988 	234 	65 	90 	91 
010989 	234 	75 	90 	91 
010990 	234 	75 	90 	91 
010991 	234 	75 	90 	91 
010992 	234 	75 	90 	91 
010993 	234 	75 	90 	91 
010994 	234 	75 	90 	91 
010995 	236 	79 	76 	76 
010996 	236 	79 	76 	76 
010997 	236 	79 	76 	76 
010998 	224 	75 	91 	91 
010999 	224 	75 	91 	91 
011000 	224 	75 	91 	91 
011001 	224 	75 	91 	91 
011002 	224 	65 	91 	91 
011003 	224 	65 	91 	91 
011004 	224 	65 	91 	91 
011005 	224 	75 	91 	91 
011006 	224 	75 	91 	91 
011007 	224 	75 	91 	91 
011008 	224 	75 	91 	91 
011009 	236 	79 	76 	76 
011010 	236 	79 	76 	76 
011011 	236 	79 	76 	76 
011012 	236 	79 	76 	76 
011013 	236 	79 	76 	76 
011014 	236 	79 	76 	76 
011015 	234 	75 	90 	91 
011016 	234 	75 	90 	91 
011017 	234 	75 	90 	91 
011018 	234 	75 	90 	91 
011019 	234 	75 	90 	91 
011020 	234 	75 	90 	91 
011021 	236 	79 	76 	76 
011022 	236 	79 	76 	76 
011023 	236 	79 	76 	76 
011024 	236 	79 	76 	76 
011025 	221 	66 	109 	109 
011026 	236 	79 	76 	76 
011027 	234 	65 	90 	91 
011028 	234 	65 	90 	91 
011029 	234 	65 	90 	91 
011030 	234 	65 	90 	91 
011031 	234 	65 	90 	91 
011032 	234 	65 	90 	91 
011033 	234 	65 	90 	91 
011034 	234 	65 	90 	91 
011035 	234 	65 	90 	91 
011036 	236 	71 	76 	75 
011037 	236 	79 	76 	76 
011038 	236 	79 	76 	76 
011039 	224 	75 	91 	91 
011040 	224 	85 	91 	91 
011041 	236 	96 	76 	75 
011042 	224 	95 	91 	91 
011043 	224 	95 	91 	91 
011044 	224 	85 	91 	91 
011045 	236 	96 	76 	75 
011046 	235 	90 	83 	83 
011047 	234 	85 	90 	91 
011048 	244 	87 	76 	76 
011049 	244 	87 	76 	76 
011050 	253 	87 	75 	76 
011051 	253 	87 	75 	76 
011052 	253 	87 	75 	76 
011053 	253 	87 	75 	76 
011054 	253 	87 	75 	76 
011055 	253 	79 	75 	76 
011056 	244 	65 	90 	91 
011057 	244 	65 	90 	91 
011058 	244 	65 	90 	91 
011059 	244 	71 	76 	75 
011060 	244 	62 	76 	76 
011061 	244 	62 	76 	76 
011062 	244 	62 	76 	76 
