Identity  : 	id10151
Reference : 	OAO_M9Gqupc
Offset    : 	-2
FV Conf   : 	17.283
ASD Conf  : 	6.399

FRAME 	X 	Y 	W 	H 
000470 	244 	105 	90 	91 
000471 	244 	105 	90 	91 
000472 	244 	105 	90 	91 
000473 	244 	105 	90 	91 
000474 	244 	105 	90 	91 
000475 	244 	105 	90 	91 
000476 	244 	105 	90 	91 
000477 	244 	105 	90 	91 
000478 	244 	105 	90 	91 
000479 	244 	105 	90 	91 
000480 	244 	105 	90 	91 
000481 	244 	105 	90 	91 
000482 	244 	105 	90 	91 
000483 	244 	105 	90 	91 
000484 	244 	105 	90 	91 
000485 	244 	105 	90 	91 
000486 	244 	105 	90 	91 
000487 	244 	105 	90 	91 
000488 	244 	105 	90 	91 
000489 	244 	105 	90 	91 
000490 	244 	105 	90 	91 
000491 	244 	105 	90 	91 
000492 	244 	105 	90 	91 
000493 	244 	105 	90 	91 
000494 	244 	105 	90 	91 
000495 	244 	105 	90 	91 
000496 	244 	105 	90 	91 
000497 	244 	105 	90 	91 
000498 	244 	105 	90 	91 
000499 	244 	105 	90 	91 
000500 	244 	105 	90 	91 
000501 	244 	105 	90 	91 
000502 	244 	105 	90 	91 
000503 	244 	105 	90 	91 
000504 	244 	105 	90 	91 
000505 	244 	105 	90 	91 
000506 	244 	105 	90 	91 
000507 	244 	105 	90 	91 
000508 	244 	105 	90 	91 
000509 	244 	105 	90 	91 
000510 	244 	105 	90 	91 
000511 	244 	105 	90 	91 
000512 	244 	105 	90 	91 
000513 	244 	105 	90 	91 
000514 	244 	105 	90 	91 
000515 	244 	105 	90 	91 
000516 	244 	105 	90 	91 
000517 	244 	105 	90 	91 
000518 	244 	105 	90 	91 
000519 	244 	105 	90 	91 
000520 	244 	105 	90 	91 
000521 	244 	105 	90 	91 
000522 	244 	105 	90 	91 
000523 	244 	105 	90 	91 
000524 	244 	105 	90 	91 
000525 	244 	105 	90 	91 
000526 	244 	105 	90 	91 
000527 	244 	105 	90 	91 
000528 	244 	105 	90 	91 
000529 	244 	105 	90 	91 
000530 	244 	105 	90 	91 
000531 	244 	105 	90 	91 
000532 	244 	105 	90 	91 
000533 	244 	105 	90 	91 
000534 	244 	105 	90 	91 
000535 	244 	105 	90 	91 
000536 	244 	105 	90 	91 
000537 	244 	105 	90 	91 
000538 	244 	105 	90 	91 
000539 	244 	105 	90 	91 
000540 	244 	105 	90 	91 
000541 	244 	105 	90 	91 
000542 	244 	105 	90 	91 
000543 	244 	105 	90 	91 
000544 	244 	105 	90 	91 
000545 	244 	105 	90 	91 
000546 	244 	105 	90 	91 
000547 	244 	105 	90 	91 
000548 	244 	105 	90 	91 
000549 	244 	105 	90 	91 
000550 	244 	105 	90 	91 
000551 	244 	105 	90 	91 
000552 	244 	105 	90 	91 
000553 	244 	105 	90 	91 
000554 	254 	105 	90 	91 
000555 	244 	105 	90 	91 
000556 	244 	105 	90 	91 
000557 	244 	105 	90 	91 
000558 	244 	105 	90 	91 
000559 	244 	105 	90 	91 
000560 	254 	105 	90 	91 
000561 	254 	105 	90 	91 
000562 	254 	105 	90 	91 
000563 	254 	105 	90 	91 
000564 	254 	105 	90 	91 
000565 	254 	105 	90 	91 
000566 	254 	105 	90 	91 
000567 	254 	105 	90 	91 
000568 	254 	105 	90 	91 
000569 	254 	95 	90 	91 
000570 	254 	95 	90 	91 
000571 	254 	95 	90 	91 
000572 	254 	95 	90 	91 
000573 	254 	95 	90 	91 
000574 	254 	95 	90 	91 
000575 	254 	95 	90 	91 
000576 	254 	95 	90 	91 
000577 	254 	95 	90 	91 
000578 	254 	95 	90 	91 
000579 	254 	95 	90 	91 
000580 	254 	95 	90 	91 
000581 	254 	95 	90 	91 
000582 	254 	95 	90 	91 
000583 	254 	95 	90 	91 
000584 	254 	95 	90 	91 
000585 	254 	95 	90 	91 
000586 	254 	95 	90 	91 
000587 	244 	95 	90 	91 
000588 	244 	95 	90 	91 
000589 	244 	95 	90 	91 
000590 	244 	95 	90 	91 
000591 	244 	95 	90 	91 
000592 	244 	95 	90 	91 
000593 	244 	95 	90 	91 
000594 	244 	95 	90 	91 
000595 	244 	95 	90 	91 
000596 	244 	95 	90 	91 
