Identity  : 	id10151
Reference : 	OAO_M9Gqupc
Offset    : 	-1
FV Conf   : 	17.212
ASD Conf  : 	7.485

FRAME 	X 	Y 	W 	H 
003616 	274 	75 	90 	91 
003617 	274 	75 	90 	91 
003618 	269 	66 	108 	109 
003619 	269 	66 	108 	109 
003620 	269 	66 	108 	109 
003621 	269 	66 	108 	109 
003622 	269 	54 	108 	109 
003623 	269 	54 	108 	109 
003624 	269 	54 	108 	109 
003625 	269 	54 	108 	109 
003626 	269 	66 	108 	109 
003627 	269 	66 	108 	109 
003628 	269 	66 	108 	109 
003629 	274 	75 	90 	91 
003630 	274 	75 	90 	91 
003631 	274 	75 	90 	91 
003632 	257 	66 	109 	109 
003633 	257 	66 	109 	109 
003634 	264 	85 	90 	91 
003635 	245 	66 	109 	109 
003636 	245 	66 	109 	109 
003637 	245 	66 	109 	109 
003638 	245 	66 	109 	109 
003639 	245 	78 	109 	109 
003640 	245 	78 	109 	109 
003641 	245 	78 	109 	109 
003642 	245 	78 	109 	109 
003643 	245 	66 	109 	109 
003644 	245 	66 	109 	109 
003645 	245 	66 	109 	109 
003646 	245 	66 	109 	109 
003647 	245 	66 	109 	109 
003648 	245 	66 	109 	109 
003649 	245 	66 	109 	109 
003650 	245 	66 	109 	109 
003651 	245 	66 	109 	109 
003652 	245 	66 	109 	109 
003653 	264 	75 	90 	91 
003654 	264 	85 	90 	91 
003655 	264 	75 	90 	91 
003656 	257 	78 	109 	109 
003657 	257 	78 	109 	109 
003658 	257 	78 	109 	109 
003659 	257 	78 	109 	109 
003660 	257 	78 	109 	109 
003661 	257 	78 	109 	109 
003662 	257 	78 	109 	109 
003663 	264 	85 	90 	91 
003664 	264 	85 	90 	91 
003665 	264 	85 	90 	91 
003666 	257 	78 	109 	109 
003667 	257 	78 	109 	109 
003668 	264 	85 	90 	91 
003669 	257 	78 	109 	109 
003670 	257 	78 	109 	109 
003671 	257 	78 	109 	109 
003672 	257 	78 	109 	109 
003673 	257 	78 	109 	109 
003674 	257 	78 	109 	109 
003675 	257 	78 	109 	109 
003676 	257 	66 	109 	109 
003677 	257 	78 	109 	109 
003678 	257 	66 	109 	109 
003679 	257 	66 	109 	109 
003680 	257 	66 	109 	109 
003681 	257 	78 	109 	109 
003682 	257 	78 	109 	109 
003683 	257 	78 	109 	109 
003684 	257 	66 	109 	109 
003685 	257 	66 	109 	109 
003686 	257 	66 	109 	109 
003687 	257 	66 	109 	109 
003688 	274 	85 	90 	91 
003689 	274 	85 	90 	91 
003690 	274 	85 	90 	91 
003691 	274 	85 	90 	91 
003692 	274 	85 	90 	91 
003693 	274 	85 	90 	91 
003694 	274 	85 	90 	91 
003695 	274 	85 	90 	91 
003696 	274 	85 	90 	91 
003697 	274 	85 	90 	91 
003698 	274 	85 	90 	91 
003699 	274 	85 	90 	91 
003700 	274 	85 	90 	91 
003701 	274 	85 	90 	91 
003702 	269 	78 	108 	109 
003703 	269 	78 	108 	109 
003704 	269 	78 	108 	109 
003705 	269 	78 	108 	109 
003706 	274 	85 	90 	91 
003707 	274 	85 	90 	91 
003708 	274 	85 	90 	91 
003709 	269 	78 	108 	109 
003710 	274 	85 	90 	91 
003711 	274 	85 	90 	91 
003712 	274 	85 	90 	91 
003713 	274 	85 	90 	91 
003714 	269 	78 	108 	109 
003715 	269 	78 	108 	109 
003716 	269 	78 	108 	109 
003717 	274 	85 	90 	91 
003718 	274 	85 	90 	91 
003719 	274 	85 	90 	91 
003720 	274 	85 	90 	91 
003721 	269 	78 	108 	109 
003722 	269 	78 	108 	109 
003723 	274 	85 	90 	91 
003724 	274 	85 	90 	91 
003725 	274 	85 	90 	91 
003726 	274 	85 	90 	91 
003727 	274 	85 	90 	91 
003728 	274 	85 	90 	91 
003729 	274 	85 	90 	91 
003730 	274 	85 	90 	91 
003731 	274 	85 	90 	91 
003732 	274 	85 	90 	91 
003733 	274 	85 	90 	91 
003734 	274 	85 	90 	91 
003735 	269 	78 	108 	109 
003736 	269 	78 	108 	109 
003737 	269 	78 	108 	109 
003738 	269 	78 	108 	109 
003739 	269 	78 	108 	109 
003740 	269 	78 	108 	109 
003741 	269 	78 	108 	109 
003742 	269 	78 	108 	109 
003743 	269 	78 	108 	109 
003744 	284 	85 	90 	91 
003745 	284 	85 	90 	91 
003746 	269 	78 	108 	109 
003747 	269 	78 	108 	109 
003748 	269 	78 	108 	109 
003749 	269 	78 	108 	109 
003750 	284 	85 	90 	91 
003751 	284 	85 	90 	91 
003752 	269 	78 	108 	109 
003753 	269 	78 	108 	109 
003754 	269 	78 	108 	109 
003755 	269 	78 	108 	109 
003756 	269 	78 	108 	109 
003757 	284 	85 	90 	91 
003758 	284 	75 	90 	91 
003759 	294 	75 	90 	91 
003760 	284 	75 	90 	91 
003761 	284 	75 	90 	91 
003762 	284 	75 	90 	91 
003763 	284 	75 	90 	91 
003764 	284 	75 	90 	91 
003765 	284 	75 	90 	91 
003766 	284 	75 	90 	91 
003767 	284 	75 	90 	91 
003768 	284 	85 	90 	91 
003769 	284 	85 	90 	91 
003770 	284 	85 	90 	91 
003771 	284 	85 	90 	91 
003772 	284 	85 	90 	91 
003773 	284 	85 	90 	91 
003774 	284 	85 	90 	91 
003775 	284 	85 	90 	91 
003776 	284 	75 	90 	91 
003777 	284 	75 	90 	91 
003778 	284 	75 	90 	91 
003779 	284 	75 	90 	91 
003780 	284 	75 	90 	91 
003781 	284 	75 	90 	91 
003782 	284 	85 	90 	91 
003783 	284 	85 	90 	91 
003784 	284 	85 	90 	91 
003785 	284 	85 	90 	91 
003786 	284 	85 	90 	91 
003787 	284 	85 	90 	91 
003788 	284 	85 	90 	91 
003789 	284 	85 	90 	91 
003790 	284 	85 	90 	91 
003791 	284 	85 	90 	91 
003792 	284 	85 	90 	91 
003793 	269 	78 	108 	109 
003794 	269 	78 	108 	109 
003795 	284 	85 	90 	91 
003796 	284 	85 	90 	91 
003797 	284 	85 	90 	91 
003798 	284 	85 	90 	91 
003799 	284 	85 	90 	91 
003800 	284 	85 	90 	91 
003801 	284 	85 	90 	91 
003802 	284 	85 	90 	91 
003803 	284 	85 	90 	91 
003804 	284 	85 	90 	91 
003805 	284 	85 	90 	91 
003806 	284 	85 	90 	91 
003807 	284 	85 	90 	91 
003808 	284 	85 	90 	91 
003809 	284 	75 	90 	91 
003810 	284 	75 	90 	91 
003811 	269 	66 	108 	109 
003812 	269 	66 	108 	109 
003813 	284 	75 	90 	91 
003814 	284 	75 	90 	91 
003815 	284 	75 	90 	91 
003816 	284 	75 	90 	91 
003817 	284 	75 	90 	91 
003818 	284 	75 	90 	91 
003819 	284 	75 	90 	91 
003820 	284 	75 	90 	91 
003821 	284 	75 	90 	91 
003822 	284 	75 	90 	91 
003823 	284 	85 	90 	91 
003824 	284 	85 	90 	91 
003825 	284 	85 	90 	91 
003826 	284 	85 	90 	91 
003827 	284 	85 	90 	91 
003828 	284 	85 	90 	91 
003829 	284 	85 	90 	91 
003830 	269 	66 	108 	109 
003831 	284 	75 	90 	91 
003832 	284 	75 	90 	91 
003833 	284 	75 	90 	91 
003834 	284 	75 	90 	91 
003835 	284 	75 	90 	91 
003836 	284 	75 	90 	91 
003837 	281 	66 	108 	109 
003838 	281 	66 	108 	109 
003839 	281 	66 	108 	109 
003840 	281 	66 	108 	109 
003841 	294 	75 	90 	91 
003842 	294 	75 	90 	91 
003843 	294 	75 	90 	91 
003844 	294 	75 	90 	91 
003845 	294 	75 	90 	91 
003846 	294 	75 	90 	91 
003847 	294 	75 	90 	91 
003848 	294 	75 	90 	91 
003849 	294 	65 	90 	91 
003850 	294 	65 	90 	91 
003851 	294 	65 	90 	91 
003852 	294 	65 	90 	91 
003853 	294 	65 	90 	91 
003854 	294 	65 	90 	91 
003855 	294 	65 	90 	91 
003856 	294 	65 	90 	91 
003857 	294 	65 	90 	91 
003858 	294 	65 	90 	91 
003859 	281 	54 	108 	109 
003860 	284 	65 	90 	91 
003861 	269 	54 	108 	109 
003862 	269 	54 	108 	109 
003863 	274 	65 	90 	91 
003864 	257 	54 	109 	109 
003865 	257 	54 	109 	109 
003866 	264 	65 	90 	91 
003867 	245 	54 	109 	109 
003868 	245 	66 	109 	109 
003869 	245 	66 	109 	109 
003870 	233 	66 	109 	109 
003871 	233 	66 	109 	109 
003872 	221 	66 	109 	109 
003873 	221 	78 	109 	109 
003874 	221 	78 	109 	109 
003875 	221 	78 	109 	109 
003876 	209 	78 	109 	109 
003877 	209 	78 	109 	109 
003878 	209 	78 	109 	109 
003879 	209 	78 	109 	109 
003880 	209 	78 	109 	109 
003881 	209 	78 	109 	109 
003882 	209 	78 	109 	109 
003883 	209 	78 	109 	109 
003884 	209 	78 	109 	109 
003885 	209 	78 	109 	109 
003886 	209 	78 	109 	109 
003887 	209 	78 	109 	109 
003888 	209 	78 	109 	109 
003889 	209 	78 	109 	109 
003890 	221 	78 	109 	109 
003891 	221 	78 	109 	109 
003892 	221 	78 	109 	109 
003893 	221 	78 	109 	109 
003894 	221 	78 	109 	109 
003895 	221 	78 	109 	109 
003896 	221 	78 	109 	109 
003897 	221 	78 	109 	109 
003898 	233 	78 	109 	109 
003899 	233 	78 	109 	109 
003900 	244 	85 	90 	91 
003901 	233 	78 	109 	109 
003902 	233 	78 	109 	109 
003903 	233 	78 	109 	109 
003904 	221 	78 	109 	109 
003905 	221 	78 	109 	109 
003906 	221 	78 	109 	109 
003907 	221 	78 	109 	109 
003908 	221 	78 	109 	109 
003909 	244 	85 	90 	91 
003910 	244 	85 	90 	91 
003911 	244 	85 	90 	91 
003912 	244 	85 	90 	91 
003913 	244 	85 	90 	91 
003914 	244 	85 	90 	91 
003915 	244 	85 	90 	91 
003916 	244 	85 	90 	91 
003917 	244 	85 	90 	91 
003918 	244 	85 	90 	91 
003919 	233 	78 	109 	109 
003920 	244 	85 	90 	91 
003921 	244 	85 	90 	91 
003922 	244 	85 	90 	91 
003923 	244 	85 	90 	91 
003924 	244 	85 	90 	91 
003925 	244 	85 	90 	91 
003926 	244 	85 	90 	91 
003927 	244 	85 	90 	91 
003928 	244 	85 	90 	91 
003929 	244 	85 	90 	91 
003930 	221 	78 	109 	109 
003931 	221 	78 	109 	109 
003932 	221 	78 	109 	109 
003933 	221 	78 	109 	109 
003934 	244 	95 	90 	91 
003935 	221 	78 	109 	109 
003936 	221 	78 	109 	109 
003937 	221 	78 	109 	109 
003938 	221 	78 	109 	109 
003939 	221 	78 	109 	109 
003940 	221 	78 	109 	109 
003941 	221 	78 	109 	109 
003942 	221 	78 	109 	109 
003943 	221 	78 	109 	109 
003944 	221 	78 	109 	109 
003945 	221 	78 	109 	109 
003946 	244 	95 	90 	91 
003947 	244 	95 	90 	91 
003948 	244 	85 	90 	91 
003949 	244 	85 	90 	91 
003950 	244 	85 	90 	91 
003951 	221 	66 	109 	109 
003952 	221 	66 	109 	109 
003953 	221 	66 	109 	109 
003954 	221 	66 	109 	109 
003955 	221 	66 	109 	109 
003956 	221 	66 	109 	109 
003957 	221 	66 	109 	109 
003958 	221 	66 	109 	109 
003959 	221 	66 	109 	109 
003960 	221 	66 	109 	109 
003961 	221 	66 	109 	109 
003962 	221 	66 	109 	109 
003963 	221 	66 	109 	109 
003964 	221 	66 	109 	109 
003965 	221 	66 	109 	109 
003966 	221 	66 	109 	109 
003967 	221 	66 	109 	109 
003968 	221 	66 	109 	109 
003969 	221 	66 	109 	109 
003970 	221 	66 	109 	109 
003971 	221 	66 	109 	109 
003972 	221 	66 	109 	109 
003973 	221 	66 	109 	109 
003974 	221 	66 	109 	109 
003975 	233 	78 	109 	109 
003976 	234 	85 	90 	91 
003977 	234 	85 	90 	91 
003978 	234 	85 	90 	91 
003979 	221 	78 	109 	109 
003980 	221 	78 	109 	109 
003981 	221 	78 	109 	109 
003982 	221 	90 	109 	109 
003983 	221 	90 	109 	109 
003984 	221 	90 	109 	109 
003985 	221 	90 	109 	109 
003986 	224 	95 	91 	91 
003987 	209 	78 	109 	109 
003988 	209 	78 	109 	109 
003989 	209 	78 	109 	109 
003990 	209 	90 	109 	109 
003991 	209 	90 	109 	109 
003992 	209 	90 	109 	109 
003993 	209 	78 	109 	109 
003994 	209 	78 	109 	109 
003995 	209 	78 	109 	109 
003996 	209 	78 	109 	109 
003997 	209 	78 	109 	109 
003998 	224 	85 	91 	91 
003999 	224 	85 	91 	91 
004000 	224 	85 	91 	91 
004001 	224 	85 	91 	91 
004002 	224 	85 	91 	91 
004003 	224 	85 	91 	91 
004004 	224 	85 	91 	91 
004005 	224 	85 	91 	91 
004006 	209 	66 	109 	109 
004007 	209 	66 	109 	109 
004008 	209 	66 	109 	109 
004009 	209 	66 	109 	109 
004010 	209 	66 	109 	109 
004011 	209 	66 	109 	109 
004012 	209 	66 	109 	109 
004013 	209 	66 	109 	109 
004014 	209 	66 	109 	109 
004015 	209 	54 	109 	109 
004016 	197 	54 	109 	109 
004017 	197 	54 	109 	109 
004018 	197 	54 	109 	109 
004019 	197 	54 	109 	109 
004020 	197 	54 	109 	109 
004021 	197 	54 	109 	109 
004022 	197 	54 	109 	109 
004023 	197 	54 	109 	109 
004024 	197 	54 	109 	109 
004025 	197 	54 	109 	109 
004026 	197 	54 	109 	109 
004027 	197 	54 	109 	109 
004028 	197 	54 	109 	109 
004029 	197 	66 	109 	109 
004030 	197 	66 	109 	109 
004031 	197 	66 	109 	109 
004032 	197 	66 	109 	109 
004033 	197 	66 	109 	109 
004034 	197 	66 	109 	109 
004035 	197 	66 	109 	109 
004036 	197 	78 	109 	109 
004037 	197 	78 	109 	109 
004038 	197 	78 	109 	109 
004039 	197 	78 	109 	109 
004040 	197 	78 	109 	109 
004041 	197 	78 	109 	109 
004042 	197 	78 	109 	109 
004043 	197 	78 	109 	109 
004044 	197 	78 	109 	109 
004045 	197 	78 	109 	109 
004046 	197 	78 	109 	109 
004047 	197 	78 	109 	109 
004048 	197 	78 	109 	109 
004049 	197 	78 	109 	109 
004050 	197 	78 	109 	109 
004051 	197 	78 	109 	109 
004052 	197 	78 	109 	109 
004053 	197 	78 	109 	109 
004054 	197 	78 	109 	109 
004055 	197 	78 	109 	109 
004056 	197 	78 	109 	109 
004057 	197 	78 	109 	109 
004058 	197 	78 	109 	109 
004059 	197 	78 	109 	109 
004060 	197 	78 	109 	109 
004061 	197 	78 	109 	109 
004062 	197 	78 	109 	109 
004063 	197 	78 	109 	109 
004064 	197 	78 	109 	109 
004065 	197 	78 	109 	109 
004066 	197 	78 	109 	109 
004067 	197 	78 	109 	109 
004068 	197 	78 	109 	109 
004069 	197 	78 	109 	109 
004070 	197 	66 	109 	109 
004071 	214 	75 	91 	91 
004072 	214 	75 	91 	91 
004073 	224 	75 	91 	91 
004074 	221 	66 	109 	109 
004075 	221 	66 	109 	109 
004076 	209 	54 	109 	109 
004077 	209 	54 	109 	109 
004078 	209 	54 	109 	109 
004079 	209 	54 	109 	109 
004080 	224 	75 	91 	91 
004081 	221 	66 	109 	109 
004082 	234 	75 	90 	91 
004083 	234 	75 	90 	91 
004084 	234 	75 	90 	91 
004085 	234 	75 	90 	91 
004086 	234 	75 	90 	91 
004087 	234 	75 	90 	91 
004088 	234 	75 	90 	91 
004089 	234 	75 	90 	91 
004090 	234 	75 	90 	91 
004091 	234 	75 	90 	91 
004092 	234 	75 	90 	91 
004093 	234 	75 	90 	91 
004094 	234 	75 	90 	91 
004095 	234 	75 	90 	91 
004096 	234 	75 	90 	91 
004097 	234 	85 	90 	91 
004098 	234 	85 	90 	91 
004099 	234 	85 	90 	91 
004100 	234 	85 	90 	91 
004101 	234 	85 	90 	91 
004102 	234 	85 	90 	91 
004103 	234 	85 	90 	91 
004104 	234 	85 	90 	91 
004105 	234 	85 	90 	91 
004106 	234 	85 	90 	91 
004107 	221 	78 	109 	109 
004108 	221 	78 	109 	109 
004109 	234 	75 	90 	91 
004110 	234 	75 	90 	91 
004111 	234 	75 	90 	91 
004112 	234 	75 	90 	91 
004113 	234 	75 	90 	91 
004114 	234 	75 	90 	91 
004115 	234 	75 	90 	91 
004116 	234 	75 	90 	91 
004117 	234 	75 	90 	91 
004118 	234 	75 	90 	91 
004119 	234 	75 	90 	91 
004120 	234 	75 	90 	91 
004121 	234 	75 	90 	91 
004122 	234 	75 	90 	91 
004123 	234 	75 	90 	91 
004124 	234 	75 	90 	91 
004125 	234 	75 	90 	91 
004126 	234 	75 	90 	91 
004127 	221 	66 	109 	109 
004128 	234 	85 	90 	91 
004129 	234 	85 	90 	91 
004130 	234 	85 	90 	91 
004131 	234 	85 	90 	91 
004132 	234 	85 	90 	91 
004133 	234 	85 	90 	91 
004134 	234 	85 	90 	91 
004135 	234 	85 	90 	91 
004136 	224 	85 	91 	91 
004137 	209 	78 	109 	109 
004138 	209 	78 	109 	109 
004139 	209 	78 	109 	109 
004140 	209 	78 	109 	109 
004141 	209 	78 	109 	109 
004142 	234 	95 	90 	91 
004143 	221 	90 	109 	109 
004144 	221 	90 	109 	109 
004145 	234 	95 	90 	91 
004146 	221 	90 	109 	109 
004147 	221 	90 	109 	109 
004148 	221 	90 	109 	109 
004149 	234 	95 	90 	91 
004150 	234 	95 	90 	91 
004151 	209 	78 	109 	109 
004152 	209 	78 	109 	109 
004153 	209 	78 	109 	109 
004154 	209 	78 	109 	109 
004155 	209 	78 	109 	109 
004156 	209 	78 	109 	109 
004157 	234 	95 	90 	91 
004158 	234 	95 	90 	91 
004159 	209 	78 	109 	109 
004160 	209 	78 	109 	109 
004161 	209 	78 	109 	109 
004162 	209 	78 	109 	109 
004163 	209 	78 	109 	109 
004164 	209 	78 	109 	109 
004165 	224 	85 	91 	91 
004166 	209 	78 	109 	109 
004167 	209 	78 	109 	109 
004168 	209 	78 	109 	109 
004169 	209 	78 	109 	109 
004170 	234 	95 	90 	91 
004171 	234 	95 	90 	91 
004172 	234 	95 	90 	91 
004173 	234 	95 	90 	91 
004174 	234 	95 	90 	91 
004175 	209 	78 	109 	109 
004176 	209 	78 	109 	109 
004177 	209 	78 	109 	109 
004178 	209 	78 	109 	109 
004179 	209 	78 	109 	109 
004180 	209 	78 	109 	109 
004181 	209 	78 	109 	109 
004182 	209 	78 	109 	109 
004183 	209 	78 	109 	109 
004184 	209 	78 	109 	109 
004185 	209 	66 	109 	109 
004186 	209 	66 	109 	109 
004187 	209 	54 	109 	109 
004188 	209 	54 	109 	109 
004189 	209 	43 	109 	108 
004190 	209 	43 	109 	108 
004191 	209 	43 	109 	108 
004192 	209 	43 	109 	108 
004193 	209 	43 	109 	108 
004194 	209 	54 	109 	109 
004195 	197 	54 	109 	109 
004196 	197 	54 	109 	109 
004197 	197 	66 	109 	109 
004198 	197 	66 	109 	109 
004199 	197 	66 	109 	109 
004200 	197 	66 	109 	109 
004201 	197 	66 	109 	109 
004202 	197 	54 	109 	109 
004203 	197 	54 	109 	109 
004204 	209 	54 	109 	109 
004205 	209 	54 	109 	109 
004206 	209 	54 	109 	109 
004207 	209 	54 	109 	109 
004208 	214 	75 	91 	91 
004209 	197 	54 	109 	109 
004210 	197 	54 	109 	109 
004211 	197 	54 	109 	109 
004212 	197 	54 	109 	109 
004213 	209 	54 	109 	109 
004214 	209 	54 	109 	109 
004215 	209 	54 	109 	109 
004216 	209 	54 	109 	109 
004217 	209 	54 	109 	109 
004218 	209 	54 	109 	109 
004219 	209 	54 	109 	109 
004220 	209 	54 	109 	109 
004221 	209 	54 	109 	109 
004222 	209 	54 	109 	109 
004223 	209 	54 	109 	109 
004224 	209 	54 	109 	109 
004225 	209 	54 	109 	109 
004226 	209 	54 	109 	109 
004227 	224 	75 	91 	91 
004228 	224 	75 	91 	91 
004229 	224 	65 	91 	91 
004230 	224 	65 	91 	91 
004231 	224 	65 	91 	91 
004232 	224 	65 	91 	91 
004233 	224 	65 	91 	91 
004234 	224 	65 	91 	91 
004235 	224 	65 	91 	91 
004236 	224 	65 	91 	91 
004237 	224 	65 	91 	91 
004238 	224 	65 	91 	91 
004239 	224 	65 	91 	91 
004240 	224 	65 	91 	91 
004241 	224 	65 	91 	91 
004242 	224 	65 	91 	91 
004243 	221 	66 	109 	109 
004244 	221 	66 	109 	109 
004245 	221 	66 	109 	109 
004246 	221 	66 	109 	109 
004247 	234 	75 	90 	91 
004248 	234 	75 	90 	91 
004249 	234 	75 	90 	91 
004250 	234 	75 	90 	91 
004251 	234 	75 	90 	91 
004252 	233 	66 	109 	109 
004253 	244 	75 	90 	91 
004254 	244 	75 	90 	91 
004255 	244 	75 	90 	91 
004256 	233 	66 	109 	109 
004257 	233 	66 	109 	109 
004258 	244 	85 	90 	91 
004259 	254 	85 	90 	91 
004260 	254 	85 	90 	91 
004261 	254 	85 	90 	91 
004262 	245 	78 	109 	109 
004263 	245 	78 	109 	109 
004264 	264 	95 	90 	91 
004265 	264 	95 	90 	91 
004266 	264 	95 	90 	91 
004267 	257 	78 	109 	109 
004268 	274 	95 	90 	91 
004269 	274 	95 	90 	91 
004270 	269 	78 	108 	109 
004271 	269 	78 	108 	109 
004272 	269 	78 	108 	109 
004273 	269 	78 	108 	109 
004274 	269 	78 	108 	109 
004275 	284 	85 	90 	91 
004276 	284 	85 	90 	91 
004277 	284 	85 	90 	91 
004278 	284 	85 	90 	91 
004279 	274 	85 	90 	91 
004280 	274 	85 	90 	91 
004281 	274 	85 	90 	91 
004282 	274 	85 	90 	91 
004283 	274 	85 	90 	91 
004284 	257 	78 	109 	109 
004285 	257 	78 	109 	109 
004286 	274 	85 	90 	91 
004287 	274 	85 	90 	91 
004288 	274 	85 	90 	91 
004289 	274 	85 	90 	91 
004290 	274 	85 	90 	91 
004291 	257 	78 	109 	109 
004292 	257 	78 	109 	109 
004293 	274 	85 	90 	91 
004294 	274 	85 	90 	91 
004295 	274 	85 	90 	91 
004296 	274 	85 	90 	91 
004297 	274 	85 	90 	91 
