Identity  : 	id10376
Reference : 	Xo3NYYGZw1c
Offset    : 	-1
FV Conf   : 	19.256
ASD Conf  : 	7.129

FRAME 	X 	Y 	W 	H 
000447 	410 	54 	76 	76 
000448 	410 	54 	76 	76 
000449 	410 	54 	76 	76 
000450 	410 	54 	76 	76 
000451 	410 	54 	76 	76 
000452 	410 	54 	76 	76 
000453 	410 	54 	76 	76 
000454 	410 	54 	76 	76 
000455 	410 	54 	76 	76 
000456 	410 	54 	76 	76 
000457 	410 	54 	76 	76 
000458 	410 	54 	76 	76 
000459 	410 	54 	76 	76 
000460 	410 	54 	76 	76 
000461 	410 	54 	76 	76 
000462 	410 	54 	76 	76 
000463 	410 	54 	76 	76 
000464 	410 	54 	76 	76 
000465 	410 	54 	76 	76 
000466 	410 	54 	76 	76 
000467 	410 	54 	76 	76 
000468 	410 	54 	76 	76 
000469 	410 	54 	76 	76 
000470 	410 	54 	76 	76 
000471 	410 	54 	76 	76 
000472 	410 	54 	76 	76 
000473 	410 	54 	76 	76 
000474 	410 	54 	76 	76 
000475 	410 	54 	76 	76 
000476 	410 	54 	76 	76 
000477 	410 	54 	76 	76 
000478 	410 	54 	76 	76 
000479 	410 	54 	76 	76 
000480 	410 	54 	76 	76 
000481 	410 	54 	76 	76 
000482 	410 	54 	76 	76 
000483 	410 	54 	76 	76 
000484 	410 	54 	76 	76 
000485 	410 	54 	76 	76 
000486 	410 	54 	76 	76 
000487 	410 	54 	76 	76 
000488 	410 	54 	76 	76 
000489 	410 	54 	76 	76 
000490 	410 	54 	76 	76 
000491 	410 	54 	76 	76 
000492 	410 	54 	76 	76 
000493 	410 	54 	76 	76 
000494 	410 	54 	76 	76 
000495 	411 	52 	63 	63 
000496 	402 	46 	76 	76 
000497 	402 	46 	76 	76 
000498 	394 	46 	75 	76 
000499 	383 	35 	91 	91 
000500 	385 	46 	76 	76 
000501 	385 	46 	76 	76 
000502 	385 	46 	76 	76 
000503 	385 	54 	76 	76 
000504 	385 	54 	76 	76 
000505 	385 	54 	76 	76 
000506 	385 	54 	76 	76 
000507 	385 	54 	76 	76 
000508 	385 	54 	76 	76 
000509 	385 	54 	76 	76 
000510 	385 	54 	76 	76 
000511 	385 	54 	76 	76 
000512 	385 	54 	76 	76 
000513 	385 	54 	76 	76 
000514 	385 	54 	76 	76 
000515 	385 	54 	76 	76 
000516 	385 	54 	76 	76 
000517 	385 	54 	76 	76 
000518 	394 	54 	75 	76 
000519 	394 	54 	75 	76 
000520 	394 	54 	75 	76 
000521 	394 	54 	75 	76 
000522 	394 	54 	75 	76 
000523 	394 	54 	75 	76 
000524 	394 	54 	75 	76 
000525 	394 	54 	75 	76 
000526 	394 	54 	75 	76 
000527 	394 	54 	75 	76 
000528 	402 	54 	76 	76 
000529 	402 	54 	76 	76 
000530 	402 	54 	76 	76 
000531 	402 	54 	76 	76 
000532 	402 	54 	76 	76 
000533 	402 	54 	76 	76 
000534 	393 	55 	91 	91 
000535 	393 	55 	91 	91 
000536 	393 	55 	91 	91 
000537 	393 	55 	91 	91 
000538 	402 	62 	76 	76 
000539 	402 	62 	76 	76 
000540 	402 	62 	76 	76 
000541 	410 	62 	76 	76 
000542 	410 	62 	76 	76 
000543 	402 	62 	76 	76 
000544 	402 	62 	76 	76 
000545 	402 	62 	76 	76 
000546 	402 	62 	76 	76 
000547 	402 	62 	76 	76 
000548 	402 	62 	76 	76 
000549 	402 	62 	76 	76 
000550 	402 	62 	76 	76 
000551 	402 	62 	76 	76 
000552 	402 	62 	76 	76 
000553 	402 	62 	76 	76 
000554 	393 	55 	91 	91 
000555 	402 	62 	76 	76 
000556 	402 	62 	76 	76 
000557 	394 	62 	75 	76 
000558 	394 	62 	75 	76 
000559 	394 	62 	75 	76 
000560 	394 	62 	75 	76 
000561 	394 	62 	75 	76 
000562 	394 	62 	75 	76 
000563 	394 	62 	75 	76 
000564 	394 	71 	75 	75 
000565 	393 	65 	91 	91 
000566 	402 	71 	76 	75 
000567 	402 	71 	76 	75 
000568 	402 	71 	76 	75 
000569 	402 	71 	76 	75 
000570 	402 	71 	76 	75 
000571 	402 	71 	76 	75 
000572 	402 	71 	76 	75 
000573 	410 	71 	76 	75 
000574 	410 	71 	76 	75 
000575 	403 	65 	91 	91 
000576 	403 	65 	91 	91 
000577 	403 	65 	91 	91 
000578 	403 	65 	91 	91 
000579 	403 	65 	91 	91 
000580 	403 	65 	91 	91 
000581 	403 	65 	91 	91 
000582 	403 	65 	91 	91 
000583 	403 	65 	91 	91 
000584 	403 	65 	91 	91 
000585 	403 	65 	91 	91 
000586 	403 	65 	91 	91 
000587 	403 	65 	91 	91 
000588 	410 	71 	76 	75 
000589 	403 	55 	91 	91 
000590 	403 	55 	91 	91 
000591 	403 	55 	91 	91 
000592 	403 	55 	91 	91 
000593 	403 	55 	91 	91 
000594 	403 	55 	91 	91 
000595 	410 	62 	76 	76 
000596 	410 	62 	76 	76 
000597 	402 	62 	76 	76 
000598 	402 	62 	76 	76 
000599 	402 	62 	76 	76 
000600 	402 	62 	76 	76 
000601 	402 	62 	76 	76 
000602 	402 	62 	76 	76 
000603 	402 	62 	76 	76 
000604 	402 	62 	76 	76 
000605 	402 	62 	76 	76 
000606 	402 	62 	76 	76 
000607 	402 	62 	76 	76 
000608 	402 	62 	76 	76 
000609 	402 	62 	76 	76 
000610 	402 	62 	76 	76 
000611 	402 	62 	76 	76 
000612 	402 	62 	76 	76 
000613 	402 	62 	76 	76 
000614 	402 	62 	76 	76 
000615 	402 	62 	76 	76 
000616 	402 	62 	76 	76 
000617 	402 	62 	76 	76 
000618 	402 	62 	76 	76 
000619 	402 	54 	76 	76 
000620 	402 	54 	76 	76 
000621 	402 	54 	76 	76 
000622 	393 	55 	91 	91 
000623 	393 	55 	91 	91 
000624 	402 	54 	76 	76 
000625 	394 	54 	75 	76 
000626 	394 	54 	75 	76 
000627 	394 	54 	75 	76 
000628 	394 	54 	75 	76 
000629 	394 	54 	75 	76 
000630 	394 	54 	75 	76 
000631 	394 	54 	75 	76 
000632 	394 	54 	75 	76 
000633 	394 	54 	75 	76 
000634 	394 	54 	75 	76 
000635 	394 	54 	75 	76 
000636 	394 	54 	75 	76 
000637 	394 	54 	75 	76 
000638 	394 	54 	75 	76 
000639 	394 	54 	75 	76 
000640 	394 	54 	75 	76 
000641 	394 	54 	75 	76 
000642 	394 	54 	75 	76 
000643 	394 	54 	75 	76 
000644 	394 	62 	75 	76 
000645 	394 	54 	75 	76 
000646 	394 	62 	75 	76 
000647 	394 	62 	75 	76 
000648 	394 	62 	75 	76 
000649 	394 	62 	75 	76 
000650 	394 	62 	75 	76 
000651 	394 	62 	75 	76 
000652 	394 	54 	75 	76 
000653 	394 	62 	75 	76 
000654 	394 	54 	75 	76 
000655 	394 	54 	75 	76 
000656 	394 	54 	75 	76 
000657 	394 	54 	75 	76 
000658 	393 	55 	91 	91 
000659 	393 	55 	91 	91 
000660 	393 	55 	91 	91 
000661 	393 	55 	91 	91 
000662 	393 	55 	91 	91 
000663 	402 	54 	76 	76 
000664 	402 	54 	76 	76 
000665 	402 	54 	76 	76 
000666 	402 	54 	76 	76 
000667 	402 	54 	76 	76 
000668 	402 	54 	76 	76 
000669 	402 	54 	76 	76 
000670 	402 	54 	76 	76 
000671 	402 	54 	76 	76 
000672 	402 	54 	76 	76 
000673 	402 	54 	76 	76 
000674 	410 	54 	76 	76 
000675 	410 	54 	76 	76 
000676 	410 	54 	76 	76 
000677 	410 	54 	76 	76 
000678 	410 	54 	76 	76 
000679 	410 	54 	76 	76 
000680 	410 	54 	76 	76 
000681 	410 	54 	76 	76 
000682 	410 	54 	76 	76 
000683 	410 	54 	76 	76 
000684 	410 	54 	76 	76 
000685 	410 	54 	76 	76 
000686 	410 	54 	76 	76 
000687 	410 	62 	76 	76 
000688 	410 	62 	76 	76 
000689 	410 	62 	76 	76 
000690 	410 	62 	76 	76 
000691 	410 	62 	76 	76 
000692 	410 	62 	76 	76 
000693 	402 	62 	76 	76 
000694 	402 	62 	76 	76 
000695 	402 	62 	76 	76 
000696 	402 	62 	76 	76 
000697 	402 	62 	76 	76 
000698 	402 	62 	76 	76 
000699 	402 	62 	76 	76 
000700 	402 	62 	76 	76 
000701 	402 	62 	76 	76 
000702 	402 	62 	76 	76 
000703 	402 	62 	76 	76 
000704 	402 	54 	76 	76 
000705 	402 	54 	76 	76 
000706 	402 	54 	76 	76 
000707 	402 	54 	76 	76 
000708 	402 	54 	76 	76 
000709 	402 	62 	76 	76 
000710 	402 	62 	76 	76 
