Identity  : 	id10376
Reference : 	Xo3NYYGZw1c
Offset    : 	-1
FV Conf   : 	16.605
ASD Conf  : 	6.686

FRAME 	X 	Y 	W 	H 
004560 	402 	62 	76 	76 
004561 	402 	62 	76 	76 
004562 	402 	62 	76 	76 
004563 	402 	62 	76 	76 
004564 	402 	62 	76 	76 
004565 	402 	62 	76 	76 
004566 	402 	62 	76 	76 
004567 	402 	62 	76 	76 
004568 	410 	62 	76 	76 
004569 	410 	62 	76 	76 
004570 	410 	62 	76 	76 
004571 	410 	62 	76 	76 
004572 	410 	62 	76 	76 
004573 	410 	62 	76 	76 
004574 	410 	62 	76 	76 
004575 	402 	62 	76 	76 
004576 	410 	62 	76 	76 
004577 	402 	62 	76 	76 
004578 	402 	62 	76 	76 
004579 	402 	62 	76 	76 
004580 	402 	62 	76 	76 
004581 	402 	62 	76 	76 
004582 	402 	62 	76 	76 
004583 	402 	62 	76 	76 
004584 	402 	62 	76 	76 
004585 	402 	62 	76 	76 
004586 	402 	62 	76 	76 
004587 	402 	62 	76 	76 
004588 	410 	71 	76 	75 
004589 	410 	71 	76 	75 
004590 	410 	71 	76 	75 
004591 	410 	71 	76 	75 
004592 	410 	71 	76 	75 
004593 	410 	71 	76 	75 
004594 	410 	71 	76 	75 
004595 	410 	71 	76 	75 
004596 	410 	71 	76 	75 
004597 	410 	71 	76 	75 
004598 	410 	71 	76 	75 
004599 	410 	71 	76 	75 
004600 	410 	71 	76 	75 
004601 	410 	71 	76 	75 
004602 	410 	71 	76 	75 
004603 	410 	71 	76 	75 
004604 	410 	71 	76 	75 
004605 	410 	71 	76 	75 
004606 	410 	71 	76 	75 
004607 	410 	71 	76 	75 
004608 	402 	71 	76 	75 
004609 	402 	71 	76 	75 
004610 	402 	71 	76 	75 
004611 	402 	71 	76 	75 
004612 	402 	71 	76 	75 
004613 	402 	71 	76 	75 
004614 	402 	71 	76 	75 
004615 	402 	71 	76 	75 
004616 	402 	71 	76 	75 
004617 	402 	71 	76 	75 
004618 	402 	71 	76 	75 
004619 	402 	71 	76 	75 
004620 	402 	71 	76 	75 
004621 	402 	71 	76 	75 
004622 	402 	71 	76 	75 
004623 	402 	71 	76 	75 
004624 	402 	71 	76 	75 
004625 	402 	71 	76 	75 
004626 	402 	71 	76 	75 
004627 	402 	71 	76 	75 
004628 	402 	71 	76 	75 
004629 	402 	71 	76 	75 
004630 	402 	71 	76 	75 
004631 	402 	71 	76 	75 
004632 	402 	71 	76 	75 
004633 	402 	71 	76 	75 
004634 	402 	71 	76 	75 
004635 	402 	71 	76 	75 
004636 	402 	71 	76 	75 
004637 	402 	71 	76 	75 
004638 	402 	71 	76 	75 
004639 	402 	71 	76 	75 
004640 	402 	71 	76 	75 
004641 	402 	71 	76 	75 
004642 	402 	71 	76 	75 
004643 	402 	71 	76 	75 
004644 	402 	71 	76 	75 
004645 	402 	71 	76 	75 
004646 	402 	71 	76 	75 
004647 	402 	71 	76 	75 
004648 	402 	71 	76 	75 
004649 	402 	71 	76 	75 
004650 	402 	71 	76 	75 
004651 	402 	71 	76 	75 
004652 	402 	71 	76 	75 
004653 	402 	71 	76 	75 
004654 	402 	71 	76 	75 
004655 	402 	71 	76 	75 
004656 	402 	71 	76 	75 
004657 	402 	71 	76 	75 
004658 	402 	71 	76 	75 
004659 	402 	71 	76 	75 
004660 	402 	71 	76 	75 
004661 	402 	71 	76 	75 
004662 	402 	71 	76 	75 
004663 	402 	71 	76 	75 
004664 	402 	71 	76 	75 
004665 	402 	71 	76 	75 
004666 	402 	71 	76 	75 
004667 	402 	71 	76 	75 
004668 	402 	71 	76 	75 
004669 	402 	71 	76 	75 
004670 	402 	71 	76 	75 
004671 	402 	71 	76 	75 
004672 	402 	71 	76 	75 
004673 	402 	71 	76 	75 
004674 	402 	71 	76 	75 
004675 	402 	71 	76 	75 
004676 	402 	71 	76 	75 
004677 	402 	71 	76 	75 
004678 	402 	71 	76 	75 
004679 	402 	71 	76 	75 
004680 	402 	71 	76 	75 
004681 	402 	71 	76 	75 
004682 	402 	71 	76 	75 
004683 	402 	71 	76 	75 
004684 	402 	71 	76 	75 
004685 	402 	71 	76 	75 
004686 	404 	80 	63 	63 
004687 	394 	79 	75 	76 
004688 	394 	79 	75 	76 
004689 	383 	65 	91 	91 
