Identity  : 	id10656
Reference : 	fcwi3wS5sjQ
Offset    : 	1
FV Conf   : 	20.069
ASD Conf  : 	8.961

FRAME 	X 	Y 	W 	H 
003353 	269 	66 	108 	109 
003354 	269 	66 	108 	109 
003355 	269 	66 	108 	109 
003356 	269 	66 	108 	109 
003357 	269 	66 	108 	109 
003358 	269 	66 	108 	109 
003359 	269 	66 	108 	109 
003360 	269 	66 	108 	109 
003361 	269 	66 	108 	109 
003362 	269 	66 	108 	109 
003363 	269 	66 	108 	109 
003364 	269 	66 	108 	109 
003365 	269 	66 	108 	109 
003366 	269 	66 	108 	109 
003367 	269 	66 	108 	109 
003368 	269 	66 	108 	109 
003369 	269 	66 	108 	109 
003370 	269 	66 	108 	109 
003371 	269 	66 	108 	109 
003372 	269 	66 	108 	109 
003373 	269 	66 	108 	109 
003374 	269 	66 	108 	109 
003375 	269 	66 	108 	109 
003376 	269 	66 	108 	109 
003377 	269 	66 	108 	109 
003378 	269 	66 	108 	109 
003379 	269 	66 	108 	109 
003380 	269 	66 	108 	109 
003381 	269 	66 	108 	109 
003382 	269 	66 	108 	109 
003383 	269 	66 	108 	109 
003384 	269 	66 	108 	109 
003385 	269 	66 	108 	109 
003386 	269 	66 	108 	109 
003387 	269 	66 	108 	109 
003388 	284 	75 	90 	91 
003389 	284 	75 	90 	91 
003390 	284 	75 	90 	91 
003391 	284 	75 	90 	91 
003392 	284 	85 	90 	91 
003393 	281 	78 	108 	109 
003394 	281 	78 	108 	109 
003395 	284 	85 	90 	91 
003396 	284 	85 	90 	91 
003397 	281 	78 	108 	109 
003398 	281 	78 	108 	109 
003399 	281 	78 	108 	109 
003400 	281 	78 	108 	109 
003401 	281 	78 	108 	109 
003402 	281 	78 	108 	109 
003403 	281 	78 	108 	109 
003404 	281 	78 	108 	109 
003405 	281 	66 	108 	109 
003406 	281 	66 	108 	109 
003407 	281 	66 	108 	109 
003408 	281 	66 	108 	109 
003409 	281 	66 	108 	109 
003410 	281 	66 	108 	109 
003411 	294 	75 	90 	91 
003412 	294 	75 	90 	91 
003413 	294 	75 	90 	91 
003414 	281 	66 	108 	109 
003415 	281 	66 	108 	109 
003416 	281 	78 	108 	109 
003417 	281 	78 	108 	109 
003418 	281 	78 	108 	109 
003419 	281 	78 	108 	109 
003420 	281 	78 	108 	109 
003421 	294 	85 	90 	91 
003422 	294 	85 	90 	91 
003423 	293 	78 	108 	109 
003424 	293 	78 	108 	109 
003425 	293 	78 	108 	109 
003426 	293 	78 	108 	109 
003427 	294 	85 	90 	91 
003428 	293 	78 	108 	109 
003429 	293 	78 	108 	109 
003430 	294 	85 	90 	91 
003431 	293 	78 	108 	109 
003432 	293 	78 	108 	109 
003433 	293 	78 	108 	109 
003434 	293 	78 	108 	109 
003435 	293 	78 	108 	109 
003436 	293 	78 	108 	109 
003437 	293 	78 	108 	109 
003438 	293 	78 	108 	109 
003439 	293 	78 	108 	109 
003440 	293 	78 	108 	109 
003441 	293 	78 	108 	109 
003442 	293 	78 	108 	109 
003443 	293 	78 	108 	109 
003444 	293 	78 	108 	109 
003445 	293 	78 	108 	109 
003446 	293 	78 	108 	109 
003447 	293 	78 	108 	109 
003448 	293 	78 	108 	109 
003449 	293 	78 	108 	109 
003450 	293 	78 	108 	109 
003451 	293 	78 	108 	109 
003452 	293 	78 	108 	109 
003453 	293 	78 	108 	109 
003454 	293 	78 	108 	109 
003455 	293 	78 	108 	109 
003456 	293 	78 	108 	109 
003457 	293 	78 	108 	109 
003458 	293 	78 	108 	109 
003459 	293 	78 	108 	109 
003460 	293 	78 	108 	109 
003461 	293 	78 	108 	109 
003462 	293 	78 	108 	109 
003463 	293 	78 	108 	109 
003464 	293 	78 	108 	109 
003465 	293 	78 	108 	109 
003466 	281 	78 	108 	109 
003467 	281 	66 	108 	109 
003468 	269 	66 	108 	109 
003469 	269 	66 	108 	109 
003470 	269 	66 	108 	109 
003471 	281 	78 	108 	109 
003472 	281 	78 	108 	109 
003473 	293 	78 	108 	109 
003474 	293 	78 	108 	109 
003475 	293 	78 	108 	109 
003476 	293 	78 	108 	109 
003477 	293 	78 	108 	109 
003478 	293 	78 	108 	109 
003479 	293 	78 	108 	109 
003480 	294 	85 	90 	91 
003481 	281 	66 	108 	109 
003482 	281 	66 	108 	109 
003483 	281 	66 	108 	109 
003484 	269 	66 	108 	109 
003485 	281 	66 	108 	109 
003486 	281 	66 	108 	109 
003487 	281 	66 	108 	109 
003488 	281 	66 	108 	109 
003489 	281 	66 	108 	109 
003490 	281 	66 	108 	109 
003491 	281 	78 	108 	109 
003492 	281 	78 	108 	109 
003493 	281 	78 	108 	109 
003494 	281 	78 	108 	109 
003495 	281 	66 	108 	109 
003496 	281 	66 	108 	109 
003497 	281 	66 	108 	109 
003498 	269 	66 	108 	109 
003499 	269 	66 	108 	109 
003500 	269 	66 	108 	109 
003501 	269 	66 	108 	109 
003502 	269 	66 	108 	109 
003503 	269 	66 	108 	109 
003504 	269 	66 	108 	109 
003505 	269 	66 	108 	109 
003506 	269 	66 	108 	109 
003507 	269 	66 	108 	109 
003508 	269 	66 	108 	109 
003509 	269 	66 	108 	109 
003510 	269 	66 	108 	109 
003511 	269 	78 	108 	109 
003512 	269 	78 	108 	109 
003513 	269 	78 	108 	109 
003514 	269 	78 	108 	109 
003515 	269 	66 	108 	109 
003516 	269 	66 	108 	109 
003517 	269 	66 	108 	109 
003518 	269 	66 	108 	109 
003519 	269 	66 	108 	109 
003520 	269 	66 	108 	109 
003521 	269 	78 	108 	109 
003522 	269 	78 	108 	109 
003523 	269 	78 	108 	109 
003524 	269 	78 	108 	109 
003525 	269 	78 	108 	109 
003526 	269 	78 	108 	109 
003527 	269 	78 	108 	109 
003528 	269 	66 	108 	109 
003529 	269 	78 	108 	109 
003530 	269 	78 	108 	109 
003531 	269 	78 	108 	109 
003532 	269 	78 	108 	109 
003533 	269 	78 	108 	109 
003534 	269 	78 	108 	109 
003535 	269 	78 	108 	109 
003536 	269 	78 	108 	109 
003537 	269 	78 	108 	109 
003538 	269 	78 	108 	109 
003539 	269 	78 	108 	109 
003540 	269 	78 	108 	109 
003541 	269 	78 	108 	109 
003542 	269 	78 	108 	109 
003543 	269 	78 	108 	109 
003544 	269 	78 	108 	109 
003545 	269 	78 	108 	109 
003546 	269 	78 	108 	109 
003547 	274 	85 	90 	91 
003548 	269 	78 	108 	109 
003549 	269 	78 	108 	109 
003550 	269 	78 	108 	109 
003551 	269 	66 	108 	109 
003552 	269 	66 	108 	109 
003553 	269 	66 	108 	109 
003554 	269 	66 	108 	109 
003555 	269 	66 	108 	109 
003556 	269 	66 	108 	109 
003557 	269 	66 	108 	109 
003558 	269 	66 	108 	109 
003559 	269 	66 	108 	109 
003560 	269 	66 	108 	109 
003561 	269 	66 	108 	109 
003562 	269 	66 	108 	109 
003563 	269 	66 	108 	109 
003564 	269 	66 	108 	109 
003565 	269 	66 	108 	109 
003566 	269 	66 	108 	109 
003567 	269 	78 	108 	109 
003568 	269 	66 	108 	109 
003569 	269 	66 	108 	109 
003570 	269 	66 	108 	109 
003571 	269 	66 	108 	109 
003572 	269 	66 	108 	109 
003573 	269 	66 	108 	109 
003574 	269 	66 	108 	109 
003575 	269 	66 	108 	109 
003576 	269 	66 	108 	109 
003577 	269 	66 	108 	109 
003578 	269 	66 	108 	109 
003579 	269 	66 	108 	109 
003580 	269 	66 	108 	109 
003581 	269 	66 	108 	109 
003582 	269 	66 	108 	109 
003583 	269 	66 	108 	109 
003584 	269 	66 	108 	109 
003585 	269 	66 	108 	109 
003586 	269 	66 	108 	109 
003587 	269 	66 	108 	109 
003588 	269 	78 	108 	109 
003589 	269 	78 	108 	109 
003590 	269 	78 	108 	109 
003591 	274 	85 	90 	91 
003592 	274 	85 	90 	91 
003593 	257 	66 	109 	109 
003594 	257 	66 	109 	109 
003595 	257 	66 	109 	109 
003596 	257 	66 	109 	109 
003597 	257 	66 	109 	109 
003598 	257 	66 	109 	109 
003599 	257 	66 	109 	109 
003600 	257 	66 	109 	109 
003601 	257 	66 	109 	109 
003602 	257 	66 	109 	109 
003603 	257 	66 	109 	109 
003604 	257 	66 	109 	109 
003605 	257 	66 	109 	109 
003606 	257 	66 	109 	109 
003607 	257 	66 	109 	109 
003608 	257 	66 	109 	109 
003609 	257 	66 	109 	109 
003610 	257 	66 	109 	109 
003611 	257 	66 	109 	109 
003612 	257 	66 	109 	109 
003613 	257 	66 	109 	109 
003614 	257 	66 	109 	109 
003615 	257 	66 	109 	109 
003616 	269 	66 	108 	109 
003617 	269 	66 	108 	109 
003618 	269 	66 	108 	109 
003619 	269 	66 	108 	109 
003620 	269 	66 	108 	109 
003621 	269 	66 	108 	109 
003622 	269 	66 	108 	109 
003623 	269 	66 	108 	109 
003624 	269 	66 	108 	109 
003625 	269 	66 	108 	109 
003626 	269 	66 	108 	109 
003627 	269 	66 	108 	109 
003628 	269 	66 	108 	109 
003629 	269 	66 	108 	109 
003630 	269 	66 	108 	109 
003631 	269 	66 	108 	109 
003632 	269 	66 	108 	109 
003633 	269 	66 	108 	109 
003634 	269 	66 	108 	109 
003635 	269 	66 	108 	109 
003636 	269 	66 	108 	109 
003637 	269 	66 	108 	109 
003638 	269 	66 	108 	109 
003639 	269 	66 	108 	109 
003640 	269 	66 	108 	109 
003641 	269 	66 	108 	109 
003642 	269 	66 	108 	109 
003643 	269 	66 	108 	109 
003644 	269 	66 	108 	109 
003645 	269 	66 	108 	109 
003646 	269 	66 	108 	109 
