Identity  : 	id10839
Reference : 	pZZgbCIOpyY
Offset    : 	2
FV Conf   : 	24.025
ASD Conf  : 	7.236

FRAME 	X 	Y 	W 	H 
005933 	313 	49 	53 	53 
005934 	319 	50 	44 	44 
005935 	313 	49 	53 	53 
005936 	313 	43 	53 	53 
005937 	313 	43 	53 	53 
005938 	313 	43 	53 	53 
005939 	314 	50 	44 	44 
005940 	308 	43 	52 	53 
005941 	308 	43 	52 	53 
005942 	308 	43 	52 	53 
005943 	308 	43 	52 	53 
005944 	308 	43 	52 	53 
005945 	308 	43 	52 	53 
005946 	308 	43 	52 	53 
005947 	308 	43 	52 	53 
005948 	308 	43 	52 	53 
005949 	308 	43 	52 	53 
005950 	309 	50 	44 	44 
005951 	308 	49 	52 	53 
005952 	308 	49 	52 	53 
005953 	308 	49 	52 	53 
005954 	308 	49 	52 	53 
005955 	314 	50 	44 	44 
005956 	314 	50 	44 	44 
005957 	314 	50 	44 	44 
005958 	314 	50 	44 	44 
005959 	314 	50 	44 	44 
005960 	314 	50 	44 	44 
005961 	314 	50 	44 	44 
005962 	314 	50 	44 	44 
005963 	314 	50 	44 	44 
005964 	314 	50 	44 	44 
005965 	314 	50 	44 	44 
005966 	314 	50 	44 	44 
005967 	308 	49 	52 	53 
005968 	314 	50 	44 	44 
005969 	308 	49 	52 	53 
005970 	308 	49 	52 	53 
005971 	308 	49 	52 	53 
005972 	308 	49 	52 	53 
005973 	308 	49 	52 	53 
005974 	308 	43 	52 	53 
005975 	308 	43 	52 	53 
005976 	308 	49 	52 	53 
005977 	308 	49 	52 	53 
005978 	308 	49 	52 	53 
005979 	308 	49 	52 	53 
005980 	308 	49 	52 	53 
005981 	308 	49 	52 	53 
005982 	308 	49 	52 	53 
005983 	308 	49 	52 	53 
005984 	308 	49 	52 	53 
005985 	308 	49 	52 	53 
005986 	308 	49 	52 	53 
005987 	308 	49 	52 	53 
005988 	308 	49 	52 	53 
005989 	308 	49 	52 	53 
005990 	314 	50 	44 	44 
005991 	314 	50 	44 	44 
005992 	314 	50 	44 	44 
005993 	314 	50 	44 	44 
005994 	308 	49 	52 	53 
005995 	308 	49 	52 	53 
005996 	308 	49 	52 	53 
005997 	308 	49 	52 	53 
005998 	308 	49 	52 	53 
005999 	308 	49 	52 	53 
006000 	308 	49 	52 	53 
006001 	308 	49 	52 	53 
006002 	308 	49 	52 	53 
006003 	308 	49 	52 	53 
006004 	308 	49 	52 	53 
006005 	308 	49 	52 	53 
006006 	308 	49 	52 	53 
006007 	308 	49 	52 	53 
006008 	308 	49 	52 	53 
006009 	308 	49 	52 	53 
006010 	308 	49 	52 	53 
006011 	308 	49 	52 	53 
006012 	308 	49 	52 	53 
006013 	308 	49 	52 	53 
006014 	308 	49 	52 	53 
006015 	308 	49 	52 	53 
006016 	308 	49 	52 	53 
006017 	308 	49 	52 	53 
006018 	308 	49 	52 	53 
006019 	308 	49 	52 	53 
006020 	308 	49 	52 	53 
006021 	308 	49 	52 	53 
006022 	308 	49 	52 	53 
006023 	308 	49 	52 	53 
006024 	308 	49 	52 	53 
006025 	308 	49 	52 	53 
006026 	308 	49 	52 	53 
006027 	308 	49 	52 	53 
006028 	308 	49 	52 	53 
006029 	308 	49 	52 	53 
006030 	308 	49 	52 	53 
006031 	308 	49 	52 	53 
006032 	308 	49 	52 	53 
006033 	308 	49 	52 	53 
006034 	308 	49 	52 	53 
006035 	308 	49 	52 	53 
006036 	308 	49 	52 	53 
006037 	308 	49 	52 	53 
006038 	308 	49 	52 	53 
006039 	308 	49 	52 	53 
006040 	308 	49 	52 	53 
006041 	308 	49 	52 	53 
006042 	308 	49 	52 	53 
006043 	308 	49 	52 	53 
006044 	308 	49 	52 	53 
006045 	308 	49 	52 	53 
006046 	308 	49 	52 	53 
006047 	309 	55 	44 	44 
006048 	309 	55 	44 	44 
006049 	309 	55 	44 	44 
006050 	309 	55 	44 	44 
006051 	309 	55 	44 	44 
006052 	309 	55 	44 	44 
006053 	309 	55 	44 	44 
006054 	309 	55 	44 	44 
006055 	309 	55 	44 	44 
006056 	308 	49 	52 	53 
006057 	308 	49 	52 	53 
006058 	308 	49 	52 	53 
006059 	308 	49 	52 	53 
006060 	308 	49 	52 	53 
006061 	308 	49 	52 	53 
006062 	308 	49 	52 	53 
006063 	308 	49 	52 	53 
006064 	308 	49 	52 	53 
006065 	308 	49 	52 	53 
006066 	314 	50 	44 	44 
006067 	314 	50 	44 	44 
006068 	314 	50 	44 	44 
006069 	313 	49 	53 	53 
006070 	313 	49 	53 	53 
006071 	313 	49 	53 	53 
006072 	313 	49 	53 	53 
006073 	313 	49 	53 	53 
006074 	313 	49 	53 	53 
006075 	313 	49 	53 	53 
006076 	313 	49 	53 	53 
006077 	313 	49 	53 	53 
006078 	313 	49 	53 	53 
006079 	313 	49 	53 	53 
006080 	313 	49 	53 	53 
006081 	313 	49 	53 	53 
006082 	313 	49 	53 	53 
006083 	313 	49 	53 	53 
006084 	313 	49 	53 	53 
006085 	313 	49 	53 	53 
006086 	313 	49 	53 	53 
006087 	313 	49 	53 	53 
006088 	313 	49 	53 	53 
006089 	313 	49 	53 	53 
006090 	314 	55 	44 	44 
006091 	314 	55 	44 	44 
006092 	308 	49 	52 	53 
006093 	308 	49 	52 	53 
006094 	308 	49 	52 	53 
006095 	308 	49 	52 	53 
006096 	308 	49 	52 	53 
006097 	300 	45 	63 	63 
006098 	309 	50 	44 	44 
006099 	309 	50 	44 	44 
006100 	309 	50 	44 	44 
006101 	302 	49 	53 	53 
006102 	302 	49 	53 	53 
006103 	302 	49 	53 	53 
006104 	309 	50 	44 	44 
006105 	309 	50 	44 	44 
006106 	309 	50 	44 	44 
006107 	308 	49 	52 	53 
006108 	308 	49 	52 	53 
006109 	308 	49 	52 	53 
006110 	308 	49 	52 	53 
006111 	308 	49 	52 	53 
006112 	308 	49 	52 	53 
006113 	308 	49 	52 	53 
006114 	308 	49 	52 	53 
006115 	308 	49 	52 	53 
006116 	308 	49 	52 	53 
006117 	309 	50 	44 	44 
006118 	309 	50 	44 	44 
006119 	309 	50 	44 	44 
006120 	309 	50 	44 	44 
006121 	309 	50 	44 	44 
006122 	309 	50 	44 	44 
006123 	302 	49 	53 	53 
006124 	302 	49 	53 	53 
006125 	302 	49 	53 	53 
006126 	302 	49 	53 	53 
006127 	302 	49 	53 	53 
006128 	302 	49 	53 	53 
006129 	302 	49 	53 	53 
006130 	302 	49 	53 	53 
006131 	302 	49 	53 	53 
006132 	302 	49 	53 	53 
006133 	302 	49 	53 	53 
006134 	302 	49 	53 	53 
006135 	302 	49 	53 	53 
006136 	302 	49 	53 	53 
006137 	302 	49 	53 	53 
006138 	302 	49 	53 	53 
006139 	309 	50 	44 	44 
006140 	309 	50 	44 	44 
006141 	309 	50 	44 	44 
006142 	309 	50 	44 	44 
006143 	309 	50 	44 	44 
006144 	308 	49 	52 	53 
006145 	308 	49 	52 	53 
006146 	308 	49 	52 	53 
006147 	308 	49 	52 	53 
006148 	308 	49 	52 	53 
006149 	308 	49 	52 	53 
006150 	308 	49 	52 	53 
006151 	308 	49 	52 	53 
006152 	308 	49 	52 	53 
006153 	308 	49 	52 	53 
006154 	308 	49 	52 	53 
006155 	308 	49 	52 	53 
006156 	308 	49 	52 	53 
006157 	308 	49 	52 	53 
006158 	308 	49 	52 	53 
006159 	308 	49 	52 	53 
006160 	308 	49 	52 	53 
006161 	308 	49 	52 	53 
006162 	308 	49 	52 	53 
006163 	308 	49 	52 	53 
006164 	308 	49 	52 	53 
006165 	308 	49 	52 	53 
006166 	308 	49 	52 	53 
006167 	308 	49 	52 	53 
006168 	308 	49 	52 	53 
006169 	308 	49 	52 	53 
006170 	308 	49 	52 	53 
006171 	308 	49 	52 	53 
006172 	308 	49 	52 	53 
006173 	308 	49 	52 	53 
006174 	308 	49 	52 	53 
006175 	308 	49 	52 	53 
006176 	308 	49 	52 	53 
006177 	308 	49 	52 	53 
006178 	308 	49 	52 	53 
006179 	308 	49 	52 	53 
006180 	308 	49 	52 	53 
006181 	308 	49 	52 	53 
006182 	308 	49 	52 	53 
006183 	300 	45 	63 	63 
006184 	308 	49 	52 	53 
006185 	308 	49 	52 	53 
006186 	308 	49 	52 	53 
006187 	308 	49 	52 	53 
006188 	308 	49 	52 	53 
006189 	308 	49 	52 	53 
006190 	308 	49 	52 	53 
006191 	308 	49 	52 	53 
006192 	308 	49 	52 	53 
006193 	308 	49 	52 	53 
006194 	308 	49 	52 	53 
006195 	308 	49 	52 	53 
006196 	308 	49 	52 	53 
006197 	308 	49 	52 	53 
006198 	308 	49 	52 	53 
006199 	308 	49 	52 	53 
006200 	308 	49 	52 	53 
006201 	308 	49 	52 	53 
006202 	308 	49 	52 	53 
006203 	308 	49 	52 	53 
006204 	308 	49 	52 	53 
006205 	308 	49 	52 	53 
006206 	308 	49 	52 	53 
006207 	308 	49 	52 	53 
006208 	308 	49 	52 	53 
006209 	308 	49 	52 	53 
006210 	308 	49 	52 	53 
006211 	308 	49 	52 	53 
006212 	309 	50 	44 	44 
006213 	309 	50 	44 	44 
006214 	309 	50 	44 	44 
006215 	302 	49 	53 	53 
006216 	302 	49 	53 	53 
006217 	302 	49 	53 	53 
006218 	302 	49 	53 	53 
006219 	302 	49 	53 	53 
006220 	308 	49 	52 	53 
006221 	308 	49 	52 	53 
006222 	308 	49 	52 	53 
006223 	313 	49 	53 	53 
006224 	313 	49 	53 	53 
006225 	313 	49 	53 	53 
006226 	313 	49 	53 	53 
006227 	319 	49 	53 	53 
006228 	319 	49 	53 	53 
006229 	319 	49 	53 	53 
006230 	319 	49 	53 	53 
006231 	319 	49 	53 	53 
006232 	319 	49 	53 	53 
006233 	313 	49 	53 	53 
006234 	313 	49 	53 	53 
006235 	313 	49 	53 	53 
006236 	313 	49 	53 	53 
006237 	313 	49 	53 	53 
006238 	313 	49 	53 	53 
006239 	314 	50 	44 	44 
006240 	308 	49 	52 	53 
006241 	308 	49 	52 	53 
006242 	308 	49 	52 	53 
006243 	308 	49 	52 	53 
006244 	308 	49 	52 	53 
006245 	309 	50 	44 	44 
006246 	309 	50 	44 	44 
006247 	309 	50 	44 	44 
006248 	302 	49 	53 	53 
006249 	302 	49 	53 	53 
006250 	302 	49 	53 	53 
006251 	302 	49 	53 	53 
006252 	302 	49 	53 	53 
006253 	302 	49 	53 	53 
006254 	302 	49 	53 	53 
006255 	302 	49 	53 	53 
006256 	302 	49 	53 	53 
006257 	308 	49 	52 	53 
006258 	308 	49 	52 	53 
006259 	308 	49 	52 	53 
006260 	308 	49 	52 	53 
006261 	308 	49 	52 	53 
006262 	314 	50 	44 	44 
006263 	314 	50 	44 	44 
006264 	314 	50 	44 	44 
006265 	308 	49 	52 	53 
006266 	308 	49 	52 	53 
006267 	308 	49 	52 	53 
006268 	308 	49 	52 	53 
006269 	308 	49 	52 	53 
006270 	308 	49 	52 	53 
006271 	308 	49 	52 	53 
006272 	308 	49 	52 	53 
006273 	309 	50 	44 	44 
006274 	309 	50 	44 	44 
006275 	309 	55 	44 	44 
006276 	309 	55 	44 	44 
006277 	309 	50 	44 	44 
006278 	309 	50 	44 	44 
006279 	309 	50 	44 	44 
006280 	309 	50 	44 	44 
006281 	308 	49 	52 	53 
006282 	308 	49 	52 	53 
006283 	308 	49 	52 	53 
006284 	308 	49 	52 	53 
006285 	308 	49 	52 	53 
006286 	308 	49 	52 	53 
006287 	308 	49 	52 	53 
006288 	308 	49 	52 	53 
006289 	308 	49 	52 	53 
006290 	308 	49 	52 	53 
006291 	309 	55 	44 	44 
006292 	309 	55 	44 	44 
006293 	309 	55 	44 	44 
006294 	309 	55 	44 	44 
006295 	302 	49 	53 	53 
006296 	302 	49 	53 	53 
006297 	302 	49 	53 	53 
006298 	302 	49 	53 	53 
006299 	302 	49 	53 	53 
006300 	302 	49 	53 	53 
006301 	302 	49 	53 	53 
006302 	302 	49 	53 	53 
006303 	302 	49 	53 	53 
006304 	302 	49 	53 	53 
006305 	302 	49 	53 	53 
006306 	302 	49 	53 	53 
006307 	302 	49 	53 	53 
006308 	302 	49 	53 	53 
006309 	302 	49 	53 	53 
006310 	302 	49 	53 	53 
006311 	302 	49 	53 	53 
006312 	302 	49 	53 	53 
006313 	302 	49 	53 	53 
006314 	302 	49 	53 	53 
006315 	302 	49 	53 	53 
006316 	302 	49 	53 	53 
006317 	302 	49 	53 	53 
006318 	302 	49 	53 	53 
006319 	302 	49 	53 	53 
006320 	302 	49 	53 	53 
006321 	302 	49 	53 	53 
006322 	302 	49 	53 	53 
006323 	302 	49 	53 	53 
006324 	302 	49 	53 	53 
006325 	302 	49 	53 	53 
006326 	302 	49 	53 	53 
006327 	302 	49 	53 	53 
006328 	302 	49 	53 	53 
006329 	302 	49 	53 	53 
006330 	300 	45 	63 	63 
006331 	309 	50 	44 	44 
006332 	302 	49 	53 	53 
006333 	300 	45 	63 	63 
006334 	302 	49 	53 	53 
