Identity  : 	id10591
Reference : 	dZDFZaR4CeU
Offset    : 	0
FV Conf   : 	15.222
ASD Conf  : 	6.144

FRAME 	X 	Y 	W 	H 
002976 	343 	25 	91 	91 
002977 	343 	25 	91 	91 
002978 	343 	25 	91 	91 
002979 	343 	25 	91 	91 
002980 	343 	25 	91 	91 
002981 	343 	25 	91 	91 
002982 	343 	25 	91 	91 
002983 	343 	35 	91 	91 
002984 	329 	31 	108 	108 
002985 	343 	35 	91 	91 
002986 	343 	35 	91 	91 
002987 	343 	35 	91 	91 
002988 	329 	31 	108 	108 
002989 	333 	35 	91 	91 
002990 	333 	35 	91 	91 
002991 	333 	35 	91 	91 
002992 	333 	35 	91 	91 
002993 	333 	35 	91 	91 
002994 	333 	35 	91 	91 
002995 	333 	35 	91 	91 
002996 	333 	35 	91 	91 
002997 	333 	35 	91 	91 
002998 	333 	35 	91 	91 
002999 	333 	35 	91 	91 
003000 	333 	35 	91 	91 
003001 	333 	35 	91 	91 
003002 	333 	35 	91 	91 
003003 	329 	31 	108 	108 
003004 	333 	35 	91 	91 
003005 	333 	35 	91 	91 
003006 	333 	35 	91 	91 
003007 	333 	35 	91 	91 
003008 	333 	35 	91 	91 
003009 	333 	35 	91 	91 
003010 	329 	31 	108 	108 
003011 	329 	31 	108 	108 
003012 	343 	35 	91 	91 
003013 	329 	31 	108 	108 
003014 	329 	31 	108 	108 
003015 	329 	31 	108 	108 
003016 	329 	31 	108 	108 
003017 	329 	31 	108 	108 
003018 	329 	31 	108 	108 
003019 	329 	31 	108 	108 
003020 	329 	31 	108 	108 
003021 	343 	35 	91 	91 
003022 	343 	35 	91 	91 
003023 	343 	35 	91 	91 
003024 	343 	35 	91 	91 
003025 	343 	35 	91 	91 
003026 	343 	35 	91 	91 
003027 	343 	35 	91 	91 
003028 	343 	35 	91 	91 
003029 	343 	35 	91 	91 
003030 	343 	25 	91 	91 
003031 	343 	25 	91 	91 
003032 	343 	35 	91 	91 
003033 	343 	35 	91 	91 
003034 	343 	35 	91 	91 
003035 	343 	35 	91 	91 
003036 	343 	35 	91 	91 
003037 	343 	35 	91 	91 
003038 	343 	35 	91 	91 
003039 	343 	35 	91 	91 
003040 	343 	35 	91 	91 
003041 	343 	35 	91 	91 
003042 	343 	35 	91 	91 
003043 	343 	35 	91 	91 
003044 	343 	35 	91 	91 
003045 	343 	35 	91 	91 
003046 	343 	35 	91 	91 
003047 	329 	31 	108 	108 
003048 	329 	31 	108 	108 
003049 	343 	35 	91 	91 
003050 	343 	35 	91 	91 
003051 	343 	35 	91 	91 
003052 	343 	35 	91 	91 
003053 	343 	35 	91 	91 
003054 	343 	35 	91 	91 
003055 	343 	35 	91 	91 
003056 	343 	35 	91 	91 
003057 	343 	35 	91 	91 
003058 	343 	35 	91 	91 
003059 	343 	35 	91 	91 
003060 	343 	35 	91 	91 
003061 	343 	35 	91 	91 
003062 	343 	35 	91 	91 
003063 	343 	35 	91 	91 
003064 	343 	35 	91 	91 
003065 	343 	25 	91 	91 
003066 	343 	25 	91 	91 
003067 	343 	25 	91 	91 
003068 	343 	25 	91 	91 
003069 	343 	25 	91 	91 
003070 	343 	25 	91 	91 
003071 	343 	25 	91 	91 
003072 	343 	25 	91 	91 
003073 	343 	25 	91 	91 
003074 	343 	25 	91 	91 
003075 	343 	25 	91 	91 
003076 	343 	25 	91 	91 
003077 	343 	35 	91 	91 
003078 	343 	35 	91 	91 
003079 	343 	35 	91 	91 
003080 	343 	35 	91 	91 
003081 	343 	35 	91 	91 
003082 	343 	35 	91 	91 
003083 	343 	35 	91 	91 
003084 	343 	35 	91 	91 
003085 	343 	35 	91 	91 
003086 	343 	35 	91 	91 
003087 	343 	35 	91 	91 
003088 	329 	31 	108 	108 
003089 	329 	31 	108 	108 
003090 	329 	31 	108 	108 
003091 	329 	31 	108 	108 
003092 	329 	31 	108 	108 
003093 	329 	31 	108 	108 
003094 	329 	31 	108 	108 
003095 	329 	31 	108 	108 
003096 	329 	31 	108 	108 
003097 	343 	35 	91 	91 
003098 	343 	35 	91 	91 
003099 	329 	19 	108 	108 
003100 	343 	25 	91 	91 
003101 	329 	19 	108 	108 
003102 	329 	19 	108 	108 
003103 	343 	25 	91 	91 
003104 	343 	25 	91 	91 
003105 	343 	25 	91 	91 
003106 	329 	19 	108 	108 
003107 	343 	25 	91 	91 
003108 	343 	25 	91 	91 
003109 	343 	25 	91 	91 
003110 	343 	25 	91 	91 
003111 	343 	25 	91 	91 
003112 	343 	25 	91 	91 
003113 	343 	25 	91 	91 
003114 	343 	35 	91 	91 
003115 	333 	25 	91 	91 
003116 	333 	25 	91 	91 
003117 	333 	35 	91 	91 
003118 	333 	36 	92 	92 
003119 	334 	36 	92 	92 
003120 	334 	37 	93 	93 
003121 	334 	38 	94 	94 
003122 	334 	39 	94 	94 
003123 	335 	39 	95 	95 
003124 	335 	40 	95 	96 
