Identity  : 	id10238
Reference : 	u7TEXgFZhcM
Offset    : 	-1
FV Conf   : 	14.101
ASD Conf  : 	8.444

FRAME 	X 	Y 	W 	H 
003193 	343 	65 	91 	91 
003194 	343 	65 	91 	91 
003195 	343 	65 	91 	91 
003196 	343 	65 	91 	91 
003197 	343 	65 	91 	91 
003198 	343 	65 	91 	91 
003199 	329 	66 	108 	109 
003200 	329 	66 	108 	109 
003201 	329 	66 	108 	109 
003202 	329 	66 	108 	109 
003203 	329 	66 	108 	109 
003204 	329 	66 	108 	109 
003205 	329 	66 	108 	109 
003206 	329 	66 	108 	109 
003207 	329 	66 	108 	109 
003208 	329 	66 	108 	109 
003209 	329 	66 	108 	109 
003210 	329 	66 	108 	109 
003211 	329 	66 	108 	109 
003212 	329 	66 	108 	109 
003213 	329 	66 	108 	109 
003214 	329 	66 	108 	109 
003215 	329 	66 	108 	109 
003216 	329 	66 	108 	109 
003217 	329 	66 	108 	109 
003218 	329 	66 	108 	109 
003219 	329 	66 	108 	109 
003220 	329 	66 	108 	109 
003221 	329 	66 	108 	109 
003222 	329 	66 	108 	109 
003223 	329 	66 	108 	109 
003224 	343 	75 	91 	91 
003225 	343 	75 	91 	91 
003226 	343 	75 	91 	91 
003227 	343 	75 	91 	91 
003228 	329 	66 	108 	109 
003229 	329 	66 	108 	109 
003230 	329 	66 	108 	109 
003231 	329 	66 	108 	109 
003232 	343 	65 	91 	91 
003233 	343 	65 	91 	91 
003234 	343 	65 	91 	91 
003235 	343 	65 	91 	91 
003236 	329 	54 	108 	109 
003237 	343 	65 	91 	91 
003238 	343 	65 	91 	91 
003239 	343 	65 	91 	91 
003240 	343 	65 	91 	91 
003241 	343 	65 	91 	91 
003242 	343 	65 	91 	91 
003243 	343 	65 	91 	91 
003244 	343 	65 	91 	91 
003245 	329 	54 	108 	109 
003246 	329 	54 	108 	109 
003247 	329 	54 	108 	109 
003248 	329 	54 	108 	109 
003249 	329 	54 	108 	109 
003250 	329 	54 	108 	109 
003251 	343 	65 	91 	91 
003252 	329 	54 	108 	109 
003253 	329 	54 	108 	109 
003254 	343 	65 	91 	91 
003255 	343 	65 	91 	91 
003256 	329 	54 	108 	109 
003257 	329 	54 	108 	109 
003258 	329 	54 	108 	109 
003259 	329 	54 	108 	109 
003260 	329 	54 	108 	109 
003261 	343 	65 	91 	91 
003262 	329 	54 	108 	109 
003263 	343 	65 	91 	91 
003264 	329 	54 	108 	109 
003265 	343 	65 	91 	91 
003266 	343 	65 	91 	91 
003267 	343 	65 	91 	91 
003268 	343 	65 	91 	91 
003269 	343 	65 	91 	91 
003270 	343 	65 	91 	91 
003271 	343 	65 	91 	91 
003272 	343 	65 	91 	91 
003273 	343 	65 	91 	91 
003274 	343 	65 	91 	91 
003275 	343 	65 	91 	91 
003276 	343 	65 	91 	91 
003277 	343 	65 	91 	91 
003278 	343 	65 	91 	91 
003279 	343 	65 	91 	91 
003280 	343 	65 	91 	91 
003281 	343 	65 	91 	91 
003282 	343 	65 	91 	91 
003283 	343 	65 	91 	91 
003284 	343 	65 	91 	91 
003285 	343 	65 	91 	91 
003286 	343 	65 	91 	91 
003287 	343 	65 	91 	91 
003288 	343 	65 	91 	91 
003289 	343 	65 	91 	91 
003290 	343 	65 	91 	91 
003291 	343 	65 	91 	91 
003292 	343 	55 	91 	91 
003293 	343 	55 	91 	91 
003294 	343 	55 	91 	91 
003295 	341 	54 	108 	109 
003296 	341 	54 	108 	109 
003297 	341 	54 	108 	109 
003298 	341 	54 	108 	109 
003299 	341 	54 	108 	109 
003300 	353 	55 	91 	91 
003301 	353 	55 	91 	91 
003302 	341 	54 	108 	109 
003303 	341 	54 	108 	109 
003304 	341 	54 	108 	109 
003305 	341 	54 	108 	109 
003306 	341 	54 	108 	109 
003307 	341 	54 	108 	109 
003308 	341 	54 	108 	109 
003309 	341 	54 	108 	109 
003310 	341 	54 	108 	109 
003311 	341 	54 	108 	109 
003312 	341 	54 	108 	109 
003313 	341 	54 	108 	109 
003314 	341 	54 	108 	109 
003315 	343 	65 	91 	91 
003316 	343 	65 	91 	91 
003317 	343 	65 	91 	91 
003318 	343 	65 	91 	91 
003319 	343 	65 	91 	91 
003320 	343 	55 	91 	91 
003321 	343 	55 	91 	91 
003322 	343 	55 	91 	91 
003323 	343 	55 	91 	91 
003324 	343 	55 	91 	91 
003325 	343 	55 	91 	91 
003326 	343 	55 	91 	91 
003327 	341 	54 	108 	109 
003328 	341 	54 	108 	109 
003329 	341 	54 	108 	109 
003330 	341 	54 	108 	109 
003331 	353 	65 	91 	91 
003332 	353 	65 	91 	91 
003333 	353 	65 	91 	91 
003334 	353 	65 	91 	91 
003335 	353 	65 	91 	91 
003336 	341 	54 	108 	109 
003337 	341 	54 	108 	109 
003338 	353 	55 	91 	91 
003339 	353 	55 	91 	91 
003340 	353 	54 	108 	109 
003341 	363 	65 	91 	91 
003342 	363 	65 	91 	91 
003343 	363 	65 	91 	91 
003344 	363 	65 	91 	91 
003345 	363 	65 	91 	91 
003346 	363 	65 	91 	91 
003347 	363 	65 	91 	91 
003348 	363 	65 	91 	91 
003349 	363 	55 	91 	91 
003350 	363 	55 	91 	91 
003351 	363 	55 	91 	91 
003352 	363 	55 	91 	91 
003353 	363 	55 	91 	91 
003354 	363 	55 	91 	91 
003355 	363 	55 	91 	91 
003356 	353 	43 	108 	108 
003357 	353 	43 	108 	108 
003358 	353 	43 	108 	108 
003359 	353 	45 	91 	91 
003360 	353 	55 	91 	91 
003361 	341 	43 	108 	108 
003362 	341 	43 	108 	108 
003363 	341 	43 	108 	108 
003364 	341 	43 	108 	108 
003365 	343 	55 	91 	91 
003366 	343 	55 	91 	91 
003367 	329 	43 	108 	108 
003368 	329 	43 	108 	108 
003369 	329 	43 	108 	108 
003370 	333 	55 	91 	91 
003371 	329 	54 	108 	109 
003372 	329 	54 	108 	109 
003373 	329 	54 	108 	109 
003374 	329 	54 	108 	109 
003375 	317 	54 	108 	109 
003376 	317 	54 	108 	109 
003377 	323 	55 	91 	91 
003378 	323 	55 	91 	91 
003379 	323 	55 	91 	91 
003380 	323 	55 	91 	91 
003381 	317 	54 	108 	109 
003382 	317 	54 	108 	109 
003383 	317 	54 	108 	109 
003384 	317 	54 	108 	109 
003385 	317 	54 	108 	109 
003386 	323 	55 	91 	91 
003387 	323 	55 	91 	91 
003388 	323 	55 	91 	91 
003389 	323 	55 	91 	91 
003390 	323 	55 	91 	91 
003391 	323 	55 	91 	91 
003392 	323 	55 	91 	91 
003393 	323 	55 	91 	91 
003394 	323 	55 	91 	91 
003395 	323 	55 	91 	91 
003396 	305 	54 	108 	109 
003397 	305 	54 	108 	109 
003398 	305 	54 	108 	109 
003399 	305 	54 	108 	109 
003400 	305 	54 	108 	109 
003401 	314 	65 	90 	91 
003402 	314 	65 	90 	91 
003403 	314 	65 	90 	91 
003404 	305 	54 	108 	109 
003405 	305 	54 	108 	109 
003406 	314 	65 	90 	91 
003407 	314 	65 	90 	91 
003408 	305 	54 	108 	109 
003409 	314 	65 	90 	91 
003410 	314 	65 	90 	91 
003411 	314 	65 	90 	91 
003412 	314 	65 	90 	91 
003413 	314 	65 	90 	91 
003414 	314 	65 	90 	91 
003415 	314 	65 	90 	91 
003416 	314 	65 	90 	91 
003417 	314 	65 	90 	91 
003418 	314 	65 	90 	91 
003419 	314 	65 	90 	91 
003420 	314 	65 	90 	91 
003421 	314 	65 	90 	91 
003422 	314 	65 	90 	91 
003423 	314 	65 	90 	91 
003424 	314 	65 	90 	91 
003425 	314 	65 	90 	91 
003426 	314 	65 	90 	91 
003427 	314 	65 	90 	91 
003428 	304 	65 	90 	91 
003429 	304 	65 	90 	91 
003430 	314 	65 	90 	91 
003431 	314 	65 	90 	91 
003432 	323 	65 	91 	91 
003433 	323 	65 	91 	91 
003434 	317 	54 	108 	109 
003435 	317 	54 	108 	109 
003436 	333 	65 	91 	91 
003437 	333 	65 	91 	91 
003438 	343 	65 	91 	91 
003439 	343 	65 	91 	91 
003440 	343 	65 	91 	91 
003441 	343 	65 	91 	91 
003442 	343 	65 	91 	91 
003443 	343 	65 	91 	91 
003444 	343 	65 	91 	91 
003445 	343 	65 	91 	91 
003446 	343 	65 	91 	91 
003447 	343 	65 	91 	91 
003448 	343 	65 	91 	91 
003449 	343 	65 	91 	91 
003450 	343 	65 	91 	91 
003451 	343 	65 	91 	91 
003452 	343 	65 	91 	91 
003453 	343 	65 	91 	91 
003454 	343 	65 	91 	91 
003455 	343 	65 	91 	91 
003456 	343 	65 	91 	91 
003457 	343 	65 	91 	91 
003458 	343 	65 	91 	91 
003459 	343 	65 	91 	91 
003460 	343 	65 	91 	91 
003461 	343 	75 	91 	91 
003462 	343 	85 	91 	91 
003463 	343 	85 	91 	91 
003464 	343 	85 	91 	91 
003465 	333 	85 	91 	91 
003466 	333 	75 	91 	91 
003467 	317 	66 	108 	109 
003468 	317 	66 	108 	109 
003469 	317 	66 	108 	109 
003470 	323 	75 	91 	91 
003471 	323 	85 	91 	91 
003472 	323 	85 	91 	91 
003473 	323 	85 	91 	91 
003474 	317 	78 	108 	109 
003475 	317 	78 	108 	109 
003476 	317 	78 	108 	109 
003477 	317 	78 	108 	109 
003478 	317 	78 	108 	109 
003479 	317 	78 	108 	109 
003480 	317 	78 	108 	109 
003481 	317 	78 	108 	109 
003482 	317 	78 	108 	109 
003483 	317 	78 	108 	109 
003484 	317 	78 	108 	109 
003485 	323 	85 	91 	91 
003486 	323 	85 	91 	91 
003487 	317 	66 	108 	109 
003488 	317 	66 	108 	109 
003489 	317 	66 	108 	109 
003490 	333 	75 	91 	91 
003491 	329 	54 	108 	109 
003492 	329 	54 	108 	109 
003493 	343 	65 	91 	91 
003494 	343 	65 	91 	91 
003495 	343 	65 	91 	91 
003496 	343 	65 	91 	91 
003497 	343 	65 	91 	91 
003498 	343 	65 	91 	91 
003499 	343 	65 	91 	91 
003500 	341 	54 	108 	109 
003501 	353 	55 	91 	91 
003502 	353 	55 	91 	91 
003503 	353 	55 	91 	91 
003504 	353 	55 	91 	91 
003505 	353 	55 	91 	91 
003506 	353 	55 	91 	91 
003507 	353 	55 	91 	91 
003508 	353 	55 	91 	91 
003509 	353 	55 	91 	91 
003510 	353 	55 	91 	91 
003511 	353 	55 	91 	91 
003512 	353 	55 	91 	91 
003513 	353 	55 	91 	91 
003514 	353 	55 	91 	91 
003515 	353 	55 	91 	91 
003516 	353 	55 	91 	91 
003517 	353 	55 	91 	91 
003518 	353 	55 	91 	91 
003519 	353 	65 	91 	91 
003520 	341 	54 	108 	109 
003521 	341 	54 	108 	109 
003522 	343 	65 	91 	91 
003523 	329 	54 	108 	109 
003524 	329 	54 	108 	109 
003525 	329 	54 	108 	109 
003526 	329 	54 	108 	109 
003527 	329 	54 	108 	109 
003528 	329 	54 	108 	109 
003529 	333 	65 	91 	91 
003530 	333 	65 	91 	91 
003531 	333 	65 	91 	91 
003532 	333 	65 	91 	91 
003533 	333 	65 	91 	91 
003534 	333 	65 	91 	91 
003535 	333 	65 	91 	91 
003536 	333 	65 	91 	91 
003537 	333 	65 	91 	91 
003538 	333 	65 	91 	91 
003539 	333 	65 	91 	91 
003540 	333 	65 	91 	91 
003541 	329 	54 	108 	109 
003542 	329 	54 	108 	109 
003543 	343 	65 	91 	91 
003544 	343 	65 	91 	91 
003545 	343 	65 	91 	91 
003546 	343 	65 	91 	91 
003547 	343 	55 	91 	91 
003548 	343 	55 	91 	91 
003549 	343 	55 	91 	91 
003550 	341 	54 	108 	109 
003551 	341 	54 	108 	109 
003552 	341 	54 	108 	109 
003553 	341 	54 	108 	109 
003554 	341 	54 	108 	109 
003555 	341 	54 	108 	109 
003556 	343 	55 	91 	91 
003557 	343 	55 	91 	91 
003558 	343 	55 	91 	91 
003559 	343 	55 	91 	91 
003560 	343 	55 	91 	91 
003561 	343 	55 	91 	91 
003562 	343 	55 	91 	91 
003563 	343 	55 	91 	91 
003564 	343 	55 	91 	91 
003565 	343 	55 	91 	91 
003566 	343 	55 	91 	91 
003567 	343 	55 	91 	91 
003568 	343 	55 	91 	91 
003569 	343 	65 	91 	91 
003570 	343 	65 	91 	91 
003571 	343 	65 	91 	91 
003572 	343 	65 	91 	91 
003573 	343 	65 	91 	91 
003574 	343 	65 	91 	91 
003575 	343 	65 	91 	91 
003576 	343 	65 	91 	91 
003577 	343 	65 	91 	91 
003578 	343 	65 	91 	91 
003579 	343 	65 	91 	91 
003580 	343 	65 	91 	91 
003581 	341 	54 	108 	109 
003582 	341 	54 	108 	109 
003583 	341 	54 	108 	109 
003584 	341 	54 	108 	109 
003585 	353 	65 	91 	91 
003586 	353 	65 	91 	91 
003587 	353 	65 	91 	91 
003588 	353 	65 	91 	91 
003589 	353 	65 	91 	91 
003590 	353 	65 	91 	91 
003591 	353 	65 	91 	91 
003592 	353 	65 	91 	91 
003593 	353 	65 	91 	91 
003594 	353 	65 	91 	91 
003595 	353 	65 	91 	91 
003596 	353 	65 	91 	91 
003597 	353 	65 	91 	91 
003598 	353 	65 	91 	91 
003599 	353 	65 	91 	91 
003600 	353 	65 	91 	91 
003601 	353 	65 	91 	91 
003602 	353 	65 	91 	91 
003603 	353 	65 	91 	91 
003604 	353 	65 	91 	91 
003605 	353 	65 	91 	91 
003606 	353 	65 	91 	91 
003607 	353 	65 	91 	91 
003608 	353 	65 	91 	91 
003609 	353 	65 	91 	91 
003610 	353 	65 	91 	91 
003611 	353 	65 	91 	91 
003612 	353 	65 	91 	91 
003613 	353 	65 	91 	91 
003614 	353 	65 	91 	91 
003615 	353 	65 	91 	91 
003616 	353 	65 	91 	91 
003617 	353 	65 	91 	91 
003618 	353 	65 	91 	91 
003619 	353 	65 	91 	91 
003620 	353 	65 	91 	91 
003621 	343 	65 	91 	91 
003622 	343 	65 	91 	91 
003623 	343 	65 	91 	91 
003624 	343 	65 	91 	91 
003625 	343 	65 	91 	91 
003626 	343 	65 	91 	91 
003627 	343 	65 	91 	91 
003628 	343 	65 	91 	91 
003629 	343 	65 	91 	91 
003630 	343 	65 	91 	91 
003631 	341 	66 	108 	109 
003632 	341 	66 	108 	109 
003633 	341 	66 	108 	109 
003634 	341 	66 	108 	109 
003635 	341 	66 	108 	109 
003636 	341 	66 	108 	109 
003637 	341 	66 	108 	109 
003638 	341 	66 	108 	109 
003639 	341 	66 	108 	109 
003640 	341 	66 	108 	109 
003641 	341 	66 	108 	109 
003642 	341 	66 	108 	109 
003643 	341 	66 	108 	109 
003644 	341 	66 	108 	109 
003645 	341 	66 	108 	109 
003646 	341 	66 	108 	109 
003647 	341 	66 	108 	109 
003648 	341 	66 	108 	109 
003649 	341 	66 	108 	109 
003650 	353 	75 	91 	91 
003651 	353 	75 	91 	91 
003652 	353 	75 	91 	91 
003653 	353 	75 	91 	91 
003654 	353 	75 	91 	91 
003655 	353 	75 	91 	91 
003656 	353 	75 	91 	91 
003657 	341 	66 	108 	109 
003658 	341 	66 	108 	109 
003659 	341 	66 	108 	109 
003660 	341 	66 	108 	109 
003661 	341 	66 	108 	109 
003662 	353 	85 	91 	91 
003663 	353 	85 	91 	91 
003664 	353 	85 	91 	91 
003665 	353 	85 	91 	91 
003666 	353 	85 	91 	91 
003667 	353 	85 	91 	91 
003668 	353 	85 	91 	91 
003669 	341 	66 	108 	109 
003670 	329 	66 	108 	109 
003671 	329 	66 	108 	109 
003672 	329 	66 	108 	109 
003673 	329 	66 	108 	109 
003674 	343 	75 	91 	91 
003675 	341 	66 	108 	109 
003676 	341 	66 	108 	109 
003677 	341 	66 	108 	109 
003678 	341 	66 	108 	109 
003679 	341 	66 	108 	109 
003680 	341 	66 	108 	109 
003681 	353 	75 	91 	91 
003682 	353 	75 	91 	91 
003683 	353 	75 	91 	91 
003684 	353 	75 	91 	91 
003685 	353 	75 	91 	91 
003686 	353 	75 	91 	91 
003687 	353 	75 	91 	91 
003688 	353 	75 	91 	91 
003689 	353 	75 	91 	91 
003690 	353 	75 	91 	91 
003691 	353 	75 	91 	91 
003692 	353 	75 	91 	91 
003693 	353 	75 	91 	91 
003694 	353 	75 	91 	91 
003695 	353 	75 	91 	91 
003696 	353 	75 	91 	91 
003697 	353 	75 	91 	91 
003698 	353 	75 	91 	91 
003699 	353 	75 	91 	91 
003700 	353 	75 	91 	91 
003701 	353 	75 	91 	91 
003702 	363 	65 	91 	91 
003703 	353 	65 	91 	91 
003704 	353 	75 	91 	91 
003705 	353 	75 	91 	91 
003706 	353 	75 	91 	91 
003707 	353 	75 	91 	91 
003708 	353 	75 	91 	91 
003709 	353 	75 	91 	91 
003710 	353 	75 	91 	91 
003711 	353 	75 	91 	91 
003712 	353 	75 	91 	91 
003713 	353 	75 	91 	91 
003714 	353 	75 	91 	91 
003715 	363 	75 	91 	91 
003716 	363 	75 	91 	91 
003717 	363 	75 	91 	91 
003718 	373 	75 	91 	91 
003719 	373 	65 	91 	91 
003720 	373 	65 	91 	91 
003721 	373 	65 	91 	91 
003722 	373 	65 	91 	91 
003723 	373 	65 	91 	91 
003724 	373 	65 	91 	91 
003725 	373 	65 	91 	91 
003726 	373 	65 	91 	91 
003727 	373 	75 	91 	91 
003728 	373 	75 	91 	91 
003729 	373 	75 	91 	91 
003730 	373 	75 	91 	91 
003731 	373 	75 	91 	91 
003732 	373 	75 	91 	91 
003733 	363 	75 	91 	91 
003734 	363 	75 	91 	91 
003735 	363 	75 	91 	91 
003736 	363 	75 	91 	91 
003737 	363 	75 	91 	91 
003738 	363 	75 	91 	91 
003739 	363 	75 	91 	91 
003740 	363 	75 	91 	91 
003741 	363 	75 	91 	91 
003742 	363 	75 	91 	91 
003743 	363 	75 	91 	91 
