Identity  : 	id10238
Reference : 	u7TEXgFZhcM
Offset    : 	-1
FV Conf   : 	14.620
ASD Conf  : 	8.108

FRAME 	X 	Y 	W 	H 
005227 	343 	75 	91 	91 
005228 	343 	75 	91 	91 
005229 	343 	75 	91 	91 
005230 	343 	75 	91 	91 
005231 	343 	75 	91 	91 
005232 	343 	75 	91 	91 
005233 	343 	75 	91 	91 
005234 	343 	75 	91 	91 
005235 	343 	75 	91 	91 
005236 	343 	75 	91 	91 
005237 	343 	75 	91 	91 
005238 	343 	75 	91 	91 
005239 	343 	75 	91 	91 
005240 	343 	75 	91 	91 
005241 	341 	66 	108 	109 
005242 	341 	66 	108 	109 
005243 	343 	75 	91 	91 
005244 	341 	66 	108 	109 
005245 	341 	66 	108 	109 
005246 	341 	66 	108 	109 
005247 	343 	75 	91 	91 
005248 	343 	75 	91 	91 
005249 	343 	75 	91 	91 
005250 	343 	75 	91 	91 
005251 	343 	75 	91 	91 
005252 	343 	75 	91 	91 
005253 	343 	75 	91 	91 
005254 	343 	75 	91 	91 
005255 	343 	75 	91 	91 
005256 	343 	75 	91 	91 
005257 	329 	66 	108 	109 
005258 	329 	66 	108 	109 
005259 	329 	66 	108 	109 
005260 	343 	75 	91 	91 
005261 	343 	75 	91 	91 
005262 	343 	75 	91 	91 
005263 	343 	75 	91 	91 
005264 	343 	75 	91 	91 
005265 	343 	75 	91 	91 
005266 	343 	75 	91 	91 
005267 	343 	75 	91 	91 
005268 	343 	75 	91 	91 
005269 	343 	75 	91 	91 
005270 	343 	75 	91 	91 
005271 	343 	75 	91 	91 
005272 	343 	75 	91 	91 
005273 	343 	75 	91 	91 
005274 	343 	75 	91 	91 
005275 	343 	75 	91 	91 
005276 	343 	75 	91 	91 
005277 	343 	75 	91 	91 
005278 	343 	75 	91 	91 
005279 	343 	75 	91 	91 
005280 	343 	75 	91 	91 
005281 	343 	75 	91 	91 
005282 	343 	75 	91 	91 
005283 	343 	75 	91 	91 
005284 	343 	75 	91 	91 
005285 	343 	75 	91 	91 
005286 	343 	75 	91 	91 
005287 	343 	75 	91 	91 
005288 	343 	75 	91 	91 
005289 	343 	75 	91 	91 
005290 	343 	75 	91 	91 
005291 	343 	75 	91 	91 
005292 	343 	75 	91 	91 
005293 	343 	75 	91 	91 
005294 	343 	75 	91 	91 
005295 	343 	75 	91 	91 
005296 	343 	75 	91 	91 
005297 	341 	66 	108 	109 
005298 	343 	75 	91 	91 
005299 	353 	75 	91 	91 
005300 	353 	75 	91 	91 
005301 	353 	75 	91 	91 
005302 	353 	66 	108 	109 
005303 	353 	75 	91 	91 
005304 	353 	75 	91 	91 
005305 	341 	66 	108 	109 
005306 	341 	66 	108 	109 
005307 	341 	66 	108 	109 
005308 	341 	66 	108 	109 
005309 	343 	75 	91 	91 
005310 	333 	75 	91 	91 
005311 	333 	75 	91 	91 
005312 	333 	75 	91 	91 
005313 	333 	75 	91 	91 
005314 	333 	75 	91 	91 
005315 	333 	75 	91 	91 
005316 	333 	75 	91 	91 
005317 	343 	75 	91 	91 
005318 	343 	75 	91 	91 
005319 	343 	75 	91 	91 
005320 	329 	66 	108 	109 
005321 	333 	75 	91 	91 
005322 	333 	75 	91 	91 
005323 	333 	75 	91 	91 
005324 	333 	75 	91 	91 
005325 	333 	75 	91 	91 
005326 	333 	75 	91 	91 
005327 	333 	75 	91 	91 
005328 	333 	75 	91 	91 
005329 	333 	75 	91 	91 
005330 	333 	75 	91 	91 
005331 	333 	75 	91 	91 
005332 	333 	75 	91 	91 
005333 	333 	75 	91 	91 
005334 	333 	75 	91 	91 
005335 	333 	75 	91 	91 
005336 	333 	75 	91 	91 
005337 	333 	85 	91 	91 
005338 	333 	85 	91 	91 
005339 	333 	85 	91 	91 
005340 	333 	85 	91 	91 
005341 	333 	85 	91 	91 
005342 	333 	85 	91 	91 
005343 	333 	85 	91 	91 
005344 	333 	85 	91 	91 
005345 	333 	85 	91 	91 
005346 	333 	85 	91 	91 
005347 	333 	85 	91 	91 
005348 	333 	85 	91 	91 
005349 	333 	85 	91 	91 
005350 	333 	85 	91 	91 
005351 	333 	85 	91 	91 
005352 	333 	85 	91 	91 
005353 	333 	75 	91 	91 
005354 	333 	75 	91 	91 
005355 	333 	75 	91 	91 
005356 	333 	75 	91 	91 
005357 	329 	78 	108 	109 
005358 	329 	78 	108 	109 
005359 	329 	78 	108 	109 
005360 	329 	78 	108 	109 
005361 	329 	78 	108 	109 
005362 	329 	78 	108 	109 
005363 	329 	78 	108 	109 
005364 	329 	78 	108 	109 
005365 	329 	78 	108 	109 
005366 	329 	78 	108 	109 
005367 	329 	78 	108 	109 
005368 	329 	78 	108 	109 
005369 	329 	78 	108 	109 
005370 	329 	78 	108 	109 
005371 	343 	85 	91 	91 
005372 	343 	85 	91 	91 
005373 	343 	85 	91 	91 
005374 	343 	85 	91 	91 
005375 	343 	85 	91 	91 
005376 	343 	85 	91 	91 
005377 	343 	85 	91 	91 
005378 	343 	85 	91 	91 
005379 	343 	85 	91 	91 
005380 	343 	85 	91 	91 
005381 	343 	85 	91 	91 
005382 	343 	85 	91 	91 
005383 	343 	75 	91 	91 
005384 	343 	75 	91 	91 
005385 	343 	75 	91 	91 
005386 	343 	75 	91 	91 
005387 	343 	75 	91 	91 
005388 	341 	66 	108 	109 
005389 	341 	66 	108 	109 
005390 	343 	75 	91 	91 
005391 	343 	75 	91 	91 
005392 	343 	75 	91 	91 
005393 	343 	75 	91 	91 
005394 	343 	75 	91 	91 
005395 	343 	75 	91 	91 
