Identity  : 	id10446
Reference : 	m1VSZVbnjWs
Offset    : 	-4
FV Conf   : 	20.602
ASD Conf  : 	5.386

FRAME 	X 	Y 	W 	H 
007558 	194 	80 	130 	130 
007559 	194 	80 	130 	130 
007560 	194 	80 	130 	130 
007561 	194 	80 	130 	130 
007562 	194 	80 	130 	130 
007563 	194 	80 	130 	130 
007564 	194 	80 	130 	130 
007565 	194 	80 	130 	130 
007566 	194 	80 	130 	130 
007567 	194 	80 	130 	130 
007568 	194 	80 	130 	130 
007569 	194 	80 	130 	130 
007570 	194 	80 	130 	130 
007571 	209 	90 	109 	109 
007572 	209 	90 	109 	109 
007573 	209 	90 	109 	109 
007574 	209 	90 	109 	109 
007575 	208 	80 	130 	130 
007576 	208 	80 	130 	130 
007577 	208 	80 	130 	130 
007578 	208 	80 	130 	130 
007579 	208 	80 	130 	130 
007580 	208 	80 	130 	130 
007581 	209 	90 	109 	109 
007582 	209 	90 	109 	109 
007583 	209 	90 	109 	109 
007584 	209 	90 	109 	109 
007585 	209 	90 	109 	109 
007586 	209 	90 	109 	109 
007587 	209 	90 	109 	109 
007588 	209 	90 	109 	109 
007589 	209 	90 	109 	109 
007590 	208 	80 	130 	130 
007591 	208 	80 	130 	130 
007592 	208 	80 	130 	130 
007593 	208 	80 	130 	130 
007594 	208 	80 	130 	130 
007595 	208 	80 	130 	130 
007596 	208 	80 	130 	130 
007597 	208 	80 	130 	130 
007598 	208 	80 	130 	130 
007599 	208 	80 	130 	130 
007600 	208 	80 	130 	130 
007601 	208 	80 	130 	130 
007602 	208 	80 	130 	130 
007603 	208 	80 	130 	130 
007604 	208 	80 	130 	130 
007605 	208 	80 	130 	130 
007606 	208 	80 	130 	130 
007607 	208 	80 	130 	130 
007608 	208 	80 	130 	130 
007609 	208 	80 	130 	130 
007610 	208 	80 	130 	130 
007611 	208 	80 	130 	130 
007612 	208 	80 	130 	130 
007613 	208 	80 	130 	130 
007614 	208 	80 	130 	130 
007615 	208 	80 	130 	130 
007616 	208 	80 	130 	130 
007617 	208 	80 	130 	130 
007618 	208 	80 	130 	130 
007619 	208 	80 	130 	130 
007620 	208 	80 	130 	130 
007621 	208 	80 	130 	130 
007622 	208 	80 	130 	130 
007623 	208 	80 	130 	130 
007624 	208 	80 	130 	130 
007625 	208 	80 	130 	130 
007626 	208 	80 	130 	130 
007627 	208 	80 	130 	130 
007628 	208 	80 	130 	130 
007629 	208 	80 	130 	130 
007630 	208 	80 	130 	130 
007631 	209 	90 	109 	109 
007632 	194 	80 	130 	130 
007633 	194 	80 	130 	130 
007634 	194 	80 	130 	130 
007635 	197 	90 	109 	109 
007636 	197 	90 	109 	109 
007637 	197 	90 	109 	109 
007638 	197 	90 	109 	109 
007639 	197 	90 	109 	109 
007640 	194 	80 	130 	130 
007641 	194 	80 	130 	130 
007642 	194 	80 	130 	130 
007643 	194 	80 	130 	130 
007644 	194 	80 	130 	130 
007645 	209 	90 	109 	109 
007646 	209 	90 	109 	109 
007647 	209 	90 	109 	109 
007648 	209 	90 	109 	109 
007649 	209 	90 	109 	109 
007650 	209 	90 	109 	109 
007651 	209 	90 	109 	109 
007652 	209 	90 	109 	109 
007653 	209 	90 	109 	109 
007654 	209 	90 	109 	109 
007655 	209 	90 	109 	109 
007656 	209 	90 	109 	109 
007657 	209 	90 	109 	109 
007658 	209 	90 	109 	109 
007659 	194 	80 	130 	130 
007660 	194 	80 	130 	130 
007661 	209 	90 	109 	109 
007662 	209 	90 	109 	109 
007663 	209 	90 	109 	109 
007664 	209 	90 	109 	109 
007665 	209 	90 	109 	109 
007666 	209 	90 	109 	109 
007667 	209 	90 	109 	109 
007668 	209 	90 	109 	109 
007669 	209 	90 	109 	109 
007670 	209 	90 	109 	109 
007671 	209 	90 	109 	109 
007672 	209 	90 	109 	109 
007673 	209 	90 	109 	109 
007674 	209 	90 	109 	109 
007675 	209 	90 	109 	109 
007676 	209 	90 	109 	109 
007677 	209 	90 	109 	109 
007678 	209 	90 	109 	109 
007679 	209 	90 	109 	109 
007680 	209 	90 	109 	109 
007681 	209 	90 	109 	109 
007682 	209 	90 	109 	109 
007683 	209 	90 	109 	109 
007684 	209 	90 	109 	109 
007685 	209 	90 	109 	109 
007686 	209 	90 	109 	109 
007687 	209 	90 	109 	109 
007688 	209 	90 	109 	109 
007689 	209 	90 	109 	109 
007690 	209 	90 	109 	109 
007691 	209 	90 	109 	109 
007692 	209 	90 	109 	109 
007693 	209 	90 	109 	109 
007694 	209 	90 	109 	109 
007695 	209 	90 	109 	109 
007696 	209 	90 	109 	109 
007697 	209 	90 	109 	109 
007698 	209 	90 	109 	109 
007699 	209 	90 	109 	109 
007700 	209 	90 	109 	109 
007701 	209 	90 	109 	109 
007702 	209 	90 	109 	109 
007703 	209 	90 	109 	109 
007704 	209 	90 	109 	109 
007705 	209 	90 	109 	109 
007706 	209 	90 	109 	109 
007707 	209 	90 	109 	109 
007708 	209 	90 	109 	109 
007709 	209 	90 	109 	109 
007710 	209 	90 	109 	109 
007711 	209 	90 	109 	109 
007712 	209 	90 	109 	109 
007713 	209 	90 	109 	109 
007714 	209 	90 	109 	109 
007715 	209 	90 	109 	109 
007716 	209 	90 	109 	109 
007717 	209 	90 	109 	109 
007718 	209 	90 	109 	109 
007719 	209 	90 	109 	109 
007720 	209 	90 	109 	109 
007721 	209 	90 	109 	109 
007722 	209 	90 	109 	109 
007723 	209 	90 	109 	109 
007724 	209 	90 	109 	109 
007725 	209 	102 	109 	109 
007726 	209 	102 	109 	109 
007727 	209 	102 	109 	109 
007728 	209 	90 	109 	109 
007729 	209 	90 	109 	109 
007730 	209 	90 	109 	109 
007731 	209 	90 	109 	109 
007732 	209 	90 	109 	109 
007733 	209 	90 	109 	109 
007734 	209 	90 	109 	109 
007735 	209 	90 	109 	109 
007736 	209 	90 	109 	109 
007737 	209 	90 	109 	109 
007738 	209 	90 	109 	109 
007739 	209 	90 	109 	109 
007740 	209 	90 	109 	109 
007741 	209 	90 	109 	109 
007742 	209 	90 	109 	109 
007743 	209 	90 	109 	109 
007744 	209 	90 	109 	109 
007745 	209 	90 	109 	109 
007746 	209 	90 	109 	109 
007747 	209 	90 	109 	109 
007748 	208 	80 	130 	130 
007749 	209 	90 	109 	109 
007750 	209 	90 	109 	109 
007751 	209 	90 	109 	109 
007752 	209 	90 	109 	109 
007753 	209 	90 	109 	109 
007754 	208 	80 	130 	130 
007755 	209 	90 	109 	109 
007756 	209 	90 	109 	109 
007757 	209 	90 	109 	109 
007758 	209 	90 	109 	109 
007759 	209 	90 	109 	109 
007760 	209 	90 	109 	109 
007761 	209 	90 	109 	109 
007762 	209 	90 	109 	109 
007763 	209 	90 	109 	109 
007764 	209 	90 	109 	109 
007765 	209 	90 	109 	109 
007766 	194 	80 	130 	130 
007767 	194 	80 	130 	130 
007768 	194 	80 	130 	130 
007769 	194 	80 	130 	130 
007770 	180 	80 	130 	130 
007771 	185 	102 	109 	109 
007772 	185 	90 	109 	109 
007773 	165 	94 	130 	130 
007774 	165 	94 	130 	130 
007775 	173 	90 	109 	109 
007776 	161 	102 	109 	109 
007777 	161 	102 	109 	109 
007778 	161 	90 	109 	109 
007779 	161 	90 	109 	109 
007780 	161 	90 	109 	109 
007781 	161 	90 	109 	109 
007782 	161 	90 	109 	109 
007783 	161 	90 	109 	109 
007784 	161 	90 	109 	109 
007785 	161 	90 	109 	109 
007786 	161 	90 	109 	109 
007787 	161 	90 	109 	109 
007788 	161 	90 	109 	109 
007789 	161 	90 	109 	109 
007790 	161 	90 	109 	109 
007791 	161 	90 	109 	109 
007792 	161 	90 	109 	109 
007793 	161 	102 	109 	109 
007794 	161 	102 	109 	109 
007795 	161 	102 	109 	109 
007796 	161 	102 	109 	109 
007797 	161 	102 	109 	109 
007798 	161 	102 	109 	109 
007799 	161 	102 	109 	109 
007800 	161 	102 	109 	109 
007801 	161 	102 	109 	109 
007802 	161 	90 	109 	109 
007803 	173 	102 	109 	109 
007804 	173 	102 	109 	109 
007805 	173 	102 	109 	109 
007806 	173 	102 	109 	109 
