Identity  : 	id10970
Reference : 	W4rUf6IjTh8
Offset    : 	0
FV Conf   : 	13.946
ASD Conf  : 	5.684

FRAME 	X 	Y 	W 	H 
005106 	383 	65 	91 	91 
005107 	383 	65 	91 	91 
005108 	383 	65 	91 	91 
005109 	383 	65 	91 	91 
005110 	383 	65 	91 	91 
005111 	383 	65 	91 	91 
005112 	383 	65 	91 	91 
005113 	383 	65 	91 	91 
005114 	383 	65 	91 	91 
005115 	383 	65 	91 	91 
005116 	383 	65 	91 	91 
005117 	383 	65 	91 	91 
005118 	383 	65 	91 	91 
005119 	383 	65 	91 	91 
005120 	383 	65 	91 	91 
005121 	383 	65 	91 	91 
005122 	383 	65 	91 	91 
005123 	383 	65 	91 	91 
005124 	383 	65 	91 	91 
005125 	383 	65 	91 	91 
005126 	383 	65 	91 	91 
005127 	383 	65 	91 	91 
005128 	365 	54 	108 	109 
005129 	365 	54 	108 	109 
005130 	365 	54 	108 	109 
005131 	365 	54 	108 	109 
005132 	365 	54 	108 	109 
005133 	365 	54 	108 	109 
005134 	365 	54 	108 	109 
005135 	365 	54 	108 	109 
005136 	365 	54 	108 	109 
005137 	383 	65 	91 	91 
005138 	383 	65 	91 	91 
005139 	365 	54 	108 	109 
005140 	365 	54 	108 	109 
005141 	373 	65 	91 	91 
005142 	373 	65 	91 	91 
005143 	373 	65 	91 	91 
005144 	373 	65 	91 	91 
005145 	373 	65 	91 	91 
005146 	373 	65 	91 	91 
005147 	373 	65 	91 	91 
005148 	373 	65 	91 	91 
005149 	373 	65 	91 	91 
005150 	365 	54 	108 	109 
005151 	373 	65 	91 	91 
005152 	373 	65 	91 	91 
005153 	373 	65 	91 	91 
005154 	373 	65 	91 	91 
005155 	373 	65 	91 	91 
005156 	373 	65 	91 	91 
005157 	373 	65 	91 	91 
005158 	373 	65 	91 	91 
005159 	373 	65 	91 	91 
005160 	373 	65 	91 	91 
005161 	373 	65 	91 	91 
005162 	373 	65 	91 	91 
005163 	373 	65 	91 	91 
005164 	365 	54 	108 	109 
005165 	373 	65 	91 	91 
005166 	365 	54 	108 	109 
005167 	365 	54 	108 	109 
005168 	365 	54 	108 	109 
005169 	365 	54 	108 	109 
005170 	365 	54 	108 	109 
005171 	383 	65 	91 	91 
005172 	383 	65 	91 	91 
005173 	383 	65 	91 	91 
005174 	383 	65 	91 	91 
005175 	383 	65 	91 	91 
005176 	383 	65 	91 	91 
005177 	383 	65 	91 	91 
005178 	383 	65 	91 	91 
005179 	383 	65 	91 	91 
005180 	383 	65 	91 	91 
005181 	383 	65 	91 	91 
005182 	383 	65 	91 	91 
005183 	383 	65 	91 	91 
005184 	383 	65 	91 	91 
005185 	383 	75 	91 	91 
005186 	383 	75 	91 	91 
005187 	383 	75 	91 	91 
005188 	383 	75 	91 	91 
005189 	383 	75 	91 	91 
005190 	383 	75 	91 	91 
005191 	383 	75 	91 	91 
005192 	383 	75 	91 	91 
005193 	383 	75 	91 	91 
005194 	383 	75 	91 	91 
005195 	383 	75 	91 	91 
005196 	376 	66 	109 	109 
005197 	376 	66 	109 	109 
005198 	376 	66 	109 	109 
005199 	376 	66 	109 	109 
005200 	376 	66 	109 	109 
005201 	376 	66 	109 	109 
005202 	376 	66 	109 	109 
005203 	376 	66 	109 	109 
005204 	376 	66 	109 	109 
005205 	376 	66 	109 	109 
005206 	376 	66 	109 	109 
005207 	376 	66 	109 	109 
005208 	376 	66 	109 	109 
005209 	383 	75 	91 	91 
005210 	376 	66 	109 	109 
005211 	376 	66 	109 	109 
005212 	376 	66 	109 	109 
005213 	376 	66 	109 	109 
005214 	393 	75 	91 	91 
005215 	393 	75 	91 	91 
005216 	376 	54 	109 	109 
005217 	376 	54 	109 	109 
005218 	393 	75 	91 	91 
005219 	376 	54 	109 	109 
005220 	393 	65 	91 	91 
005221 	393 	75 	91 	91 
005222 	393 	75 	91 	91 
005223 	393 	65 	91 	91 
005224 	393 	75 	91 	91 
005225 	393 	75 	91 	91 
005226 	393 	75 	91 	91 
005227 	393 	75 	91 	91 
005228 	393 	75 	91 	91 
005229 	393 	75 	91 	91 
005230 	393 	75 	91 	91 
005231 	376 	54 	109 	109 
005232 	376 	66 	109 	109 
005233 	376 	54 	109 	109 
005234 	376 	54 	109 	109 
005235 	376 	54 	109 	109 
005236 	376 	54 	109 	109 
005237 	376 	54 	109 	109 
005238 	376 	54 	109 	109 
005239 	376 	54 	109 	109 
005240 	376 	54 	109 	109 
005241 	376 	54 	109 	109 
005242 	376 	54 	109 	109 
005243 	376 	54 	109 	109 
005244 	376 	54 	109 	109 
