Identity  : 	id10634
Reference : 	Akz8XGdIuGs
Offset    : 	-1
FV Conf   : 	28.041
ASD Conf  : 	7.154

FRAME 	X 	Y 	W 	H 
004123 	264 	75 	90 	91 
004124 	264 	75 	90 	91 
004125 	264 	75 	90 	91 
004126 	264 	75 	90 	91 
004127 	264 	75 	90 	91 
004128 	264 	75 	90 	91 
004129 	264 	75 	90 	91 
004130 	264 	75 	90 	91 
004131 	264 	75 	90 	91 
004132 	264 	75 	90 	91 
004133 	264 	75 	90 	91 
004134 	264 	75 	90 	91 
004135 	264 	75 	90 	91 
004136 	264 	75 	90 	91 
004137 	264 	75 	90 	91 
004138 	264 	75 	90 	91 
004139 	264 	75 	90 	91 
004140 	264 	85 	90 	91 
004141 	264 	85 	90 	91 
004142 	264 	85 	90 	91 
004143 	264 	85 	90 	91 
004144 	264 	85 	90 	91 
004145 	264 	85 	90 	91 
004146 	264 	85 	90 	91 
004147 	264 	85 	90 	91 
004148 	264 	85 	90 	91 
004149 	264 	85 	90 	91 
004150 	264 	85 	90 	91 
004151 	269 	87 	76 	76 
004152 	269 	87 	76 	76 
004153 	264 	85 	90 	91 
004154 	264 	85 	90 	91 
004155 	264 	85 	90 	91 
004156 	264 	85 	90 	91 
004157 	264 	85 	90 	91 
004158 	264 	85 	90 	91 
004159 	264 	85 	90 	91 
004160 	269 	87 	76 	76 
004161 	269 	87 	76 	76 
004162 	269 	87 	76 	76 
004163 	264 	85 	90 	91 
004164 	269 	87 	76 	76 
004165 	269 	87 	76 	76 
004166 	269 	87 	76 	76 
004167 	269 	87 	76 	76 
004168 	264 	85 	90 	91 
004169 	264 	85 	90 	91 
004170 	269 	87 	76 	76 
004171 	269 	87 	76 	76 
004172 	264 	85 	90 	91 
004173 	269 	87 	76 	76 
004174 	269 	87 	76 	76 
004175 	269 	87 	76 	76 
004176 	269 	87 	76 	76 
004177 	269 	87 	76 	76 
004178 	269 	87 	76 	76 
004179 	269 	87 	76 	76 
004180 	269 	87 	76 	76 
004181 	269 	87 	76 	76 
004182 	269 	87 	76 	76 
004183 	269 	87 	76 	76 
004184 	269 	87 	76 	76 
004185 	269 	87 	76 	76 
004186 	269 	87 	76 	76 
004187 	269 	87 	76 	76 
004188 	269 	87 	76 	76 
004189 	269 	87 	76 	76 
004190 	269 	87 	76 	76 
004191 	269 	87 	76 	76 
004192 	269 	87 	76 	76 
004193 	269 	87 	76 	76 
004194 	269 	87 	76 	76 
004195 	269 	87 	76 	76 
004196 	269 	87 	76 	76 
004197 	269 	87 	76 	76 
004198 	269 	87 	76 	76 
004199 	269 	87 	76 	76 
004200 	264 	85 	90 	91 
004201 	264 	85 	90 	91 
004202 	264 	85 	90 	91 
004203 	264 	85 	90 	91 
004204 	264 	85 	90 	91 
004205 	264 	85 	90 	91 
004206 	269 	87 	76 	76 
004207 	269 	87 	76 	76 
004208 	269 	87 	76 	76 
004209 	269 	87 	76 	76 
004210 	264 	75 	90 	91 
004211 	264 	85 	90 	91 
004212 	264 	85 	90 	91 
004213 	269 	87 	76 	76 
004214 	264 	75 	90 	91 
004215 	264 	75 	90 	91 
004216 	264 	75 	90 	91 
004217 	264 	75 	90 	91 
004218 	264 	75 	90 	91 
004219 	264 	75 	90 	91 
004220 	264 	75 	90 	91 
004221 	264 	75 	90 	91 
004222 	264 	75 	90 	91 
004223 	264 	75 	90 	91 
004224 	264 	75 	90 	91 
004225 	264 	75 	90 	91 
004226 	264 	75 	90 	91 
004227 	264 	75 	90 	91 
004228 	264 	75 	90 	91 
004229 	264 	75 	90 	91 
004230 	264 	75 	90 	91 
004231 	264 	75 	90 	91 
004232 	264 	75 	90 	91 
004233 	264 	75 	90 	91 
004234 	264 	75 	90 	91 
004235 	264 	75 	90 	91 
004236 	264 	75 	90 	91 
004237 	264 	75 	90 	91 
004238 	264 	75 	90 	91 
004239 	264 	75 	90 	91 
004240 	264 	75 	90 	91 
004241 	264 	75 	90 	91 
004242 	278 	87 	75 	76 
004243 	274 	75 	90 	91 
004244 	274 	75 	90 	91 
004245 	274 	75 	90 	91 
004246 	274 	75 	90 	91 
004247 	274 	75 	90 	91 
004248 	274 	75 	90 	91 
004249 	274 	75 	90 	91 
004250 	274 	75 	90 	91 
004251 	264 	75 	90 	91 
004252 	264 	75 	90 	91 
004253 	264 	75 	90 	91 
004254 	264 	85 	90 	91 
004255 	269 	87 	76 	76 
004256 	269 	87 	76 	76 
004257 	254 	85 	90 	91 
004258 	254 	85 	90 	91 
004259 	254 	85 	90 	91 
004260 	254 	85 	90 	91 
004261 	254 	85 	90 	91 
004262 	254 	85 	90 	91 
004263 	254 	85 	90 	91 
004264 	269 	87 	76 	76 
004265 	269 	87 	76 	76 
004266 	269 	87 	76 	76 
004267 	269 	87 	76 	76 
004268 	269 	87 	76 	76 
004269 	269 	87 	76 	76 
004270 	269 	87 	76 	76 
004271 	269 	87 	76 	76 
004272 	269 	87 	76 	76 
004273 	254 	85 	90 	91 
004274 	254 	85 	90 	91 
004275 	254 	85 	90 	91 
004276 	254 	85 	90 	91 
004277 	254 	85 	90 	91 
004278 	254 	85 	90 	91 
004279 	254 	85 	90 	91 
004280 	254 	85 	90 	91 
004281 	254 	85 	90 	91 
004282 	254 	85 	90 	91 
004283 	254 	85 	90 	91 
004284 	254 	85 	90 	91 
004285 	254 	85 	90 	91 
004286 	254 	85 	90 	91 
004287 	254 	85 	90 	91 
004288 	254 	85 	90 	91 
004289 	254 	85 	90 	91 
004290 	254 	85 	90 	91 
004291 	254 	85 	90 	91 
004292 	254 	85 	90 	91 
004293 	254 	85 	90 	91 
004294 	254 	85 	90 	91 
004295 	254 	85 	90 	91 
004296 	254 	85 	90 	91 
004297 	254 	85 	90 	91 
004298 	254 	85 	90 	91 
004299 	254 	85 	90 	91 
004300 	254 	85 	90 	91 
004301 	254 	85 	90 	91 
004302 	254 	85 	90 	91 
004303 	254 	85 	90 	91 
004304 	254 	85 	90 	91 
004305 	254 	85 	90 	91 
004306 	254 	85 	90 	91 
004307 	254 	85 	90 	91 
004308 	254 	85 	90 	91 
004309 	254 	85 	90 	91 
004310 	254 	85 	90 	91 
004311 	254 	85 	90 	91 
004312 	254 	85 	90 	91 
004313 	254 	85 	90 	91 
004314 	254 	85 	90 	91 
004315 	254 	85 	90 	91 
004316 	254 	85 	90 	91 
004317 	254 	85 	90 	91 
004318 	254 	85 	90 	91 
004319 	254 	85 	90 	91 
004320 	254 	85 	90 	91 
004321 	254 	85 	90 	91 
004322 	254 	85 	90 	91 
004323 	254 	85 	90 	91 
004324 	254 	85 	90 	91 
004325 	254 	85 	90 	91 
004326 	254 	85 	90 	91 
004327 	254 	85 	90 	91 
004328 	254 	85 	90 	91 
004329 	254 	85 	90 	91 
004330 	254 	85 	90 	91 
004331 	254 	85 	90 	91 
004332 	254 	85 	90 	91 
004333 	254 	85 	90 	91 
004334 	254 	85 	90 	91 
004335 	254 	85 	90 	91 
004336 	254 	85 	90 	91 
004337 	254 	85 	90 	91 
004338 	254 	85 	90 	91 
004339 	254 	85 	90 	91 
004340 	254 	85 	90 	91 
004341 	254 	85 	90 	91 
004342 	254 	85 	90 	91 
004343 	254 	85 	90 	91 
004344 	254 	85 	90 	91 
004345 	254 	85 	90 	91 
004346 	254 	85 	90 	91 
004347 	254 	85 	90 	91 
004348 	254 	85 	90 	91 
004349 	254 	85 	90 	91 
004350 	254 	85 	90 	91 
004351 	254 	85 	90 	91 
004352 	254 	85 	90 	91 
004353 	254 	85 	90 	91 
004354 	254 	85 	90 	91 
004355 	254 	85 	90 	91 
004356 	264 	85 	90 	91 
004357 	264 	85 	90 	91 
004358 	264 	85 	90 	91 
004359 	264 	85 	90 	91 
004360 	264 	85 	90 	91 
004361 	254 	85 	90 	91 
004362 	254 	85 	90 	91 
004363 	254 	85 	90 	91 
004364 	254 	85 	90 	91 
004365 	254 	85 	90 	91 
004366 	264 	85 	90 	91 
004367 	254 	85 	90 	91 
004368 	254 	85 	90 	91 
004369 	254 	85 	90 	91 
004370 	254 	85 	90 	91 
004371 	254 	85 	90 	91 
004372 	254 	85 	90 	91 
004373 	264 	85 	90 	91 
004374 	264 	85 	90 	91 
004375 	269 	87 	76 	76 
004376 	264 	85 	90 	91 
004377 	269 	87 	76 	76 
004378 	269 	87 	76 	76 
004379 	269 	87 	76 	76 
004380 	269 	87 	76 	76 
004381 	264 	85 	90 	91 
004382 	264 	85 	90 	91 
004383 	264 	85 	90 	91 
004384 	264 	85 	90 	91 
004385 	264 	85 	90 	91 
004386 	264 	85 	90 	91 
004387 	264 	85 	90 	91 
004388 	264 	75 	90 	91 
004389 	264 	85 	90 	91 
004390 	264 	85 	90 	91 
004391 	264 	75 	90 	91 
004392 	264 	85 	90 	91 
004393 	264 	75 	90 	91 
004394 	264 	75 	90 	91 
004395 	264 	75 	90 	91 
004396 	264 	85 	90 	91 
004397 	264 	85 	90 	91 
004398 	264 	85 	90 	91 
004399 	264 	85 	90 	91 
004400 	264 	85 	90 	91 
004401 	264 	85 	90 	91 
004402 	264 	85 	90 	91 
004403 	264 	85 	90 	91 
004404 	264 	85 	90 	91 
004405 	264 	75 	90 	91 
004406 	264 	75 	90 	91 
004407 	264 	85 	90 	91 
004408 	269 	87 	76 	76 
004409 	269 	87 	76 	76 
004410 	264 	85 	90 	91 
004411 	264 	75 	90 	91 
004412 	264 	75 	90 	91 
004413 	264 	75 	90 	91 
004414 	264 	85 	90 	91 
004415 	269 	87 	76 	76 
004416 	269 	87 	76 	76 
004417 	264 	75 	90 	91 
004418 	264 	75 	90 	91 
004419 	264 	75 	90 	91 
004420 	264 	75 	90 	91 
004421 	269 	87 	76 	76 
004422 	264 	85 	90 	91 
004423 	269 	87 	76 	76 
004424 	264 	75 	90 	91 
004425 	264 	75 	90 	91 
004426 	264 	75 	90 	91 
004427 	264 	75 	90 	91 
004428 	264 	75 	90 	91 
004429 	264 	75 	90 	91 
004430 	264 	75 	90 	91 
004431 	264 	75 	90 	91 
004432 	274 	75 	90 	91 
004433 	274 	75 	90 	91 
004434 	274 	75 	90 	91 
004435 	264 	75 	90 	91 
004436 	278 	87 	75 	76 
004437 	274 	75 	90 	91 
004438 	274 	75 	90 	91 
004439 	278 	87 	75 	76 
004440 	278 	87 	75 	76 
004441 	278 	87 	75 	76 
004442 	278 	87 	75 	76 
004443 	278 	87 	75 	76 
004444 	278 	87 	75 	76 
004445 	264 	75 	90 	91 
004446 	264 	75 	90 	91 
004447 	264 	85 	90 	91 
004448 	264 	85 	90 	91 
004449 	264 	85 	90 	91 
004450 	264 	85 	90 	91 
004451 	264 	85 	90 	91 
004452 	264 	85 	90 	91 
004453 	264 	85 	90 	91 
004454 	264 	85 	90 	91 
004455 	264 	85 	90 	91 
004456 	264 	85 	90 	91 
004457 	264 	85 	90 	91 
004458 	264 	85 	90 	91 
004459 	264 	85 	90 	91 
004460 	264 	85 	90 	91 
004461 	264 	85 	90 	91 
004462 	269 	87 	76 	76 
004463 	264 	85 	90 	91 
004464 	264 	85 	90 	91 
004465 	264 	85 	90 	91 
004466 	264 	75 	90 	91 
004467 	264 	85 	90 	91 
004468 	264 	85 	90 	91 
004469 	264 	75 	90 	91 
004470 	264 	75 	90 	91 
004471 	264 	75 	90 	91 
004472 	264 	75 	90 	91 
004473 	264 	75 	90 	91 
004474 	264 	75 	90 	91 
004475 	264 	75 	90 	91 
004476 	264 	75 	90 	91 
004477 	264 	75 	90 	91 
004478 	264 	75 	90 	91 
004479 	264 	75 	90 	91 
004480 	264 	75 	90 	91 
004481 	264 	75 	90 	91 
004482 	264 	75 	90 	91 
004483 	264 	75 	90 	91 
004484 	264 	75 	90 	91 
004485 	264 	75 	90 	91 
004486 	264 	75 	90 	91 
004487 	269 	87 	76 	76 
004488 	269 	87 	76 	76 
004489 	264 	75 	90 	91 
004490 	264 	75 	90 	91 
004491 	264 	85 	90 	91 
004492 	264 	85 	90 	91 
004493 	264 	85 	90 	91 
004494 	264 	85 	90 	91 
004495 	264 	75 	90 	91 
004496 	264 	75 	90 	91 
004497 	264 	75 	90 	91 
