Identity  : 	id10634
Reference : 	Akz8XGdIuGs
Offset    : 	-1
FV Conf   : 	21.319
ASD Conf  : 	7.192

FRAME 	X 	Y 	W 	H 
005068 	257 	78 	109 	109 
005069 	257 	78 	109 	109 
005070 	257 	78 	109 	109 
005071 	257 	78 	109 	109 
005072 	257 	78 	109 	109 
005073 	257 	78 	109 	109 
005074 	257 	78 	109 	109 
005075 	257 	78 	109 	109 
005076 	257 	78 	109 	109 
005077 	264 	95 	90 	91 
005078 	264 	95 	90 	91 
005079 	264 	95 	90 	91 
005080 	264 	95 	90 	91 
005081 	257 	78 	109 	109 
005082 	257 	78 	109 	109 
005083 	257 	78 	109 	109 
005084 	257 	90 	109 	109 
005085 	257 	90 	109 	109 
005086 	257 	90 	109 	109 
005087 	257 	90 	109 	109 
005088 	257 	90 	109 	109 
005089 	257 	90 	109 	109 
005090 	257 	90 	109 	109 
005091 	257 	90 	109 	109 
005092 	257 	90 	109 	109 
005093 	257 	90 	109 	109 
005094 	257 	90 	109 	109 
005095 	257 	90 	109 	109 
005096 	257 	90 	109 	109 
005097 	257 	90 	109 	109 
005098 	257 	90 	109 	109 
005099 	264 	105 	90 	91 
005100 	264 	105 	90 	91 
005101 	264 	105 	90 	91 
005102 	264 	105 	90 	91 
005103 	264 	105 	90 	91 
005104 	264 	105 	90 	91 
005105 	264 	105 	90 	91 
005106 	264 	105 	90 	91 
005107 	245 	90 	109 	109 
005108 	264 	105 	90 	91 
005109 	264 	105 	90 	91 
005110 	264 	105 	90 	91 
005111 	245 	90 	109 	109 
005112 	245 	90 	109 	109 
005113 	264 	105 	90 	91 
005114 	264 	105 	90 	91 
005115 	264 	105 	90 	91 
005116 	245 	90 	109 	109 
005117 	245 	90 	109 	109 
005118 	245 	90 	109 	109 
005119 	254 	105 	90 	91 
005120 	245 	90 	109 	109 
005121 	245 	90 	109 	109 
005122 	245 	90 	109 	109 
005123 	245 	90 	109 	109 
005124 	254 	105 	90 	91 
005125 	254 	105 	90 	91 
005126 	254 	105 	90 	91 
005127 	254 	105 	90 	91 
005128 	254 	105 	90 	91 
005129 	254 	105 	90 	91 
005130 	254 	105 	90 	91 
005131 	254 	105 	90 	91 
005132 	254 	105 	90 	91 
005133 	254 	105 	90 	91 
005134 	254 	105 	90 	91 
005135 	254 	105 	90 	91 
005136 	254 	105 	90 	91 
005137 	245 	90 	109 	109 
005138 	245 	90 	109 	109 
005139 	245 	90 	109 	109 
005140 	264 	105 	90 	91 
005141 	264 	105 	90 	91 
005142 	264 	105 	90 	91 
005143 	264 	105 	90 	91 
005144 	264 	105 	90 	91 
005145 	264 	105 	90 	91 
005146 	264 	105 	90 	91 
005147 	264 	105 	90 	91 
005148 	264 	105 	90 	91 
005149 	264 	105 	90 	91 
005150 	264 	105 	90 	91 
005151 	264 	105 	90 	91 
005152 	264 	105 	90 	91 
005153 	264 	105 	90 	91 
005154 	264 	105 	90 	91 
005155 	264 	105 	90 	91 
005156 	264 	105 	90 	91 
005157 	264 	105 	90 	91 
005158 	264 	105 	90 	91 
005159 	264 	105 	90 	91 
005160 	264 	105 	90 	91 
005161 	264 	105 	90 	91 
005162 	264 	105 	90 	91 
005163 	264 	105 	90 	91 
005164 	264 	105 	90 	91 
005165 	264 	105 	90 	91 
005166 	264 	105 	90 	91 
005167 	245 	90 	109 	109 
005168 	245 	90 	109 	109 
005169 	245 	90 	109 	109 
005170 	245 	90 	109 	109 
005171 	244 	95 	90 	91 
005172 	244 	95 	90 	91 
005173 	234 	95 	90 	91 
005174 	234 	95 	90 	91 
005175 	221 	78 	109 	109 
005176 	224 	95 	91 	91 
005177 	224 	95 	91 	91 
005178 	224 	95 	91 	91 
005179 	224 	95 	91 	91 
005180 	221 	90 	109 	109 
005181 	234 	95 	90 	91 
005182 	234 	95 	90 	91 
005183 	234 	95 	90 	91 
005184 	233 	90 	109 	109 
005185 	233 	90 	109 	109 
005186 	245 	90 	109 	109 
005187 	264 	95 	90 	91 
005188 	257 	78 	109 	109 
005189 	257 	78 	109 	109 
005190 	269 	78 	108 	109 
005191 	257 	78 	109 	109 
005192 	257 	78 	109 	109 
005193 	257 	78 	109 	109 
005194 	257 	78 	109 	109 
005195 	269 	78 	108 	109 
005196 	274 	85 	90 	91 
005197 	274 	85 	90 	91 
005198 	274 	85 	90 	91 
005199 	274 	85 	90 	91 
005200 	257 	78 	109 	109 
005201 	257 	78 	109 	109 
005202 	257 	78 	109 	109 
005203 	257 	78 	109 	109 
005204 	257 	78 	109 	109 
005205 	257 	78 	109 	109 
005206 	257 	78 	109 	109 
005207 	257 	90 	109 	109 
005208 	245 	90 	109 	109 
005209 	245 	90 	109 	109 
005210 	245 	102 	109 	109 
005211 	245 	102 	109 	109 
005212 	245 	102 	109 	109 
005213 	245 	90 	109 	109 
