Identity  : 	id11019
Reference : 	yHoVFxr9PR4
Offset    : 	0
FV Conf   : 	12.625
ASD Conf  : 	6.875

FRAME 	X 	Y 	W 	H 
004338 	75 	85 	90 	91 
004339 	75 	85 	90 	91 
004340 	75 	85 	90 	91 
004341 	75 	75 	90 	91 
004342 	75 	75 	90 	91 
004343 	85 	75 	90 	91 
004344 	85 	75 	90 	91 
004345 	85 	75 	90 	91 
004346 	85 	75 	90 	91 
004347 	85 	75 	90 	91 
004348 	85 	75 	90 	91 
004349 	78 	66 	108 	109 
004350 	78 	66 	108 	109 
004351 	78 	66 	108 	109 
004352 	85 	75 	90 	91 
004353 	85 	75 	90 	91 
004354 	78 	66 	108 	109 
004355 	75 	75 	90 	91 
004356 	75 	75 	90 	91 
004357 	75 	75 	90 	91 
004358 	75 	75 	90 	91 
004359 	75 	75 	90 	91 
004360 	75 	75 	90 	91 
004361 	75 	75 	90 	91 
004362 	75 	75 	90 	91 
004363 	66 	66 	108 	109 
004364 	65 	75 	90 	91 
004365 	65 	75 	90 	91 
004366 	65 	75 	90 	91 
004367 	65 	75 	90 	91 
004368 	65 	75 	90 	91 
004369 	65 	75 	90 	91 
004370 	65 	75 	90 	91 
004371 	54 	66 	108 	109 
004372 	54 	66 	108 	109 
004373 	54 	66 	108 	109 
004374 	54 	66 	108 	109 
004375 	54 	66 	108 	109 
004376 	42 	66 	109 	109 
004377 	42 	66 	109 	109 
004378 	42 	66 	109 	109 
004379 	42 	66 	109 	109 
004380 	42 	66 	109 	109 
004381 	42 	66 	109 	109 
004382 	42 	66 	109 	109 
004383 	55 	75 	90 	91 
004384 	55 	75 	90 	91 
004385 	54 	66 	108 	109 
004386 	65 	75 	90 	91 
004387 	65 	75 	90 	91 
004388 	65 	75 	90 	91 
004389 	65 	75 	90 	91 
004390 	75 	75 	90 	91 
004391 	75 	85 	90 	91 
004392 	75 	85 	90 	91 
004393 	75 	85 	90 	91 
004394 	75 	75 	90 	91 
004395 	75 	75 	90 	91 
004396 	65 	75 	90 	91 
004397 	65 	75 	90 	91 
004398 	65 	75 	90 	91 
004399 	65 	75 	90 	91 
004400 	55 	75 	90 	91 
004401 	55 	75 	90 	91 
004402 	55 	75 	90 	91 
004403 	55 	75 	90 	91 
004404 	55 	75 	90 	91 
004405 	55 	75 	90 	91 
004406 	55 	75 	90 	91 
004407 	65 	75 	90 	91 
004408 	65 	75 	90 	91 
004409 	65 	75 	90 	91 
004410 	65 	75 	90 	91 
004411 	65 	75 	90 	91 
004412 	65 	75 	90 	91 
004413 	65 	75 	90 	91 
004414 	55 	75 	90 	91 
004415 	55 	75 	90 	91 
004416 	42 	66 	109 	109 
004417 	45 	75 	90 	91 
004418 	45 	75 	90 	91 
004419 	42 	66 	109 	109 
004420 	42 	66 	109 	109 
004421 	42 	66 	109 	109 
004422 	55 	75 	90 	91 
004423 	55 	75 	90 	91 
004424 	55 	75 	90 	91 
004425 	55 	75 	90 	91 
004426 	55 	75 	90 	91 
004427 	54 	66 	108 	109 
004428 	54 	54 	108 	109 
004429 	54 	54 	108 	109 
004430 	54 	54 	108 	109 
004431 	54 	54 	108 	109 
004432 	65 	65 	90 	91 
004433 	65 	65 	90 	91 
004434 	65 	65 	90 	91 
004435 	65 	65 	90 	91 
004436 	65 	65 	90 	91 
004437 	65 	65 	90 	91 
004438 	65 	65 	90 	91 
004439 	65 	75 	90 	91 
004440 	65 	75 	90 	91 
004441 	65 	75 	90 	91 
004442 	65 	75 	90 	91 
004443 	54 	66 	108 	109 
004444 	54 	66 	108 	109 
004445 	54 	66 	108 	109 
004446 	54 	54 	108 	109 
004447 	54 	66 	108 	109 
004448 	54 	66 	108 	109 
004449 	54 	66 	108 	109 
004450 	65 	75 	90 	91 
004451 	65 	75 	90 	91 
004452 	65 	75 	90 	91 
004453 	65 	75 	90 	91 
004454 	65 	75 	90 	91 
004455 	65 	75 	90 	91 
004456 	65 	75 	90 	91 
004457 	65 	75 	90 	91 
004458 	65 	75 	90 	91 
004459 	65 	75 	90 	91 
004460 	65 	75 	90 	91 
004461 	65 	75 	90 	91 
004462 	65 	75 	90 	91 
004463 	65 	75 	90 	91 
004464 	65 	75 	90 	91 
004465 	65 	75 	90 	91 
004466 	65 	75 	90 	91 
004467 	65 	75 	90 	91 
004468 	54 	66 	108 	109 
004469 	54 	66 	108 	109 
004470 	54 	66 	108 	109 
004471 	54 	66 	108 	109 
004472 	55 	75 	90 	91 
004473 	55 	75 	90 	91 
004474 	55 	75 	90 	91 
004475 	55 	75 	90 	91 
004476 	55 	75 	90 	91 
004477 	55 	75 	90 	91 
004478 	55 	75 	90 	91 
004479 	55 	75 	90 	91 
004480 	55 	75 	90 	91 
004481 	45 	75 	90 	91 
004482 	45 	75 	90 	91 
004483 	45 	75 	90 	91 
004484 	45 	75 	90 	91 
004485 	45 	75 	90 	91 
004486 	45 	75 	90 	91 
004487 	45 	75 	90 	91 
004488 	45 	75 	90 	91 
004489 	45 	75 	90 	91 
004490 	42 	66 	109 	109 
004491 	55 	75 	90 	91 
004492 	55 	75 	90 	91 
004493 	55 	75 	90 	91 
004494 	55 	75 	90 	91 
004495 	55 	75 	90 	91 
004496 	55 	75 	90 	91 
004497 	55 	75 	90 	91 
004498 	55 	75 	90 	91 
004499 	42 	66 	109 	109 
004500 	42 	66 	109 	109 
004501 	45 	75 	90 	91 
004502 	45 	75 	90 	91 
004503 	45 	75 	90 	91 
004504 	45 	75 	90 	91 
004505 	45 	75 	90 	91 
004506 	45 	75 	90 	91 
004507 	42 	66 	109 	109 
004508 	55 	75 	90 	91 
004509 	55 	75 	90 	91 
004510 	55 	75 	90 	91 
004511 	55 	75 	90 	91 
004512 	55 	75 	90 	91 
004513 	55 	75 	90 	91 
004514 	55 	75 	90 	91 
004515 	55 	75 	90 	91 
