Identity  : 	id10513
Reference : 	J7ZGGZQKPlw
Offset    : 	-1
FV Conf   : 	14.917
ASD Conf  : 	7.745

FRAME 	X 	Y 	W 	H 
005742 	150 	90 	108 	109 
005743 	150 	90 	108 	109 
005744 	150 	90 	108 	109 
005745 	164 	95 	91 	91 
005746 	150 	90 	108 	109 
005747 	164 	95 	91 	91 
005748 	164 	95 	91 	91 
005749 	164 	95 	91 	91 
005750 	164 	95 	91 	91 
005751 	164 	95 	91 	91 
005752 	164 	95 	91 	91 
005753 	164 	95 	91 	91 
005754 	161 	90 	109 	109 
005755 	161 	90 	109 	109 
005756 	161 	90 	109 	109 
005757 	161 	90 	109 	109 
005758 	161 	90 	109 	109 
005759 	161 	90 	109 	109 
005760 	161 	90 	109 	109 
005761 	161 	90 	109 	109 
005762 	161 	90 	109 	109 
005763 	161 	78 	109 	109 
005764 	161 	78 	109 	109 
005765 	161 	78 	109 	109 
005766 	161 	78 	109 	109 
005767 	161 	78 	109 	109 
005768 	161 	78 	109 	109 
005769 	161 	78 	109 	109 
005770 	161 	78 	109 	109 
005771 	174 	95 	91 	91 
005772 	174 	95 	91 	91 
005773 	174 	95 	91 	91 
005774 	161 	90 	109 	109 
005775 	161 	90 	109 	109 
005776 	161 	90 	109 	109 
005777 	161 	90 	109 	109 
005778 	161 	90 	109 	109 
005779 	164 	105 	91 	91 
005780 	164 	105 	91 	91 
005781 	164 	105 	91 	91 
005782 	164 	105 	91 	91 
005783 	164 	105 	91 	91 
005784 	150 	90 	108 	109 
005785 	150 	102 	108 	109 
005786 	150 	90 	108 	109 
005787 	150 	90 	108 	109 
005788 	150 	90 	108 	109 
005789 	150 	90 	108 	109 
005790 	150 	90 	108 	109 
005791 	150 	90 	108 	109 
005792 	150 	90 	108 	109 
005793 	150 	90 	108 	109 
005794 	150 	90 	108 	109 
005795 	150 	90 	108 	109 
005796 	150 	90 	108 	109 
005797 	150 	90 	108 	109 
005798 	150 	90 	108 	109 
005799 	150 	90 	108 	109 
005800 	150 	90 	108 	109 
005801 	150 	90 	108 	109 
005802 	150 	90 	108 	109 
005803 	150 	90 	108 	109 
005804 	150 	90 	108 	109 
005805 	150 	90 	108 	109 
005806 	150 	90 	108 	109 
005807 	150 	90 	108 	109 
005808 	154 	105 	91 	91 
005809 	154 	105 	91 	91 
005810 	154 	105 	91 	91 
005811 	150 	90 	108 	109 
005812 	150 	90 	108 	109 
005813 	150 	90 	108 	109 
005814 	150 	90 	108 	109 
005815 	154 	105 	91 	91 
005816 	150 	90 	108 	109 
005817 	150 	90 	108 	109 
005818 	150 	90 	108 	109 
005819 	150 	90 	108 	109 
005820 	150 	90 	108 	109 
005821 	150 	90 	108 	109 
005822 	150 	90 	108 	109 
005823 	150 	90 	108 	109 
005824 	150 	90 	108 	109 
005825 	150 	90 	108 	109 
005826 	150 	90 	108 	109 
005827 	150 	90 	108 	109 
005828 	150 	90 	108 	109 
005829 	150 	90 	108 	109 
005830 	150 	90 	108 	109 
005831 	150 	90 	108 	109 
005832 	150 	90 	108 	109 
005833 	150 	90 	108 	109 
005834 	150 	90 	108 	109 
005835 	150 	90 	108 	109 
005836 	150 	90 	108 	109 
005837 	150 	90 	108 	109 
005838 	150 	90 	108 	109 
005839 	150 	90 	108 	109 
005840 	150 	90 	108 	109 
005841 	154 	105 	91 	91 
005842 	154 	105 	91 	91 
005843 	138 	90 	108 	109 
005844 	138 	90 	108 	109 
005845 	144 	105 	91 	91 
005846 	144 	105 	91 	91 
005847 	144 	105 	91 	91 
005848 	144 	105 	91 	91 
005849 	144 	105 	91 	91 
005850 	144 	105 	91 	91 
005851 	144 	105 	91 	91 
005852 	144 	105 	91 	91 
005853 	126 	102 	108 	109 
005854 	126 	102 	108 	109 
005855 	126 	102 	108 	109 
005856 	126 	102 	108 	109 
005857 	126 	102 	108 	109 
005858 	126 	102 	108 	109 
005859 	126 	102 	108 	109 
005860 	126 	102 	108 	109 
005861 	126 	102 	108 	109 
005862 	126 	102 	108 	109 
005863 	126 	102 	108 	109 
005864 	138 	102 	108 	109 
005865 	144 	105 	91 	91 
005866 	144 	105 	91 	91 
005867 	138 	102 	108 	109 
005868 	138 	102 	108 	109 
005869 	144 	115 	91 	91 
005870 	144 	115 	91 	91 
