Identity  : 	id10017
Reference : 	xLakEK2bbQw
Offset    : 	-3
FV Conf   : 	23.400
ASD Conf  : 	7.673

FRAME 	X 	Y 	W 	H 
003954 	319 	96 	156 	156 
003955 	319 	96 	156 	156 
003956 	319 	96 	156 	156 
003957 	319 	96 	156 	156 
003958 	319 	96 	156 	156 
003959 	319 	96 	156 	156 
003960 	319 	96 	156 	156 
003961 	319 	96 	156 	156 
003962 	319 	96 	156 	156 
003963 	319 	96 	156 	156 
003964 	319 	96 	156 	156 
003965 	319 	96 	156 	156 
003966 	319 	96 	156 	156 
003967 	319 	96 	156 	156 
003968 	319 	96 	156 	156 
003969 	319 	96 	156 	156 
003970 	319 	96 	156 	156 
003971 	319 	96 	156 	156 
003972 	319 	96 	156 	156 
003973 	319 	96 	156 	156 
003974 	319 	96 	156 	156 
003975 	319 	96 	156 	156 
003976 	319 	96 	156 	156 
003977 	319 	96 	156 	156 
003978 	319 	96 	156 	156 
003979 	319 	96 	156 	156 
003980 	319 	96 	156 	156 
003981 	323 	109 	130 	130 
003982 	323 	109 	130 	130 
003983 	323 	109 	130 	130 
003984 	323 	109 	130 	130 
003985 	323 	109 	130 	130 
003986 	323 	109 	130 	130 
003987 	323 	109 	130 	130 
003988 	323 	109 	130 	130 
003989 	323 	109 	130 	130 
003990 	323 	109 	130 	130 
003991 	323 	109 	130 	130 
003992 	323 	109 	130 	130 
003993 	323 	109 	130 	130 
003994 	302 	96 	156 	156 
003995 	302 	96 	156 	156 
003996 	302 	96 	156 	156 
003997 	302 	96 	156 	156 
003998 	302 	96 	156 	156 
003999 	302 	96 	156 	156 
004000 	302 	96 	156 	156 
004001 	302 	96 	156 	156 
004002 	302 	96 	156 	156 
004003 	323 	109 	130 	130 
004004 	323 	109 	130 	130 
004005 	323 	109 	130 	130 
004006 	323 	109 	130 	130 
004007 	323 	109 	130 	130 
004008 	323 	109 	130 	130 
004009 	323 	109 	130 	130 
004010 	323 	109 	130 	130 
004011 	302 	96 	156 	156 
004012 	302 	96 	156 	156 
004013 	302 	96 	156 	156 
004014 	302 	96 	156 	156 
004015 	302 	96 	156 	156 
004016 	302 	96 	156 	156 
004017 	302 	96 	156 	156 
004018 	302 	96 	156 	156 
004019 	302 	96 	156 	156 
004020 	302 	96 	156 	156 
004021 	302 	96 	156 	156 
004022 	302 	96 	156 	156 
004023 	302 	96 	156 	156 
004024 	302 	96 	156 	156 
004025 	323 	109 	130 	130 
004026 	323 	109 	130 	130 
004027 	323 	109 	130 	130 
004028 	323 	109 	130 	130 
004029 	323 	109 	130 	130 
004030 	323 	109 	130 	130 
004031 	323 	109 	130 	130 
004032 	323 	109 	130 	130 
004033 	323 	109 	130 	130 
004034 	323 	109 	130 	130 
004035 	323 	109 	130 	130 
004036 	323 	109 	130 	130 
004037 	323 	109 	130 	130 
004038 	323 	109 	130 	130 
004039 	323 	109 	130 	130 
004040 	323 	109 	130 	130 
004041 	323 	109 	130 	130 
004042 	323 	109 	130 	130 
004043 	323 	109 	130 	130 
004044 	323 	109 	130 	130 
004045 	323 	109 	130 	130 
004046 	323 	109 	130 	130 
004047 	302 	96 	156 	156 
004048 	302 	96 	156 	156 
004049 	302 	96 	156 	156 
004050 	323 	94 	130 	130 
004051 	323 	94 	130 	130 
004052 	323 	94 	130 	130 
004053 	323 	94 	130 	130 
004054 	323 	94 	130 	130 
004055 	319 	96 	156 	156 
004056 	319 	79 	156 	156 
004057 	319 	79 	156 	156 
004058 	319 	79 	156 	156 
004059 	319 	79 	156 	156 
004060 	319 	96 	156 	156 
004061 	319 	96 	156 	156 
004062 	319 	96 	156 	156 
004063 	319 	79 	156 	156 
004064 	319 	96 	156 	156 
004065 	319 	96 	156 	156 
004066 	319 	96 	156 	156 
004067 	319 	96 	156 	156 
004068 	336 	96 	156 	156 
004069 	336 	96 	156 	156 
004070 	336 	96 	156 	156 
004071 	336 	96 	156 	156 
004072 	336 	96 	156 	156 
004073 	336 	79 	156 	156 
004074 	336 	96 	156 	156 
004075 	336 	96 	156 	156 
004076 	336 	96 	156 	156 
