Identity  : 	id10680
Reference : 	mHTAr5dlAgc
Offset    : 	-1
FV Conf   : 	16.400
ASD Conf  : 	6.119

FRAME 	X 	Y 	W 	H 
006647 	173 	66 	109 	109 
006648 	173 	66 	109 	109 
006649 	173 	66 	109 	109 
006650 	173 	66 	109 	109 
006651 	173 	66 	109 	109 
006652 	173 	66 	109 	109 
006653 	173 	66 	109 	109 
006654 	173 	66 	109 	109 
006655 	173 	66 	109 	109 
006656 	173 	66 	109 	109 
006657 	173 	66 	109 	109 
006658 	173 	66 	109 	109 
006659 	173 	66 	109 	109 
006660 	173 	66 	109 	109 
006661 	173 	66 	109 	109 
006662 	173 	66 	109 	109 
006663 	173 	66 	109 	109 
006664 	173 	66 	109 	109 
006665 	173 	66 	109 	109 
006666 	173 	66 	109 	109 
006667 	173 	66 	109 	109 
006668 	173 	66 	109 	109 
006669 	173 	66 	109 	109 
006670 	173 	66 	109 	109 
006671 	173 	66 	109 	109 
006672 	173 	66 	109 	109 
006673 	173 	66 	109 	109 
006674 	173 	66 	109 	109 
006675 	173 	66 	109 	109 
006676 	173 	66 	109 	109 
006677 	173 	66 	109 	109 
006678 	173 	66 	109 	109 
006679 	173 	66 	109 	109 
006680 	173 	66 	109 	109 
006681 	173 	66 	109 	109 
006682 	173 	66 	109 	109 
006683 	173 	66 	109 	109 
006684 	173 	66 	109 	109 
006685 	173 	66 	109 	109 
006686 	173 	66 	109 	109 
006687 	173 	66 	109 	109 
006688 	173 	66 	109 	109 
006689 	173 	66 	109 	109 
006690 	173 	66 	109 	109 
006691 	173 	66 	109 	109 
006692 	173 	66 	109 	109 
006693 	173 	66 	109 	109 
006694 	173 	66 	109 	109 
006695 	173 	66 	109 	109 
006696 	173 	66 	109 	109 
006697 	173 	66 	109 	109 
006698 	173 	66 	109 	109 
006699 	173 	66 	109 	109 
006700 	173 	66 	109 	109 
006701 	173 	66 	109 	109 
006702 	173 	66 	109 	109 
006703 	173 	66 	109 	109 
006704 	173 	66 	109 	109 
006705 	173 	66 	109 	109 
006706 	173 	66 	109 	109 
006707 	173 	66 	109 	109 
006708 	173 	66 	109 	109 
006709 	173 	66 	109 	109 
006710 	173 	66 	109 	109 
006711 	173 	66 	109 	109 
006712 	173 	66 	109 	109 
006713 	173 	66 	109 	109 
006714 	173 	66 	109 	109 
006715 	173 	66 	109 	109 
006716 	173 	66 	109 	109 
006717 	173 	66 	109 	109 
006718 	173 	66 	109 	109 
006719 	173 	66 	109 	109 
006720 	173 	78 	109 	109 
006721 	173 	78 	109 	109 
006722 	173 	78 	109 	109 
006723 	173 	78 	109 	109 
006724 	173 	78 	109 	109 
006725 	173 	78 	109 	109 
006726 	173 	78 	109 	109 
006727 	173 	78 	109 	109 
006728 	184 	85 	91 	91 
006729 	185 	78 	109 	109 
006730 	185 	78 	109 	109 
006731 	185 	78 	109 	109 
006732 	185 	78 	109 	109 
006733 	185 	78 	109 	109 
006734 	185 	78 	109 	109 
006735 	185 	78 	109 	109 
006736 	185 	78 	109 	109 
006737 	185 	78 	109 	109 
006738 	185 	78 	109 	109 
006739 	185 	78 	109 	109 
006740 	185 	78 	109 	109 
006741 	185 	78 	109 	109 
006742 	185 	78 	109 	109 
006743 	185 	78 	109 	109 
006744 	185 	78 	109 	109 
006745 	185 	78 	109 	109 
006746 	185 	78 	109 	109 
006747 	185 	78 	109 	109 
006748 	185 	78 	109 	109 
006749 	185 	78 	109 	109 
006750 	185 	78 	109 	109 
006751 	185 	78 	109 	109 
006752 	185 	78 	109 	109 
006753 	185 	78 	109 	109 
006754 	185 	78 	109 	109 
006755 	185 	79 	105 	105 
006756 	185 	81 	102 	102 
006757 	184 	82 	98 	98 
