Identity  : 	id10259
Reference : 	IxB0HPTXtws
Offset    : 	-4
FV Conf   : 	32.589
ASD Conf  : 	7.379

FRAME 	X 	Y 	W 	H 
005921 	173 	78 	109 	109 
005922 	173 	78 	109 	109 
005923 	185 	78 	109 	109 
005924 	185 	90 	109 	109 
005925 	185 	90 	109 	109 
005926 	185 	90 	109 	109 
005927 	185 	90 	109 	109 
005928 	185 	90 	109 	109 
005929 	185 	90 	109 	109 
005930 	185 	90 	109 	109 
005931 	197 	90 	109 	109 
005932 	197 	90 	109 	109 
005933 	197 	90 	109 	109 
005934 	197 	90 	109 	109 
005935 	197 	90 	109 	109 
005936 	197 	90 	109 	109 
005937 	197 	90 	109 	109 
005938 	197 	90 	109 	109 
005939 	197 	90 	109 	109 
005940 	197 	90 	109 	109 
005941 	197 	90 	109 	109 
005942 	180 	80 	130 	130 
005943 	180 	80 	130 	130 
005944 	185 	78 	109 	109 
005945 	185 	78 	109 	109 
005946 	185 	78 	109 	109 
005947 	185 	78 	109 	109 
005948 	185 	78 	109 	109 
005949 	185 	78 	109 	109 
005950 	185 	78 	109 	109 
005951 	185 	78 	109 	109 
005952 	185 	78 	109 	109 
005953 	185 	78 	109 	109 
005954 	197 	78 	109 	109 
005955 	197 	78 	109 	109 
005956 	197 	78 	109 	109 
005957 	197 	78 	109 	109 
005958 	197 	78 	109 	109 
005959 	197 	78 	109 	109 
005960 	197 	78 	109 	109 
005961 	197 	78 	109 	109 
005962 	185 	78 	109 	109 
005963 	185 	78 	109 	109 
005964 	185 	78 	109 	109 
005965 	185 	78 	109 	109 
005966 	185 	90 	109 	109 
005967 	185 	90 	109 	109 
005968 	185 	90 	109 	109 
005969 	185 	90 	109 	109 
005970 	185 	90 	109 	109 
005971 	185 	90 	109 	109 
005972 	185 	90 	109 	109 
005973 	185 	90 	109 	109 
005974 	185 	90 	109 	109 
005975 	185 	90 	109 	109 
005976 	185 	90 	109 	109 
005977 	185 	90 	109 	109 
005978 	185 	90 	109 	109 
005979 	185 	90 	109 	109 
005980 	185 	90 	109 	109 
005981 	185 	90 	109 	109 
005982 	185 	90 	109 	109 
005983 	185 	90 	109 	109 
005984 	185 	90 	109 	109 
005985 	185 	90 	109 	109 
005986 	185 	90 	109 	109 
005987 	185 	90 	109 	109 
005988 	185 	90 	109 	109 
005989 	185 	90 	109 	109 
005990 	185 	90 	109 	109 
005991 	185 	90 	109 	109 
005992 	185 	90 	109 	109 
005993 	185 	90 	109 	109 
005994 	185 	90 	109 	109 
005995 	185 	90 	109 	109 
005996 	185 	90 	109 	109 
005997 	185 	90 	109 	109 
005998 	185 	90 	109 	109 
005999 	185 	78 	109 	109 
006000 	185 	78 	109 	109 
006001 	185 	78 	109 	109 
006002 	185 	78 	109 	109 
006003 	185 	78 	109 	109 
006004 	185 	78 	109 	109 
006005 	180 	66 	130 	130 
006006 	180 	66 	130 	130 
006007 	185 	66 	109 	109 
006008 	185 	66 	109 	109 
006009 	185 	66 	109 	109 
006010 	185 	66 	109 	109 
006011 	185 	66 	109 	109 
006012 	185 	66 	109 	109 
006013 	185 	66 	109 	109 
006014 	185 	66 	109 	109 
006015 	185 	66 	109 	109 
006016 	185 	66 	109 	109 
006017 	185 	66 	109 	109 
006018 	185 	66 	109 	109 
006019 	185 	66 	109 	109 
006020 	185 	66 	109 	109 
006021 	185 	66 	109 	109 
006022 	185 	78 	109 	109 
006023 	185 	78 	109 	109 
006024 	185 	78 	109 	109 
006025 	185 	78 	109 	109 
006026 	185 	78 	109 	109 
006027 	185 	78 	109 	109 
006028 	185 	78 	109 	109 
006029 	185 	78 	109 	109 
006030 	185 	78 	109 	109 
006031 	185 	78 	109 	109 
006032 	185 	78 	109 	109 
006033 	185 	78 	109 	109 
006034 	185 	78 	109 	109 
006035 	185 	78 	109 	109 
006036 	185 	78 	109 	109 
006037 	185 	78 	109 	109 
006038 	185 	78 	109 	109 
006039 	185 	78 	109 	109 
006040 	185 	78 	109 	109 
006041 	185 	78 	109 	109 
006042 	185 	78 	109 	109 
006043 	185 	78 	109 	109 
006044 	185 	78 	109 	109 
006045 	185 	78 	109 	109 
006046 	185 	78 	109 	109 
006047 	173 	66 	109 	109 
006048 	173 	66 	109 	109 
006049 	173 	66 	109 	109 
006050 	173 	66 	109 	109 
006051 	185 	66 	109 	109 
006052 	185 	66 	109 	109 
006053 	185 	66 	109 	109 
006054 	185 	66 	109 	109 
006055 	185 	66 	109 	109 
