Identity  : 	id10685
Reference : 	1SF46fW-quQ
Offset    : 	-4
FV Conf   : 	15.682
ASD Conf  : 	6.521

FRAME 	X 	Y 	W 	H 
006166 	264 	75 	90 	91 
006167 	245 	66 	109 	109 
006168 	254 	75 	90 	91 
006169 	244 	75 	90 	91 
006170 	234 	75 	90 	91 
006171 	234 	75 	90 	91 
006172 	221 	66 	109 	109 
006173 	221 	66 	109 	109 
006174 	221 	66 	109 	109 
006175 	221 	66 	109 	109 
006176 	221 	66 	109 	109 
006177 	221 	66 	109 	109 
006178 	221 	66 	109 	109 
006179 	221 	66 	109 	109 
006180 	221 	66 	109 	109 
006181 	234 	65 	90 	91 
006182 	234 	65 	90 	91 
006183 	233 	66 	109 	109 
006184 	233 	66 	109 	109 
006185 	233 	66 	109 	109 
006186 	233 	66 	109 	109 
006187 	244 	65 	90 	91 
006188 	254 	65 	90 	91 
006189 	254 	65 	90 	91 
006190 	254 	65 	90 	91 
006191 	245 	54 	109 	109 
006192 	257 	54 	109 	109 
006193 	257 	54 	109 	109 
006194 	257 	54 	109 	109 
006195 	257 	54 	109 	109 
006196 	257 	54 	109 	109 
006197 	257 	54 	109 	109 
006198 	257 	54 	109 	109 
006199 	257 	54 	109 	109 
006200 	274 	55 	90 	91 
006201 	257 	54 	109 	109 
006202 	257 	54 	109 	109 
006203 	257 	54 	109 	109 
006204 	257 	54 	109 	109 
006205 	257 	54 	109 	109 
006206 	257 	54 	109 	109 
006207 	274 	65 	90 	91 
006208 	274 	65 	90 	91 
006209 	274 	65 	90 	91 
006210 	274 	65 	90 	91 
006211 	274 	65 	90 	91 
006212 	274 	65 	90 	91 
006213 	274 	65 	90 	91 
006214 	274 	65 	90 	91 
006215 	274 	65 	90 	91 
006216 	274 	65 	90 	91 
006217 	274 	65 	90 	91 
006218 	274 	65 	90 	91 
006219 	274 	65 	90 	91 
006220 	274 	65 	90 	91 
006221 	274 	65 	90 	91 
006222 	269 	66 	108 	109 
006223 	269 	66 	108 	109 
006224 	269 	66 	108 	109 
006225 	269 	66 	108 	109 
006226 	269 	66 	108 	109 
006227 	269 	66 	108 	109 
006228 	269 	66 	108 	109 
006229 	269 	66 	108 	109 
006230 	269 	66 	108 	109 
006231 	269 	66 	108 	109 
006232 	284 	75 	90 	91 
006233 	284 	75 	90 	91 
006234 	284 	75 	90 	91 
006235 	284 	75 	90 	91 
006236 	284 	75 	90 	91 
006237 	284 	75 	90 	91 
006238 	284 	75 	90 	91 
006239 	284 	75 	90 	91 
006240 	284 	75 	90 	91 
006241 	284 	75 	90 	91 
006242 	281 	66 	108 	109 
006243 	281 	54 	108 	109 
006244 	281 	54 	108 	109 
006245 	281 	54 	108 	109 
006246 	281 	54 	108 	109 
006247 	281 	54 	108 	109 
006248 	281 	54 	108 	109 
006249 	281 	54 	108 	109 
006250 	281 	54 	108 	109 
006251 	281 	54 	108 	109 
006252 	281 	54 	108 	109 
006253 	281 	54 	108 	109 
006254 	281 	66 	108 	109 
006255 	281 	66 	108 	109 
006256 	281 	66 	108 	109 
006257 	281 	66 	108 	109 
006258 	281 	66 	108 	109 
006259 	281 	66 	108 	109 
006260 	281 	66 	108 	109 
006261 	281 	66 	108 	109 
006262 	281 	66 	108 	109 
006263 	281 	66 	108 	109 
006264 	281 	66 	108 	109 
006265 	281 	66 	108 	109 
006266 	281 	66 	108 	109 
006267 	281 	78 	108 	109 
006268 	281 	78 	108 	109 
006269 	281 	78 	108 	109 
006270 	281 	66 	108 	109 
006271 	281 	66 	108 	109 
006272 	281 	66 	108 	109 
006273 	269 	66 	108 	109 
006274 	281 	66 	108 	109 
006275 	269 	66 	108 	109 
006276 	284 	85 	90 	91 
006277 	269 	66 	108 	109 
006278 	269 	78 	108 	109 
006279 	269 	78 	108 	109 
006280 	269 	78 	108 	109 
006281 	269 	78 	108 	109 
006282 	269 	78 	108 	109 
006283 	269 	90 	108 	109 
006284 	269 	90 	108 	109 
006285 	269 	90 	108 	109 
006286 	274 	95 	90 	91 
006287 	274 	95 	90 	91 
006288 	257 	78 	109 	109 
006289 	257 	78 	109 	109 
006290 	257 	78 	109 	109 
006291 	274 	85 	90 	91 
006292 	274 	85 	90 	91 
006293 	269 	90 	108 	109 
