Identity  : 	id10685
Reference : 	1SF46fW-quQ
Offset    : 	-5
FV Conf   : 	15.770
ASD Conf  : 	5.816

FRAME 	X 	Y 	W 	H 
004599 	257 	54 	109 	109 
004600 	257 	54 	109 	109 
004601 	257 	54 	109 	109 
004602 	257 	54 	109 	109 
004603 	257 	54 	109 	109 
004604 	257 	54 	109 	109 
004605 	257 	54 	109 	109 
004606 	257 	54 	109 	109 
004607 	264 	55 	90 	91 
004608 	245 	43 	109 	108 
004609 	245 	43 	109 	108 
004610 	245 	43 	109 	108 
004611 	245 	43 	109 	108 
004612 	233 	43 	109 	108 
004613 	233 	43 	109 	108 
004614 	233 	43 	109 	108 
004615 	233 	43 	109 	108 
004616 	233 	43 	109 	108 
004617 	233 	43 	109 	108 
004618 	244 	55 	90 	91 
004619 	244 	55 	90 	91 
004620 	244 	55 	90 	91 
004621 	244 	55 	90 	91 
004622 	244 	55 	90 	91 
004623 	244 	55 	90 	91 
004624 	221 	54 	109 	109 
004625 	221 	54 	109 	109 
004626 	221 	54 	109 	109 
004627 	221 	54 	109 	109 
004628 	221 	54 	109 	109 
004629 	221 	54 	109 	109 
004630 	221 	54 	109 	109 
004631 	221 	54 	109 	109 
004632 	221 	54 	109 	109 
004633 	221 	54 	109 	109 
004634 	221 	54 	109 	109 
004635 	221 	54 	109 	109 
004636 	221 	54 	109 	109 
004637 	221 	54 	109 	109 
004638 	221 	54 	109 	109 
004639 	221 	54 	109 	109 
004640 	221 	54 	109 	109 
004641 	221 	54 	109 	109 
004642 	221 	54 	109 	109 
004643 	221 	54 	109 	109 
004644 	221 	54 	109 	109 
004645 	221 	54 	109 	109 
004646 	221 	54 	109 	109 
004647 	221 	54 	109 	109 
004648 	221 	54 	109 	109 
004649 	221 	54 	109 	109 
004650 	221 	54 	109 	109 
004651 	221 	54 	109 	109 
004652 	221 	54 	109 	109 
004653 	221 	54 	109 	109 
004654 	221 	54 	109 	109 
004655 	221 	54 	109 	109 
004656 	221 	54 	109 	109 
004657 	221 	54 	109 	109 
004658 	221 	54 	109 	109 
004659 	221 	54 	109 	109 
004660 	221 	54 	109 	109 
004661 	221 	54 	109 	109 
004662 	234 	55 	90 	91 
004663 	234 	55 	90 	91 
004664 	234 	55 	90 	91 
004665 	221 	54 	109 	109 
004666 	221 	54 	109 	109 
004667 	221 	54 	109 	109 
004668 	221 	54 	109 	109 
004669 	221 	54 	109 	109 
004670 	221 	54 	109 	109 
004671 	221 	54 	109 	109 
004672 	221 	54 	109 	109 
004673 	221 	54 	109 	109 
004674 	221 	54 	109 	109 
004675 	221 	54 	109 	109 
004676 	221 	54 	109 	109 
004677 	221 	54 	109 	109 
004678 	221 	54 	109 	109 
004679 	221 	54 	109 	109 
004680 	221 	54 	109 	109 
004681 	221 	54 	109 	109 
004682 	221 	54 	109 	109 
004683 	221 	54 	109 	109 
004684 	221 	54 	109 	109 
004685 	221 	54 	109 	109 
004686 	221 	54 	109 	109 
004687 	221 	54 	109 	109 
004688 	221 	54 	109 	109 
004689 	221 	54 	109 	109 
004690 	221 	54 	109 	109 
004691 	221 	54 	109 	109 
004692 	221 	54 	109 	109 
004693 	221 	54 	109 	109 
004694 	221 	54 	109 	109 
004695 	221 	54 	109 	109 
004696 	221 	54 	109 	109 
004697 	221 	54 	109 	109 
004698 	221 	54 	109 	109 
004699 	221 	54 	109 	109 
004700 	221 	54 	109 	109 
004701 	221 	54 	109 	109 
004702 	221 	54 	109 	109 
004703 	221 	54 	109 	109 
004704 	221 	54 	109 	109 
004705 	221 	54 	109 	109 
004706 	221 	54 	109 	109 
004707 	221 	54 	109 	109 
004708 	221 	54 	109 	109 
004709 	221 	54 	109 	109 
004710 	221 	54 	109 	109 
004711 	221 	54 	109 	109 
004712 	221 	54 	109 	109 
004713 	221 	54 	109 	109 
004714 	221 	54 	109 	109 
004715 	221 	54 	109 	109 
004716 	221 	54 	109 	109 
004717 	221 	54 	109 	109 
004718 	221 	54 	109 	109 
