Identity  : 	id10658
Reference : 	NKiaKaYSPZw
Offset    : 	0
FV Conf   : 	14.302
ASD Conf  : 	8.083

FRAME 	X 	Y 	W 	H 
001586 	314 	55 	90 	91 
001587 	314 	55 	90 	91 
001588 	314 	55 	90 	91 
001589 	314 	55 	90 	91 
001590 	314 	55 	90 	91 
001591 	314 	65 	90 	91 
001592 	314 	65 	90 	91 
001593 	323 	55 	91 	91 
001594 	323 	55 	91 	91 
001595 	323 	55 	91 	91 
001596 	323 	55 	91 	91 
001597 	323 	55 	91 	91 
001598 	323 	55 	91 	91 
001599 	323 	55 	91 	91 
001600 	323 	65 	91 	91 
001601 	323 	65 	91 	91 
001602 	323 	65 	91 	91 
001603 	323 	65 	91 	91 
001604 	323 	65 	91 	91 
001605 	323 	65 	91 	91 
001606 	323 	65 	91 	91 
001607 	323 	65 	91 	91 
001608 	323 	65 	91 	91 
001609 	323 	65 	91 	91 
001610 	323 	65 	91 	91 
001611 	323 	65 	91 	91 
001612 	323 	65 	91 	91 
001613 	323 	65 	91 	91 
001614 	323 	65 	91 	91 
001615 	314 	65 	90 	91 
001616 	314 	65 	90 	91 
001617 	314 	65 	90 	91 
001618 	314 	65 	90 	91 
001619 	304 	65 	90 	91 
001620 	304 	75 	90 	91 
001621 	304 	75 	90 	91 
001622 	294 	75 	90 	91 
001623 	294 	75 	90 	91 
001624 	294 	75 	90 	91 
001625 	294 	75 	90 	91 
001626 	294 	75 	90 	91 
001627 	294 	75 	90 	91 
001628 	284 	75 	90 	91 
001629 	284 	75 	90 	91 
001630 	284 	75 	90 	91 
001631 	284 	75 	90 	91 
001632 	284 	75 	90 	91 
001633 	284 	75 	90 	91 
001634 	274 	75 	90 	91 
001635 	274 	75 	90 	91 
001636 	274 	75 	90 	91 
001637 	274 	75 	90 	91 
001638 	274 	75 	90 	91 
001639 	274 	75 	90 	91 
001640 	274 	75 	90 	91 
001641 	274 	75 	90 	91 
001642 	274 	75 	90 	91 
001643 	274 	75 	90 	91 
001644 	274 	75 	90 	91 
001645 	274 	75 	90 	91 
001646 	274 	75 	90 	91 
001647 	274 	75 	90 	91 
001648 	274 	75 	90 	91 
001649 	274 	75 	90 	91 
001650 	274 	75 	90 	91 
001651 	274 	75 	90 	91 
001652 	274 	65 	90 	91 
001653 	274 	65 	90 	91 
001654 	274 	65 	90 	91 
001655 	274 	65 	90 	91 
001656 	274 	65 	90 	91 
001657 	274 	65 	90 	91 
001658 	274 	65 	90 	91 
001659 	274 	65 	90 	91 
001660 	274 	65 	90 	91 
001661 	274 	65 	90 	91 
001662 	274 	65 	90 	91 
001663 	274 	65 	90 	91 
001664 	274 	65 	90 	91 
001665 	274 	65 	90 	91 
001666 	274 	65 	90 	91 
001667 	274 	55 	90 	91 
001668 	274 	55 	90 	91 
001669 	274 	55 	90 	91 
001670 	274 	55 	90 	91 
001671 	274 	55 	90 	91 
001672 	269 	43 	108 	108 
001673 	284 	55 	90 	91 
001674 	284 	55 	90 	91 
001675 	284 	45 	90 	91 
001676 	284 	45 	90 	91 
001677 	284 	45 	90 	91 
001678 	284 	45 	90 	91 
001679 	284 	45 	90 	91 
001680 	284 	45 	90 	91 
001681 	284 	45 	90 	91 
001682 	274 	35 	90 	91 
001683 	274 	35 	90 	91 
001684 	274 	35 	90 	91 
001685 	274 	35 	90 	91 
001686 	274 	35 	90 	91 
001687 	274 	35 	90 	91 
001688 	274 	35 	90 	91 
001689 	274 	35 	90 	91 
001690 	274 	35 	90 	91 
001691 	274 	35 	90 	91 
001692 	274 	35 	90 	91 
001693 	274 	35 	90 	91 
001694 	274 	35 	90 	91 
001695 	274 	35 	90 	91 
001696 	274 	35 	90 	91 
001697 	274 	35 	90 	91 
001698 	274 	35 	90 	91 
001699 	257 	31 	109 	108 
001700 	274 	45 	90 	91 
001701 	274 	45 	90 	91 
001702 	274 	45 	90 	91 
001703 	274 	45 	90 	91 
001704 	284 	55 	90 	91 
001705 	284 	55 	90 	91 
001706 	294 	55 	90 	91 
001707 	294 	55 	90 	91 
001708 	294 	55 	90 	91 
001709 	304 	55 	90 	91 
001710 	304 	45 	90 	91 
001711 	314 	45 	90 	91 
001712 	314 	45 	90 	91 
001713 	314 	45 	90 	91 
001714 	314 	45 	90 	91 
001715 	314 	45 	90 	91 
001716 	314 	45 	90 	91 
001717 	314 	45 	90 	91 
001718 	323 	55 	91 	91 
001719 	323 	55 	91 	91 
001720 	323 	55 	91 	91 
001721 	323 	55 	91 	91 
001722 	323 	55 	91 	91 
001723 	323 	55 	91 	91 
001724 	323 	55 	91 	91 
001725 	323 	65 	91 	91 
001726 	323 	65 	91 	91 
001727 	323 	65 	91 	91 
001728 	314 	65 	90 	91 
001729 	314 	65 	90 	91 
001730 	314 	65 	90 	91 
001731 	314 	65 	90 	91 
001732 	314 	65 	90 	91 
001733 	314 	65 	90 	91 
001734 	314 	65 	90 	91 
001735 	323 	65 	91 	91 
001736 	323 	65 	91 	91 
001737 	323 	65 	91 	91 
001738 	323 	65 	91 	91 
001739 	323 	65 	91 	91 
001740 	323 	65 	91 	91 
001741 	323 	65 	91 	91 
001742 	323 	55 	91 	91 
001743 	323 	55 	91 	91 
001744 	323 	55 	91 	91 
001745 	323 	55 	91 	91 
001746 	323 	55 	91 	91 
001747 	323 	55 	91 	91 
001748 	323 	55 	91 	91 
001749 	323 	55 	91 	91 
001750 	323 	55 	91 	91 
001751 	323 	55 	91 	91 
001752 	323 	55 	91 	91 
001753 	323 	55 	91 	91 
001754 	323 	55 	91 	91 
001755 	323 	45 	91 	91 
001756 	323 	45 	91 	91 
001757 	323 	45 	91 	91 
001758 	323 	45 	91 	91 
001759 	323 	45 	91 	91 
001760 	323 	45 	91 	91 
001761 	323 	45 	91 	91 
001762 	323 	45 	91 	91 
001763 	323 	45 	91 	91 
001764 	323 	45 	91 	91 
001765 	323 	45 	91 	91 
001766 	323 	45 	91 	91 
001767 	323 	45 	91 	91 
001768 	323 	45 	91 	91 
001769 	323 	35 	91 	91 
001770 	323 	45 	91 	91 
001771 	323 	45 	91 	91 
001772 	323 	45 	91 	91 
001773 	323 	45 	91 	91 
001774 	323 	45 	91 	91 
001775 	323 	45 	91 	91 
001776 	323 	45 	91 	91 
001777 	333 	45 	91 	91 
001778 	333 	45 	91 	91 
001779 	333 	45 	91 	91 
001780 	333 	45 	91 	91 
001781 	333 	45 	91 	91 
001782 	333 	45 	91 	91 
001783 	333 	45 	91 	91 
001784 	333 	45 	91 	91 
001785 	333 	45 	91 	91 
001786 	333 	45 	91 	91 
001787 	333 	45 	91 	91 
001788 	333 	45 	91 	91 
001789 	333 	45 	91 	91 
001790 	333 	45 	91 	91 
001791 	333 	45 	91 	91 
001792 	333 	45 	91 	91 
001793 	317 	43 	108 	108 
001794 	323 	55 	91 	91 
001795 	323 	55 	91 	91 
001796 	323 	55 	91 	91 
001797 	314 	55 	90 	91 
001798 	314 	55 	90 	91 
001799 	304 	55 	90 	91 
001800 	294 	55 	90 	91 
001801 	284 	55 	90 	91 
001802 	284 	55 	90 	91 
001803 	274 	55 	90 	91 
001804 	274 	55 	90 	91 
001805 	264 	55 	90 	91 
001806 	264 	55 	90 	91 
001807 	264 	55 	90 	91 
001808 	264 	55 	90 	91 
001809 	254 	55 	90 	91 
001810 	254 	55 	90 	91 
001811 	254 	55 	90 	91 
001812 	254 	55 	90 	91 
001813 	254 	55 	90 	91 
001814 	254 	55 	90 	91 
001815 	254 	65 	90 	91 
001816 	254 	65 	90 	91 
001817 	254 	65 	90 	91 
001818 	254 	65 	90 	91 
001819 	254 	65 	90 	91 
001820 	254 	65 	90 	91 
001821 	254 	65 	90 	91 
001822 	254 	65 	90 	91 
001823 	254 	65 	90 	91 
001824 	254 	65 	90 	91 
001825 	254 	55 	90 	91 
001826 	254 	55 	90 	91 
001827 	254 	55 	90 	91 
001828 	254 	55 	90 	91 
001829 	254 	55 	90 	91 
001830 	264 	55 	90 	91 
001831 	264 	55 	90 	91 
001832 	264 	55 	90 	91 
001833 	264 	55 	90 	91 
001834 	264 	55 	90 	91 
001835 	274 	55 	90 	91 
001836 	274 	55 	90 	91 
001837 	274 	55 	90 	91 
001838 	274 	55 	90 	91 
001839 	274 	65 	90 	91 
001840 	274 	65 	90 	91 
001841 	274 	65 	90 	91 
001842 	274 	65 	90 	91 
001843 	274 	65 	90 	91 
001844 	274 	65 	90 	91 
001845 	274 	65 	90 	91 
001846 	274 	65 	90 	91 
001847 	274 	65 	90 	91 
001848 	284 	55 	90 	91 
001849 	284 	55 	90 	91 
001850 	284 	65 	90 	91 
001851 	284 	65 	90 	91 
001852 	294 	55 	90 	91 
001853 	294 	55 	90 	91 
001854 	304 	55 	90 	91 
001855 	304 	55 	90 	91 
001856 	314 	55 	90 	91 
001857 	314 	55 	90 	91 
001858 	314 	55 	90 	91 
001859 	314 	55 	90 	91 
001860 	323 	45 	91 	91 
001861 	323 	45 	91 	91 
001862 	323 	45 	91 	91 
001863 	323 	55 	91 	91 
001864 	323 	45 	91 	91 
001865 	323 	55 	91 	91 
001866 	323 	55 	91 	91 
001867 	323 	55 	91 	91 
001868 	323 	55 	91 	91 
001869 	314 	55 	90 	91 
001870 	314 	55 	90 	91 
001871 	314 	55 	90 	91 
001872 	323 	55 	91 	91 
