Identity  : 	id10165
Reference : 	4pQxRCQZhzQ
Offset    : 	-5
FV Conf   : 	18.355
ASD Conf  : 	5.840

FRAME 	X 	Y 	W 	H 
003097 	245 	43 	109 	108 
003098 	245 	43 	109 	108 
003099 	245 	43 	109 	108 
003100 	245 	43 	109 	108 
003101 	254 	45 	90 	91 
003102 	245 	43 	109 	108 
003103 	245 	43 	109 	108 
003104 	245 	43 	109 	108 
003105 	245 	43 	109 	108 
003106 	245 	43 	109 	108 
003107 	245 	43 	109 	108 
003108 	245 	43 	109 	108 
003109 	245 	43 	109 	108 
003110 	245 	43 	109 	108 
003111 	245 	43 	109 	108 
003112 	245 	43 	109 	108 
003113 	245 	43 	109 	108 
003114 	245 	43 	109 	108 
003115 	245 	43 	109 	108 
003116 	245 	43 	109 	108 
003117 	233 	43 	109 	108 
003118 	233 	43 	109 	108 
003119 	233 	43 	109 	108 
003120 	233 	43 	109 	108 
003121 	245 	43 	109 	108 
003122 	245 	43 	109 	108 
003123 	245 	43 	109 	108 
003124 	245 	43 	109 	108 
003125 	245 	43 	109 	108 
003126 	245 	43 	109 	108 
003127 	245 	43 	109 	108 
003128 	245 	43 	109 	108 
003129 	245 	43 	109 	108 
003130 	245 	43 	109 	108 
003131 	245 	54 	109 	109 
003132 	245 	54 	109 	109 
003133 	245 	54 	109 	109 
003134 	245 	54 	109 	109 
003135 	245 	54 	109 	109 
003136 	245 	54 	109 	109 
003137 	245 	54 	109 	109 
003138 	245 	54 	109 	109 
003139 	237 	37 	130 	130 
003140 	237 	37 	130 	130 
003141 	257 	43 	109 	108 
003142 	257 	43 	109 	108 
003143 	257 	43 	109 	108 
003144 	257 	43 	109 	108 
003145 	257 	43 	109 	108 
003146 	257 	43 	109 	108 
003147 	257 	43 	109 	108 
003148 	257 	43 	109 	108 
003149 	257 	43 	109 	108 
003150 	257 	43 	109 	108 
003151 	257 	43 	109 	108 
003152 	237 	37 	130 	130 
003153 	237 	37 	130 	130 
003154 	237 	37 	130 	130 
003155 	237 	37 	130 	130 
003156 	237 	37 	130 	130 
003157 	237 	37 	130 	130 
003158 	237 	37 	130 	130 
003159 	237 	37 	130 	130 
003160 	237 	37 	130 	130 
003161 	237 	37 	130 	130 
003162 	245 	54 	109 	109 
003163 	245 	54 	109 	109 
003164 	245 	54 	109 	109 
003165 	233 	54 	109 	109 
003166 	233 	54 	109 	109 
003167 	233 	54 	109 	109 
003168 	233 	54 	109 	109 
003169 	233 	43 	109 	108 
003170 	233 	43 	109 	108 
003171 	233 	43 	109 	108 
003172 	233 	43 	109 	108 
003173 	233 	43 	109 	108 
003174 	223 	37 	130 	130 
003175 	223 	37 	130 	130 
003176 	223 	37 	130 	130 
003177 	223 	37 	130 	130 
003178 	223 	37 	130 	130 
003179 	233 	43 	109 	108 
003180 	233 	43 	109 	108 
003181 	223 	37 	130 	130 
003182 	223 	37 	130 	130 
003183 	223 	37 	130 	130 
003184 	233 	54 	109 	109 
003185 	233 	54 	109 	109 
003186 	233 	54 	109 	109 
003187 	233 	54 	109 	109 
003188 	233 	54 	109 	109 
003189 	233 	54 	109 	109 
003190 	233 	54 	109 	109 
003191 	233 	54 	109 	109 
003192 	233 	54 	109 	109 
003193 	233 	54 	109 	109 
003194 	233 	54 	109 	109 
003195 	233 	54 	109 	109 
003196 	245 	54 	109 	109 
003197 	245 	54 	109 	109 
003198 	245 	54 	109 	109 
003199 	245 	54 	109 	109 
003200 	245 	54 	109 	109 
003201 	245 	54 	109 	109 
003202 	245 	54 	109 	109 
003203 	245 	54 	109 	109 
003204 	245 	54 	109 	109 
003205 	245 	54 	109 	109 
003206 	245 	54 	109 	109 
003207 	245 	54 	109 	109 
003208 	245 	54 	109 	109 
003209 	245 	54 	109 	109 
003210 	245 	54 	109 	109 
003211 	245 	54 	109 	109 
003212 	245 	54 	109 	109 
003213 	245 	54 	109 	109 
003214 	245 	43 	109 	108 
003215 	245 	54 	109 	109 
003216 	245 	54 	109 	109 
003217 	245 	54 	109 	109 
003218 	245 	54 	109 	109 
003219 	245 	54 	109 	109 
003220 	245 	54 	109 	109 
003221 	245 	54 	109 	109 
003222 	245 	54 	109 	109 
003223 	245 	54 	109 	109 
003224 	245 	54 	109 	109 
003225 	237 	37 	130 	130 
003226 	237 	37 	130 	130 
003227 	237 	37 	130 	130 
003228 	237 	37 	130 	130 
003229 	237 	37 	130 	130 
003230 	245 	54 	109 	109 
003231 	237 	37 	130 	130 
003232 	237 	37 	130 	130 
003233 	237 	37 	130 	130 
003234 	237 	37 	130 	130 
003235 	245 	54 	109 	109 
003236 	245 	54 	109 	109 
003237 	245 	54 	109 	109 
003238 	237 	37 	130 	130 
003239 	245 	54 	109 	109 
003240 	245 	54 	109 	109 
003241 	245 	54 	109 	109 
003242 	245 	54 	109 	109 
003243 	245 	54 	109 	109 
003244 	245 	54 	109 	109 
003245 	245 	54 	109 	109 
003246 	245 	54 	109 	109 
003247 	245 	54 	109 	109 
003248 	245 	54 	109 	109 
003249 	245 	54 	109 	109 
003250 	245 	54 	109 	109 
003251 	245 	54 	109 	109 
003252 	245 	54 	109 	109 
003253 	245 	54 	109 	109 
003254 	245 	54 	109 	109 
003255 	245 	54 	109 	109 
