Identity  : 	id10165
Reference : 	4pQxRCQZhzQ
Offset    : 	-6
FV Conf   : 	18.035
ASD Conf  : 	6.569

FRAME 	X 	Y 	W 	H 
039102 	233 	44 	156 	156 
039103 	233 	44 	156 	156 
039104 	233 	44 	156 	156 
039105 	233 	44 	156 	156 
039106 	216 	44 	156 	156 
039107 	216 	44 	156 	156 
039108 	216 	44 	156 	156 
039109 	216 	44 	156 	156 
039110 	216 	44 	156 	156 
039111 	216 	44 	156 	156 
039112 	216 	44 	156 	156 
039113 	216 	44 	156 	156 
039114 	216 	44 	156 	156 
039115 	216 	44 	156 	156 
039116 	216 	44 	156 	156 
039117 	216 	44 	156 	156 
039118 	216 	44 	156 	156 
039119 	216 	44 	156 	156 
039120 	216 	44 	156 	156 
039121 	216 	44 	156 	156 
039122 	216 	44 	156 	156 
039123 	216 	44 	156 	156 
039124 	216 	44 	156 	156 
039125 	216 	44 	156 	156 
039126 	216 	44 	156 	156 
039127 	216 	44 	156 	156 
039128 	216 	44 	156 	156 
039129 	216 	44 	156 	156 
039130 	216 	44 	156 	156 
039131 	216 	44 	156 	156 
039132 	216 	44 	156 	156 
039133 	216 	44 	156 	156 
039134 	216 	44 	156 	156 
039135 	216 	44 	156 	156 
039136 	216 	44 	156 	156 
039137 	216 	44 	156 	156 
039138 	216 	44 	156 	156 
039139 	216 	44 	156 	156 
039140 	216 	44 	156 	156 
039141 	216 	44 	156 	156 
039142 	216 	44 	156 	156 
039143 	216 	44 	156 	156 
039144 	216 	44 	156 	156 
039145 	216 	44 	156 	156 
039146 	216 	62 	156 	155 
039147 	216 	62 	156 	155 
039148 	216 	62 	156 	155 
039149 	216 	62 	156 	155 
039150 	216 	62 	156 	155 
039151 	216 	62 	156 	155 
039152 	216 	62 	156 	155 
039153 	216 	62 	156 	155 
039154 	216 	62 	156 	155 
039155 	223 	66 	130 	130 
039156 	223 	66 	130 	130 
039157 	223 	66 	130 	130 
039158 	223 	51 	130 	130 
039159 	223 	66 	130 	130 
039160 	216 	44 	156 	156 
039161 	216 	44 	156 	156 
039162 	216 	44 	156 	156 
039163 	216 	44 	156 	156 
039164 	216 	44 	156 	156 
039165 	216 	44 	156 	156 
039166 	216 	44 	156 	156 
039167 	216 	44 	156 	156 
039168 	216 	44 	156 	156 
039169 	216 	44 	156 	156 
039170 	216 	44 	156 	156 
039171 	237 	66 	130 	130 
039172 	216 	62 	156 	155 
039173 	237 	66 	130 	130 
039174 	237 	80 	130 	130 
039175 	237 	80 	130 	130 
039176 	237 	80 	130 	130 
039177 	237 	80 	130 	130 
039178 	237 	80 	130 	130 
039179 	237 	80 	130 	130 
039180 	237 	80 	130 	130 
039181 	216 	62 	156 	155 
039182 	216 	62 	156 	155 
039183 	216 	62 	156 	155 
039184 	223 	80 	130 	130 
039185 	216 	62 	156 	155 
039186 	223 	66 	130 	130 
039187 	223 	66 	130 	130 
039188 	223 	66 	130 	130 
039189 	223 	66 	130 	130 
039190 	208 	66 	130 	130 
039191 	208 	66 	130 	130 
039192 	208 	66 	130 	130 
039193 	208 	66 	130 	130 
039194 	199 	44 	155 	156 
039195 	223 	66 	130 	130 
039196 	223 	66 	130 	130 
039197 	223 	66 	130 	130 
039198 	223 	66 	130 	130 
039199 	223 	66 	130 	130 
039200 	223 	66 	130 	130 
039201 	223 	66 	130 	130 
039202 	223 	66 	130 	130 
039203 	223 	51 	130 	130 
039204 	223 	51 	130 	130 
039205 	223 	51 	130 	130 
039206 	223 	66 	130 	130 
039207 	223 	66 	130 	130 
039208 	223 	66 	130 	130 
039209 	216 	44 	156 	156 
039210 	216 	44 	156 	156 
039211 	216 	44 	156 	156 
039212 	223 	66 	130 	130 
039213 	223 	66 	130 	130 
039214 	216 	62 	156 	155 
039215 	216 	62 	156 	155 
039216 	216 	62 	156 	155 
039217 	237 	80 	130 	130 
039218 	237 	80 	130 	130 
039219 	237 	80 	130 	130 
039220 	237 	80 	130 	130 
039221 	237 	80 	130 	130 
039222 	237 	80 	130 	130 
039223 	237 	80 	130 	130 
039224 	216 	62 	156 	155 
039225 	216 	62 	156 	155 
039226 	216 	62 	156 	155 
039227 	216 	62 	156 	155 
039228 	216 	44 	156 	156 
039229 	216 	44 	156 	156 
039230 	216 	44 	156 	156 
039231 	216 	44 	156 	156 
039232 	216 	44 	156 	156 
039233 	216 	44 	156 	156 
