Identity  : 	id11022
Reference : 	6jTXVlpsE_o
Offset    : 	-1
FV Conf   : 	19.763
ASD Conf  : 	6.925

FRAME 	X 	Y 	W 	H 
007239 	223 	80 	130 	130 
007240 	223 	80 	130 	130 
007241 	223 	80 	130 	130 
007242 	223 	80 	130 	130 
007243 	223 	80 	130 	130 
007244 	237 	80 	130 	130 
007245 	237 	80 	130 	130 
007246 	237 	66 	130 	130 
007247 	237 	66 	130 	130 
007248 	251 	66 	130 	130 
007249 	251 	66 	130 	130 
007250 	250 	44 	156 	156 
007251 	250 	44 	156 	156 
007252 	250 	44 	156 	156 
007253 	250 	44 	156 	156 
007254 	251 	66 	130 	130 
007255 	251 	66 	130 	130 
007256 	250 	62 	156 	155 
007257 	250 	62 	156 	155 
007258 	250 	62 	156 	155 
007259 	266 	80 	130 	130 
007260 	266 	80 	130 	130 
007261 	266 	80 	130 	130 
007262 	266 	94 	130 	130 
007263 	250 	79 	156 	156 
007264 	250 	79 	156 	156 
007265 	250 	79 	156 	156 
007266 	233 	79 	156 	156 
007267 	233 	79 	156 	156 
007268 	233 	79 	156 	156 
007269 	233 	79 	156 	156 
007270 	237 	94 	130 	130 
007271 	237 	94 	130 	130 
007272 	237 	94 	130 	130 
007273 	216 	79 	156 	156 
007274 	223 	80 	130 	130 
007275 	223 	80 	130 	130 
007276 	223 	80 	130 	130 
007277 	199 	79 	155 	156 
007278 	208 	80 	130 	130 
007279 	208 	80 	130 	130 
007280 	181 	62 	156 	155 
007281 	181 	62 	156 	155 
007282 	181 	62 	156 	155 
007283 	181 	62 	156 	155 
007284 	164 	62 	156 	155 
007285 	164 	62 	156 	155 
007286 	164 	62 	156 	155 
007287 	164 	62 	156 	155 
007288 	164 	62 	156 	155 
007289 	164 	62 	156 	155 
007290 	164 	62 	156 	155 
007291 	164 	62 	156 	155 
007292 	164 	62 	156 	155 
007293 	164 	62 	156 	155 
007294 	181 	79 	156 	156 
007295 	181 	79 	156 	156 
007296 	181 	79 	156 	156 
007297 	181 	79 	156 	156 
007298 	181 	79 	156 	156 
007299 	181 	79 	156 	156 
007300 	181 	79 	156 	156 
007301 	181 	79 	156 	156 
007302 	181 	79 	156 	156 
007303 	181 	79 	156 	156 
007304 	181 	79 	156 	156 
007305 	181 	79 	156 	156 
007306 	181 	79 	156 	156 
007307 	181 	79 	156 	156 
007308 	181 	79 	156 	156 
007309 	181 	79 	156 	156 
007310 	181 	62 	156 	155 
007311 	164 	62 	156 	155 
007312 	164 	62 	156 	155 
007313 	164 	62 	156 	155 
007314 	164 	62 	156 	155 
007315 	181 	62 	156 	155 
007316 	181 	62 	156 	155 
007317 	181 	62 	156 	155 
007318 	181 	62 	156 	155 
007319 	181 	62 	156 	155 
007320 	181 	62 	156 	155 
007321 	181 	62 	156 	155 
007322 	181 	62 	156 	155 
007323 	181 	62 	156 	155 
007324 	181 	62 	156 	155 
007325 	181 	62 	156 	155 
007326 	181 	62 	156 	155 
007327 	194 	80 	130 	130 
007328 	194 	80 	130 	130 
007329 	181 	62 	156 	155 
007330 	181 	62 	156 	155 
007331 	181 	62 	156 	155 
007332 	164 	62 	156 	155 
007333 	181 	62 	156 	155 
007334 	194 	80 	130 	130 
007335 	181 	62 	156 	155 
007336 	194 	80 	130 	130 
007337 	181 	62 	156 	155 
007338 	181 	62 	156 	155 
007339 	181 	62 	156 	155 
007340 	181 	62 	156 	155 
007341 	208 	66 	130 	130 
007342 	208 	66 	130 	130 
007343 	208 	66 	130 	130 
007344 	208 	66 	130 	130 
007345 	208 	66 	130 	130 
007346 	208 	66 	130 	130 
007347 	208 	66 	130 	130 
007348 	208 	66 	130 	130 
007349 	208 	66 	130 	130 
007350 	208 	66 	130 	130 
007351 	208 	80 	130 	130 
007352 	208 	80 	130 	130 
007353 	208 	80 	130 	130 
007354 	208 	80 	130 	130 
007355 	208 	80 	130 	130 
007356 	208 	80 	130 	130 
007357 	208 	80 	130 	130 
007358 	223 	80 	130 	130 
007359 	223 	80 	130 	130 
007360 	223 	80 	130 	130 
007361 	223 	80 	130 	130 
007362 	223 	80 	130 	130 
007363 	223 	80 	130 	130 
007364 	208 	80 	130 	130 
007365 	208 	80 	130 	130 
007366 	208 	80 	130 	130 
007367 	208 	80 	130 	130 
007368 	208 	80 	130 	130 
007369 	181 	62 	156 	155 
007370 	181 	62 	156 	155 
007371 	164 	62 	156 	155 
007372 	164 	62 	156 	155 
007373 	180 	66 	130 	130 
007374 	180 	66 	130 	130 
007375 	180 	66 	130 	130 
007376 	164 	62 	156 	155 
007377 	164 	62 	156 	155 
007378 	164 	62 	156 	155 
007379 	164 	62 	156 	155 
007380 	164 	62 	156 	155 
007381 	164 	62 	156 	155 
007382 	164 	62 	156 	155 
007383 	164 	62 	156 	155 
007384 	181 	62 	156 	155 
007385 	181 	62 	156 	155 
007386 	181 	62 	156 	155 
007387 	181 	62 	156 	155 
007388 	181 	62 	156 	155 
007389 	208 	80 	130 	130 
007390 	208 	80 	130 	130 
007391 	208 	80 	130 	130 
007392 	208 	80 	130 	130 
007393 	199 	62 	155 	155 
007394 	199 	62 	155 	155 
007395 	199 	62 	155 	155 
007396 	199 	62 	155 	155 
007397 	199 	62 	155 	155 
007398 	208 	80 	130 	130 
007399 	208 	80 	130 	130 
007400 	181 	62 	156 	155 
007401 	194 	80 	130 	130 
007402 	194 	80 	130 	130 
007403 	194 	80 	130 	130 
007404 	194 	80 	130 	130 
007405 	194 	80 	130 	130 
007406 	194 	80 	130 	130 
007407 	208 	80 	130 	130 
007408 	208 	80 	130 	130 
007409 	208 	80 	130 	130 
007410 	208 	66 	130 	130 
007411 	208 	66 	130 	130 
007412 	208 	66 	130 	130 
007413 	208 	66 	130 	130 
007414 	223 	66 	130 	130 
007415 	223 	80 	130 	130 
007416 	237 	80 	130 	130 
007417 	237 	80 	130 	130 
007418 	233 	62 	156 	155 
007419 	233 	62 	156 	155 
007420 	251 	80 	130 	130 
007421 	251 	94 	130 	130 
007422 	251 	94 	130 	130 
007423 	251 	94 	130 	130 
007424 	251 	94 	130 	130 
007425 	233 	62 	156 	155 
007426 	233 	62 	156 	155 
007427 	237 	80 	130 	130 
007428 	237 	80 	130 	130 
007429 	237 	80 	130 	130 
007430 	237 	80 	130 	130 
007431 	237 	80 	130 	130 
007432 	237 	80 	130 	130 
007433 	237 	80 	130 	130 
007434 	237 	80 	130 	130 
007435 	237 	80 	130 	130 
007436 	237 	94 	130 	130 
007437 	237 	94 	130 	130 
007438 	233 	79 	156 	156 
007439 	233 	79 	156 	156 
007440 	251 	80 	130 	130 
007441 	251 	80 	130 	130 
007442 	251 	80 	130 	130 
007443 	250 	62 	156 	155 
007444 	250 	62 	156 	155 
007445 	251 	80 	130 	130 
007446 	250 	62 	156 	155 
007447 	250 	62 	156 	155 
007448 	250 	62 	156 	155 
007449 	250 	62 	156 	155 
007450 	250 	62 	156 	155 
007451 	250 	62 	156 	155 
007452 	250 	62 	156 	155 
007453 	251 	80 	130 	130 
007454 	233 	62 	156 	155 
007455 	223 	80 	130 	130 
007456 	223 	80 	130 	130 
007457 	208 	80 	130 	130 
007458 	208 	80 	130 	130 
007459 	208 	80 	130 	130 
007460 	181 	62 	156 	155 
007461 	181 	62 	156 	155 
007462 	194 	66 	130 	130 
007463 	194 	66 	130 	130 
007464 	194 	66 	130 	130 
007465 	180 	66 	130 	130 
007466 	164 	44 	156 	156 
007467 	164 	44 	156 	156 
007468 	164 	44 	156 	156 
007469 	164 	44 	156 	156 
007470 	180 	66 	130 	130 
007471 	180 	66 	130 	130 
007472 	180 	66 	130 	130 
007473 	194 	80 	130 	130 
007474 	194 	80 	130 	130 
007475 	194 	80 	130 	130 
007476 	194 	80 	130 	130 
007477 	194 	80 	130 	130 
007478 	194 	80 	130 	130 
007479 	194 	80 	130 	130 
007480 	194 	80 	130 	130 
007481 	194 	80 	130 	130 
007482 	181 	79 	156 	156 
007483 	180 	80 	130 	130 
007484 	194 	94 	130 	130 
007485 	180 	94 	130 	130 
007486 	164 	79 	156 	156 
007487 	180 	80 	130 	130 
007488 	180 	80 	130 	130 
007489 	180 	80 	130 	130 
007490 	180 	80 	130 	130 
007491 	180 	80 	130 	130 
007492 	180 	80 	130 	130 
007493 	180 	66 	130 	130 
007494 	180 	66 	130 	130 
007495 	180 	66 	130 	130 
007496 	180 	66 	130 	130 
007497 	180 	66 	130 	130 
007498 	180 	66 	130 	130 
007499 	180 	66 	130 	130 
007500 	165 	66 	130 	130 
007501 	165 	66 	130 	130 
007502 	165 	66 	130 	130 
007503 	165 	66 	130 	130 
007504 	165 	66 	130 	130 
007505 	165 	66 	130 	130 
007506 	165 	66 	130 	130 
007507 	165 	66 	130 	130 
007508 	165 	66 	130 	130 
007509 	165 	66 	130 	130 
007510 	165 	66 	130 	130 
007511 	151 	66 	130 	130 
007512 	151 	66 	130 	130 
007513 	151 	66 	130 	130 
007514 	137 	66 	130 	130 
007515 	122 	80 	130 	130 
007516 	122 	80 	130 	130 
007517 	122 	80 	130 	130 
007518 	122 	80 	130 	130 
007519 	122 	80 	130 	130 
007520 	122 	80 	130 	130 
007521 	138 	90 	108 	109 
007522 	137 	94 	130 	130 
007523 	137 	94 	130 	130 
007524 	137 	94 	130 	130 
007525 	151 	80 	130 	130 
007526 	161 	90 	109 	109 
007527 	161 	90 	109 	109 
007528 	151 	80 	130 	130 
007529 	150 	90 	108 	109 
007530 	137 	80 	130 	130 
007531 	150 	78 	108 	109 
007532 	150 	78 	108 	109 
007533 	150 	78 	108 	109 
007534 	161 	78 	109 	109 
007535 	151 	66 	130 	130 
007536 	161 	78 	109 	109 
007537 	161 	78 	109 	109 
007538 	165 	66 	130 	130 
007539 	165 	66 	130 	130 
007540 	164 	70 	123 	123 
007541 	162 	74 	116 	116 
007542 	161 	78 	109 	109 
