Identity  : 	id11022
Reference : 	6jTXVlpsE_o
Offset    : 	-1
FV Conf   : 	17.021
ASD Conf  : 	6.779

FRAME 	X 	Y 	W 	H 
001127 	146 	83 	53 	53 
001128 	146 	83 	53 	53 
001129 	141 	80 	64 	63 
001130 	146 	83 	53 	53 
001131 	141 	83 	52 	53 
001132 	141 	83 	52 	53 
001133 	134 	80 	64 	63 
001134 	134 	80 	64 	63 
001135 	134 	80 	64 	63 
001136 	127 	80 	64 	63 
001137 	134 	80 	64 	63 
001138 	134 	80 	64 	63 
001139 	134 	80 	64 	63 
001140 	141 	80 	64 	63 
001141 	141 	80 	64 	63 
001142 	148 	87 	63 	63 
001143 	152 	89 	53 	53 
001144 	148 	87 	63 	63 
001145 	148 	87 	63 	63 
001146 	148 	87 	63 	63 
001147 	148 	87 	63 	63 
001148 	158 	89 	53 	53 
001149 	158 	89 	53 	53 
001150 	158 	89 	53 	53 
001151 	158 	83 	53 	53 
001152 	158 	83 	53 	53 
001153 	155 	80 	63 	63 
001154 	155 	80 	63 	63 
001155 	158 	83 	53 	53 
001156 	158 	83 	53 	53 
001157 	158 	83 	53 	53 
001158 	158 	83 	53 	53 
001159 	158 	89 	53 	53 
001160 	158 	89 	53 	53 
001161 	158 	89 	53 	53 
001162 	158 	89 	53 	53 
001163 	155 	80 	63 	63 
001164 	155 	80 	63 	63 
001165 	164 	83 	52 	53 
001166 	164 	83 	52 	53 
001167 	164 	83 	52 	53 
001168 	169 	83 	53 	53 
001169 	169 	83 	53 	53 
001170 	169 	83 	53 	53 
001171 	169 	83 	53 	53 
001172 	169 	83 	53 	53 
001173 	169 	83 	53 	53 
001174 	162 	80 	63 	63 
001175 	169 	83 	53 	53 
001176 	169 	83 	53 	53 
001177 	169 	83 	53 	53 
001178 	169 	83 	53 	53 
001179 	169 	83 	53 	53 
001180 	169 	83 	53 	53 
001181 	164 	83 	52 	53 
001182 	164 	83 	52 	53 
001183 	164 	83 	52 	53 
001184 	164 	83 	52 	53 
001185 	164 	83 	52 	53 
001186 	164 	83 	52 	53 
001187 	164 	83 	52 	53 
001188 	164 	89 	52 	53 
001189 	164 	89 	52 	53 
001190 	164 	89 	52 	53 
001191 	164 	89 	52 	53 
001192 	164 	89 	52 	53 
001193 	164 	89 	52 	53 
001194 	164 	89 	52 	53 
001195 	164 	89 	52 	53 
001196 	164 	89 	52 	53 
001197 	164 	89 	52 	53 
001198 	164 	89 	52 	53 
001199 	155 	87 	63 	63 
001200 	158 	89 	53 	53 
001201 	158 	89 	53 	53 
001202 	158 	89 	53 	53 
001203 	158 	89 	53 	53 
001204 	158 	83 	53 	53 
001205 	155 	80 	63 	63 
001206 	164 	83 	52 	53 
001207 	164 	83 	52 	53 
001208 	164 	83 	52 	53 
001209 	164 	83 	52 	53 
001210 	164 	83 	52 	53 
001211 	164 	83 	52 	53 
001212 	162 	80 	63 	63 
001213 	162 	80 	63 	63 
001214 	169 	83 	53 	53 
001215 	175 	83 	53 	53 
001216 	175 	83 	53 	53 
001217 	181 	83 	53 	53 
001218 	180 	82 	55 	55 
001219 	179 	82 	57 	57 
001220 	178 	81 	59 	59 
001221 	177 	81 	61 	61 
001222 	176 	80 	63 	63 
001223 	176 	80 	63 	63 
001224 	176 	80 	63 	63 
001225 	169 	80 	63 	63 
001226 	169 	80 	63 	63 
001227 	169 	89 	53 	53 
001228 	164 	89 	52 	53 
001229 	164 	89 	52 	53 
001230 	164 	89 	52 	53 
001231 	164 	89 	52 	53 
001232 	164 	89 	52 	53 
001233 	164 	89 	52 	53 
001234 	164 	89 	52 	53 
001235 	164 	89 	52 	53 
001236 	164 	89 	52 	53 
001237 	164 	89 	52 	53 
001238 	164 	89 	52 	53 
001239 	164 	89 	52 	53 
001240 	164 	89 	52 	53 
001241 	164 	89 	52 	53 
001242 	164 	89 	52 	53 
001243 	164 	89 	52 	53 
001244 	164 	89 	52 	53 
001245 	164 	89 	52 	53 
001246 	164 	89 	52 	53 
001247 	164 	89 	52 	53 
001248 	164 	89 	52 	53 
001249 	164 	89 	52 	53 
001250 	164 	89 	52 	53 
001251 	164 	89 	52 	53 
001252 	164 	89 	52 	53 
001253 	164 	89 	52 	53 
001254 	164 	89 	52 	53 
001255 	164 	89 	52 	53 
001256 	164 	89 	52 	53 
001257 	164 	89 	52 	53 
001258 	164 	89 	52 	53 
001259 	164 	89 	52 	53 
001260 	164 	89 	52 	53 
001261 	164 	89 	52 	53 
001262 	164 	89 	52 	53 
001263 	164 	89 	52 	53 
001264 	164 	89 	52 	53 
001265 	164 	89 	52 	53 
001266 	164 	89 	52 	53 
001267 	164 	89 	52 	53 
001268 	158 	89 	53 	53 
001269 	158 	89 	53 	53 
001270 	158 	89 	53 	53 
001271 	158 	89 	53 	53 
001272 	158 	89 	53 	53 
001273 	158 	89 	53 	53 
001274 	158 	89 	53 	53 
001275 	158 	89 	53 	53 
001276 	158 	89 	53 	53 
001277 	158 	89 	53 	53 
001278 	158 	89 	53 	53 
001279 	158 	89 	53 	53 
001280 	158 	89 	53 	53 
001281 	158 	89 	53 	53 
001282 	158 	89 	53 	53 
001283 	158 	89 	53 	53 
001284 	158 	89 	53 	53 
001285 	158 	89 	53 	53 
001286 	158 	89 	53 	53 
001287 	158 	89 	53 	53 
001288 	158 	89 	53 	53 
001289 	158 	89 	53 	53 
001290 	158 	89 	53 	53 
001291 	158 	89 	53 	53 
001292 	158 	89 	53 	53 
001293 	158 	89 	53 	53 
001294 	158 	89 	53 	53 
001295 	158 	89 	53 	53 
001296 	158 	89 	53 	53 
001297 	158 	89 	53 	53 
001298 	158 	89 	53 	53 
001299 	158 	89 	53 	53 
001300 	158 	89 	53 	53 
001301 	158 	89 	53 	53 
001302 	158 	89 	53 	53 
001303 	158 	89 	53 	53 
001304 	158 	89 	53 	53 
001305 	158 	89 	53 	53 
001306 	158 	89 	53 	53 
001307 	158 	89 	53 	53 
001308 	155 	87 	63 	63 
001309 	155 	87 	63 	63 
001310 	155 	87 	63 	63 
001311 	155 	87 	63 	63 
001312 	155 	87 	63 	63 
001313 	155 	87 	63 	63 
001314 	155 	87 	63 	63 
001315 	155 	87 	63 	63 
001316 	155 	87 	63 	63 
001317 	155 	87 	63 	63 
001318 	164 	95 	52 	53 
001319 	164 	95 	52 	53 
001320 	164 	95 	52 	53 
001321 	164 	95 	52 	53 
001322 	164 	95 	52 	53 
001323 	164 	95 	52 	53 
001324 	164 	95 	52 	53 
001325 	164 	95 	52 	53 
001326 	164 	95 	52 	53 
001327 	164 	95 	52 	53 
001328 	162 	87 	63 	63 
001329 	162 	87 	63 	63 
001330 	162 	87 	63 	63 
001331 	162 	87 	63 	63 
001332 	162 	87 	63 	63 
001333 	164 	95 	52 	53 
001334 	164 	95 	52 	53 
001335 	164 	95 	52 	53 
001336 	169 	95 	53 	53 
001337 	169 	95 	53 	53 
001338 	169 	95 	53 	53 
001339 	169 	95 	53 	53 
001340 	169 	95 	53 	53 
001341 	169 	95 	53 	53 
001342 	169 	95 	53 	53 
001343 	169 	95 	53 	53 
001344 	169 	95 	53 	53 
001345 	169 	95 	53 	53 
001346 	162 	87 	63 	63 
001347 	169 	95 	53 	53 
001348 	169 	95 	53 	53 
001349 	169 	95 	53 	53 
001350 	169 	95 	53 	53 
001351 	169 	95 	53 	53 
001352 	169 	95 	53 	53 
001353 	162 	87 	63 	63 
001354 	162 	87 	63 	63 
001355 	162 	87 	63 	63 
001356 	169 	89 	53 	53 
001357 	169 	89 	53 	53 
001358 	169 	89 	53 	53 
001359 	162 	87 	63 	63 
001360 	162 	87 	63 	63 
001361 	162 	87 	63 	63 
001362 	162 	87 	63 	63 
001363 	162 	87 	63 	63 
001364 	162 	87 	63 	63 
001365 	162 	87 	63 	63 
001366 	162 	87 	63 	63 
001367 	164 	89 	52 	53 
001368 	164 	89 	52 	53 
001369 	164 	89 	52 	53 
001370 	164 	89 	52 	53 
001371 	164 	89 	52 	53 
001372 	164 	89 	52 	53 
001373 	155 	87 	63 	63 
001374 	155 	87 	63 	63 
001375 	155 	87 	63 	63 
001376 	164 	89 	52 	53 
001377 	164 	89 	52 	53 
001378 	164 	89 	52 	53 
001379 	164 	89 	52 	53 
001380 	164 	89 	52 	53 
001381 	162 	87 	63 	63 
001382 	162 	87 	63 	63 
001383 	169 	89 	53 	53 
001384 	169 	89 	53 	53 
001385 	169 	89 	53 	53 
001386 	169 	89 	53 	53 
001387 	169 	89 	53 	53 
001388 	169 	89 	53 	53 
001389 	169 	89 	53 	53 
001390 	169 	89 	53 	53 
001391 	169 	89 	53 	53 
001392 	169 	89 	53 	53 
001393 	169 	89 	53 	53 
001394 	162 	87 	63 	63 
001395 	162 	87 	63 	63 
001396 	162 	87 	63 	63 
001397 	162 	87 	63 	63 
001398 	164 	95 	52 	53 
001399 	169 	95 	53 	53 
001400 	169 	95 	53 	53 
001401 	169 	95 	53 	53 
001402 	169 	95 	53 	53 
001403 	169 	95 	53 	53 
001404 	169 	95 	53 	53 
001405 	169 	95 	53 	53 
001406 	169 	95 	53 	53 
001407 	169 	95 	53 	53 
001408 	162 	93 	63 	64 
001409 	164 	95 	52 	53 
001410 	164 	95 	52 	53 
001411 	164 	95 	52 	53 
001412 	155 	93 	63 	64 
001413 	155 	93 	63 	64 
001414 	155 	93 	63 	64 
001415 	155 	93 	63 	64 
001416 	164 	95 	52 	53 
001417 	164 	95 	52 	53 
001418 	164 	95 	52 	53 
001419 	164 	95 	52 	53 
001420 	164 	95 	52 	53 
001421 	164 	95 	52 	53 
001422 	162 	93 	63 	64 
001423 	162 	93 	63 	64 
001424 	164 	95 	52 	53 
001425 	164 	95 	52 	53 
001426 	164 	95 	52 	53 
001427 	164 	95 	52 	53 
001428 	164 	95 	52 	53 
001429 	164 	95 	52 	53 
001430 	155 	93 	63 	64 
001431 	155 	93 	63 	64 
001432 	155 	87 	63 	63 
001433 	155 	93 	63 	64 
001434 	155 	93 	63 	64 
001435 	164 	95 	52 	53 
001436 	164 	95 	52 	53 
001437 	162 	93 	63 	64 
001438 	162 	93 	63 	64 
001439 	162 	100 	63 	64 
001440 	162 	100 	63 	64 
001441 	162 	100 	63 	64 
001442 	162 	100 	63 	64 
001443 	162 	100 	63 	64 
001444 	162 	100 	63 	64 
001445 	162 	100 	63 	64 
001446 	162 	100 	63 	64 
001447 	162 	100 	63 	64 
001448 	164 	107 	52 	52 
001449 	164 	107 	52 	52 
001450 	164 	107 	52 	52 
001451 	164 	107 	52 	52 
001452 	164 	107 	52 	52 
001453 	164 	107 	52 	52 
001454 	155 	100 	63 	64 
