Identity  : 	id10176
Reference : 	zJ0EImmvwko
Offset    : 	-2
FV Conf   : 	13.649
ASD Conf  : 	6.119

FRAME 	X 	Y 	W 	H 
003022 	245 	102 	109 	109 
003023 	245 	102 	109 	109 
003024 	245 	102 	109 	109 
003025 	245 	102 	109 	109 
003026 	233 	102 	109 	109 
003027 	233 	102 	109 	109 
003028 	233 	102 	109 	109 
003029 	233 	102 	109 	109 
003030 	233 	102 	109 	109 
003031 	233 	102 	109 	109 
003032 	233 	102 	109 	109 
003033 	233 	102 	109 	109 
003034 	233 	102 	109 	109 
003035 	233 	102 	109 	109 
003036 	233 	102 	109 	109 
003037 	233 	102 	109 	109 
003038 	233 	90 	109 	109 
003039 	233 	90 	109 	109 
003040 	244 	105 	90 	91 
003041 	244 	105 	90 	91 
003042 	244 	105 	90 	91 
003043 	244 	105 	90 	91 
003044 	234 	105 	90 	91 
003045 	234 	105 	90 	91 
003046 	234 	105 	90 	91 
003047 	234 	105 	90 	91 
003048 	233 	102 	109 	109 
003049 	233 	102 	109 	109 
003050 	234 	105 	90 	91 
003051 	234 	105 	90 	91 
003052 	234 	105 	90 	91 
003053 	234 	105 	90 	91 
003054 	234 	105 	90 	91 
003055 	221 	102 	109 	109 
003056 	234 	105 	90 	91 
003057 	221 	102 	109 	109 
003058 	234 	105 	90 	91 
003059 	234 	105 	90 	91 
003060 	221 	90 	109 	109 
003061 	221 	90 	109 	109 
003062 	234 	105 	90 	91 
003063 	221 	90 	109 	109 
003064 	221 	90 	109 	109 
003065 	221 	90 	109 	109 
003066 	221 	90 	109 	109 
003067 	233 	102 	109 	109 
003068 	233 	102 	109 	109 
003069 	233 	102 	109 	109 
003070 	233 	102 	109 	109 
003071 	233 	102 	109 	109 
003072 	233 	102 	109 	109 
003073 	233 	114 	109 	109 
003074 	233 	114 	109 	109 
003075 	233 	114 	109 	109 
003076 	233 	114 	109 	109 
003077 	233 	114 	109 	109 
003078 	234 	125 	90 	90 
003079 	234 	125 	90 	90 
003080 	234 	125 	90 	90 
003081 	233 	114 	109 	109 
003082 	233 	114 	109 	109 
003083 	233 	114 	109 	109 
003084 	233 	114 	109 	109 
003085 	233 	114 	109 	109 
003086 	233 	114 	109 	109 
003087 	233 	114 	109 	109 
003088 	233 	114 	109 	109 
003089 	233 	114 	109 	109 
003090 	233 	114 	109 	109 
003091 	233 	114 	109 	109 
003092 	233 	114 	109 	109 
003093 	233 	114 	109 	109 
003094 	233 	114 	109 	109 
003095 	233 	114 	109 	109 
003096 	233 	114 	109 	109 
003097 	233 	114 	109 	109 
003098 	233 	102 	109 	109 
003099 	233 	102 	109 	109 
003100 	233 	102 	109 	109 
003101 	233 	102 	109 	109 
003102 	233 	102 	109 	109 
003103 	233 	102 	109 	109 
003104 	233 	102 	109 	109 
003105 	233 	102 	109 	109 
003106 	233 	102 	109 	109 
003107 	233 	102 	109 	109 
003108 	233 	102 	109 	109 
003109 	233 	102 	109 	109 
003110 	233 	102 	109 	109 
003111 	233 	102 	109 	109 
003112 	233 	102 	109 	109 
003113 	233 	102 	109 	109 
003114 	233 	102 	109 	109 
003115 	233 	102 	109 	109 
003116 	233 	102 	109 	109 
003117 	233 	102 	109 	109 
003118 	233 	102 	109 	109 
003119 	245 	102 	109 	109 
003120 	245 	102 	109 	109 
003121 	245 	102 	109 	109 
003122 	245 	102 	109 	109 
003123 	245 	102 	109 	109 
003124 	245 	102 	109 	109 
003125 	245 	102 	109 	109 
003126 	245 	102 	109 	109 
003127 	245 	102 	109 	109 
003128 	245 	102 	109 	109 
003129 	245 	102 	109 	109 
003130 	245 	102 	109 	109 
003131 	245 	102 	109 	109 
003132 	245 	102 	109 	109 
