Identity  : 	id11233
Reference : 	HJjQT6xYqcg
Offset    : 	-1
FV Conf   : 	12.084
ASD Conf  : 	7.432

FRAME 	X 	Y 	W 	H 
019058 	208 	80 	130 	130 
019059 	208 	80 	130 	130 
019060 	209 	78 	109 	109 
019061 	209 	78 	109 	109 
019062 	209 	78 	109 	109 
019063 	209 	78 	109 	109 
019064 	209 	78 	109 	109 
019065 	209 	78 	109 	109 
019066 	209 	78 	109 	109 
019067 	209 	78 	109 	109 
019068 	209 	78 	109 	109 
019069 	209 	78 	109 	109 
019070 	208 	66 	130 	130 
019071 	208 	66 	130 	130 
019072 	208 	66 	130 	130 
019073 	208 	66 	130 	130 
019074 	208 	66 	130 	130 
019075 	208 	66 	130 	130 
019076 	208 	66 	130 	130 
019077 	208 	66 	130 	130 
019078 	221 	78 	109 	109 
019079 	208 	66 	130 	130 
019080 	221 	78 	109 	109 
019081 	208 	66 	130 	130 
019082 	221 	78 	109 	109 
019083 	221 	78 	109 	109 
019084 	221 	78 	109 	109 
019085 	221 	78 	109 	109 
019086 	221 	78 	109 	109 
019087 	221 	78 	109 	109 
019088 	221 	78 	109 	109 
019089 	221 	78 	109 	109 
019090 	221 	78 	109 	109 
019091 	221 	78 	109 	109 
019092 	221 	78 	109 	109 
019093 	221 	78 	109 	109 
019094 	221 	78 	109 	109 
019095 	221 	78 	109 	109 
019096 	221 	78 	109 	109 
019097 	221 	78 	109 	109 
019098 	221 	78 	109 	109 
019099 	221 	78 	109 	109 
019100 	223 	66 	130 	130 
019101 	223 	66 	130 	130 
019102 	223 	66 	130 	130 
019103 	223 	66 	130 	130 
019104 	223 	66 	130 	130 
019105 	223 	66 	130 	130 
019106 	223 	66 	130 	130 
019107 	223 	66 	130 	130 
019108 	223 	66 	130 	130 
019109 	233 	78 	109 	109 
019110 	233 	78 	109 	109 
019111 	233 	78 	109 	109 
019112 	233 	78 	109 	109 
019113 	223 	66 	130 	130 
019114 	223 	80 	130 	130 
019115 	223 	80 	130 	130 
019116 	223 	80 	130 	130 
019117 	223 	80 	130 	130 
019118 	223 	80 	130 	130 
019119 	223 	80 	130 	130 
019120 	233 	78 	109 	109 
019121 	223 	80 	130 	130 
019122 	233 	78 	109 	109 
019123 	233 	78 	109 	109 
019124 	233 	78 	109 	109 
019125 	233 	78 	109 	109 
019126 	233 	78 	109 	109 
019127 	233 	78 	109 	109 
019128 	233 	78 	109 	109 
019129 	233 	78 	109 	109 
019130 	233 	78 	109 	109 
019131 	233 	78 	109 	109 
019132 	233 	78 	109 	109 
019133 	233 	78 	109 	109 
019134 	233 	78 	109 	109 
019135 	233 	78 	109 	109 
019136 	233 	78 	109 	109 
019137 	233 	78 	109 	109 
019138 	233 	78 	109 	109 
019139 	233 	78 	109 	109 
019140 	233 	78 	109 	109 
019141 	233 	78 	109 	109 
019142 	233 	78 	109 	109 
019143 	233 	78 	109 	109 
019144 	233 	78 	109 	109 
019145 	233 	78 	109 	109 
019146 	233 	78 	109 	109 
019147 	233 	78 	109 	109 
019148 	223 	80 	130 	130 
019149 	233 	78 	109 	109 
019150 	233 	78 	109 	109 
019151 	233 	78 	109 	109 
019152 	233 	78 	109 	109 
019153 	233 	78 	109 	109 
019154 	233 	78 	109 	109 
019155 	233 	78 	109 	109 
019156 	233 	78 	109 	109 
019157 	233 	78 	109 	109 
019158 	233 	78 	109 	109 
019159 	233 	78 	109 	109 
019160 	233 	78 	109 	109 
019161 	233 	78 	109 	109 
019162 	233 	78 	109 	109 
019163 	233 	78 	109 	109 
019164 	233 	78 	109 	109 
019165 	233 	78 	109 	109 
019166 	233 	78 	109 	109 
019167 	233 	78 	109 	109 
019168 	233 	78 	109 	109 
019169 	233 	78 	109 	109 
019170 	233 	78 	109 	109 
019171 	233 	78 	109 	109 
019172 	223 	80 	130 	130 
019173 	223 	80 	130 	130 
019174 	223 	80 	130 	130 
019175 	223 	80 	130 	130 
019176 	223 	80 	130 	130 
019177 	223 	80 	130 	130 
019178 	223 	80 	130 	130 
019179 	223 	80 	130 	130 
019180 	223 	80 	130 	130 
019181 	223 	80 	130 	130 
019182 	223 	80 	130 	130 
019183 	223 	80 	130 	130 
019184 	223 	80 	130 	130 
019185 	223 	80 	130 	130 
019186 	223 	80 	130 	130 
019187 	223 	80 	130 	130 
019188 	233 	78 	109 	109 
019189 	223 	80 	130 	130 
019190 	223 	80 	130 	130 
019191 	223 	80 	130 	130 
019192 	223 	80 	130 	130 
019193 	233 	78 	109 	109 
019194 	233 	78 	109 	109 
019195 	223 	66 	130 	130 
019196 	223 	66 	130 	130 
019197 	233 	78 	109 	109 
019198 	233 	78 	109 	109 
019199 	233 	78 	109 	109 
019200 	233 	78 	109 	109 
019201 	233 	78 	109 	109 
019202 	233 	78 	109 	109 
019203 	233 	78 	109 	109 
019204 	233 	78 	109 	109 
019205 	223 	80 	130 	130 
019206 	223 	80 	130 	130 
019207 	223 	80 	130 	130 
019208 	223 	80 	130 	130 
019209 	223 	80 	130 	130 
019210 	223 	80 	130 	130 
019211 	223 	80 	130 	130 
019212 	223 	80 	130 	130 
019213 	223 	80 	130 	130 
019214 	223 	80 	130 	130 
019215 	223 	80 	130 	130 
019216 	223 	80 	130 	130 
019217 	223 	80 	130 	130 
019218 	223 	80 	130 	130 
019219 	223 	80 	130 	130 
019220 	223 	80 	130 	130 
019221 	223 	80 	130 	130 
019222 	223 	80 	130 	130 
019223 	223 	80 	130 	130 
019224 	223 	80 	130 	130 
019225 	223 	80 	130 	130 
019226 	223 	80 	130 	130 
019227 	223 	80 	130 	130 
019228 	223 	80 	130 	130 
019229 	223 	80 	130 	130 
019230 	223 	80 	130 	130 
019231 	223 	80 	130 	130 
019232 	223 	80 	130 	130 
019233 	223 	80 	130 	130 
019234 	223 	80 	130 	130 
019235 	223 	80 	130 	130 
019236 	237 	80 	130 	130 
019237 	237 	80 	130 	130 
019238 	237 	80 	130 	130 
019239 	237 	80 	130 	130 
019240 	237 	80 	130 	130 
019241 	237 	80 	130 	130 
019242 	237 	80 	130 	130 
019243 	237 	80 	130 	130 
019244 	237 	80 	130 	130 
019245 	237 	80 	130 	130 
019246 	237 	80 	130 	130 
019247 	237 	80 	130 	130 
019248 	237 	80 	130 	130 
019249 	237 	80 	130 	130 
019250 	237 	80 	130 	130 
019251 	237 	80 	130 	130 
019252 	237 	80 	130 	130 
019253 	237 	80 	130 	130 
019254 	237 	80 	130 	130 
019255 	237 	80 	130 	130 
019256 	237 	80 	130 	130 
019257 	237 	80 	130 	130 
019258 	237 	80 	130 	130 
019259 	237 	80 	130 	130 
019260 	237 	80 	130 	130 
019261 	237 	80 	130 	130 
019262 	237 	80 	130 	130 
019263 	223 	80 	130 	130 
019264 	223 	80 	130 	130 
019265 	237 	80 	130 	130 
019266 	237 	80 	130 	130 
019267 	237 	80 	130 	130 
019268 	237 	80 	130 	130 
019269 	237 	80 	130 	130 
019270 	237 	80 	130 	130 
019271 	237 	80 	130 	130 
019272 	237 	80 	130 	130 
019273 	237 	80 	130 	130 
019274 	223 	80 	130 	130 
019275 	223 	80 	130 	130 
019276 	223 	80 	130 	130 
019277 	223 	80 	130 	130 
019278 	223 	80 	130 	130 
019279 	223 	80 	130 	130 
019280 	223 	80 	130 	130 
019281 	223 	80 	130 	130 
019282 	223 	80 	130 	130 
019283 	223 	80 	130 	130 
019284 	223 	80 	130 	130 
019285 	223 	80 	130 	130 
019286 	223 	80 	130 	130 
019287 	223 	80 	130 	130 
019288 	223 	80 	130 	130 
019289 	223 	80 	130 	130 
019290 	245 	78 	109 	109 
019291 	245 	78 	109 	109 
019292 	245 	78 	109 	109 
019293 	245 	78 	109 	109 
019294 	245 	78 	109 	109 
019295 	245 	78 	109 	109 
019296 	237 	80 	130 	130 
019297 	245 	90 	109 	109 
019298 	237 	80 	130 	130 
019299 	223 	80 	130 	130 
019300 	223 	80 	130 	130 
019301 	223 	80 	130 	130 
019302 	223 	80 	130 	130 
019303 	223 	80 	130 	130 
019304 	223 	80 	130 	130 
019305 	223 	80 	130 	130 
019306 	223 	80 	130 	130 
019307 	223 	80 	130 	130 
019308 	221 	90 	109 	109 
019309 	221 	90 	109 	109 
019310 	208 	80 	130 	130 
019311 	208 	80 	130 	130 
019312 	208 	80 	130 	130 
019313 	208 	80 	130 	130 
019314 	208 	80 	130 	130 
019315 	208 	80 	130 	130 
019316 	209 	102 	109 	109 
019317 	209 	90 	109 	109 
019318 	209 	90 	109 	109 
019319 	209 	90 	109 	109 
019320 	209 	90 	109 	109 
019321 	209 	90 	109 	109 
019322 	209 	90 	109 	109 
019323 	194 	80 	130 	130 
019324 	194 	80 	130 	130 
019325 	194 	80 	130 	130 
019326 	197 	90 	109 	109 
019327 	197 	78 	109 	109 
019328 	197 	78 	109 	109 
019329 	197 	78 	109 	109 
019330 	197 	78 	109 	109 
019331 	197 	78 	109 	109 
019332 	180 	66 	130 	130 
019333 	180 	66 	130 	130 
019334 	180 	66 	130 	130 
019335 	185 	78 	109 	109 
019336 	185 	78 	109 	109 
019337 	185 	78 	109 	109 
019338 	185 	78 	109 	109 
019339 	185 	78 	109 	109 
019340 	185 	78 	109 	109 
019341 	185 	78 	109 	109 
019342 	180 	66 	130 	130 
019343 	180 	66 	130 	130 
019344 	197 	78 	109 	109 
019345 	197 	78 	109 	109 
019346 	197 	78 	109 	109 
019347 	197 	78 	109 	109 
019348 	197 	78 	109 	109 
019349 	197 	78 	109 	109 
019350 	197 	78 	109 	109 
019351 	197 	78 	109 	109 
019352 	197 	78 	109 	109 
019353 	194 	80 	130 	130 
019354 	194 	80 	130 	130 
019355 	194 	80 	130 	130 
