Identity  : 	id11233
Reference : 	HJjQT6xYqcg
Offset    : 	-1
FV Conf   : 	10.716
ASD Conf  : 	8.068

FRAME 	X 	Y 	W 	H 
028578 	194 	80 	130 	130 
028579 	194 	80 	130 	130 
028580 	194 	80 	130 	130 
028581 	194 	80 	130 	130 
028582 	194 	80 	130 	130 
028583 	194 	80 	130 	130 
028584 	194 	80 	130 	130 
028585 	194 	80 	130 	130 
028586 	194 	80 	130 	130 
028587 	208 	80 	130 	130 
028588 	208 	80 	130 	130 
028589 	208 	80 	130 	130 
028590 	208 	80 	130 	130 
028591 	208 	80 	130 	130 
028592 	208 	80 	130 	130 
028593 	208 	80 	130 	130 
028594 	208 	80 	130 	130 
028595 	208 	80 	130 	130 
028596 	208 	80 	130 	130 
028597 	208 	80 	130 	130 
028598 	208 	80 	130 	130 
028599 	208 	80 	130 	130 
028600 	208 	80 	130 	130 
028601 	208 	80 	130 	130 
028602 	208 	80 	130 	130 
028603 	208 	80 	130 	130 
028604 	208 	80 	130 	130 
028605 	208 	80 	130 	130 
028606 	208 	80 	130 	130 
028607 	208 	80 	130 	130 
028608 	208 	80 	130 	130 
028609 	208 	80 	130 	130 
028610 	208 	80 	130 	130 
028611 	208 	80 	130 	130 
028612 	208 	80 	130 	130 
028613 	208 	80 	130 	130 
028614 	208 	80 	130 	130 
028615 	208 	80 	130 	130 
028616 	208 	80 	130 	130 
028617 	208 	80 	130 	130 
028618 	208 	80 	130 	130 
028619 	208 	80 	130 	130 
028620 	208 	80 	130 	130 
028621 	208 	80 	130 	130 
028622 	208 	80 	130 	130 
028623 	208 	80 	130 	130 
028624 	208 	80 	130 	130 
028625 	208 	80 	130 	130 
028626 	208 	80 	130 	130 
028627 	208 	80 	130 	130 
028628 	208 	80 	130 	130 
028629 	208 	80 	130 	130 
028630 	208 	80 	130 	130 
028631 	208 	80 	130 	130 
028632 	208 	80 	130 	130 
028633 	208 	80 	130 	130 
028634 	208 	80 	130 	130 
028635 	208 	80 	130 	130 
028636 	208 	80 	130 	130 
028637 	208 	80 	130 	130 
028638 	208 	80 	130 	130 
028639 	208 	80 	130 	130 
028640 	208 	80 	130 	130 
028641 	208 	80 	130 	130 
028642 	208 	80 	130 	130 
028643 	208 	80 	130 	130 
028644 	208 	80 	130 	130 
028645 	208 	80 	130 	130 
028646 	208 	80 	130 	130 
028647 	208 	80 	130 	130 
028648 	208 	80 	130 	130 
028649 	223 	80 	130 	130 
028650 	223 	80 	130 	130 
028651 	223 	80 	130 	130 
028652 	223 	80 	130 	130 
028653 	223 	80 	130 	130 
028654 	223 	80 	130 	130 
028655 	223 	80 	130 	130 
028656 	223 	80 	130 	130 
028657 	223 	80 	130 	130 
028658 	223 	80 	130 	130 
028659 	223 	80 	130 	130 
028660 	223 	80 	130 	130 
028661 	223 	80 	130 	130 
028662 	223 	80 	130 	130 
028663 	223 	80 	130 	130 
028664 	223 	80 	130 	130 
028665 	208 	80 	130 	130 
028666 	223 	80 	130 	130 
028667 	208 	80 	130 	130 
028668 	208 	80 	130 	130 
028669 	208 	80 	130 	130 
028670 	208 	80 	130 	130 
028671 	208 	80 	130 	130 
028672 	208 	80 	130 	130 
028673 	208 	80 	130 	130 
028674 	208 	80 	130 	130 
028675 	208 	80 	130 	130 
028676 	208 	80 	130 	130 
028677 	194 	80 	130 	130 
028678 	194 	80 	130 	130 
028679 	194 	80 	130 	130 
028680 	197 	90 	109 	109 
028681 	197 	90 	109 	109 
028682 	197 	90 	109 	109 
028683 	180 	94 	130 	130 
028684 	180 	94 	130 	130 
028685 	180 	94 	130 	130 
028686 	180 	94 	130 	130 
028687 	180 	94 	130 	130 
028688 	180 	94 	130 	130 
028689 	180 	94 	130 	130 
028690 	180 	94 	130 	130 
028691 	180 	80 	130 	130 
028692 	180 	80 	130 	130 
028693 	180 	80 	130 	130 
028694 	180 	80 	130 	130 
028695 	180 	80 	130 	130 
028696 	180 	80 	130 	130 
028697 	197 	102 	109 	109 
028698 	194 	80 	130 	130 
028699 	194 	80 	130 	130 
028700 	194 	80 	130 	130 
028701 	194 	80 	130 	130 
028702 	208 	94 	130 	130 
028703 	208 	94 	130 	130 
028704 	208 	94 	130 	130 
028705 	208 	94 	130 	130 
028706 	208 	94 	130 	130 
028707 	208 	94 	130 	130 
028708 	208 	94 	130 	130 
028709 	208 	94 	130 	130 
028710 	208 	94 	130 	130 
028711 	208 	94 	130 	130 
028712 	208 	94 	130 	130 
028713 	208 	94 	130 	130 
028714 	208 	94 	130 	130 
028715 	208 	94 	130 	130 
028716 	208 	94 	130 	130 
028717 	208 	94 	130 	130 
028718 	208 	94 	130 	130 
028719 	208 	80 	130 	130 
028720 	208 	80 	130 	130 
028721 	208 	80 	130 	130 
028722 	208 	80 	130 	130 
028723 	208 	80 	130 	130 
028724 	208 	80 	130 	130 
028725 	208 	80 	130 	130 
028726 	208 	80 	130 	130 
028727 	208 	80 	130 	130 
028728 	208 	80 	130 	130 
028729 	208 	80 	130 	130 
028730 	208 	80 	130 	130 
028731 	208 	80 	130 	130 
028732 	208 	80 	130 	130 
028733 	208 	80 	130 	130 
028734 	208 	80 	130 	130 
028735 	208 	80 	130 	130 
028736 	208 	80 	130 	130 
028737 	208 	80 	130 	130 
028738 	208 	80 	130 	130 
028739 	208 	80 	130 	130 
