Identity  : 	id11233
Reference : 	HJjQT6xYqcg
Offset    : 	-1
FV Conf   : 	11.501
ASD Conf  : 	7.250

FRAME 	X 	Y 	W 	H 
036032 	194 	94 	130 	130 
036033 	194 	94 	130 	130 
036034 	194 	94 	130 	130 
036035 	194 	94 	130 	130 
036036 	194 	94 	130 	130 
036037 	194 	94 	130 	130 
036038 	194 	94 	130 	130 
036039 	194 	80 	130 	130 
036040 	194 	80 	130 	130 
036041 	194 	80 	130 	130 
036042 	194 	80 	130 	130 
036043 	194 	80 	130 	130 
036044 	194 	80 	130 	130 
036045 	194 	80 	130 	130 
036046 	194 	80 	130 	130 
036047 	194 	80 	130 	130 
036048 	194 	80 	130 	130 
036049 	194 	80 	130 	130 
036050 	194 	80 	130 	130 
036051 	208 	80 	130 	130 
036052 	208 	80 	130 	130 
036053 	208 	80 	130 	130 
036054 	208 	80 	130 	130 
036055 	208 	80 	130 	130 
036056 	208 	80 	130 	130 
036057 	208 	80 	130 	130 
036058 	208 	80 	130 	130 
036059 	208 	80 	130 	130 
036060 	208 	80 	130 	130 
036061 	208 	80 	130 	130 
036062 	208 	80 	130 	130 
036063 	208 	80 	130 	130 
036064 	208 	80 	130 	130 
036065 	208 	80 	130 	130 
036066 	208 	80 	130 	130 
036067 	208 	80 	130 	130 
036068 	208 	80 	130 	130 
036069 	208 	80 	130 	130 
036070 	208 	80 	130 	130 
036071 	208 	80 	130 	130 
036072 	208 	80 	130 	130 
036073 	208 	80 	130 	130 
036074 	208 	80 	130 	130 
036075 	208 	80 	130 	130 
036076 	208 	80 	130 	130 
036077 	208 	80 	130 	130 
036078 	208 	80 	130 	130 
036079 	208 	80 	130 	130 
036080 	208 	80 	130 	130 
036081 	208 	80 	130 	130 
036082 	208 	80 	130 	130 
036083 	194 	80 	130 	130 
036084 	194 	80 	130 	130 
036085 	194 	80 	130 	130 
036086 	194 	80 	130 	130 
036087 	194 	80 	130 	130 
036088 	194 	80 	130 	130 
036089 	194 	80 	130 	130 
036090 	194 	80 	130 	130 
036091 	194 	80 	130 	130 
036092 	197 	102 	109 	109 
036093 	197 	102 	109 	109 
036094 	180 	80 	130 	130 
036095 	197 	90 	109 	109 
036096 	197 	90 	109 	109 
036097 	197 	90 	109 	109 
036098 	197 	90 	109 	109 
036099 	197 	90 	109 	109 
036100 	197 	90 	109 	109 
036101 	194 	66 	130 	130 
036102 	194 	66 	130 	130 
036103 	194 	66 	130 	130 
036104 	194 	66 	130 	130 
036105 	194 	66 	130 	130 
036106 	194 	66 	130 	130 
036107 	194 	66 	130 	130 
036108 	194 	66 	130 	130 
036109 	194 	66 	130 	130 
036110 	194 	66 	130 	130 
036111 	194 	66 	130 	130 
036112 	194 	66 	130 	130 
036113 	194 	66 	130 	130 
036114 	194 	66 	130 	130 
036115 	194 	66 	130 	130 
036116 	194 	66 	130 	130 
036117 	194 	66 	130 	130 
036118 	194 	66 	130 	130 
036119 	194 	66 	130 	130 
036120 	209 	90 	109 	109 
036121 	209 	90 	109 	109 
036122 	209 	90 	109 	109 
036123 	194 	80 	130 	130 
036124 	194 	80 	130 	130 
036125 	194 	80 	130 	130 
036126 	194 	80 	130 	130 
036127 	197 	102 	109 	109 
036128 	197 	102 	109 	109 
036129 	197 	90 	109 	109 
036130 	194 	80 	130 	130 
036131 	194 	80 	130 	130 
036132 	194 	80 	130 	130 
036133 	194 	80 	130 	130 
036134 	194 	80 	130 	130 
036135 	194 	80 	130 	130 
036136 	194 	80 	130 	130 
036137 	209 	90 	109 	109 
036138 	209 	90 	109 	109 
036139 	209 	90 	109 	109 
036140 	209 	90 	109 	109 
036141 	208 	80 	130 	130 
036142 	208 	80 	130 	130 
036143 	208 	80 	130 	130 
036144 	208 	80 	130 	130 
036145 	208 	80 	130 	130 
036146 	208 	80 	130 	130 
036147 	194 	80 	130 	130 
036148 	194 	80 	130 	130 
036149 	194 	94 	130 	130 
036150 	194 	94 	130 	130 
036151 	194 	94 	130 	130 
036152 	194 	94 	130 	130 
036153 	194 	94 	130 	130 
036154 	194 	94 	130 	130 
036155 	194 	80 	130 	130 
036156 	194 	80 	130 	130 
036157 	209 	102 	109 	109 
036158 	209 	102 	109 	109 
036159 	209 	102 	109 	109 
036160 	209 	102 	109 	109 
036161 	209 	102 	109 	109 
036162 	209 	102 	109 	109 
036163 	208 	94 	130 	130 
036164 	208 	94 	130 	130 
036165 	208 	94 	130 	130 
036166 	208 	94 	130 	130 
036167 	208 	80 	130 	130 
036168 	208 	80 	130 	130 
036169 	208 	80 	130 	130 
036170 	208 	80 	130 	130 
036171 	208 	80 	130 	130 
036172 	208 	80 	130 	130 
036173 	208 	80 	130 	130 
036174 	208 	80 	130 	130 
036175 	208 	80 	130 	130 
036176 	208 	80 	130 	130 
036177 	208 	80 	130 	130 
036178 	208 	80 	130 	130 
036179 	208 	80 	130 	130 
036180 	208 	80 	130 	130 
036181 	208 	80 	130 	130 
036182 	208 	80 	130 	130 
036183 	208 	94 	130 	130 
036184 	208 	94 	130 	130 
036185 	208 	94 	130 	130 
036186 	208 	94 	130 	130 
036187 	208 	94 	130 	130 
036188 	208 	94 	130 	130 
036189 	208 	94 	130 	130 
036190 	208 	94 	130 	130 
036191 	208 	94 	130 	130 
036192 	208 	94 	130 	130 
036193 	208 	94 	130 	130 
036194 	208 	94 	130 	130 
036195 	208 	94 	130 	130 
036196 	208 	94 	130 	130 
036197 	223 	80 	130 	130 
036198 	223 	80 	130 	130 
036199 	223 	80 	130 	130 
036200 	223 	80 	130 	130 
036201 	223 	80 	130 	130 
036202 	223 	80 	130 	130 
036203 	223 	80 	130 	130 
036204 	223 	80 	130 	130 
036205 	223 	80 	130 	130 
036206 	223 	80 	130 	130 
036207 	223 	80 	130 	130 
036208 	223 	80 	130 	130 
036209 	223 	80 	130 	130 
036210 	223 	80 	130 	130 
036211 	223 	80 	130 	130 
036212 	223 	80 	130 	130 
036213 	223 	80 	130 	130 
036214 	223 	80 	130 	130 
036215 	223 	80 	130 	130 
036216 	223 	80 	130 	130 
036217 	223 	80 	130 	130 
036218 	223 	80 	130 	130 
036219 	223 	80 	130 	130 
036220 	223 	80 	130 	130 
036221 	223 	80 	130 	130 
036222 	223 	80 	130 	130 
036223 	223 	80 	130 	130 
036224 	223 	80 	130 	130 
036225 	223 	80 	130 	130 
036226 	223 	80 	130 	130 
036227 	223 	80 	130 	130 
036228 	223 	80 	130 	130 
036229 	223 	80 	130 	130 
036230 	223 	80 	130 	130 
036231 	223 	80 	130 	130 
036232 	223 	80 	130 	130 
036233 	237 	80 	130 	130 
036234 	237 	80 	130 	130 
036235 	237 	80 	130 	130 
036236 	237 	80 	130 	130 
036237 	237 	80 	130 	130 
036238 	237 	80 	130 	130 
036239 	237 	80 	130 	130 
036240 	237 	80 	130 	130 
036241 	237 	80 	130 	130 
036242 	237 	80 	130 	130 
036243 	237 	80 	130 	130 
036244 	237 	80 	130 	130 
036245 	237 	80 	130 	130 
036246 	237 	80 	130 	130 
036247 	237 	80 	130 	130 
036248 	237 	80 	130 	130 
036249 	237 	80 	130 	130 
036250 	237 	80 	130 	130 
