Identity  : 	id10402
Reference : 	lWGGqR2uxFY
Offset    : 	3
FV Conf   : 	17.576
ASD Conf  : 	7.109

FRAME 	X 	Y 	W 	H 
005262 	293 	90 	108 	109 
005263 	293 	90 	108 	109 
005264 	293 	90 	108 	109 
005265 	293 	90 	108 	109 
005266 	293 	90 	108 	109 
005267 	293 	90 	108 	109 
005268 	293 	90 	108 	109 
005269 	293 	90 	108 	109 
005270 	293 	90 	108 	109 
005271 	293 	90 	108 	109 
005272 	293 	90 	108 	109 
005273 	293 	90 	108 	109 
005274 	293 	90 	108 	109 
005275 	293 	90 	108 	109 
005276 	293 	90 	108 	109 
005277 	293 	90 	108 	109 
005278 	293 	90 	108 	109 
005279 	293 	90 	108 	109 
005280 	293 	90 	108 	109 
005281 	293 	90 	108 	109 
005282 	293 	90 	108 	109 
005283 	293 	90 	108 	109 
005284 	293 	90 	108 	109 
005285 	293 	90 	108 	109 
005286 	293 	90 	108 	109 
005287 	293 	90 	108 	109 
005288 	293 	90 	108 	109 
005289 	293 	90 	108 	109 
005290 	293 	90 	108 	109 
005291 	293 	90 	108 	109 
005292 	293 	90 	108 	109 
005293 	281 	90 	108 	109 
005294 	281 	90 	108 	109 
005295 	281 	90 	108 	109 
005296 	266 	80 	130 	130 
005297 	266 	80 	130 	130 
005298 	266 	80 	130 	130 
005299 	266 	80 	130 	130 
005300 	266 	80 	130 	130 
005301 	266 	80 	130 	130 
005302 	266 	80 	130 	130 
005303 	266 	80 	130 	130 
005304 	266 	80 	130 	130 
005305 	266 	80 	130 	130 
005306 	266 	80 	130 	130 
005307 	266 	80 	130 	130 
005308 	266 	80 	130 	130 
005309 	266 	80 	130 	130 
005310 	266 	80 	130 	130 
005311 	266 	80 	130 	130 
005312 	266 	80 	130 	130 
005313 	266 	80 	130 	130 
005314 	266 	80 	130 	130 
005315 	281 	90 	108 	109 
005316 	281 	90 	108 	109 
005317 	281 	90 	108 	109 
005318 	281 	90 	108 	109 
005319 	266 	80 	130 	130 
005320 	266 	80 	130 	130 
005321 	266 	80 	130 	130 
005322 	266 	80 	130 	130 
005323 	266 	80 	130 	130 
005324 	266 	80 	130 	130 
005325 	281 	90 	108 	109 
005326 	281 	90 	108 	109 
005327 	281 	90 	108 	109 
005328 	281 	90 	108 	109 
005329 	281 	90 	108 	109 
005330 	266 	80 	130 	130 
005331 	266 	80 	130 	130 
005332 	281 	90 	108 	109 
005333 	281 	90 	108 	109 
005334 	281 	90 	108 	109 
005335 	281 	90 	108 	109 
005336 	281 	90 	108 	109 
005337 	281 	90 	108 	109 
005338 	281 	102 	108 	109 
005339 	281 	102 	108 	109 
005340 	281 	102 	108 	109 
005341 	281 	102 	108 	109 
005342 	281 	102 	108 	109 
005343 	281 	102 	108 	109 
005344 	281 	102 	108 	109 
005345 	281 	102 	108 	109 
005346 	281 	102 	108 	109 
005347 	281 	102 	108 	109 
005348 	281 	102 	108 	109 
005349 	281 	102 	108 	109 
005350 	281 	102 	108 	109 
005351 	281 	102 	108 	109 
005352 	281 	102 	108 	109 
005353 	281 	102 	108 	109 
005354 	281 	102 	108 	109 
005355 	281 	102 	108 	109 
005356 	281 	102 	108 	109 
005357 	266 	94 	130 	130 
005358 	266 	94 	130 	130 
005359 	269 	102 	108 	109 
005360 	269 	102 	108 	109 
005361 	269 	102 	108 	109 
005362 	269 	102 	108 	109 
005363 	251 	80 	130 	130 
005364 	251 	80 	130 	130 
005365 	269 	90 	108 	109 
005366 	269 	90 	108 	109 
005367 	266 	80 	130 	130 
005368 	281 	90 	108 	109 
005369 	281 	90 	108 	109 
005370 	266 	94 	130 	130 
005371 	266 	94 	130 	130 
005372 	281 	90 	108 	109 
005373 	281 	90 	108 	109 
005374 	281 	90 	108 	109 
005375 	266 	80 	130 	130 
005376 	266 	80 	130 	130 
005377 	266 	80 	130 	130 
005378 	281 	90 	108 	109 
005379 	281 	90 	108 	109 
005380 	281 	90 	108 	109 
005381 	281 	90 	108 	109 
005382 	281 	90 	108 	109 
005383 	281 	90 	108 	109 
005384 	281 	90 	108 	109 
005385 	281 	90 	108 	109 
005386 	281 	90 	108 	109 
005387 	281 	90 	108 	109 
005388 	281 	90 	108 	109 
005389 	281 	90 	108 	109 
005390 	293 	90 	108 	109 
005391 	293 	90 	108 	109 
005392 	293 	90 	108 	109 
005393 	293 	90 	108 	109 
005394 	293 	90 	108 	109 
005395 	293 	90 	108 	109 
005396 	293 	90 	108 	109 
005397 	293 	90 	108 	109 
005398 	293 	90 	108 	109 
005399 	293 	90 	108 	109 
005400 	281 	90 	108 	109 
005401 	281 	90 	108 	109 
005402 	281 	90 	108 	109 
005403 	281 	90 	108 	109 
005404 	281 	90 	108 	109 
005405 	281 	90 	108 	109 
005406 	281 	90 	108 	109 
005407 	281 	90 	108 	109 
005408 	281 	90 	108 	109 
005409 	281 	90 	108 	109 
005410 	281 	90 	108 	109 
005411 	281 	90 	108 	109 
005412 	281 	90 	108 	109 
005413 	281 	90 	108 	109 
005414 	281 	90 	108 	109 
005415 	281 	90 	108 	109 
005416 	281 	90 	108 	109 
005417 	281 	90 	108 	109 
005418 	281 	90 	108 	109 
005419 	281 	90 	108 	109 
005420 	281 	102 	108 	109 
005421 	281 	102 	108 	109 
005422 	281 	102 	108 	109 
005423 	281 	102 	108 	109 
005424 	266 	94 	130 	130 
005425 	266 	94 	130 	130 
