Identity  : 	id10984
Reference : 	lokm_qhYZPs
Offset    : 	0
FV Conf   : 	13.838
ASD Conf  : 	6.440

FRAME 	X 	Y 	W 	H 
002755 	194 	66 	130 	130 
002756 	194 	66 	130 	130 
002757 	194 	80 	130 	130 
002758 	194 	80 	130 	130 
002759 	194 	80 	130 	130 
002760 	194 	80 	130 	130 
002761 	194 	94 	130 	130 
002762 	194 	94 	130 	130 
002763 	194 	94 	130 	130 
002764 	194 	94 	130 	130 
002765 	197 	102 	109 	109 
002766 	197 	102 	109 	109 
002767 	197 	102 	109 	109 
002768 	197 	102 	109 	109 
002769 	197 	102 	109 	109 
002770 	197 	102 	109 	109 
002771 	194 	94 	130 	130 
002772 	194 	80 	130 	130 
002773 	194 	80 	130 	130 
002774 	194 	80 	130 	130 
002775 	194 	80 	130 	130 
002776 	194 	80 	130 	130 
002777 	209 	78 	109 	109 
002778 	194 	66 	130 	130 
002779 	194 	66 	130 	130 
002780 	208 	66 	130 	130 
002781 	208 	66 	130 	130 
002782 	208 	51 	130 	130 
002783 	208 	51 	130 	130 
002784 	208 	51 	130 	130 
002785 	208 	37 	130 	130 
002786 	223 	37 	130 	130 
002787 	223 	37 	130 	130 
002788 	223 	37 	130 	130 
002789 	223 	37 	130 	130 
002790 	223 	37 	130 	130 
002791 	237 	37 	130 	130 
002792 	237 	37 	130 	130 
002793 	237 	37 	130 	130 
002794 	237 	37 	130 	130 
002795 	237 	37 	130 	130 
002796 	257 	54 	109 	109 
002797 	251 	51 	130 	130 
002798 	266 	51 	130 	130 
002799 	266 	51 	130 	130 
002800 	281 	66 	108 	109 
002801 	281 	66 	108 	109 
002802 	293 	66 	108 	109 
002803 	293 	66 	108 	109 
002804 	293 	66 	108 	109 
002805 	280 	51 	130 	130 
002806 	280 	51 	130 	130 
002807 	266 	51 	130 	130 
002808 	266 	51 	130 	130 
002809 	251 	51 	130 	130 
002810 	251 	51 	130 	130 
002811 	251 	51 	130 	130 
002812 	251 	51 	130 	130 
002813 	251 	51 	130 	130 
002814 	251 	51 	130 	130 
002815 	251 	51 	130 	130 
002816 	251 	51 	130 	130 
002817 	251 	51 	130 	130 
002818 	251 	51 	130 	130 
002819 	251 	51 	130 	130 
002820 	251 	51 	130 	130 
002821 	251 	51 	130 	130 
002822 	251 	51 	130 	130 
002823 	269 	66 	108 	109 
002824 	251 	51 	130 	130 
002825 	251 	51 	130 	130 
002826 	251 	51 	130 	130 
002827 	251 	51 	130 	130 
002828 	251 	51 	130 	130 
002829 	251 	51 	130 	130 
002830 	251 	51 	130 	130 
002831 	251 	51 	130 	130 
002832 	251 	51 	130 	130 
002833 	251 	51 	130 	130 
002834 	251 	51 	130 	130 
002835 	251 	51 	130 	130 
002836 	251 	51 	130 	130 
002837 	251 	51 	130 	130 
002838 	251 	51 	130 	130 
002839 	251 	51 	130 	130 
002840 	237 	51 	130 	130 
002841 	237 	51 	130 	130 
002842 	237 	51 	130 	130 
002843 	237 	51 	130 	130 
002844 	237 	51 	130 	130 
002845 	223 	51 	130 	130 
002846 	223 	51 	130 	130 
002847 	223 	51 	130 	130 
002848 	223 	51 	130 	130 
002849 	223 	51 	130 	130 
002850 	233 	66 	109 	109 
002851 	223 	51 	130 	130 
002852 	208 	51 	130 	130 
002853 	208 	51 	130 	130 
002854 	208 	51 	130 	130 
002855 	208 	51 	130 	130 
002856 	208 	51 	130 	130 
002857 	208 	51 	130 	130 
002858 	208 	51 	130 	130 
002859 	208 	51 	130 	130 
002860 	209 	66 	109 	109 
002861 	209 	66 	109 	109 
002862 	197 	66 	109 	109 
002863 	197 	66 	109 	109 
002864 	197 	66 	109 	109 
002865 	197 	66 	109 	109 
002866 	194 	66 	130 	130 
002867 	209 	66 	109 	109 
002868 	208 	51 	130 	130 
