Identity  : 	id10513
Reference : 	PPU4xmd0WAs
Offset    : 	-2
FV Conf   : 	21.581
ASD Conf  : 	7.960

FRAME 	X 	Y 	W 	H 
000497 	212 	89 	224 	224 
000498 	212 	89 	224 	224 
000499 	212 	89 	224 	224 
000500 	212 	89 	224 	224 
000501 	212 	89 	224 	224 
000502 	212 	89 	224 	224 
000503 	212 	89 	224 	224 
000504 	212 	89 	224 	224 
000505 	212 	64 	224 	224 
000506 	237 	89 	224 	224 
000507 	237 	89 	224 	224 
000508 	237 	89 	224 	224 
000509 	237 	89 	224 	224 
000510 	237 	89 	224 	224 
000511 	237 	89 	224 	224 
000512 	237 	89 	224 	224 
000513 	237 	89 	224 	224 
000514 	237 	89 	224 	224 
000515 	237 	89 	224 	224 
000516 	237 	89 	224 	224 
000517 	237 	89 	224 	224 
000518 	237 	89 	224 	224 
000519 	237 	89 	224 	224 
000520 	212 	89 	224 	224 
000521 	239 	115 	186 	187 
000522 	239 	115 	186 	187 
000523 	212 	114 	224 	224 
000524 	212 	114 	224 	224 
000525 	212 	114 	224 	224 
000526 	212 	114 	224 	224 
000527 	212 	114 	224 	224 
000528 	212 	114 	224 	224 
000529 	212 	114 	224 	224 
000530 	212 	114 	224 	224 
000531 	212 	114 	224 	224 
000532 	212 	114 	224 	224 
000533 	212 	114 	224 	224 
000534 	212 	114 	224 	224 
000535 	212 	114 	224 	224 
000536 	212 	114 	224 	224 
000537 	212 	114 	224 	224 
000538 	212 	114 	224 	224 
000539 	212 	114 	224 	224 
000540 	212 	114 	224 	224 
000541 	212 	114 	224 	224 
000542 	212 	114 	224 	224 
000543 	212 	114 	224 	224 
000544 	212 	114 	224 	224 
000545 	212 	114 	224 	224 
000546 	212 	114 	224 	224 
000547 	212 	114 	224 	224 
000548 	212 	114 	224 	224 
000549 	212 	114 	224 	224 
000550 	212 	89 	224 	224 
000551 	212 	89 	224 	224 
000552 	188 	89 	224 	224 
000553 	188 	89 	224 	224 
000554 	188 	89 	224 	224 
000555 	212 	89 	224 	224 
000556 	212 	89 	224 	224 
000557 	212 	114 	224 	224 
000558 	212 	114 	224 	224 
000559 	212 	114 	224 	224 
000560 	212 	114 	224 	224 
000561 	212 	114 	224 	224 
000562 	212 	114 	224 	224 
000563 	212 	114 	224 	224 
000564 	212 	114 	224 	224 
000565 	212 	114 	224 	224 
000566 	212 	114 	224 	224 
000567 	212 	114 	224 	224 
000568 	212 	114 	224 	224 
000569 	188 	114 	224 	224 
000570 	188 	114 	224 	224 
000571 	188 	114 	224 	224 
000572 	188 	114 	224 	224 
000573 	188 	114 	224 	224 
000574 	188 	114 	224 	224 
000575 	188 	114 	224 	224 
000576 	188 	114 	224 	224 
000577 	188 	114 	224 	224 
000578 	188 	89 	224 	224 
000579 	163 	89 	224 	224 
000580 	163 	89 	224 	224 
000581 	163 	89 	224 	224 
000582 	163 	89 	224 	224 
000583 	163 	89 	224 	224 
000584 	163 	89 	224 	224 
000585 	163 	89 	224 	224 
000586 	163 	89 	224 	224 
000587 	163 	89 	224 	224 
000588 	163 	89 	224 	224 
000589 	163 	89 	224 	224 
000590 	163 	89 	224 	224 
000591 	163 	89 	224 	224 
000592 	163 	64 	224 	224 
000593 	163 	89 	224 	224 
000594 	163 	64 	224 	224 
000595 	163 	64 	224 	224 
000596 	163 	64 	224 	224 
000597 	163 	64 	224 	224 
000598 	163 	64 	224 	224 
000599 	163 	64 	224 	224 
000600 	163 	64 	224 	224 
000601 	163 	64 	224 	224 
000602 	188 	64 	224 	224 
000603 	188 	64 	224 	224 
000604 	188 	64 	224 	224 
000605 	188 	64 	224 	224 
000606 	188 	64 	224 	224 
000607 	188 	64 	224 	224 
000608 	188 	64 	224 	224 
000609 	188 	64 	224 	224 
000610 	188 	64 	224 	224 
000611 	188 	64 	224 	224 
000612 	188 	64 	224 	224 
000613 	188 	64 	224 	224 
000614 	188 	64 	224 	224 
000615 	166 	48 	268 	268 
000616 	166 	48 	268 	268 
000617 	166 	48 	268 	268 
000618 	166 	48 	268 	268 
000619 	166 	48 	268 	268 
000620 	166 	48 	268 	268 
000621 	166 	48 	268 	268 
000622 	166 	48 	268 	268 
000623 	166 	48 	268 	268 
000624 	166 	48 	268 	268 
000625 	166 	48 	268 	268 
000626 	166 	48 	268 	268 
000627 	166 	48 	268 	268 
000628 	166 	48 	268 	268 
000629 	166 	48 	268 	268 
000630 	166 	48 	268 	268 
000631 	166 	48 	268 	268 
000632 	166 	48 	268 	268 
000633 	166 	48 	268 	268 
000634 	166 	48 	268 	268 
000635 	166 	48 	268 	268 
000636 	166 	48 	268 	268 
000637 	166 	48 	268 	268 
000638 	212 	89 	224 	224 
000639 	212 	89 	224 	224 
000640 	212 	89 	224 	224 
000641 	212 	89 	224 	224 
000642 	212 	89 	224 	224 
000643 	212 	89 	224 	224 
000644 	212 	89 	224 	224 
000645 	212 	89 	224 	224 
000646 	166 	48 	268 	268 
000647 	166 	48 	268 	268 
000648 	166 	48 	268 	268 
000649 	166 	48 	268 	268 
000650 	166 	48 	268 	268 
000651 	166 	48 	268 	268 
000652 	188 	89 	224 	224 
000653 	188 	89 	224 	224 
000654 	188 	89 	224 	224 
000655 	188 	89 	224 	224 
000656 	188 	89 	224 	224 
000657 	188 	89 	224 	224 
000658 	188 	89 	224 	224 
000659 	188 	89 	224 	224 
000660 	188 	89 	224 	224 
000661 	188 	89 	224 	224 
000662 	188 	89 	224 	224 
000663 	188 	89 	224 	224 
000664 	188 	89 	224 	224 
000665 	188 	89 	224 	224 
000666 	188 	89 	224 	224 
000667 	188 	89 	224 	224 
000668 	188 	89 	224 	224 
000669 	188 	89 	224 	224 
000670 	188 	89 	224 	224 
000671 	188 	89 	224 	224 
000672 	188 	89 	224 	224 
000673 	188 	89 	224 	224 
000674 	188 	89 	224 	224 
000675 	188 	89 	224 	224 
000676 	188 	89 	224 	224 
000677 	188 	89 	224 	224 
000678 	188 	89 	224 	224 
000679 	188 	89 	224 	224 
000680 	188 	89 	224 	224 
000681 	188 	89 	224 	224 
000682 	188 	89 	224 	224 
000683 	188 	89 	224 	224 
000684 	166 	48 	268 	268 
000685 	188 	89 	224 	224 
000686 	188 	89 	224 	224 
000687 	188 	89 	224 	224 
000688 	188 	89 	224 	224 
000689 	166 	48 	268 	268 
000690 	166 	48 	268 	268 
000691 	166 	48 	268 	268 
000692 	166 	48 	268 	268 
000693 	166 	48 	268 	268 
000694 	166 	48 	268 	268 
000695 	188 	89 	224 	224 
000696 	188 	89 	224 	224 
000697 	188 	89 	224 	224 
000698 	188 	89 	224 	224 
000699 	188 	89 	224 	224 
000700 	166 	48 	268 	268 
000701 	166 	48 	268 	268 
000702 	166 	48 	268 	268 
000703 	166 	48 	268 	268 
000704 	166 	48 	268 	268 
000705 	166 	48 	268 	268 
000706 	166 	48 	268 	268 
000707 	166 	48 	268 	268 
000708 	166 	48 	268 	268 
000709 	166 	48 	268 	268 
000710 	212 	89 	224 	224 
000711 	212 	89 	224 	224 
000712 	212 	89 	224 	224 
000713 	212 	89 	224 	224 
000714 	212 	89 	224 	224 
000715 	212 	89 	224 	224 
000716 	212 	89 	224 	224 
000717 	212 	89 	224 	224 
000718 	212 	89 	224 	224 
000719 	212 	89 	224 	224 
000720 	212 	89 	224 	224 
000721 	212 	89 	224 	224 
000722 	166 	48 	268 	268 
000723 	166 	48 	268 	268 
000724 	166 	48 	268 	268 
000725 	166 	48 	268 	268 
000726 	166 	48 	268 	268 
000727 	188 	89 	224 	224 
000728 	188 	89 	224 	224 
000729 	188 	89 	224 	224 
000730 	188 	89 	224 	224 
000731 	188 	89 	224 	224 
000732 	188 	89 	224 	224 
000733 	188 	89 	224 	224 
000734 	188 	89 	224 	224 
000735 	188 	89 	224 	224 
000736 	188 	89 	224 	224 
000737 	188 	89 	224 	224 
000738 	188 	89 	224 	224 
000739 	188 	89 	224 	224 
000740 	188 	89 	224 	224 
000741 	188 	89 	224 	224 
000742 	188 	64 	224 	224 
000743 	188 	64 	224 	224 
000744 	188 	64 	224 	224 
000745 	166 	48 	268 	268 
000746 	166 	48 	268 	268 
000747 	166 	48 	268 	268 
000748 	166 	48 	268 	268 
000749 	188 	64 	224 	224 
000750 	166 	48 	268 	268 
000751 	166 	48 	268 	268 
000752 	188 	64 	224 	224 
000753 	166 	48 	268 	268 
000754 	188 	64 	224 	224 
000755 	188 	64 	224 	224 
000756 	188 	64 	224 	224 
000757 	188 	64 	224 	224 
000758 	188 	64 	224 	224 
000759 	188 	64 	224 	224 
000760 	188 	64 	224 	224 
000761 	188 	64 	224 	224 
000762 	188 	64 	224 	224 
000763 	188 	64 	224 	224 
000764 	188 	64 	224 	224 
000765 	188 	64 	224 	224 
000766 	188 	64 	224 	224 
000767 	188 	64 	224 	224 
000768 	188 	64 	224 	224 
000769 	188 	64 	224 	224 
000770 	188 	64 	224 	224 
000771 	188 	64 	224 	224 
000772 	166 	48 	268 	268 
000773 	166 	48 	268 	268 
000774 	212 	89 	224 	224 
000775 	212 	89 	224 	224 
000776 	212 	89 	224 	224 
000777 	212 	89 	224 	224 
000778 	212 	89 	224 	224 
000779 	212 	89 	224 	224 
000780 	212 	89 	224 	224 
000781 	239 	115 	186 	187 
000782 	239 	115 	186 	187 
000783 	239 	115 	186 	187 
000784 	239 	115 	186 	187 
000785 	212 	114 	224 	224 
000786 	212 	114 	224 	224 
000787 	212 	114 	224 	224 
000788 	212 	114 	224 	224 
000789 	212 	114 	224 	224 
000790 	218 	115 	187 	187 
000791 	188 	89 	224 	224 
000792 	188 	89 	224 	224 
000793 	163 	64 	224 	224 
000794 	136 	48 	269 	268 
000795 	136 	48 	269 	268 
000796 	136 	48 	269 	268 
000797 	136 	48 	269 	268 
000798 	136 	48 	269 	268 
000799 	136 	48 	269 	268 
000800 	136 	48 	269 	268 
000801 	136 	48 	269 	268 
000802 	136 	48 	269 	268 
000803 	136 	48 	269 	268 
000804 	136 	48 	269 	268 
000805 	188 	64 	224 	224 
000806 	188 	64 	224 	224 
000807 	188 	64 	224 	224 
000808 	166 	48 	268 	268 
000809 	166 	48 	268 	268 
000810 	166 	48 	268 	268 
000811 	188 	89 	224 	224 
000812 	188 	89 	224 	224 
000813 	188 	89 	224 	224 
000814 	188 	89 	224 	224 
000815 	188 	89 	224 	224 
000816 	188 	89 	224 	224 
000817 	188 	89 	224 	224 
