Identity  : 	id10009
Reference : 	sQIqfA-I_Ew
Offset    : 	-2
FV Conf   : 	16.925
ASD Conf  : 	6.864

FRAME 	X 	Y 	W 	H 
001785 	185 	78 	109 	109 
001786 	185 	78 	109 	109 
001787 	185 	78 	109 	109 
001788 	185 	78 	109 	109 
001789 	185 	78 	109 	109 
001790 	185 	78 	109 	109 
001791 	185 	78 	109 	109 
001792 	185 	78 	109 	109 
001793 	184 	95 	91 	91 
001794 	184 	95 	91 	91 
001795 	184 	95 	91 	91 
001796 	184 	95 	91 	91 
001797 	184 	95 	91 	91 
001798 	184 	95 	91 	91 
001799 	173 	78 	109 	109 
001800 	173 	78 	109 	109 
001801 	173 	78 	109 	109 
001802 	173 	78 	109 	109 
001803 	173 	78 	109 	109 
001804 	174 	85 	91 	91 
001805 	174 	85 	91 	91 
001806 	174 	85 	91 	91 
001807 	174 	85 	91 	91 
001808 	174 	85 	91 	91 
001809 	161 	78 	109 	109 
001810 	161 	78 	109 	109 
001811 	161 	78 	109 	109 
001812 	161 	78 	109 	109 
001813 	161 	78 	109 	109 
001814 	161 	78 	109 	109 
001815 	161 	78 	109 	109 
001816 	161 	78 	109 	109 
001817 	161 	78 	109 	109 
001818 	161 	78 	109 	109 
001819 	161 	78 	109 	109 
001820 	161 	78 	109 	109 
001821 	174 	75 	91 	91 
001822 	174 	75 	91 	91 
001823 	174 	75 	91 	91 
001824 	174 	75 	91 	91 
001825 	174 	75 	91 	91 
001826 	174 	75 	91 	91 
001827 	174 	75 	91 	91 
001828 	173 	78 	109 	109 
001829 	173 	78 	109 	109 
001830 	173 	78 	109 	109 
001831 	173 	78 	109 	109 
001832 	173 	78 	109 	109 
001833 	173 	78 	109 	109 
001834 	173 	78 	109 	109 
001835 	173 	78 	109 	109 
001836 	173 	78 	109 	109 
001837 	173 	78 	109 	109 
001838 	173 	78 	109 	109 
001839 	174 	85 	91 	91 
001840 	174 	85 	91 	91 
001841 	174 	85 	91 	91 
001842 	174 	85 	91 	91 
001843 	174 	85 	91 	91 
001844 	174 	85 	91 	91 
001845 	174 	85 	91 	91 
001846 	174 	85 	91 	91 
001847 	174 	85 	91 	91 
001848 	174 	85 	91 	91 
001849 	174 	85 	91 	91 
001850 	174 	85 	91 	91 
001851 	173 	78 	109 	109 
001852 	173 	66 	109 	109 
001853 	173 	78 	109 	109 
001854 	173 	78 	109 	109 
001855 	185 	66 	109 	109 
001856 	185 	66 	109 	109 
001857 	185 	66 	109 	109 
001858 	185 	66 	109 	109 
001859 	185 	66 	109 	109 
001860 	185 	66 	109 	109 
001861 	185 	66 	109 	109 
001862 	185 	66 	109 	109 
001863 	185 	66 	109 	109 
001864 	185 	66 	109 	109 
001865 	185 	78 	109 	109 
001866 	184 	85 	91 	91 
001867 	184 	75 	91 	91 
001868 	184 	75 	91 	91 
001869 	184 	75 	91 	91 
001870 	184 	75 	91 	91 
001871 	173 	66 	109 	109 
001872 	174 	75 	91 	91 
001873 	174 	75 	91 	91 
001874 	174 	75 	91 	91 
001875 	174 	75 	91 	91 
001876 	174 	85 	91 	91 
001877 	174 	85 	91 	91 
001878 	174 	85 	91 	91 
001879 	174 	85 	91 	91 
001880 	161 	78 	109 	109 
001881 	161 	78 	109 	109 
001882 	161 	78 	109 	109 
001883 	161 	78 	109 	109 
001884 	161 	78 	109 	109 
001885 	174 	85 	91 	91 
001886 	174 	85 	91 	91 
001887 	174 	85 	91 	91 
001888 	174 	85 	91 	91 
001889 	174 	85 	91 	91 
001890 	174 	85 	91 	91 
001891 	174 	85 	91 	91 
001892 	173 	78 	109 	109 
001893 	173 	78 	109 	109 
001894 	173 	78 	109 	109 
001895 	173 	78 	109 	109 
001896 	173 	78 	109 	109 
001897 	184 	85 	91 	91 
001898 	184 	85 	91 	91 
001899 	184 	85 	91 	91 
001900 	184 	85 	91 	91 
001901 	184 	85 	91 	91 
001902 	184 	85 	91 	91 
001903 	184 	85 	91 	91 
001904 	184 	85 	91 	91 
001905 	184 	85 	91 	91 
001906 	184 	85 	91 	91 
001907 	184 	85 	91 	91 
001908 	184 	85 	91 	91 
001909 	184 	85 	91 	91 
001910 	184 	85 	91 	91 
001911 	184 	85 	91 	91 
001912 	184 	85 	91 	91 
001913 	185 	78 	109 	109 
001914 	185 	78 	109 	109 
001915 	185 	78 	109 	109 
001916 	185 	78 	109 	109 
001917 	185 	78 	109 	109 
001918 	185 	78 	109 	109 
001919 	185 	78 	109 	109 
001920 	185 	78 	109 	109 
001921 	197 	78 	109 	109 
001922 	197 	78 	109 	109 
001923 	197 	78 	109 	109 
001924 	197 	78 	109 	109 
001925 	197 	78 	109 	109 
001926 	197 	78 	109 	109 
001927 	197 	78 	109 	109 
001928 	197 	78 	109 	109 
001929 	197 	78 	109 	109 
001930 	197 	78 	109 	109 
001931 	197 	78 	109 	109 
001932 	197 	78 	109 	109 
001933 	197 	78 	109 	109 
001934 	197 	78 	109 	109 
001935 	197 	78 	109 	109 
001936 	197 	78 	109 	109 
001937 	197 	78 	109 	109 
001938 	197 	78 	109 	109 
001939 	197 	78 	109 	109 
001940 	197 	78 	109 	109 
001941 	185 	78 	109 	109 
001942 	185 	78 	109 	109 
001943 	185 	78 	109 	109 
001944 	185 	78 	109 	109 
001945 	185 	78 	109 	109 
001946 	185 	78 	109 	109 
001947 	185 	78 	109 	109 
001948 	185 	78 	109 	109 
001949 	185 	78 	109 	109 
001950 	185 	78 	109 	109 
001951 	185 	78 	109 	109 
001952 	185 	78 	109 	109 
001953 	185 	78 	109 	109 
001954 	185 	78 	109 	109 
001955 	194 	95 	91 	91 
001956 	185 	90 	109 	109 
001957 	194 	95 	91 	91 
001958 	184 	95 	91 	91 
001959 	173 	78 	109 	109 
001960 	173 	78 	109 	109 
001961 	173 	78 	109 	109 
001962 	173 	78 	109 	109 
001963 	173 	78 	109 	109 
001964 	174 	85 	91 	91 
001965 	174 	85 	91 	91 
001966 	174 	85 	91 	91 
001967 	174 	85 	91 	91 
001968 	174 	85 	91 	91 
001969 	174 	85 	91 	91 
001970 	174 	85 	91 	91 
001971 	174 	85 	91 	91 
001972 	174 	85 	91 	91 
001973 	174 	85 	91 	91 
001974 	174 	85 	91 	91 
001975 	174 	85 	91 	91 
001976 	174 	85 	91 	91 
001977 	174 	85 	91 	91 
001978 	174 	85 	91 	91 
001979 	174 	85 	91 	91 
001980 	174 	85 	91 	91 
001981 	174 	85 	91 	91 
001982 	174 	85 	91 	91 
001983 	174 	85 	91 	91 
001984 	174 	85 	91 	91 
001985 	174 	85 	91 	91 
001986 	174 	85 	91 	91 
001987 	174 	85 	91 	91 
001988 	173 	78 	109 	109 
001989 	173 	78 	109 	109 
001990 	173 	78 	109 	109 
001991 	173 	78 	109 	109 
001992 	173 	78 	109 	109 
001993 	173 	78 	109 	109 
001994 	173 	78 	109 	109 
001995 	173 	78 	109 	109 
001996 	173 	78 	109 	109 
001997 	173 	78 	109 	109 
001998 	184 	95 	91 	91 
001999 	173 	90 	109 	109 
002000 	184 	95 	91 	91 
002001 	173 	90 	109 	109 
002002 	174 	95 	91 	91 
002003 	174 	95 	91 	91 
002004 	174 	95 	91 	91 
002005 	174 	95 	91 	91 
002006 	174 	95 	91 	91 
002007 	161 	90 	109 	109 
002008 	161 	90 	109 	109 
002009 	161 	90 	109 	109 
002010 	161 	90 	109 	109 
002011 	164 	105 	91 	91 
002012 	164 	105 	91 	91 
002013 	164 	105 	91 	91 
002014 	164 	105 	91 	91 
002015 	164 	105 	91 	91 
002016 	164 	105 	91 	91 
002017 	164 	105 	91 	91 
002018 	164 	105 	91 	91 
002019 	164 	105 	91 	91 
002020 	164 	105 	91 	91 
002021 	164 	105 	91 	91 
002022 	164 	105 	91 	91 
002023 	150 	90 	108 	109 
002024 	150 	90 	108 	109 
002025 	164 	105 	91 	91 
002026 	150 	90 	108 	109 
002027 	164 	105 	91 	91 
002028 	164 	105 	91 	91 
002029 	164 	105 	91 	91 
002030 	164 	105 	91 	91 
002031 	164 	105 	91 	91 
002032 	164 	105 	91 	91 
002033 	164 	105 	91 	91 
002034 	164 	105 	91 	91 
002035 	164 	105 	91 	91 
002036 	150 	90 	108 	109 
002037 	150 	90 	108 	109 
002038 	150 	90 	108 	109 
002039 	150 	90 	108 	109 
002040 	150 	90 	108 	109 
002041 	150 	90 	108 	109 
