Identity  : 	id10440
Reference : 	zqDIe7b19fM
Offset    : 	-1
FV Conf   : 	17.026
ASD Conf  : 	7.376

FRAME 	X 	Y 	W 	H 
002036 	224 	85 	91 	91 
002037 	224 	85 	91 	91 
002038 	224 	85 	91 	91 
002039 	224 	85 	91 	91 
002040 	224 	85 	91 	91 
002041 	224 	85 	91 	91 
002042 	224 	85 	91 	91 
002043 	224 	85 	91 	91 
002044 	224 	85 	91 	91 
002045 	224 	85 	91 	91 
002046 	224 	85 	91 	91 
002047 	224 	85 	91 	91 
002048 	224 	85 	91 	91 
002049 	224 	85 	91 	91 
002050 	224 	85 	91 	91 
002051 	224 	85 	91 	91 
002052 	224 	85 	91 	91 
002053 	224 	75 	91 	91 
002054 	224 	75 	91 	91 
002055 	236 	79 	76 	76 
002056 	236 	79 	76 	76 
002057 	236 	79 	76 	76 
002058 	234 	75 	90 	91 
002059 	234 	75 	90 	91 
002060 	234 	75 	90 	91 
002061 	234 	75 	90 	91 
002062 	234 	75 	90 	91 
002063 	234 	75 	90 	91 
002064 	234 	75 	90 	91 
002065 	234 	75 	90 	91 
002066 	234 	75 	90 	91 
002067 	234 	75 	90 	91 
002068 	234 	75 	90 	91 
002069 	234 	75 	90 	91 
002070 	234 	75 	90 	91 
002071 	234 	75 	90 	91 
002072 	234 	75 	90 	91 
002073 	234 	75 	90 	91 
002074 	234 	75 	90 	91 
002075 	234 	75 	90 	91 
002076 	234 	75 	90 	91 
002077 	234 	75 	90 	91 
002078 	234 	75 	90 	91 
002079 	234 	75 	90 	91 
002080 	236 	79 	76 	76 
002081 	224 	65 	91 	91 
002082 	224 	65 	91 	91 
002083 	224 	65 	91 	91 
002084 	224 	65 	91 	91 
002085 	228 	71 	76 	75 
002086 	214 	65 	91 	91 
002087 	214 	65 	91 	91 
002088 	214 	65 	91 	91 
002089 	214 	65 	91 	91 
002090 	214 	65 	91 	91 
002091 	220 	79 	75 	76 
002092 	220 	79 	75 	76 
002093 	204 	65 	91 	91 
002094 	204 	65 	91 	91 
002095 	204 	65 	91 	91 
002096 	204 	65 	91 	91 
002097 	204 	65 	91 	91 
002098 	204 	65 	91 	91 
002099 	204 	65 	91 	91 
002100 	204 	65 	91 	91 
002101 	204 	65 	91 	91 
002102 	204 	65 	91 	91 
002103 	214 	65 	91 	91 
002104 	214 	65 	91 	91 
002105 	214 	65 	91 	91 
002106 	214 	65 	91 	91 
002107 	214 	65 	91 	91 
002108 	214 	65 	91 	91 
002109 	214 	65 	91 	91 
002110 	214 	65 	91 	91 
002111 	228 	71 	76 	75 
002112 	224 	65 	91 	91 
002113 	224 	65 	91 	91 
002114 	224 	65 	91 	91 
002115 	224 	75 	91 	91 
002116 	224 	65 	91 	91 
002117 	224 	65 	91 	91 
002118 	224 	75 	91 	91 
002119 	224 	75 	91 	91 
002120 	224 	75 	91 	91 
002121 	224 	75 	91 	91 
002122 	224 	65 	91 	91 
002123 	224 	65 	91 	91 
002124 	224 	65 	91 	91 
002125 	224 	65 	91 	91 
002126 	224 	65 	91 	91 
002127 	224 	65 	91 	91 
002128 	224 	65 	91 	91 
002129 	224 	65 	91 	91 
002130 	224 	65 	91 	91 
002131 	224 	65 	91 	91 
002132 	224 	65 	91 	91 
002133 	224 	75 	91 	91 
002134 	224 	75 	91 	91 
002135 	224 	75 	91 	91 
002136 	224 	75 	91 	91 
002137 	224 	75 	91 	91 
002138 	224 	65 	91 	91 
002139 	224 	65 	91 	91 
002140 	224 	65 	91 	91 
002141 	224 	65 	91 	91 
002142 	224 	65 	91 	91 
002143 	224 	65 	91 	91 
002144 	224 	65 	91 	91 
002145 	224 	65 	91 	91 
002146 	224 	65 	91 	91 
002147 	224 	65 	91 	91 
002148 	224 	65 	91 	91 
002149 	224 	65 	91 	91 
002150 	224 	75 	91 	91 
002151 	224 	75 	91 	91 
002152 	224 	75 	91 	91 
002153 	224 	65 	91 	91 
002154 	224 	65 	91 	91 
002155 	224 	65 	91 	91 
002156 	224 	65 	91 	91 
002157 	224 	65 	91 	91 
002158 	224 	65 	91 	91 
002159 	224 	65 	91 	91 
002160 	224 	65 	91 	91 
002161 	236 	71 	76 	75 
