Identity  : 	id11048
Reference : 	WXqRMEeAMQ4
Offset    : 	0
FV Conf   : 	13.085
ASD Conf  : 	6.465

FRAME 	X 	Y 	W 	H 
007248 	144 	95 	91 	91 
007249 	144 	95 	91 	91 
007250 	144 	95 	91 	91 
007251 	144 	95 	91 	91 
007252 	144 	95 	91 	91 
007253 	144 	95 	91 	91 
007254 	144 	95 	91 	91 
007255 	144 	95 	91 	91 
007256 	144 	95 	91 	91 
007257 	138 	90 	108 	109 
007258 	138 	90 	108 	109 
007259 	138 	90 	108 	109 
007260 	138 	90 	108 	109 
007261 	138 	90 	108 	109 
007262 	154 	95 	91 	91 
007263 	154 	95 	91 	91 
007264 	150 	90 	108 	109 
007265 	150 	78 	108 	109 
007266 	150 	90 	108 	109 
007267 	150 	90 	108 	109 
007268 	150 	90 	108 	109 
007269 	164 	105 	91 	91 
007270 	164 	105 	91 	91 
007271 	164 	105 	91 	91 
007272 	164 	105 	91 	91 
007273 	164 	105 	91 	91 
007274 	164 	105 	91 	91 
007275 	164 	105 	91 	91 
007276 	150 	90 	108 	109 
007277 	150 	90 	108 	109 
007278 	150 	90 	108 	109 
007279 	150 	90 	108 	109 
007280 	154 	95 	91 	91 
007281 	154 	95 	91 	91 
007282 	150 	90 	108 	109 
007283 	150 	90 	108 	109 
007284 	150 	90 	108 	109 
007285 	154 	95 	91 	91 
007286 	150 	90 	108 	109 
007287 	150 	90 	108 	109 
007288 	150 	90 	108 	109 
007289 	150 	90 	108 	109 
007290 	150 	78 	108 	109 
007291 	150 	90 	108 	109 
007292 	150 	90 	108 	109 
007293 	150 	90 	108 	109 
007294 	154 	95 	91 	91 
007295 	154 	95 	91 	91 
007296 	154 	95 	91 	91 
007297 	154 	95 	91 	91 
007298 	154 	95 	91 	91 
007299 	154 	95 	91 	91 
007300 	154 	95 	91 	91 
007301 	150 	78 	108 	109 
007302 	154 	95 	91 	91 
007303 	150 	78 	108 	109 
007304 	154 	95 	91 	91 
007305 	154 	95 	91 	91 
007306 	150 	78 	108 	109 
007307 	154 	85 	91 	91 
007308 	154 	85 	91 	91 
007309 	154 	85 	91 	91 
007310 	154 	85 	91 	91 
007311 	154 	85 	91 	91 
007312 	154 	85 	91 	91 
007313 	154 	85 	91 	91 
007314 	154 	85 	91 	91 
007315 	154 	85 	91 	91 
007316 	138 	78 	108 	109 
007317 	138 	78 	108 	109 
007318 	144 	85 	91 	91 
007319 	144 	95 	91 	91 
007320 	144 	95 	91 	91 
007321 	144 	95 	91 	91 
007322 	144 	95 	91 	91 
007323 	138 	90 	108 	109 
007324 	138 	90 	108 	109 
007325 	138 	90 	108 	109 
007326 	138 	90 	108 	109 
007327 	138 	90 	108 	109 
007328 	138 	90 	108 	109 
007329 	144 	95 	91 	91 
007330 	126 	90 	108 	109 
007331 	134 	85 	91 	91 
007332 	124 	85 	91 	91 
007333 	124 	85 	91 	91 
007334 	126 	78 	108 	109 
007335 	126 	78 	108 	109 
007336 	126 	78 	108 	109 
007337 	134 	85 	91 	91 
007338 	134 	85 	91 	91 
007339 	126 	78 	108 	109 
007340 	144 	85 	91 	91 
007341 	144 	85 	91 	91 
007342 	144 	85 	91 	91 
007343 	144 	85 	91 	91 
007344 	138 	78 	108 	109 
007345 	154 	85 	91 	91 
007346 	154 	85 	91 	91 
007347 	138 	78 	108 	109 
007348 	154 	95 	91 	91 
007349 	154 	95 	91 	91 
007350 	154 	95 	91 	91 
007351 	154 	95 	91 	91 
007352 	154 	95 	91 	91 
007353 	154 	95 	91 	91 
007354 	154 	95 	91 	91 
007355 	154 	95 	91 	91 
007356 	154 	95 	91 	91 
007357 	154 	95 	91 	91 
007358 	154 	95 	91 	91 
007359 	154 	95 	91 	91 
007360 	154 	95 	91 	91 
007361 	154 	95 	91 	91 
007362 	154 	95 	91 	91 
007363 	154 	95 	91 	91 
007364 	154 	95 	91 	91 
007365 	154 	95 	91 	91 
007366 	154 	95 	91 	91 
007367 	154 	95 	91 	91 
007368 	154 	95 	91 	91 
007369 	150 	78 	108 	109 
007370 	150 	78 	108 	109 
007371 	154 	95 	91 	91 
007372 	150 	78 	108 	109 
007373 	150 	78 	108 	109 
007374 	150 	78 	108 	109 
007375 	150 	78 	108 	109 
007376 	150 	78 	108 	109 
007377 	150 	78 	108 	109 
007378 	150 	78 	108 	109 
007379 	150 	78 	108 	109 
007380 	150 	78 	108 	109 
007381 	150 	78 	108 	109 
007382 	150 	78 	108 	109 
007383 	150 	78 	108 	109 
007384 	150 	78 	108 	109 
007385 	150 	78 	108 	109 
007386 	150 	78 	108 	109 
007387 	150 	78 	108 	109 
007388 	150 	78 	108 	109 
007389 	150 	78 	108 	109 
007390 	150 	78 	108 	109 
007391 	150 	78 	108 	109 
007392 	150 	78 	108 	109 
007393 	150 	78 	108 	109 
007394 	150 	78 	108 	109 
007395 	150 	78 	108 	109 
007396 	150 	78 	108 	109 
007397 	150 	78 	108 	109 
007398 	150 	78 	108 	109 
007399 	150 	78 	108 	109 
007400 	150 	78 	108 	109 
007401 	154 	95 	91 	91 
007402 	154 	95 	91 	91 
007403 	154 	95 	91 	91 
007404 	154 	95 	91 	91 
007405 	154 	95 	91 	91 
007406 	154 	95 	91 	91 
007407 	154 	95 	91 	91 
007408 	154 	95 	91 	91 
007409 	154 	95 	91 	91 
007410 	150 	78 	108 	109 
007411 	150 	78 	108 	109 
007412 	150 	78 	108 	109 
007413 	150 	78 	108 	109 
007414 	154 	95 	91 	91 
007415 	154 	95 	91 	91 
007416 	154 	95 	91 	91 
007417 	154 	95 	91 	91 
007418 	154 	95 	91 	91 
007419 	154 	95 	91 	91 
007420 	150 	78 	108 	109 
007421 	154 	95 	91 	91 
007422 	154 	95 	91 	91 
007423 	154 	95 	91 	91 
007424 	150 	78 	108 	109 
007425 	154 	95 	91 	91 
007426 	154 	95 	91 	91 
007427 	154 	95 	91 	91 
007428 	154 	95 	91 	91 
007429 	154 	95 	91 	91 
007430 	154 	95 	91 	91 
007431 	154 	95 	91 	91 
007432 	154 	95 	91 	91 
007433 	154 	95 	91 	91 
007434 	154 	95 	91 	91 
007435 	154 	95 	91 	91 
007436 	154 	95 	91 	91 
007437 	150 	78 	108 	109 
007438 	154 	95 	91 	91 
007439 	150 	78 	108 	109 
007440 	150 	78 	108 	109 
007441 	150 	78 	108 	109 
007442 	154 	95 	91 	91 
007443 	150 	78 	108 	109 
007444 	154 	95 	91 	91 
007445 	154 	95 	91 	91 
007446 	154 	95 	91 	91 
007447 	154 	95 	91 	91 
007448 	154 	95 	91 	91 
007449 	154 	95 	91 	91 
007450 	154 	95 	91 	91 
007451 	154 	95 	91 	91 
007452 	154 	95 	91 	91 
007453 	154 	95 	91 	91 
007454 	154 	95 	91 	91 
007455 	154 	95 	91 	91 
007456 	154 	95 	91 	91 
007457 	154 	95 	91 	91 
007458 	154 	95 	91 	91 
007459 	154 	95 	91 	91 
007460 	154 	95 	91 	91 
007461 	154 	95 	91 	91 
007462 	154 	95 	91 	91 
007463 	154 	95 	91 	91 
007464 	154 	95 	91 	91 
007465 	154 	95 	91 	91 
007466 	154 	95 	91 	91 
007467 	154 	95 	91 	91 
007468 	154 	95 	91 	91 
007469 	154 	95 	91 	91 
007470 	154 	95 	91 	91 
007471 	154 	95 	91 	91 
007472 	154 	95 	91 	91 
007473 	154 	95 	91 	91 
007474 	154 	95 	91 	91 
007475 	154 	95 	91 	91 
007476 	154 	95 	91 	91 
007477 	154 	95 	91 	91 
007478 	150 	78 	108 	109 
007479 	150 	78 	108 	109 
007480 	150 	78 	108 	109 
007481 	154 	95 	91 	91 
007482 	154 	95 	91 	91 
007483 	154 	95 	91 	91 
007484 	154 	95 	91 	91 
007485 	154 	95 	91 	91 
007486 	154 	95 	91 	91 
007487 	154 	95 	91 	91 
007488 	154 	95 	91 	91 
007489 	154 	95 	91 	91 
007490 	154 	95 	91 	91 
007491 	154 	105 	91 	91 
007492 	154 	105 	91 	91 
007493 	154 	105 	91 	91 
007494 	154 	105 	91 	91 
007495 	154 	105 	91 	91 
007496 	154 	105 	91 	91 
007497 	154 	105 	91 	91 
007498 	154 	105 	91 	91 
007499 	154 	105 	91 	91 
007500 	154 	105 	91 	91 
007501 	154 	105 	91 	91 
007502 	154 	105 	91 	91 
007503 	154 	105 	91 	91 
007504 	154 	105 	91 	91 
007505 	154 	105 	91 	91 
007506 	154 	105 	91 	91 
007507 	154 	105 	91 	91 
007508 	154 	105 	91 	91 
007509 	154 	105 	91 	91 
007510 	154 	95 	91 	91 
