Identity  : 	id10165
Reference : 	qZusUyhQls0
Offset    : 	-1
FV Conf   : 	15.977
ASD Conf  : 	6.106

FRAME 	X 	Y 	W 	H 
003636 	294 	85 	90 	91 
003637 	303 	96 	75 	75 
003638 	303 	96 	75 	75 
003639 	304 	95 	90 	91 
003640 	304 	95 	90 	91 
003641 	304 	95 	90 	91 
003642 	304 	85 	90 	91 
003643 	304 	85 	90 	91 
003644 	303 	96 	75 	75 
003645 	303 	96 	75 	75 
003646 	294 	85 	90 	91 
003647 	284 	85 	90 	91 
003648 	284 	85 	90 	91 
003649 	274 	85 	90 	91 
003650 	274 	85 	90 	91 
003651 	274 	85 	90 	91 
003652 	274 	85 	90 	91 
003653 	274 	85 	90 	91 
003654 	274 	85 	90 	91 
003655 	274 	85 	90 	91 
003656 	274 	85 	90 	91 
003657 	274 	85 	90 	91 
003658 	274 	85 	90 	91 
003659 	274 	85 	90 	91 
003660 	274 	85 	90 	91 
003661 	274 	85 	90 	91 
003662 	274 	85 	90 	91 
003663 	274 	85 	90 	91 
003664 	274 	85 	90 	91 
003665 	274 	85 	90 	91 
003666 	274 	85 	90 	91 
003667 	274 	85 	90 	91 
003668 	274 	85 	90 	91 
003669 	274 	85 	90 	91 
003670 	274 	85 	90 	91 
003671 	274 	85 	90 	91 
003672 	284 	85 	90 	91 
003673 	284 	85 	90 	91 
003674 	294 	85 	90 	91 
003675 	294 	85 	90 	91 
003676 	304 	85 	90 	91 
003677 	314 	85 	90 	91 
003678 	323 	75 	91 	91 
003679 	323 	75 	91 	91 
003680 	323 	75 	91 	91 
003681 	333 	75 	91 	91 
003682 	333 	75 	91 	91 
003683 	333 	75 	91 	91 
003684 	333 	75 	91 	91 
003685 	333 	75 	91 	91 
003686 	333 	75 	91 	91 
003687 	333 	75 	91 	91 
003688 	333 	75 	91 	91 
003689 	333 	75 	91 	91 
003690 	333 	75 	91 	91 
003691 	333 	75 	91 	91 
003692 	333 	75 	91 	91 
003693 	333 	75 	91 	91 
003694 	333 	75 	91 	91 
003695 	333 	75 	91 	91 
003696 	333 	75 	91 	91 
003697 	323 	85 	91 	91 
003698 	323 	85 	91 	91 
003699 	323 	85 	91 	91 
003700 	323 	85 	91 	91 
003701 	323 	85 	91 	91 
003702 	323 	85 	91 	91 
003703 	323 	85 	91 	91 
003704 	323 	85 	91 	91 
003705 	323 	85 	91 	91 
003706 	323 	85 	91 	91 
003707 	323 	85 	91 	91 
003708 	323 	85 	91 	91 
003709 	323 	85 	91 	91 
003710 	323 	85 	91 	91 
003711 	323 	85 	91 	91 
003712 	323 	85 	91 	91 
003713 	323 	85 	91 	91 
003714 	327 	87 	76 	76 
003715 	327 	87 	76 	76 
003716 	314 	85 	90 	91 
003717 	314 	85 	90 	91 
003718 	314 	85 	90 	91 
003719 	304 	85 	90 	91 
003720 	304 	85 	90 	91 
003721 	304 	85 	90 	91 
003722 	294 	85 	90 	91 
003723 	294 	85 	90 	91 
003724 	294 	85 	90 	91 
003725 	294 	75 	90 	91 
003726 	284 	75 	90 	91 
003727 	284 	75 	90 	91 
003728 	284 	75 	90 	91 
003729 	284 	75 	90 	91 
003730 	284 	75 	90 	91 
003731 	284 	75 	90 	91 
003732 	284 	75 	90 	91 
003733 	284 	75 	90 	91 
003734 	284 	75 	90 	91 
003735 	284 	75 	90 	91 
003736 	284 	75 	90 	91 
003737 	284 	75 	90 	91 
003738 	284 	75 	90 	91 
003739 	284 	75 	90 	91 
003740 	284 	75 	90 	91 
003741 	284 	75 	90 	91 
003742 	284 	75 	90 	91 
003743 	284 	75 	90 	91 
003744 	269 	66 	108 	109 
003745 	284 	75 	90 	91 
003746 	269 	66 	108 	109 
003747 	284 	75 	90 	91 
003748 	284 	75 	90 	91 
003749 	284 	75 	90 	91 
003750 	284 	75 	90 	91 
003751 	284 	75 	90 	91 
003752 	284 	75 	90 	91 
003753 	284 	75 	90 	91 
003754 	284 	75 	90 	91 
003755 	284 	75 	90 	91 
003756 	284 	75 	90 	91 
003757 	274 	85 	90 	91 
003758 	274 	85 	90 	91 
003759 	274 	85 	90 	91 
003760 	294 	96 	76 	75 
003761 	294 	96 	76 	75 
003762 	294 	85 	90 	91 
003763 	304 	85 	90 	91 
003764 	304 	85 	90 	91 
003765 	304 	85 	90 	91 
003766 	304 	85 	90 	91 
003767 	304 	85 	90 	91 
003768 	294 	85 	90 	91 
003769 	294 	85 	90 	91 
003770 	303 	96 	75 	75 
003771 	303 	96 	75 	75 
003772 	303 	96 	75 	75 
003773 	294 	85 	90 	91 
003774 	294 	85 	90 	91 
003775 	294 	85 	90 	91 
003776 	294 	85 	90 	91 
003777 	284 	85 	90 	91 
003778 	284 	85 	90 	91 
003779 	284 	85 	90 	91 
003780 	294 	85 	90 	91 
003781 	294 	85 	90 	91 
003782 	294 	85 	90 	91 
003783 	294 	85 	90 	91 
003784 	294 	85 	90 	91 
003785 	294 	85 	90 	91 
003786 	294 	85 	90 	91 
003787 	294 	85 	90 	91 
003788 	294 	85 	90 	91 
003789 	294 	85 	90 	91 
003790 	294 	85 	90 	91 
003791 	294 	85 	90 	91 
003792 	294 	85 	90 	91 
003793 	294 	85 	90 	91 
003794 	294 	85 	90 	91 
003795 	294 	85 	90 	91 
003796 	294 	85 	90 	91 
003797 	294 	85 	90 	91 
003798 	294 	85 	90 	91 
003799 	294 	85 	90 	91 
003800 	294 	85 	90 	91 
003801 	294 	85 	90 	91 
003802 	294 	85 	90 	91 
003803 	294 	95 	90 	91 
003804 	303 	96 	75 	75 
003805 	304 	95 	90 	91 
003806 	304 	95 	90 	91 
003807 	304 	95 	90 	91 
003808 	304 	85 	90 	91 
003809 	311 	96 	75 	75 
003810 	304 	85 	90 	91 
003811 	304 	85 	90 	91 
003812 	319 	96 	76 	75 
003813 	319 	96 	76 	75 
003814 	314 	85 	90 	91 
003815 	314 	85 	90 	91 
003816 	314 	85 	90 	91 
003817 	314 	85 	90 	91 
003818 	314 	85 	90 	91 
003819 	314 	85 	90 	91 
003820 	314 	85 	90 	91 
003821 	314 	85 	90 	91 
003822 	314 	75 	90 	91 
003823 	314 	75 	90 	91 
003824 	314 	75 	90 	91 
003825 	314 	75 	90 	91 
003826 	314 	75 	90 	91 
003827 	314 	75 	90 	91 
003828 	314 	75 	90 	91 
003829 	319 	79 	76 	76 
003830 	304 	75 	90 	91 
003831 	304 	75 	90 	91 
003832 	304 	75 	90 	91 
003833 	303 	87 	75 	76 
003834 	294 	87 	76 	76 
003835 	284 	75 	90 	91 
003836 	284 	75 	90 	91 
003837 	274 	75 	90 	91 
003838 	274 	75 	90 	91 
003839 	274 	75 	90 	91 
003840 	274 	75 	90 	91 
003841 	274 	75 	90 	91 
003842 	274 	75 	90 	91 
003843 	274 	75 	90 	91 
003844 	274 	75 	90 	91 
003845 	274 	85 	90 	91 
003846 	274 	85 	90 	91 
003847 	274 	75 	90 	91 
003848 	269 	66 	108 	109 
003849 	284 	75 	90 	91 
003850 	284 	75 	90 	91 
003851 	284 	75 	90 	91 
003852 	284 	75 	90 	91 
003853 	284 	85 	90 	91 
003854 	284 	75 	90 	91 
003855 	284 	75 	90 	91 
003856 	284 	75 	90 	91 
003857 	284 	75 	90 	91 
003858 	284 	75 	90 	91 
003859 	284 	75 	90 	91 
003860 	284 	75 	90 	91 
003861 	284 	75 	90 	91 
003862 	274 	75 	90 	91 
003863 	274 	75 	90 	91 
003864 	274 	75 	90 	91 
003865 	274 	75 	90 	91 
003866 	274 	75 	90 	91 
003867 	274 	75 	90 	91 
003868 	274 	75 	90 	91 
003869 	274 	85 	90 	91 
003870 	274 	85 	90 	91 
003871 	274 	85 	90 	91 
003872 	274 	85 	90 	91 
003873 	274 	85 	90 	91 
003874 	274 	85 	90 	91 
003875 	274 	85 	90 	91 
003876 	274 	85 	90 	91 
003877 	274 	85 	90 	91 
003878 	274 	85 	90 	91 
003879 	274 	85 	90 	91 
003880 	274 	85 	90 	91 
003881 	274 	85 	90 	91 
003882 	274 	85 	90 	91 
003883 	284 	85 	90 	91 
003884 	284 	85 	90 	91 
003885 	284 	85 	90 	91 
003886 	284 	85 	90 	91 
003887 	284 	85 	90 	91 
003888 	303 	96 	75 	75 
003889 	304 	85 	90 	91 
003890 	304 	85 	90 	91 
003891 	319 	87 	76 	76 
003892 	319 	87 	76 	76 
003893 	314 	75 	90 	91 
003894 	314 	85 	90 	91 
003895 	323 	85 	91 	91 
003896 	323 	85 	91 	91 
003897 	323 	85 	91 	91 
003898 	323 	85 	91 	91 
003899 	323 	85 	91 	91 
003900 	314 	85 	90 	91 
003901 	314 	85 	90 	91 
003902 	314 	85 	90 	91 
003903 	314 	85 	90 	91 
003904 	304 	85 	90 	91 
003905 	304 	85 	90 	91 
003906 	304 	85 	90 	91 
003907 	304 	85 	90 	91 
003908 	294 	85 	90 	91 
003909 	294 	85 	90 	91 
003910 	294 	85 	90 	91 
003911 	294 	85 	90 	91 
003912 	294 	85 	90 	91 
003913 	294 	85 	90 	91 
003914 	294 	85 	90 	91 
003915 	294 	85 	90 	91 
003916 	294 	85 	90 	91 
003917 	294 	85 	90 	91 
003918 	294 	85 	90 	91 
003919 	294 	87 	76 	76 
003920 	284 	85 	90 	91 
003921 	284 	85 	90 	91 
003922 	284 	85 	90 	91 
003923 	284 	85 	90 	91 
003924 	284 	85 	90 	91 
003925 	294 	87 	76 	76 
003926 	294 	87 	76 	76 
003927 	294 	87 	76 	76 
003928 	294 	87 	76 	76 
003929 	294 	87 	76 	76 
003930 	294 	87 	76 	76 
003931 	284 	85 	90 	91 
003932 	284 	85 	90 	91 
003933 	294 	87 	76 	76 
003934 	284 	75 	90 	91 
003935 	284 	75 	90 	91 
003936 	284 	75 	90 	91 
003937 	284 	75 	90 	91 
003938 	284 	75 	90 	91 
003939 	284 	75 	90 	91 
003940 	284 	75 	90 	91 
003941 	284 	75 	90 	91 
003942 	284 	75 	90 	91 
003943 	284 	75 	90 	91 
003944 	284 	75 	90 	91 
003945 	284 	75 	90 	91 
003946 	284 	75 	90 	91 
003947 	284 	75 	90 	91 
003948 	284 	75 	90 	91 
003949 	284 	75 	90 	91 
003950 	284 	75 	90 	91 
003951 	286 	87 	76 	76 
003952 	286 	87 	76 	76 
003953 	274 	75 	90 	91 
003954 	274 	75 	90 	91 
003955 	274 	75 	90 	91 
003956 	274 	75 	90 	91 
003957 	274 	75 	90 	91 
003958 	274 	75 	90 	91 
003959 	264 	85 	90 	91 
003960 	264 	85 	90 	91 
003961 	264 	85 	90 	91 
003962 	264 	85 	90 	91 
003963 	264 	85 	90 	91 
003964 	264 	85 	90 	91 
003965 	264 	85 	90 	91 
003966 	264 	85 	90 	91 
003967 	264 	85 	90 	91 
003968 	264 	85 	90 	91 
003969 	264 	75 	90 	91 
003970 	264 	85 	90 	91 
003971 	264 	85 	90 	91 
003972 	264 	85 	90 	91 
003973 	264 	85 	90 	91 
003974 	264 	85 	90 	91 
003975 	264 	85 	90 	91 
003976 	264 	85 	90 	91 
003977 	264 	85 	90 	91 
003978 	264 	85 	90 	91 
003979 	264 	85 	90 	91 
