Identity  : 	id11117
Reference : 	3EXEU3zGt_s
Offset    : 	-1
FV Conf   : 	13.713
ASD Conf  : 	7.810

FRAME 	X 	Y 	W 	H 
002873 	251 	80 	130 	130 
002874 	251 	80 	130 	130 
002875 	251 	80 	130 	130 
002876 	251 	80 	130 	130 
002877 	251 	80 	130 	130 
002878 	251 	80 	130 	130 
002879 	251 	80 	130 	130 
002880 	251 	80 	130 	130 
002881 	251 	80 	130 	130 
002882 	251 	80 	130 	130 
002883 	251 	80 	130 	130 
002884 	266 	80 	130 	130 
002885 	266 	80 	130 	130 
002886 	266 	94 	130 	130 
002887 	266 	94 	130 	130 
002888 	266 	94 	130 	130 
002889 	266 	94 	130 	130 
002890 	266 	94 	130 	130 
002891 	266 	94 	130 	130 
002892 	266 	94 	130 	130 
002893 	266 	94 	130 	130 
002894 	266 	94 	130 	130 
002895 	266 	94 	130 	130 
002896 	266 	94 	130 	130 
002897 	266 	94 	130 	130 
002898 	266 	94 	130 	130 
002899 	266 	80 	130 	130 
002900 	266 	94 	130 	130 
002901 	266 	94 	130 	130 
002902 	266 	94 	130 	130 
002903 	266 	80 	130 	130 
002904 	266 	80 	130 	130 
002905 	266 	80 	130 	130 
002906 	266 	80 	130 	130 
002907 	266 	80 	130 	130 
002908 	266 	80 	130 	130 
002909 	266 	80 	130 	130 
002910 	266 	80 	130 	130 
002911 	266 	80 	130 	130 
002912 	266 	80 	130 	130 
002913 	266 	80 	130 	130 
002914 	266 	80 	130 	130 
002915 	266 	80 	130 	130 
002916 	251 	80 	130 	130 
002917 	251 	80 	130 	130 
002918 	251 	80 	130 	130 
002919 	251 	80 	130 	130 
002920 	251 	80 	130 	130 
002921 	251 	80 	130 	130 
002922 	251 	80 	130 	130 
002923 	251 	80 	130 	130 
002924 	251 	80 	130 	130 
002925 	266 	80 	130 	130 
002926 	266 	80 	130 	130 
002927 	266 	80 	130 	130 
002928 	251 	94 	130 	130 
002929 	251 	94 	130 	130 
002930 	251 	94 	130 	130 
002931 	251 	94 	130 	130 
002932 	251 	94 	130 	130 
002933 	251 	94 	130 	130 
002934 	251 	94 	130 	130 
002935 	251 	94 	130 	130 
002936 	251 	94 	130 	130 
002937 	251 	94 	130 	130 
002938 	251 	94 	130 	130 
002939 	251 	94 	130 	130 
002940 	251 	80 	130 	130 
002941 	251 	80 	130 	130 
002942 	251 	80 	130 	130 
002943 	266 	94 	130 	130 
002944 	266 	94 	130 	130 
002945 	266 	94 	130 	130 
002946 	266 	94 	130 	130 
002947 	266 	94 	130 	130 
002948 	266 	94 	130 	130 
002949 	266 	94 	130 	130 
002950 	266 	94 	130 	130 
002951 	266 	94 	130 	130 
002952 	251 	94 	130 	130 
002953 	251 	94 	130 	130 
002954 	251 	94 	130 	130 
002955 	251 	94 	130 	130 
002956 	251 	94 	130 	130 
002957 	251 	94 	130 	130 
002958 	251 	94 	130 	130 
002959 	251 	80 	130 	130 
002960 	251 	80 	130 	130 
002961 	251 	80 	130 	130 
002962 	251 	80 	130 	130 
002963 	251 	80 	130 	130 
002964 	251 	80 	130 	130 
002965 	251 	80 	130 	130 
002966 	233 	62 	156 	155 
002967 	233 	62 	156 	155 
002968 	251 	80 	130 	130 
002969 	251 	80 	130 	130 
002970 	251 	80 	130 	130 
002971 	251 	80 	130 	130 
002972 	233 	79 	156 	156 
002973 	251 	80 	130 	130 
002974 	251 	80 	130 	130 
002975 	251 	80 	130 	130 
002976 	251 	80 	130 	130 
002977 	251 	80 	130 	130 
002978 	251 	80 	130 	130 
002979 	251 	80 	130 	130 
002980 	251 	80 	130 	130 
002981 	251 	80 	130 	130 
002982 	251 	80 	130 	130 
002983 	251 	80 	130 	130 
002984 	251 	80 	130 	130 
002985 	251 	80 	130 	130 
002986 	251 	80 	130 	130 
002987 	251 	80 	130 	130 
002988 	251 	80 	130 	130 
002989 	251 	80 	130 	130 
002990 	251 	80 	130 	130 
002991 	251 	80 	130 	130 
002992 	233 	62 	156 	155 
002993 	266 	66 	130 	130 
002994 	266 	66 	130 	130 
002995 	266 	66 	130 	130 
002996 	250 	62 	156 	155 
002997 	280 	66 	130 	130 
002998 	280 	66 	130 	130 
002999 	280 	66 	130 	130 
003000 	280 	66 	130 	130 
003001 	280 	66 	130 	130 
003002 	280 	66 	130 	130 
003003 	280 	66 	130 	130 
003004 	280 	66 	130 	130 
003005 	267 	62 	156 	155 
003006 	280 	80 	130 	130 
003007 	280 	80 	130 	130 
003008 	280 	80 	130 	130 
003009 	280 	80 	130 	130 
003010 	280 	80 	130 	130 
003011 	280 	80 	130 	130 
003012 	280 	80 	130 	130 
003013 	280 	80 	130 	130 
003014 	280 	80 	130 	130 
003015 	280 	80 	130 	130 
003016 	280 	80 	130 	130 
003017 	280 	80 	130 	130 
003018 	280 	80 	130 	130 
003019 	280 	94 	130 	130 
003020 	280 	80 	130 	130 
003021 	280 	94 	130 	130 
003022 	280 	94 	130 	130 
003023 	280 	94 	130 	130 
003024 	280 	80 	130 	130 
003025 	280 	80 	130 	130 
003026 	266 	80 	130 	130 
003027 	266 	80 	130 	130 
003028 	266 	80 	130 	130 
003029 	266 	80 	130 	130 
003030 	266 	80 	130 	130 
003031 	266 	94 	130 	130 
003032 	266 	94 	130 	130 
003033 	266 	80 	130 	130 
003034 	266 	80 	130 	130 
003035 	266 	80 	130 	130 
003036 	266 	80 	130 	130 
003037 	266 	80 	130 	130 
003038 	266 	80 	130 	130 
003039 	266 	80 	130 	130 
003040 	266 	80 	130 	130 
003041 	266 	80 	130 	130 
003042 	266 	80 	130 	130 
003043 	266 	80 	130 	130 
003044 	266 	80 	130 	130 
003045 	266 	80 	130 	130 
003046 	266 	80 	130 	130 
003047 	266 	80 	130 	130 
003048 	251 	80 	130 	130 
003049 	251 	80 	130 	130 
003050 	251 	80 	130 	130 
003051 	251 	80 	130 	130 
003052 	251 	80 	130 	130 
003053 	251 	80 	130 	130 
003054 	251 	80 	130 	130 
003055 	251 	80 	130 	130 
003056 	251 	80 	130 	130 
003057 	251 	80 	130 	130 
003058 	266 	80 	130 	130 
003059 	266 	80 	130 	130 
003060 	266 	80 	130 	130 
003061 	266 	94 	130 	130 
003062 	266 	94 	130 	130 
003063 	266 	94 	130 	130 
003064 	266 	94 	130 	130 
003065 	251 	94 	130 	130 
003066 	233 	79 	156 	156 
003067 	233 	79 	156 	156 
003068 	233 	79 	156 	156 
003069 	233 	79 	156 	156 
003070 	233 	79 	156 	156 
003071 	233 	79 	156 	156 
003072 	233 	79 	156 	156 
003073 	233 	79 	156 	156 
003074 	233 	79 	156 	156 
003075 	233 	79 	156 	156 
003076 	233 	79 	156 	156 
003077 	233 	79 	156 	156 
003078 	233 	79 	156 	156 
003079 	233 	79 	156 	156 
003080 	233 	79 	156 	156 
003081 	233 	79 	156 	156 
003082 	233 	79 	156 	156 
003083 	233 	79 	156 	156 
003084 	233 	79 	156 	156 
003085 	251 	80 	130 	130 
003086 	251 	80 	130 	130 
003087 	251 	80 	130 	130 
003088 	251 	80 	130 	130 
003089 	251 	80 	130 	130 
003090 	251 	80 	130 	130 
003091 	251 	80 	130 	130 
003092 	251 	80 	130 	130 
003093 	251 	80 	130 	130 
003094 	251 	80 	130 	130 
003095 	251 	80 	130 	130 
003096 	251 	80 	130 	130 
003097 	251 	80 	130 	130 
003098 	251 	80 	130 	130 
003099 	251 	80 	130 	130 
003100 	251 	80 	130 	130 
003101 	251 	80 	130 	130 
003102 	251 	80 	130 	130 
003103 	251 	80 	130 	130 
003104 	251 	80 	130 	130 
003105 	251 	80 	130 	130 
003106 	251 	80 	130 	130 
003107 	251 	80 	130 	130 
003108 	251 	80 	130 	130 
003109 	251 	80 	130 	130 
003110 	251 	80 	130 	130 
003111 	251 	80 	130 	130 
003112 	251 	80 	130 	130 
003113 	251 	80 	130 	130 
003114 	251 	80 	130 	130 
003115 	251 	94 	130 	130 
003116 	251 	80 	130 	130 
003117 	251 	80 	130 	130 
003118 	251 	80 	130 	130 
003119 	266 	80 	130 	130 
003120 	266 	80 	130 	130 
003121 	266 	80 	130 	130 
003122 	266 	80 	130 	130 
003123 	266 	80 	130 	130 
003124 	266 	80 	130 	130 
003125 	266 	80 	130 	130 
003126 	266 	80 	130 	130 
003127 	266 	80 	130 	130 
003128 	266 	80 	130 	130 
003129 	266 	80 	130 	130 
003130 	266 	80 	130 	130 
003131 	266 	80 	130 	130 
003132 	266 	80 	130 	130 
003133 	266 	80 	130 	130 
003134 	266 	80 	130 	130 
003135 	266 	80 	130 	130 
003136 	266 	80 	130 	130 
003137 	266 	80 	130 	130 
003138 	266 	80 	130 	130 
003139 	266 	80 	130 	130 
003140 	251 	80 	130 	130 
003141 	251 	80 	130 	130 
003142 	251 	80 	130 	130 
003143 	251 	80 	130 	130 
003144 	251 	94 	130 	130 
003145 	251 	94 	130 	130 
003146 	251 	94 	130 	130 
003147 	266 	80 	130 	130 
003148 	266 	80 	130 	130 
003149 	266 	80 	130 	130 
003150 	251 	80 	130 	130 
003151 	251 	80 	130 	130 
003152 	251 	80 	130 	130 
003153 	251 	80 	130 	130 
003154 	251 	80 	130 	130 
003155 	251 	80 	130 	130 
003156 	251 	80 	130 	130 
003157 	251 	80 	130 	130 
003158 	251 	80 	130 	130 
003159 	251 	80 	130 	130 
003160 	251 	80 	130 	130 
003161 	251 	80 	130 	130 
003162 	251 	80 	130 	130 
003163 	251 	80 	130 	130 
003164 	251 	66 	130 	130 
003165 	251 	66 	130 	130 
003166 	251 	66 	130 	130 
003167 	251 	66 	130 	130 
003168 	251 	66 	130 	130 
003169 	266 	66 	130 	130 
003170 	266 	66 	130 	130 
003171 	266 	66 	130 	130 
003172 	266 	66 	130 	130 
003173 	266 	66 	130 	130 
003174 	266 	66 	130 	130 
003175 	266 	66 	130 	130 
003176 	266 	66 	130 	130 
003177 	266 	66 	130 	130 
003178 	266 	66 	130 	130 
003179 	266 	66 	130 	130 
003180 	266 	66 	130 	130 
003181 	266 	51 	130 	130 
003182 	250 	44 	156 	156 
003183 	280 	51 	130 	130 
003184 	280 	51 	130 	130 
003185 	280 	51 	130 	130 
003186 	280 	51 	130 	130 
003187 	280 	66 	130 	130 
003188 	280 	66 	130 	130 
003189 	294 	66 	130 	130 
003190 	294 	66 	130 	130 
003191 	294 	66 	130 	130 
003192 	294 	80 	130 	130 
003193 	294 	80 	130 	130 
003194 	294 	80 	130 	130 
003195 	294 	80 	130 	130 
003196 	294 	66 	130 	130 
003197 	294 	80 	130 	130 
003198 	294 	80 	130 	130 
003199 	294 	80 	130 	130 
003200 	294 	80 	130 	130 
003201 	294 	80 	130 	130 
003202 	294 	80 	130 	130 
003203 	294 	80 	130 	130 
003204 	294 	94 	130 	130 
003205 	267 	79 	156 	156 
003206 	280 	94 	130 	130 
003207 	280 	94 	130 	130 
003208 	280 	94 	130 	130 
003209 	280 	94 	130 	130 
003210 	280 	94 	130 	130 
003211 	280 	94 	130 	130 
003212 	280 	94 	130 	130 
003213 	280 	80 	130 	130 
003214 	280 	80 	130 	130 
003215 	280 	80 	130 	130 
003216 	280 	80 	130 	130 
003217 	280 	80 	130 	130 
003218 	280 	80 	130 	130 
003219 	266 	66 	130 	130 
003220 	266 	66 	130 	130 
003221 	266 	80 	130 	130 
003222 	266 	80 	130 	130 
003223 	266 	80 	130 	130 
003224 	266 	66 	130 	130 
003225 	266 	66 	130 	130 
003226 	266 	66 	130 	130 
003227 	251 	66 	130 	130 
003228 	266 	66 	130 	130 
003229 	266 	66 	130 	130 
003230 	266 	80 	130 	130 
003231 	266 	80 	130 	130 
003232 	266 	80 	130 	130 
003233 	269 	78 	108 	109 
003234 	251 	80 	130 	130 
003235 	251 	80 	130 	130 
003236 	237 	80 	130 	130 
003237 	237 	80 	130 	130 
003238 	237 	80 	130 	130 
003239 	237 	80 	130 	130 
003240 	223 	80 	130 	130 
003241 	223 	80 	130 	130 
003242 	223 	80 	130 	130 
003243 	223 	80 	130 	130 
003244 	223 	80 	130 	130 
003245 	237 	80 	130 	130 
003246 	237 	80 	130 	130 
003247 	237 	80 	130 	130 
003248 	237 	80 	130 	130 
003249 	237 	80 	130 	130 
