Identity  : 	id10392
Reference : 	YafhH6pCEGs
Offset    : 	-3
FV Conf   : 	21.153
ASD Conf  : 	7.770

FRAME 	X 	Y 	W 	H 
007957 	323 	85 	91 	91 
007958 	323 	85 	91 	91 
007959 	323 	85 	91 	91 
007960 	323 	85 	91 	91 
007961 	323 	75 	91 	91 
007962 	323 	75 	91 	91 
007963 	323 	75 	91 	91 
007964 	323 	75 	91 	91 
007965 	323 	75 	91 	91 
007966 	323 	75 	91 	91 
007967 	323 	75 	91 	91 
007968 	323 	75 	91 	91 
007969 	323 	75 	91 	91 
007970 	323 	75 	91 	91 
007971 	323 	75 	91 	91 
007972 	323 	75 	91 	91 
007973 	323 	75 	91 	91 
007974 	323 	75 	91 	91 
007975 	323 	75 	91 	91 
007976 	323 	75 	91 	91 
007977 	323 	75 	91 	91 
007978 	323 	75 	91 	91 
007979 	323 	75 	91 	91 
007980 	323 	65 	91 	91 
007981 	323 	65 	91 	91 
007982 	323 	65 	91 	91 
007983 	323 	65 	91 	91 
007984 	323 	65 	91 	91 
007985 	323 	65 	91 	91 
007986 	323 	65 	91 	91 
007987 	323 	65 	91 	91 
007988 	323 	65 	91 	91 
007989 	323 	65 	91 	91 
007990 	323 	65 	91 	91 
007991 	323 	65 	91 	91 
007992 	323 	65 	91 	91 
007993 	323 	65 	91 	91 
007994 	323 	65 	91 	91 
007995 	323 	65 	91 	91 
007996 	323 	65 	91 	91 
007997 	323 	65 	91 	91 
007998 	323 	65 	91 	91 
007999 	323 	65 	91 	91 
008000 	323 	65 	91 	91 
008001 	323 	65 	91 	91 
008002 	323 	65 	91 	91 
008003 	323 	65 	91 	91 
008004 	323 	65 	91 	91 
008005 	323 	65 	91 	91 
008006 	336 	71 	75 	75 
008007 	336 	71 	75 	75 
008008 	333 	75 	91 	91 
008009 	333 	75 	91 	91 
008010 	333 	75 	91 	91 
008011 	333 	75 	91 	91 
008012 	333 	75 	91 	91 
008013 	333 	75 	91 	91 
008014 	333 	75 	91 	91 
008015 	333 	75 	91 	91 
008016 	333 	75 	91 	91 
008017 	333 	75 	91 	91 
008018 	333 	75 	91 	91 
008019 	333 	75 	91 	91 
008020 	333 	65 	91 	91 
008021 	333 	65 	91 	91 
008022 	333 	65 	91 	91 
008023 	333 	65 	91 	91 
008024 	333 	65 	91 	91 
008025 	333 	65 	91 	91 
008026 	333 	65 	91 	91 
008027 	333 	65 	91 	91 
008028 	333 	65 	91 	91 
008029 	333 	75 	91 	91 
008030 	333 	75 	91 	91 
008031 	333 	75 	91 	91 
008032 	333 	75 	91 	91 
008033 	333 	75 	91 	91 
008034 	333 	75 	91 	91 
008035 	333 	75 	91 	91 
008036 	333 	75 	91 	91 
008037 	333 	75 	91 	91 
008038 	333 	75 	91 	91 
008039 	333 	75 	91 	91 
008040 	333 	75 	91 	91 
008041 	333 	75 	91 	91 
008042 	333 	75 	91 	91 
008043 	333 	75 	91 	91 
008044 	333 	75 	91 	91 
008045 	333 	75 	91 	91 
008046 	333 	75 	91 	91 
008047 	333 	75 	91 	91 
008048 	333 	75 	91 	91 
008049 	333 	75 	91 	91 
008050 	333 	75 	91 	91 
008051 	333 	75 	91 	91 
008052 	333 	75 	91 	91 
008053 	336 	79 	75 	76 
008054 	323 	75 	91 	91 
008055 	323 	75 	91 	91 
008056 	323 	75 	91 	91 
008057 	323 	75 	91 	91 
008058 	323 	75 	91 	91 
008059 	323 	75 	91 	91 
008060 	323 	75 	91 	91 
008061 	323 	75 	91 	91 
008062 	327 	79 	76 	76 
008063 	327 	79 	76 	76 
008064 	327 	79 	76 	76 
008065 	327 	79 	76 	76 
008066 	327 	79 	76 	76 
008067 	327 	79 	76 	76 
008068 	327 	79 	76 	76 
008069 	327 	79 	76 	76 
008070 	327 	79 	76 	76 
008071 	327 	79 	76 	76 
008072 	327 	79 	76 	76 
008073 	327 	79 	76 	76 
008074 	327 	79 	76 	76 
008075 	327 	79 	76 	76 
008076 	323 	75 	91 	91 
008077 	323 	75 	91 	91 
008078 	323 	75 	91 	91 
008079 	323 	75 	91 	91 
008080 	323 	75 	91 	91 
008081 	323 	75 	91 	91 
008082 	323 	75 	91 	91 
008083 	323 	75 	91 	91 
008084 	323 	75 	91 	91 
008085 	323 	75 	91 	91 
008086 	323 	75 	91 	91 
008087 	323 	75 	91 	91 
008088 	323 	75 	91 	91 
008089 	323 	75 	91 	91 
008090 	323 	75 	91 	91 
008091 	323 	75 	91 	91 
008092 	323 	75 	91 	91 
008093 	323 	75 	91 	91 
008094 	323 	75 	91 	91 
008095 	323 	75 	91 	91 
008096 	323 	75 	91 	91 
008097 	314 	75 	90 	91 
008098 	314 	75 	90 	91 
008099 	314 	75 	90 	91 
008100 	314 	75 	90 	91 
008101 	323 	75 	91 	91 
008102 	323 	75 	91 	91 
008103 	323 	75 	91 	91 
008104 	323 	75 	91 	91 
008105 	323 	75 	91 	91 
008106 	317 	66 	108 	109 
008107 	333 	65 	91 	91 
008108 	333 	65 	91 	91 
008109 	333 	75 	91 	91 
008110 	333 	75 	91 	91 
008111 	333 	75 	91 	91 
008112 	333 	75 	91 	91 
008113 	333 	75 	91 	91 
008114 	333 	75 	91 	91 
008115 	333 	75 	91 	91 
008116 	333 	75 	91 	91 
008117 	333 	75 	91 	91 
008118 	333 	75 	91 	91 
008119 	333 	75 	91 	91 
008120 	333 	75 	91 	91 
008121 	333 	75 	91 	91 
008122 	333 	75 	91 	91 
008123 	333 	75 	91 	91 
008124 	323 	75 	91 	91 
008125 	323 	75 	91 	91 
008126 	323 	75 	91 	91 
008127 	323 	75 	91 	91 
008128 	323 	75 	91 	91 
008129 	323 	75 	91 	91 
008130 	323 	75 	91 	91 
008131 	323 	75 	91 	91 
008132 	323 	75 	91 	91 
008133 	323 	75 	91 	91 
008134 	333 	75 	91 	91 
008135 	333 	75 	91 	91 
008136 	333 	75 	91 	91 
008137 	333 	75 	91 	91 
008138 	333 	75 	91 	91 
008139 	333 	75 	91 	91 
008140 	333 	75 	91 	91 
008141 	333 	75 	91 	91 
008142 	333 	75 	91 	91 
008143 	333 	75 	91 	91 
008144 	333 	85 	91 	91 
008145 	333 	85 	91 	91 
008146 	323 	85 	91 	91 
008147 	323 	85 	91 	91 
008148 	323 	85 	91 	91 
008149 	323 	85 	91 	91 
008150 	323 	85 	91 	91 
008151 	323 	85 	91 	91 
008152 	323 	85 	91 	91 
008153 	323 	85 	91 	91 
008154 	323 	85 	91 	91 
008155 	323 	85 	91 	91 
008156 	323 	85 	91 	91 
008157 	323 	85 	91 	91 
008158 	323 	85 	91 	91 
008159 	323 	85 	91 	91 
008160 	323 	85 	91 	91 
008161 	323 	85 	91 	91 
008162 	323 	85 	91 	91 
008163 	323 	85 	91 	91 
008164 	323 	75 	91 	91 
008165 	323 	75 	91 	91 
008166 	323 	75 	91 	91 
008167 	323 	75 	91 	91 
008168 	333 	75 	91 	91 
008169 	333 	75 	91 	91 
008170 	333 	75 	91 	91 
008171 	333 	75 	91 	91 
008172 	333 	75 	91 	91 
008173 	333 	75 	91 	91 
008174 	333 	75 	91 	91 
008175 	333 	75 	91 	91 
008176 	333 	75 	91 	91 
008177 	333 	75 	91 	91 
008178 	333 	75 	91 	91 
008179 	333 	75 	91 	91 
008180 	333 	75 	91 	91 
008181 	323 	75 	91 	91 
008182 	323 	75 	91 	91 
008183 	323 	75 	91 	91 
008184 	323 	75 	91 	91 
008185 	323 	75 	91 	91 
008186 	323 	75 	91 	91 
008187 	323 	75 	91 	91 
008188 	323 	75 	91 	91 
008189 	323 	75 	91 	91 
008190 	323 	75 	91 	91 
008191 	323 	75 	91 	91 
008192 	323 	75 	91 	91 
008193 	323 	75 	91 	91 
008194 	323 	75 	91 	91 
008195 	314 	75 	90 	91 
008196 	314 	75 	90 	91 
008197 	314 	75 	90 	91 
008198 	314 	75 	90 	91 
008199 	314 	75 	90 	91 
008200 	314 	75 	90 	91 
008201 	314 	75 	90 	91 
008202 	323 	75 	91 	91 
008203 	323 	75 	91 	91 
008204 	323 	75 	91 	91 
008205 	323 	75 	91 	91 
008206 	323 	75 	91 	91 
008207 	323 	75 	91 	91 
008208 	323 	75 	91 	91 
008209 	323 	75 	91 	91 
008210 	323 	75 	91 	91 
008211 	323 	75 	91 	91 
008212 	314 	75 	90 	91 
008213 	314 	75 	90 	91 
008214 	314 	75 	90 	91 
008215 	314 	75 	90 	91 
008216 	314 	75 	90 	91 
008217 	314 	75 	90 	91 
008218 	314 	75 	90 	91 
008219 	314 	75 	90 	91 
008220 	314 	75 	90 	91 
008221 	314 	65 	90 	91 
008222 	314 	75 	90 	91 
008223 	314 	65 	90 	91 
008224 	314 	65 	90 	91 
008225 	314 	65 	90 	91 
008226 	314 	65 	90 	91 
008227 	327 	79 	76 	76 
008228 	323 	75 	91 	91 
008229 	323 	75 	91 	91 
008230 	323 	75 	91 	91 
008231 	323 	75 	91 	91 
008232 	323 	75 	91 	91 
008233 	323 	75 	91 	91 
008234 	323 	75 	91 	91 
008235 	323 	75 	91 	91 
008236 	323 	75 	91 	91 
008237 	323 	75 	91 	91 
008238 	323 	75 	91 	91 
008239 	323 	75 	91 	91 
008240 	323 	75 	91 	91 
008241 	323 	75 	91 	91 
008242 	323 	75 	91 	91 
008243 	323 	75 	91 	91 
008244 	323 	75 	91 	91 
008245 	323 	75 	91 	91 
008246 	323 	75 	91 	91 
008247 	333 	75 	91 	91 
008248 	333 	75 	91 	91 
008249 	333 	75 	91 	91 
008250 	333 	75 	91 	91 
008251 	333 	75 	91 	91 
008252 	333 	75 	91 	91 
008253 	333 	65 	91 	91 
008254 	333 	65 	91 	91 
008255 	343 	65 	91 	91 
008256 	343 	65 	91 	91 
008257 	343 	65 	91 	91 
008258 	343 	75 	91 	91 
008259 	343 	75 	91 	91 
008260 	329 	66 	108 	109 
008261 	333 	75 	91 	91 
008262 	333 	75 	91 	91 
008263 	333 	75 	91 	91 
008264 	333 	75 	91 	91 
008265 	333 	75 	91 	91 
008266 	333 	75 	91 	91 
008267 	333 	75 	91 	91 
008268 	333 	75 	91 	91 
008269 	323 	75 	91 	91 
008270 	323 	65 	91 	91 
008271 	323 	65 	91 	91 
008272 	323 	65 	91 	91 
008273 	323 	75 	91 	91 
008274 	323 	75 	91 	91 
008275 	323 	75 	91 	91 
008276 	323 	75 	91 	91 
008277 	314 	75 	90 	91 
008278 	314 	75 	90 	91 
008279 	314 	75 	90 	91 
008280 	314 	75 	90 	91 
008281 	314 	75 	90 	91 
008282 	314 	75 	90 	91 
008283 	323 	75 	91 	91 
008284 	323 	75 	91 	91 
008285 	323 	75 	91 	91 
008286 	323 	75 	91 	91 
008287 	323 	75 	91 	91 
008288 	323 	75 	91 	91 
008289 	323 	85 	91 	91 
008290 	323 	85 	91 	91 
008291 	323 	85 	91 	91 
008292 	323 	85 	91 	91 
008293 	333 	85 	91 	91 
008294 	336 	96 	75 	75 
008295 	336 	96 	75 	75 
008296 	336 	96 	75 	75 
008297 	336 	96 	75 	75 
008298 	336 	96 	75 	75 
008299 	323 	95 	91 	91 
008300 	323 	85 	91 	91 
008301 	323 	85 	91 	91 
008302 	323 	85 	91 	91 
008303 	323 	85 	91 	91 
008304 	323 	85 	91 	91 
008305 	323 	85 	91 	91 
008306 	323 	85 	91 	91 
008307 	323 	85 	91 	91 
008308 	323 	85 	91 	91 
008309 	323 	85 	91 	91 
008310 	323 	85 	91 	91 
008311 	323 	85 	91 	91 
008312 	323 	85 	91 	91 
008313 	323 	85 	91 	91 
008314 	323 	85 	91 	91 
008315 	323 	85 	91 	91 
008316 	323 	85 	91 	91 
008317 	323 	85 	91 	91 
008318 	323 	85 	91 	91 
008319 	323 	85 	91 	91 
008320 	323 	85 	91 	91 
008321 	323 	85 	91 	91 
008322 	323 	75 	91 	91 
008323 	323 	75 	91 	91 
008324 	323 	75 	91 	91 
008325 	323 	75 	91 	91 
008326 	323 	75 	91 	91 
008327 	323 	75 	91 	91 
008328 	323 	75 	91 	91 
008329 	323 	75 	91 	91 
008330 	323 	75 	91 	91 
008331 	323 	75 	91 	91 
008332 	323 	75 	91 	91 
008333 	323 	75 	91 	91 
008334 	323 	75 	91 	91 
008335 	333 	75 	91 	91 
008336 	333 	75 	91 	91 
008337 	333 	75 	91 	91 
008338 	333 	75 	91 	91 
008339 	333 	75 	91 	91 
008340 	333 	75 	91 	91 
008341 	333 	75 	91 	91 
008342 	333 	75 	91 	91 
008343 	333 	75 	91 	91 
008344 	333 	75 	91 	91 
008345 	333 	75 	91 	91 
008346 	333 	75 	91 	91 
008347 	333 	75 	91 	91 
008348 	333 	75 	91 	91 
008349 	333 	75 	91 	91 
008350 	333 	75 	91 	91 
008351 	333 	75 	91 	91 
008352 	333 	75 	91 	91 
008353 	333 	75 	91 	91 
008354 	333 	75 	91 	91 
008355 	333 	75 	91 	91 
008356 	333 	75 	91 	91 
008357 	333 	75 	91 	91 
008358 	333 	75 	91 	91 
008359 	333 	75 	91 	91 
008360 	333 	75 	91 	91 
008361 	333 	75 	91 	91 
008362 	333 	75 	91 	91 
008363 	333 	75 	91 	91 
008364 	333 	75 	91 	91 
008365 	333 	75 	91 	91 
008366 	333 	75 	91 	91 
008367 	333 	75 	91 	91 
008368 	333 	75 	91 	91 
008369 	333 	75 	91 	91 
008370 	333 	75 	91 	91 
008371 	333 	75 	91 	91 
008372 	333 	75 	91 	91 
008373 	333 	75 	91 	91 
008374 	333 	75 	91 	91 
008375 	333 	75 	91 	91 
008376 	333 	75 	91 	91 
008377 	333 	75 	91 	91 
008378 	333 	75 	91 	91 
008379 	333 	75 	91 	91 
008380 	333 	75 	91 	91 
008381 	333 	75 	91 	91 
008382 	333 	75 	91 	91 
008383 	333 	75 	91 	91 
008384 	323 	75 	91 	91 
008385 	323 	75 	91 	91 
008386 	323 	75 	91 	91 
008387 	323 	75 	91 	91 
008388 	323 	75 	91 	91 
008389 	323 	75 	91 	91 
008390 	314 	75 	90 	91 
008391 	314 	75 	90 	91 
008392 	314 	65 	90 	91 
008393 	314 	65 	90 	91 
008394 	314 	75 	90 	91 
008395 	304 	65 	90 	91 
008396 	304 	65 	90 	91 
008397 	304 	65 	90 	91 
008398 	304 	65 	90 	91 
008399 	304 	65 	90 	91 
008400 	304 	65 	90 	91 
008401 	304 	65 	90 	91 
008402 	304 	65 	90 	91 
008403 	304 	65 	90 	91 
008404 	304 	65 	90 	91 
008405 	304 	65 	90 	91 
008406 	304 	65 	90 	91 
008407 	314 	75 	90 	91 
008408 	314 	75 	90 	91 
008409 	314 	75 	90 	91 
008410 	314 	75 	90 	91 
008411 	327 	79 	76 	76 
008412 	323 	75 	91 	91 
008413 	323 	75 	91 	91 
008414 	323 	75 	91 	91 
008415 	323 	75 	91 	91 
008416 	323 	75 	91 	91 
008417 	333 	75 	91 	91 
008418 	333 	75 	91 	91 
008419 	333 	75 	91 	91 
008420 	333 	75 	91 	91 
008421 	333 	75 	91 	91 
008422 	333 	75 	91 	91 
008423 	333 	75 	91 	91 
008424 	333 	75 	91 	91 
008425 	333 	75 	91 	91 
008426 	333 	75 	91 	91 
008427 	333 	75 	91 	91 
008428 	333 	75 	91 	91 
008429 	333 	75 	91 	91 
008430 	333 	75 	91 	91 
008431 	333 	75 	91 	91 
008432 	333 	75 	91 	91 
008433 	333 	75 	91 	91 
008434 	333 	75 	91 	91 
008435 	333 	75 	91 	91 
008436 	333 	75 	91 	91 
008437 	333 	75 	91 	91 
008438 	333 	75 	91 	91 
008439 	333 	75 	91 	91 
008440 	333 	75 	91 	91 
008441 	333 	75 	91 	91 
008442 	333 	75 	91 	91 
008443 	333 	75 	91 	91 
008444 	333 	75 	91 	91 
008445 	333 	75 	91 	91 
008446 	333 	75 	91 	91 
008447 	333 	75 	91 	91 
008448 	333 	75 	91 	91 
008449 	333 	75 	91 	91 
008450 	333 	75 	91 	91 
008451 	333 	75 	91 	91 
008452 	333 	75 	91 	91 
008453 	343 	75 	91 	91 
008454 	343 	75 	91 	91 
008455 	343 	75 	91 	91 
008456 	343 	75 	91 	91 
008457 	343 	75 	91 	91 
008458 	343 	75 	91 	91 
008459 	343 	75 	91 	91 
008460 	343 	75 	91 	91 
008461 	343 	75 	91 	91 
008462 	343 	75 	91 	91 
008463 	343 	75 	91 	91 
008464 	343 	75 	91 	91 
008465 	343 	75 	91 	91 
008466 	343 	75 	91 	91 
008467 	343 	75 	91 	91 
008468 	343 	75 	91 	91 
008469 	343 	75 	91 	91 
008470 	343 	75 	91 	91 
008471 	343 	65 	91 	91 
008472 	329 	66 	108 	109 
008473 	333 	65 	91 	91 
008474 	333 	65 	91 	91 
008475 	333 	65 	91 	91 
008476 	333 	65 	91 	91 
008477 	333 	65 	91 	91 
008478 	333 	75 	91 	91 
008479 	333 	75 	91 	91 
008480 	333 	75 	91 	91 
008481 	333 	75 	91 	91 
008482 	333 	75 	91 	91 
008483 	333 	75 	91 	91 
008484 	333 	75 	91 	91 
008485 	333 	75 	91 	91 
008486 	333 	75 	91 	91 
008487 	333 	75 	91 	91 
008488 	323 	75 	91 	91 
008489 	323 	75 	91 	91 
008490 	323 	75 	91 	91 
008491 	314 	75 	90 	91 
008492 	314 	75 	90 	91 
008493 	314 	75 	90 	91 
008494 	314 	75 	90 	91 
008495 	314 	75 	90 	91 
008496 	314 	75 	90 	91 
008497 	314 	75 	90 	91 
008498 	314 	75 	90 	91 
008499 	314 	75 	90 	91 
008500 	314 	75 	90 	91 
008501 	314 	75 	90 	91 
008502 	314 	75 	90 	91 
008503 	314 	75 	90 	91 
008504 	314 	75 	90 	91 
008505 	314 	75 	90 	91 
008506 	314 	75 	90 	91 
008507 	314 	75 	90 	91 
008508 	314 	75 	90 	91 
008509 	314 	75 	90 	91 
008510 	314 	75 	90 	91 
008511 	323 	75 	91 	91 
008512 	323 	75 	91 	91 
008513 	323 	75 	91 	91 
008514 	323 	75 	91 	91 
008515 	323 	75 	91 	91 
008516 	323 	75 	91 	91 
008517 	323 	75 	91 	91 
008518 	323 	75 	91 	91 
008519 	323 	75 	91 	91 
008520 	323 	65 	91 	91 
008521 	323 	65 	91 	91 
008522 	323 	65 	91 	91 
008523 	323 	65 	91 	91 
008524 	323 	65 	91 	91 
008525 	323 	65 	91 	91 
008526 	323 	65 	91 	91 
008527 	323 	75 	91 	91 
008528 	323 	75 	91 	91 
008529 	323 	75 	91 	91 
008530 	333 	75 	91 	91 
008531 	333 	75 	91 	91 
008532 	333 	75 	91 	91 
008533 	333 	75 	91 	91 
008534 	333 	75 	91 	91 
008535 	333 	75 	91 	91 
008536 	333 	75 	91 	91 
008537 	333 	75 	91 	91 
008538 	333 	75 	91 	91 
008539 	333 	75 	91 	91 
008540 	333 	75 	91 	91 
008541 	333 	75 	91 	91 
008542 	333 	75 	91 	91 
008543 	333 	75 	91 	91 
008544 	333 	85 	91 	91 
008545 	333 	85 	91 	91 
008546 	333 	85 	91 	91 
008547 	333 	85 	91 	91 
008548 	333 	85 	91 	91 
008549 	333 	85 	91 	91 
008550 	333 	85 	91 	91 
008551 	333 	85 	91 	91 
008552 	333 	85 	91 	91 
008553 	333 	85 	91 	91 
008554 	333 	85 	91 	91 
008555 	333 	75 	91 	91 
008556 	333 	75 	91 	91 
008557 	333 	75 	91 	91 
008558 	333 	75 	91 	91 
008559 	333 	75 	91 	91 
008560 	333 	75 	91 	91 
008561 	333 	75 	91 	91 
008562 	333 	75 	91 	91 
008563 	333 	75 	91 	91 
008564 	333 	75 	91 	91 
008565 	333 	75 	91 	91 
008566 	333 	75 	91 	91 
008567 	333 	75 	91 	91 
008568 	333 	75 	91 	91 
008569 	333 	75 	91 	91 
008570 	333 	75 	91 	91 
008571 	333 	75 	91 	91 
008572 	333 	75 	91 	91 
008573 	333 	75 	91 	91 
008574 	333 	75 	91 	91 
008575 	344 	79 	76 	76 
008576 	333 	75 	91 	91 
008577 	333 	75 	91 	91 
008578 	333 	75 	91 	91 
008579 	344 	79 	76 	76 
008580 	333 	75 	91 	91 
008581 	333 	75 	91 	91 
008582 	343 	75 	91 	91 
008583 	343 	75 	91 	91 
008584 	343 	65 	91 	91 
008585 	343 	75 	91 	91 
008586 	343 	75 	91 	91 
008587 	333 	75 	91 	91 
008588 	333 	75 	91 	91 
008589 	333 	75 	91 	91 
008590 	333 	75 	91 	91 
008591 	333 	65 	91 	91 
008592 	333 	65 	91 	91 
008593 	333 	65 	91 	91 
008594 	333 	65 	91 	91 
008595 	333 	65 	91 	91 
008596 	333 	65 	91 	91 
008597 	333 	65 	91 	91 
008598 	333 	75 	91 	91 
008599 	333 	65 	91 	91 
008600 	333 	65 	91 	91 
008601 	333 	65 	91 	91 
008602 	333 	65 	91 	91 
008603 	333 	65 	91 	91 
008604 	333 	65 	91 	91 
008605 	333 	65 	91 	91 
008606 	333 	65 	91 	91 
008607 	317 	66 	108 	109 
008608 	323 	65 	91 	91 
008609 	323 	75 	91 	91 
008610 	323 	65 	91 	91 
008611 	323 	65 	91 	91 
008612 	323 	65 	91 	91 
008613 	333 	65 	91 	91 
008614 	333 	65 	91 	91 
