Identity  : 	id10020
Reference : 	iNwAECjAAAM
Offset    : 	-1
FV Conf   : 	14.572
ASD Conf  : 	7.234

FRAME 	X 	Y 	W 	H 
023306 	245 	90 	109 	109 
023307 	245 	90 	109 	109 
023308 	245 	90 	109 	109 
023309 	245 	90 	109 	109 
023310 	245 	90 	109 	109 
023311 	245 	90 	109 	109 
023312 	245 	90 	109 	109 
023313 	245 	102 	109 	109 
023314 	245 	102 	109 	109 
023315 	245 	90 	109 	109 
023316 	245 	90 	109 	109 
023317 	245 	90 	109 	109 
023318 	245 	90 	109 	109 
023319 	245 	90 	109 	109 
023320 	245 	90 	109 	109 
023321 	245 	90 	109 	109 
023322 	245 	90 	109 	109 
023323 	245 	90 	109 	109 
023324 	245 	90 	109 	109 
023325 	245 	90 	109 	109 
023326 	245 	90 	109 	109 
023327 	245 	90 	109 	109 
023328 	237 	80 	130 	130 
023329 	237 	80 	130 	130 
023330 	245 	90 	109 	109 
023331 	245 	90 	109 	109 
023332 	245 	90 	109 	109 
023333 	245 	90 	109 	109 
023334 	245 	90 	109 	109 
023335 	245 	90 	109 	109 
023336 	245 	90 	109 	109 
023337 	245 	90 	109 	109 
023338 	245 	90 	109 	109 
023339 	245 	90 	109 	109 
023340 	245 	90 	109 	109 
023341 	245 	90 	109 	109 
023342 	245 	90 	109 	109 
023343 	245 	90 	109 	109 
023344 	245 	90 	109 	109 
023345 	245 	90 	109 	109 
023346 	245 	90 	109 	109 
023347 	245 	90 	109 	109 
023348 	245 	90 	109 	109 
023349 	245 	90 	109 	109 
023350 	245 	90 	109 	109 
023351 	245 	90 	109 	109 
023352 	245 	90 	109 	109 
023353 	245 	90 	109 	109 
023354 	245 	90 	109 	109 
023355 	245 	90 	109 	109 
023356 	245 	90 	109 	109 
023357 	245 	90 	109 	109 
023358 	245 	90 	109 	109 
023359 	245 	90 	109 	109 
023360 	237 	80 	130 	130 
023361 	237 	80 	130 	130 
023362 	237 	80 	130 	130 
023363 	245 	90 	109 	109 
023364 	245 	90 	109 	109 
023365 	245 	90 	109 	109 
023366 	237 	80 	130 	130 
023367 	245 	90 	109 	109 
023368 	245 	90 	109 	109 
023369 	245 	90 	109 	109 
023370 	237 	80 	130 	130 
023371 	237 	80 	130 	130 
023372 	237 	80 	130 	130 
023373 	237 	80 	130 	130 
023374 	237 	80 	130 	130 
023375 	245 	90 	109 	109 
023376 	245 	90 	109 	109 
023377 	237 	80 	130 	130 
023378 	237 	80 	130 	130 
023379 	245 	90 	109 	109 
023380 	237 	80 	130 	130 
023381 	237 	80 	130 	130 
023382 	237 	80 	130 	130 
023383 	237 	80 	130 	130 
023384 	237 	80 	130 	130 
023385 	237 	80 	130 	130 
023386 	237 	80 	130 	130 
023387 	237 	80 	130 	130 
023388 	237 	80 	130 	130 
023389 	237 	80 	130 	130 
023390 	237 	80 	130 	130 
023391 	237 	80 	130 	130 
023392 	237 	80 	130 	130 
023393 	237 	80 	130 	130 
023394 	237 	80 	130 	130 
023395 	237 	80 	130 	130 
023396 	237 	80 	130 	130 
023397 	237 	80 	130 	130 
023398 	237 	80 	130 	130 
023399 	237 	80 	130 	130 
023400 	237 	80 	130 	130 
023401 	237 	80 	130 	130 
023402 	257 	90 	109 	109 
023403 	257 	90 	109 	109 
023404 	257 	90 	109 	109 
023405 	257 	90 	109 	109 
023406 	257 	90 	109 	109 
023407 	257 	90 	109 	109 
023408 	237 	80 	130 	130 
023409 	237 	80 	130 	130 
023410 	257 	90 	109 	109 
023411 	257 	90 	109 	109 
023412 	257 	90 	109 	109 
023413 	251 	80 	130 	130 
023414 	251 	80 	130 	130 
023415 	251 	80 	130 	130 
023416 	257 	90 	109 	109 
023417 	257 	90 	109 	109 
023418 	257 	90 	109 	109 
023419 	257 	90 	109 	109 
023420 	257 	90 	109 	109 
023421 	257 	90 	109 	109 
023422 	257 	90 	109 	109 
023423 	257 	90 	109 	109 
023424 	257 	90 	109 	109 
023425 	237 	80 	130 	130 
023426 	237 	80 	130 	130 
023427 	237 	80 	130 	130 
023428 	237 	80 	130 	130 
023429 	237 	80 	130 	130 
023430 	237 	80 	130 	130 
023431 	237 	80 	130 	130 
023432 	237 	80 	130 	130 
023433 	237 	80 	130 	130 
023434 	237 	80 	130 	130 
023435 	237 	80 	130 	130 
023436 	245 	90 	109 	109 
023437 	245 	90 	109 	109 
023438 	245 	90 	109 	109 
023439 	245 	90 	109 	109 
023440 	245 	90 	109 	109 
023441 	245 	90 	109 	109 
023442 	245 	90 	109 	109 
023443 	245 	90 	109 	109 
