Identity  : 	id10841
Reference : 	J5Mrn2k3kwE
Offset    : 	-1
FV Conf   : 	20.577
ASD Conf  : 	6.384

FRAME 	X 	Y 	W 	H 
002453 	323 	55 	91 	91 
002454 	323 	55 	91 	91 
002455 	317 	43 	108 	108 
002456 	317 	43 	108 	108 
002457 	317 	43 	108 	108 
002458 	317 	43 	108 	108 
002459 	333 	55 	91 	91 
002460 	333 	55 	91 	91 
002461 	333 	55 	91 	91 
002462 	333 	55 	91 	91 
002463 	333 	55 	91 	91 
002464 	343 	55 	91 	91 
002465 	343 	55 	91 	91 
002466 	343 	55 	91 	91 
002467 	343 	55 	91 	91 
002468 	341 	54 	108 	109 
002469 	341 	54 	108 	109 
002470 	341 	54 	108 	109 
002471 	341 	54 	108 	109 
002472 	343 	65 	91 	91 
002473 	341 	54 	108 	109 
002474 	343 	65 	91 	91 
002475 	343 	65 	91 	91 
002476 	329 	54 	108 	109 
002477 	329 	54 	108 	109 
002478 	333 	65 	91 	91 
002479 	333 	65 	91 	91 
002480 	333 	65 	91 	91 
002481 	333 	65 	91 	91 
002482 	333 	65 	91 	91 
002483 	333 	65 	91 	91 
002484 	317 	54 	108 	109 
002485 	317 	54 	108 	109 
002486 	317 	54 	108 	109 
002487 	323 	65 	91 	91 
002488 	323 	65 	91 	91 
002489 	317 	43 	108 	108 
002490 	317 	43 	108 	108 
002491 	333 	55 	91 	91 
002492 	333 	55 	91 	91 
002493 	333 	55 	91 	91 
002494 	333 	55 	91 	91 
002495 	323 	55 	91 	91 
002496 	305 	43 	108 	108 
002497 	305 	43 	108 	108 
002498 	305 	43 	108 	108 
002499 	305 	43 	108 	108 
002500 	293 	43 	108 	108 
002501 	293 	43 	108 	108 
002502 	293 	43 	108 	108 
002503 	293 	43 	108 	108 
002504 	304 	55 	90 	91 
002505 	293 	43 	108 	108 
002506 	293 	43 	108 	108 
002507 	293 	54 	108 	109 
002508 	293 	43 	108 	108 
002509 	293 	43 	108 	108 
002510 	314 	55 	90 	91 
002511 	314 	55 	90 	91 
002512 	314 	55 	90 	91 
002513 	314 	65 	90 	91 
002514 	305 	54 	108 	109 
002515 	305 	54 	108 	109 
002516 	305 	54 	108 	109 
002517 	305 	54 	108 	109 
002518 	305 	54 	108 	109 
002519 	305 	54 	108 	109 
002520 	314 	55 	90 	91 
002521 	314 	55 	90 	91 
002522 	323 	65 	91 	91 
002523 	323 	65 	91 	91 
002524 	323 	65 	91 	91 
002525 	323 	65 	91 	91 
002526 	323 	65 	91 	91 
002527 	323 	65 	91 	91 
002528 	323 	65 	91 	91 
002529 	323 	65 	91 	91 
002530 	317 	54 	108 	109 
002531 	317 	54 	108 	109 
002532 	317 	54 	108 	109 
002533 	317 	54 	108 	109 
002534 	317 	54 	108 	109 
002535 	317 	54 	108 	109 
002536 	333 	65 	91 	91 
002537 	333 	65 	91 	91 
002538 	323 	65 	91 	91 
002539 	323 	65 	91 	91 
002540 	323 	65 	91 	91 
002541 	323 	65 	91 	91 
002542 	333 	65 	91 	91 
002543 	333 	65 	91 	91 
002544 	333 	65 	91 	91 
002545 	333 	75 	91 	91 
002546 	333 	75 	91 	91 
002547 	333 	75 	91 	91 
002548 	333 	75 	91 	91 
002549 	333 	75 	91 	91 
002550 	333 	75 	91 	91 
002551 	333 	75 	91 	91 
002552 	333 	75 	91 	91 
002553 	333 	75 	91 	91 
002554 	333 	75 	91 	91 
002555 	333 	75 	91 	91 
002556 	333 	75 	91 	91 
002557 	333 	75 	91 	91 
002558 	333 	75 	91 	91 
002559 	333 	75 	91 	91 
002560 	333 	75 	91 	91 
002561 	333 	75 	91 	91 
002562 	333 	75 	91 	91 
002563 	329 	66 	108 	109 
002564 	333 	75 	91 	91 
002565 	329 	66 	108 	109 
002566 	329 	66 	108 	109 
002567 	333 	75 	91 	91 
002568 	333 	75 	91 	91 
002569 	329 	66 	108 	109 
002570 	333 	75 	91 	91 
002571 	333 	75 	91 	91 
002572 	333 	75 	91 	91 
002573 	329 	66 	108 	109 
002574 	329 	66 	108 	109 
002575 	329 	66 	108 	109 
002576 	329 	66 	108 	109 
002577 	329 	66 	108 	109 
002578 	329 	66 	108 	109 
002579 	333 	65 	91 	91 
002580 	333 	65 	91 	91 
002581 	333 	65 	91 	91 
002582 	333 	65 	91 	91 
002583 	333 	65 	91 	91 
002584 	333 	65 	91 	91 
002585 	317 	54 	108 	109 
002586 	317 	54 	108 	109 
002587 	317 	54 	108 	109 
002588 	317 	54 	108 	109 
002589 	317 	54 	108 	109 
002590 	317 	54 	108 	109 
002591 	323 	75 	91 	91 
002592 	323 	75 	91 	91 
002593 	323 	75 	91 	91 
002594 	323 	75 	91 	91 
002595 	323 	75 	91 	91 
002596 	317 	66 	108 	109 
002597 	323 	75 	91 	91 
002598 	323 	75 	91 	91 
002599 	323 	75 	91 	91 
002600 	323 	75 	91 	91 
002601 	317 	66 	108 	109 
002602 	317 	66 	108 	109 
002603 	317 	66 	108 	109 
002604 	323 	75 	91 	91 
002605 	323 	75 	91 	91 
002606 	323 	75 	91 	91 
002607 	323 	75 	91 	91 
002608 	323 	75 	91 	91 
002609 	323 	75 	91 	91 
002610 	323 	75 	91 	91 
002611 	323 	75 	91 	91 
002612 	323 	75 	91 	91 
002613 	323 	75 	91 	91 
002614 	323 	75 	91 	91 
002615 	323 	75 	91 	91 
002616 	323 	75 	91 	91 
002617 	323 	75 	91 	91 
002618 	317 	66 	108 	109 
002619 	317 	66 	108 	109 
002620 	317 	66 	108 	109 
002621 	317 	66 	108 	109 
002622 	317 	66 	108 	109 
002623 	317 	66 	108 	109 
002624 	317 	66 	108 	109 
002625 	317 	54 	108 	109 
002626 	317 	54 	108 	109 
002627 	317 	54 	108 	109 
002628 	317 	54 	108 	109 
002629 	317 	54 	108 	109 
002630 	317 	54 	108 	109 
002631 	317 	54 	108 	109 
002632 	317 	54 	108 	109 
002633 	317 	54 	108 	109 
002634 	317 	54 	108 	109 
002635 	317 	54 	108 	109 
002636 	317 	66 	108 	109 
002637 	333 	75 	91 	91 
002638 	333 	75 	91 	91 
002639 	329 	66 	108 	109 
002640 	329 	66 	108 	109 
002641 	341 	66 	108 	109 
002642 	341 	66 	108 	109 
002643 	341 	78 	108 	109 
002644 	341 	78 	108 	109 
002645 	341 	78 	108 	109 
002646 	353 	85 	91 	91 
002647 	353 	85 	91 	91 
002648 	353 	78 	108 	109 
002649 	353 	78 	108 	109 
002650 	353 	78 	108 	109 
002651 	353 	78 	108 	109 
002652 	353 	78 	108 	109 
002653 	353 	78 	108 	109 
002654 	353 	85 	91 	91 
002655 	353 	85 	91 	91 
002656 	353 	75 	91 	91 
002657 	353 	75 	91 	91 
002658 	353 	75 	91 	91 
002659 	353 	75 	91 	91 
002660 	353 	75 	91 	91 
002661 	341 	66 	108 	109 
002662 	341 	66 	108 	109 
002663 	341 	66 	108 	109 
002664 	341 	54 	108 	109 
002665 	341 	54 	108 	109 
002666 	343 	65 	91 	91 
002667 	343 	65 	91 	91 
002668 	343 	65 	91 	91 
002669 	343 	65 	91 	91 
002670 	329 	54 	108 	109 
002671 	329 	54 	108 	109 
002672 	333 	55 	91 	91 
002673 	333 	55 	91 	91 
002674 	317 	54 	108 	109 
002675 	317 	54 	108 	109 
002676 	317 	54 	108 	109 
002677 	317 	54 	108 	109 
002678 	323 	65 	91 	91 
002679 	323 	65 	91 	91 
002680 	323 	65 	91 	91 
002681 	323 	65 	91 	91 
002682 	323 	65 	91 	91 
002683 	323 	65 	91 	91 
002684 	323 	65 	91 	91 
002685 	323 	65 	91 	91 
002686 	323 	65 	91 	91 
002687 	323 	65 	91 	91 
002688 	323 	65 	91 	91 
002689 	323 	65 	91 	91 
002690 	323 	65 	91 	91 
002691 	323 	65 	91 	91 
002692 	323 	65 	91 	91 
002693 	323 	65 	91 	91 
002694 	323 	65 	91 	91 
002695 	317 	66 	108 	109 
002696 	333 	75 	91 	91 
002697 	333 	85 	91 	91 
002698 	333 	85 	91 	91 
002699 	329 	78 	108 	109 
002700 	329 	78 	108 	109 
002701 	343 	85 	91 	91 
002702 	343 	85 	91 	91 
002703 	343 	85 	91 	91 
002704 	343 	95 	91 	91 
002705 	343 	95 	91 	91 
002706 	341 	90 	108 	109 
002707 	341 	90 	108 	109 
002708 	341 	90 	108 	109 
002709 	341 	90 	108 	109 
002710 	341 	90 	108 	109 
002711 	343 	95 	91 	91 
002712 	343 	95 	91 	91 
002713 	343 	95 	91 	91 
002714 	343 	95 	91 	91 
002715 	343 	95 	91 	91 
002716 	343 	95 	91 	91 
002717 	343 	95 	91 	91 
002718 	343 	95 	91 	91 
002719 	343 	95 	91 	91 
002720 	343 	95 	91 	91 
002721 	343 	95 	91 	91 
002722 	343 	95 	91 	91 
002723 	343 	95 	91 	91 
002724 	343 	95 	91 	91 
002725 	343 	95 	91 	91 
002726 	341 	90 	108 	109 
