Identity  : 	id10970
Reference : 	SD8tdAWYKy0
Offset    : 	-2
FV Conf   : 	17.034
ASD Conf  : 	6.922

FRAME 	X 	Y 	W 	H 
005811 	302 	62 	156 	155 
005812 	280 	53 	187 	187 
005813 	280 	53 	187 	187 
005814 	280 	53 	187 	187 
005815 	280 	53 	187 	187 
005816 	280 	53 	187 	187 
005817 	302 	79 	156 	156 
005818 	302 	79 	156 	156 
005819 	302 	79 	156 	156 
005820 	302 	79 	156 	156 
005821 	280 	74 	187 	187 
005822 	280 	53 	187 	187 
005823 	280 	53 	187 	187 
005824 	280 	53 	187 	187 
005825 	280 	53 	187 	187 
005826 	280 	53 	187 	187 
005827 	280 	53 	187 	187 
005828 	285 	79 	155 	156 
005829 	285 	79 	155 	156 
005830 	285 	79 	155 	156 
005831 	285 	79 	155 	156 
005832 	285 	79 	155 	156 
005833 	285 	79 	155 	156 
005834 	285 	79 	155 	156 
005835 	285 	79 	155 	156 
005836 	259 	74 	187 	187 
005837 	267 	79 	156 	156 
005838 	267 	79 	156 	156 
005839 	267 	79 	156 	156 
005840 	267 	79 	156 	156 
005841 	267 	79 	156 	156 
005842 	267 	79 	156 	156 
005843 	267 	79 	156 	156 
005844 	267 	79 	156 	156 
005845 	267 	79 	156 	156 
005846 	267 	79 	156 	156 
005847 	267 	79 	156 	156 
005848 	267 	79 	156 	156 
005849 	267 	79 	156 	156 
005850 	267 	79 	156 	156 
005851 	267 	79 	156 	156 
005852 	267 	79 	156 	156 
005853 	267 	79 	156 	156 
005854 	267 	79 	156 	156 
005855 	267 	79 	156 	156 
005856 	267 	79 	156 	156 
005857 	267 	79 	156 	156 
005858 	267 	79 	156 	156 
005859 	267 	79 	156 	156 
005860 	267 	79 	156 	156 
005861 	267 	79 	156 	156 
005862 	267 	79 	156 	156 
005863 	267 	79 	156 	156 
005864 	267 	79 	156 	156 
005865 	267 	79 	156 	156 
005866 	267 	79 	156 	156 
005867 	267 	79 	156 	156 
005868 	267 	79 	156 	156 
005869 	267 	79 	156 	156 
005870 	267 	79 	156 	156 
005871 	267 	79 	156 	156 
005872 	267 	79 	156 	156 
005873 	267 	79 	156 	156 
005874 	267 	79 	156 	156 
005875 	267 	79 	156 	156 
005876 	267 	79 	156 	156 
005877 	267 	79 	156 	156 
005878 	267 	79 	156 	156 
005879 	267 	79 	156 	156 
005880 	267 	79 	156 	156 
005881 	267 	79 	156 	156 
005882 	267 	79 	156 	156 
005883 	267 	62 	156 	155 
005884 	267 	62 	156 	155 
005885 	267 	62 	156 	155 
005886 	267 	62 	156 	155 
005887 	267 	62 	156 	155 
005888 	267 	62 	156 	155 
005889 	267 	62 	156 	155 
005890 	267 	62 	156 	155 
005891 	259 	53 	187 	187 
005892 	267 	62 	156 	155 
005893 	267 	62 	156 	155 
005894 	267 	62 	156 	155 
005895 	267 	62 	156 	155 
005896 	267 	62 	156 	155 
005897 	267 	62 	156 	155 
005898 	267 	62 	156 	155 
005899 	267 	62 	156 	155 
005900 	267 	62 	156 	155 
005901 	267 	62 	156 	155 
005902 	267 	62 	156 	155 
005903 	267 	62 	156 	155 
005904 	267 	62 	156 	155 
005905 	267 	62 	156 	155 
005906 	267 	62 	156 	155 
005907 	267 	62 	156 	155 
005908 	267 	62 	156 	155 
005909 	267 	62 	156 	155 
005910 	267 	62 	156 	155 
005911 	267 	62 	156 	155 
005912 	267 	62 	156 	155 
005913 	267 	62 	156 	155 
005914 	267 	62 	156 	155 
005915 	267 	62 	156 	155 
005916 	267 	62 	156 	155 
005917 	267 	62 	156 	155 
005918 	267 	62 	156 	155 
005919 	267 	62 	156 	155 
005920 	267 	62 	156 	155 
005921 	267 	62 	156 	155 
005922 	267 	62 	156 	155 
005923 	267 	62 	156 	155 
