Identity  : 	id10847
Reference : 	N_524p1QzXQ
Offset    : 	-1
FV Conf   : 	18.638
ASD Conf  : 	6.861

FRAME 	X 	Y 	W 	H 
011183 	294 	80 	130 	130 
011184 	294 	80 	130 	130 
011185 	294 	80 	130 	130 
011186 	294 	80 	130 	130 
011187 	294 	80 	130 	130 
011188 	294 	80 	130 	130 
011189 	294 	80 	130 	130 
011190 	294 	66 	130 	130 
011191 	294 	66 	130 	130 
011192 	294 	66 	130 	130 
011193 	294 	66 	130 	130 
011194 	294 	66 	130 	130 
011195 	294 	66 	130 	130 
011196 	294 	66 	130 	130 
011197 	294 	80 	130 	130 
011198 	294 	80 	130 	130 
011199 	294 	80 	130 	130 
011200 	294 	80 	130 	130 
011201 	294 	80 	130 	130 
011202 	294 	94 	130 	130 
011203 	294 	94 	130 	130 
011204 	294 	94 	130 	130 
011205 	294 	94 	130 	130 
011206 	294 	94 	130 	130 
011207 	294 	80 	130 	130 
011208 	294 	80 	130 	130 
011209 	294 	80 	130 	130 
011210 	294 	80 	130 	130 
011211 	294 	80 	130 	130 
011212 	294 	80 	130 	130 
011213 	294 	80 	130 	130 
011214 	294 	80 	130 	130 
011215 	294 	80 	130 	130 
011216 	294 	80 	130 	130 
011217 	294 	80 	130 	130 
011218 	294 	80 	130 	130 
011219 	294 	80 	130 	130 
011220 	294 	80 	130 	130 
011221 	294 	80 	130 	130 
011222 	294 	80 	130 	130 
011223 	294 	66 	130 	130 
011224 	294 	66 	130 	130 
011225 	294 	66 	130 	130 
011226 	309 	66 	130 	130 
011227 	309 	66 	130 	130 
011228 	309 	66 	130 	130 
011229 	309 	66 	130 	130 
011230 	294 	66 	130 	130 
011231 	294 	80 	130 	130 
011232 	294 	80 	130 	130 
011233 	294 	80 	130 	130 
011234 	294 	80 	130 	130 
011235 	294 	80 	130 	130 
011236 	294 	80 	130 	130 
011237 	294 	80 	130 	130 
011238 	294 	80 	130 	130 
011239 	294 	80 	130 	130 
011240 	294 	80 	130 	130 
011241 	294 	80 	130 	130 
011242 	294 	80 	130 	130 
011243 	294 	80 	130 	130 
011244 	294 	80 	130 	130 
011245 	309 	80 	130 	130 
011246 	309 	80 	130 	130 
011247 	309 	80 	130 	130 
011248 	309 	80 	130 	130 
011249 	309 	80 	130 	130 
011250 	309 	80 	130 	130 
011251 	309 	66 	130 	130 
011252 	309 	80 	130 	130 
011253 	309 	80 	130 	130 
011254 	309 	80 	130 	130 
011255 	309 	80 	130 	130 
011256 	309 	80 	130 	130 
011257 	309 	80 	130 	130 
011258 	294 	66 	130 	130 
011259 	294 	66 	130 	130 
011260 	294 	66 	130 	130 
011261 	294 	66 	130 	130 
011262 	294 	66 	130 	130 
011263 	294 	66 	130 	130 
011264 	294 	80 	130 	130 
011265 	294 	80 	130 	130 
011266 	294 	80 	130 	130 
011267 	294 	80 	130 	130 
011268 	294 	80 	130 	130 
011269 	294 	80 	130 	130 
011270 	294 	80 	130 	130 
011271 	294 	80 	130 	130 
011272 	294 	80 	130 	130 
011273 	294 	80 	130 	130 
011274 	294 	80 	130 	130 
011275 	309 	80 	130 	130 
011276 	309 	80 	130 	130 
011277 	309 	80 	130 	130 
011278 	309 	80 	130 	130 
011279 	309 	80 	130 	130 
011280 	309 	94 	130 	130 
011281 	309 	80 	130 	130 
011282 	309 	94 	130 	130 
011283 	323 	94 	130 	130 
011284 	323 	94 	130 	130 
011285 	323 	94 	130 	130 
011286 	323 	94 	130 	130 
011287 	323 	80 	130 	130 
011288 	323 	94 	130 	130 
011289 	323 	94 	130 	130 
011290 	329 	102 	108 	109 
011291 	329 	102 	108 	109 
011292 	329 	102 	108 	109 
011293 	309 	80 	130 	130 
011294 	309 	80 	130 	130 
011295 	309 	80 	130 	130 
011296 	309 	80 	130 	130 
011297 	309 	80 	130 	130 
011298 	309 	66 	130 	130 
011299 	309 	66 	130 	130 
011300 	309 	66 	130 	130 
011301 	309 	66 	130 	130 
011302 	309 	66 	130 	130 
011303 	309 	80 	130 	130 
011304 	309 	80 	130 	130 
011305 	309 	80 	130 	130 
011306 	309 	80 	130 	130 
011307 	309 	80 	130 	130 
011308 	309 	80 	130 	130 
011309 	309 	66 	130 	130 
011310 	309 	66 	130 	130 
011311 	309 	66 	130 	130 
011312 	309 	66 	130 	130 
011313 	309 	66 	130 	130 
011314 	309 	66 	130 	130 
011315 	309 	66 	130 	130 
011316 	309 	66 	130 	130 
011317 	309 	66 	130 	130 
011318 	309 	66 	130 	130 
011319 	309 	66 	130 	130 
011320 	309 	66 	130 	130 
011321 	309 	66 	130 	130 
011322 	309 	66 	130 	130 
011323 	309 	66 	130 	130 
011324 	309 	66 	130 	130 
011325 	309 	66 	130 	130 
011326 	309 	66 	130 	130 
011327 	309 	66 	130 	130 
011328 	309 	66 	130 	130 
011329 	309 	66 	130 	130 
011330 	309 	66 	130 	130 
011331 	309 	66 	130 	130 
011332 	309 	66 	130 	130 
011333 	309 	66 	130 	130 
011334 	309 	66 	130 	130 
011335 	309 	51 	130 	130 
011336 	309 	51 	130 	130 
011337 	309 	66 	130 	130 
011338 	309 	66 	130 	130 
