Identity  : 	id10847
Reference : 	N_524p1QzXQ
Offset    : 	-1
FV Conf   : 	21.261
ASD Conf  : 	7.268

FRAME 	X 	Y 	W 	H 
014091 	323 	94 	130 	130 
014092 	323 	94 	130 	130 
014093 	323 	94 	130 	130 
014094 	323 	94 	130 	130 
014095 	319 	79 	156 	156 
014096 	319 	79 	156 	156 
014097 	319 	79 	156 	156 
014098 	319 	79 	156 	156 
014099 	319 	79 	156 	156 
014100 	337 	80 	130 	130 
014101 	337 	80 	130 	130 
014102 	337 	80 	130 	130 
014103 	337 	80 	130 	130 
014104 	337 	80 	130 	130 
014105 	337 	80 	130 	130 
014106 	337 	94 	130 	130 
014107 	319 	79 	156 	156 
014108 	337 	94 	130 	130 
014109 	337 	94 	130 	130 
014110 	337 	94 	130 	130 
014111 	337 	94 	130 	130 
014112 	337 	94 	130 	130 
014113 	319 	79 	156 	156 
014114 	337 	94 	130 	130 
014115 	337 	94 	130 	130 
014116 	337 	94 	130 	130 
014117 	337 	94 	130 	130 
014118 	337 	94 	130 	130 
014119 	337 	94 	130 	130 
014120 	337 	94 	130 	130 
014121 	337 	94 	130 	130 
014122 	337 	94 	130 	130 
014123 	337 	94 	130 	130 
014124 	337 	94 	130 	130 
014125 	337 	94 	130 	130 
014126 	337 	94 	130 	130 
014127 	337 	94 	130 	130 
014128 	337 	94 	130 	130 
014129 	337 	94 	130 	130 
014130 	337 	94 	130 	130 
014131 	337 	94 	130 	130 
014132 	337 	94 	130 	130 
014133 	337 	94 	130 	130 
014134 	319 	79 	156 	156 
014135 	323 	94 	130 	130 
014136 	323 	94 	130 	130 
014137 	323 	94 	130 	130 
014138 	323 	94 	130 	130 
014139 	323 	94 	130 	130 
014140 	323 	94 	130 	130 
014141 	323 	94 	130 	130 
014142 	323 	94 	130 	130 
014143 	323 	94 	130 	130 
014144 	323 	94 	130 	130 
014145 	323 	94 	130 	130 
014146 	323 	94 	130 	130 
014147 	323 	80 	130 	130 
014148 	323 	80 	130 	130 
014149 	323 	80 	130 	130 
014150 	323 	80 	130 	130 
014151 	323 	80 	130 	130 
014152 	323 	80 	130 	130 
014153 	323 	80 	130 	130 
014154 	323 	80 	130 	130 
014155 	309 	94 	130 	130 
014156 	309 	94 	130 	130 
014157 	309 	94 	130 	130 
014158 	309 	94 	130 	130 
014159 	309 	94 	130 	130 
014160 	309 	94 	130 	130 
014161 	309 	94 	130 	130 
014162 	309 	94 	130 	130 
014163 	309 	94 	130 	130 
014164 	309 	94 	130 	130 
014165 	309 	94 	130 	130 
014166 	309 	94 	130 	130 
014167 	323 	94 	130 	130 
014168 	323 	94 	130 	130 
014169 	323 	94 	130 	130 
014170 	323 	94 	130 	130 
014171 	323 	94 	130 	130 
014172 	323 	94 	130 	130 
014173 	323 	94 	130 	130 
014174 	323 	94 	130 	130 
014175 	337 	94 	130 	130 
014176 	337 	94 	130 	130 
014177 	337 	94 	130 	130 
014178 	337 	94 	130 	130 
014179 	319 	79 	156 	156 
014180 	319 	79 	156 	156 
014181 	319 	79 	156 	156 
014182 	319 	79 	156 	156 
014183 	319 	79 	156 	156 
014184 	319 	79 	156 	156 
014185 	323 	80 	130 	130 
014186 	323 	80 	130 	130 
014187 	323 	80 	130 	130 
014188 	323 	80 	130 	130 
014189 	323 	80 	130 	130 
014190 	337 	94 	130 	130 
014191 	319 	79 	156 	156 
014192 	319 	79 	156 	156 
014193 	319 	79 	156 	156 
014194 	323 	80 	130 	130 
014195 	323 	80 	130 	130 
014196 	323 	80 	130 	130 
014197 	323 	80 	130 	130 
014198 	323 	80 	130 	130 
014199 	323 	80 	130 	130 
014200 	323 	80 	130 	130 
014201 	302 	62 	156 	155 
014202 	302 	62 	156 	155 
014203 	302 	62 	156 	155 
014204 	302 	62 	156 	155 
014205 	302 	62 	156 	155 
014206 	302 	62 	156 	155 
014207 	302 	62 	156 	155 
014208 	302 	62 	156 	155 
014209 	302 	62 	156 	155 
014210 	309 	80 	130 	130 
014211 	309 	80 	130 	130 
014212 	309 	80 	130 	130 
014213 	309 	80 	130 	130 
014214 	309 	80 	130 	130 
014215 	309 	80 	130 	130 
014216 	309 	66 	130 	130 
014217 	309 	66 	130 	130 
014218 	309 	66 	130 	130 
014219 	309 	66 	130 	130 
014220 	309 	80 	130 	130 
014221 	309 	80 	130 	130 
014222 	309 	80 	130 	130 
014223 	309 	80 	130 	130 
014224 	309 	80 	130 	130 
014225 	309 	80 	130 	130 
014226 	309 	80 	130 	130 
014227 	309 	80 	130 	130 
014228 	309 	80 	130 	130 
014229 	309 	80 	130 	130 
014230 	323 	80 	130 	130 
014231 	323 	80 	130 	130 
014232 	323 	80 	130 	130 
014233 	323 	80 	130 	130 
014234 	323 	80 	130 	130 
014235 	323 	80 	130 	130 
014236 	323 	80 	130 	130 
014237 	302 	62 	156 	155 
014238 	302 	62 	156 	155 
014239 	309 	80 	130 	130 
014240 	309 	80 	130 	130 
014241 	309 	80 	130 	130 
014242 	309 	80 	130 	130 
014243 	309 	80 	130 	130 
014244 	309 	80 	130 	130 
014245 	309 	80 	130 	130 
014246 	309 	80 	130 	130 
014247 	309 	80 	130 	130 
014248 	309 	80 	130 	130 
014249 	309 	80 	130 	130 
014250 	309 	80 	130 	130 
014251 	309 	80 	130 	130 
014252 	285 	62 	155 	155 
014253 	294 	80 	130 	130 
014254 	285 	62 	155 	155 
014255 	294 	80 	130 	130 
014256 	294 	80 	130 	130 
014257 	294 	80 	130 	130 
014258 	294 	80 	130 	130 
014259 	294 	80 	130 	130 
014260 	294 	80 	130 	130 
014261 	294 	80 	130 	130 
014262 	294 	80 	130 	130 
014263 	294 	80 	130 	130 
014264 	294 	80 	130 	130 
014265 	294 	80 	130 	130 
014266 	294 	80 	130 	130 
014267 	294 	80 	130 	130 
014268 	294 	80 	130 	130 
014269 	294 	80 	130 	130 
