Identity  : 	id10057
Reference : 	ncUmMIRWFts
Offset    : 	-2
FV Conf   : 	13.281
ASD Conf  : 	7.638

FRAME 	X 	Y 	W 	H 
033874 	257 	66 	109 	109 
033875 	257 	78 	109 	109 
033876 	257 	78 	109 	109 
033877 	257 	78 	109 	109 
033878 	257 	66 	109 	109 
033879 	257 	66 	109 	109 
033880 	257 	66 	109 	109 
033881 	257 	66 	109 	109 
033882 	257 	66 	109 	109 
033883 	257 	66 	109 	109 
033884 	257 	66 	109 	109 
033885 	257 	66 	109 	109 
033886 	257 	66 	109 	109 
033887 	257 	66 	109 	109 
033888 	257 	66 	109 	109 
033889 	257 	66 	109 	109 
033890 	257 	66 	109 	109 
033891 	257 	66 	109 	109 
033892 	257 	66 	109 	109 
033893 	274 	75 	90 	91 
033894 	274 	75 	90 	91 
033895 	269 	54 	108 	109 
033896 	269 	66 	108 	109 
033897 	269 	66 	108 	109 
033898 	269 	66 	108 	109 
033899 	257 	66 	109 	109 
033900 	257 	66 	109 	109 
033901 	257 	66 	109 	109 
033902 	257 	66 	109 	109 
033903 	257 	66 	109 	109 
033904 	257 	66 	109 	109 
033905 	257 	66 	109 	109 
033906 	257 	66 	109 	109 
033907 	257 	66 	109 	109 
033908 	257 	66 	109 	109 
033909 	257 	66 	109 	109 
033910 	257 	66 	109 	109 
033911 	257 	66 	109 	109 
033912 	257 	66 	109 	109 
033913 	257 	66 	109 	109 
033914 	257 	66 	109 	109 
033915 	257 	66 	109 	109 
033916 	257 	66 	109 	109 
033917 	257 	66 	109 	109 
033918 	257 	66 	109 	109 
033919 	257 	66 	109 	109 
033920 	257 	66 	109 	109 
033921 	257 	66 	109 	109 
033922 	257 	66 	109 	109 
033923 	257 	66 	109 	109 
033924 	257 	66 	109 	109 
033925 	257 	66 	109 	109 
033926 	257 	66 	109 	109 
033927 	257 	66 	109 	109 
033928 	257 	66 	109 	109 
033929 	257 	66 	109 	109 
033930 	264 	85 	90 	91 
033931 	245 	78 	109 	109 
033932 	245 	78 	109 	109 
033933 	233 	78 	109 	109 
033934 	221 	66 	109 	109 
033935 	221 	66 	109 	109 
033936 	221 	66 	109 	109 
033937 	209 	66 	109 	109 
033938 	209 	66 	109 	109 
033939 	209 	66 	109 	109 
033940 	197 	54 	109 	109 
033941 	197 	54 	109 	109 
033942 	197 	54 	109 	109 
033943 	197 	54 	109 	109 
033944 	197 	54 	109 	109 
033945 	197 	54 	109 	109 
033946 	197 	54 	109 	109 
033947 	197 	54 	109 	109 
033948 	185 	54 	109 	109 
033949 	185 	54 	109 	109 
033950 	185 	54 	109 	109 
033951 	197 	54 	109 	109 
033952 	197 	54 	109 	109 
033953 	197 	54 	109 	109 
033954 	209 	54 	109 	109 
033955 	209 	54 	109 	109 
033956 	209 	54 	109 	109 
033957 	221 	54 	109 	109 
033958 	221 	54 	109 	109 
033959 	233 	54 	109 	109 
033960 	244 	75 	90 	91 
033961 	245 	66 	109 	109 
033962 	245 	66 	109 	109 
033963 	257 	54 	109 	109 
033964 	269 	54 	108 	109 
033965 	269 	54 	108 	109 
033966 	269 	54 	108 	109 
033967 	269 	54 	108 	109 
033968 	269 	54 	108 	109 
033969 	269 	54 	108 	109 
033970 	269 	54 	108 	109 
033971 	269 	54 	108 	109 
033972 	269 	54 	108 	109 
033973 	269 	54 	108 	109 
033974 	269 	54 	108 	109 
033975 	269 	54 	108 	109 
033976 	269 	54 	108 	109 
033977 	269 	66 	108 	109 
033978 	269 	66 	108 	109 
033979 	269 	66 	108 	109 
033980 	269 	66 	108 	109 
033981 	269 	66 	108 	109 
033982 	269 	66 	108 	109 
033983 	269 	66 	108 	109 
033984 	269 	66 	108 	109 
033985 	269 	66 	108 	109 
033986 	269 	66 	108 	109 
033987 	269 	66 	108 	109 
033988 	269 	66 	108 	109 
033989 	269 	66 	108 	109 
033990 	269 	66 	108 	109 
033991 	269 	66 	108 	109 
033992 	269 	66 	108 	109 
033993 	269 	66 	108 	109 
033994 	269 	66 	108 	109 
033995 	269 	66 	108 	109 
033996 	269 	66 	108 	109 
033997 	269 	66 	108 	109 
033998 	269 	66 	108 	109 
033999 	269 	66 	108 	109 
034000 	257 	66 	109 	109 
034001 	264 	75 	90 	91 
034002 	245 	66 	109 	109 
034003 	245 	66 	109 	109 
034004 	233 	54 	109 	109 
034005 	233 	54 	109 	109 
034006 	221 	54 	109 	109 
034007 	221 	66 	109 	109 
034008 	221 	66 	109 	109 
034009 	221 	66 	109 	109 
034010 	221 	54 	109 	109 
034011 	221 	54 	109 	109 
034012 	221 	54 	109 	109 
034013 	209 	66 	109 	109 
034014 	209 	66 	109 	109 
034015 	209 	66 	109 	109 
034016 	209 	66 	109 	109 
034017 	209 	66 	109 	109 
034018 	209 	54 	109 	109 
034019 	209 	54 	109 	109 
034020 	209 	66 	109 	109 
034021 	209 	66 	109 	109 
034022 	209 	66 	109 	109 
034023 	209 	66 	109 	109 
034024 	209 	54 	109 	109 
034025 	209 	54 	109 	109 
034026 	209 	66 	109 	109 
034027 	209 	66 	109 	109 
