Identity  : 	id10057
Reference : 	ncUmMIRWFts
Offset    : 	-2
FV Conf   : 	13.859
ASD Conf  : 	8.076

FRAME 	X 	Y 	W 	H 
035741 	245 	66 	109 	109 
035742 	245 	66 	109 	109 
035743 	245 	66 	109 	109 
035744 	245 	66 	109 	109 
035745 	245 	66 	109 	109 
035746 	245 	78 	109 	109 
035747 	245 	78 	109 	109 
035748 	245 	66 	109 	109 
035749 	245 	66 	109 	109 
035750 	245 	66 	109 	109 
035751 	245 	66 	109 	109 
035752 	245 	66 	109 	109 
035753 	257 	66 	109 	109 
035754 	257 	66 	109 	109 
035755 	257 	66 	109 	109 
035756 	257 	66 	109 	109 
035757 	257 	66 	109 	109 
035758 	257 	66 	109 	109 
035759 	245 	66 	109 	109 
035760 	245 	66 	109 	109 
035761 	245 	66 	109 	109 
035762 	245 	66 	109 	109 
035763 	245 	66 	109 	109 
035764 	245 	66 	109 	109 
035765 	245 	66 	109 	109 
035766 	245 	78 	109 	109 
035767 	245 	78 	109 	109 
035768 	245 	78 	109 	109 
035769 	254 	85 	90 	91 
035770 	245 	66 	109 	109 
035771 	245 	66 	109 	109 
035772 	245 	66 	109 	109 
035773 	245 	66 	109 	109 
035774 	245 	66 	109 	109 
035775 	245 	66 	109 	109 
035776 	245 	66 	109 	109 
035777 	245 	66 	109 	109 
035778 	245 	66 	109 	109 
035779 	245 	66 	109 	109 
035780 	245 	66 	109 	109 
035781 	245 	66 	109 	109 
035782 	245 	66 	109 	109 
035783 	245 	66 	109 	109 
035784 	245 	66 	109 	109 
035785 	245 	66 	109 	109 
035786 	245 	66 	109 	109 
035787 	245 	66 	109 	109 
035788 	245 	66 	109 	109 
035789 	245 	66 	109 	109 
035790 	245 	66 	109 	109 
035791 	245 	54 	109 	109 
035792 	245 	54 	109 	109 
035793 	245 	54 	109 	109 
035794 	245 	54 	109 	109 
035795 	245 	54 	109 	109 
035796 	233 	66 	109 	109 
035797 	244 	75 	90 	91 
035798 	244 	75 	90 	91 
035799 	233 	66 	109 	109 
035800 	233 	66 	109 	109 
035801 	233 	66 	109 	109 
035802 	233 	66 	109 	109 
035803 	233 	66 	109 	109 
035804 	233 	66 	109 	109 
035805 	234 	75 	90 	91 
035806 	234 	75 	90 	91 
035807 	234 	75 	90 	91 
035808 	234 	75 	90 	91 
035809 	234 	75 	90 	91 
035810 	234 	75 	90 	91 
035811 	234 	75 	90 	91 
035812 	234 	75 	90 	91 
035813 	234 	75 	90 	91 
035814 	234 	75 	90 	91 
035815 	234 	75 	90 	91 
035816 	234 	75 	90 	91 
035817 	234 	75 	90 	91 
035818 	234 	75 	90 	91 
035819 	234 	75 	90 	91 
035820 	233 	66 	109 	109 
035821 	233 	66 	109 	109 
035822 	244 	75 	90 	91 
035823 	244 	75 	90 	91 
035824 	245 	66 	109 	109 
035825 	245 	66 	109 	109 
035826 	245 	66 	109 	109 
035827 	257 	66 	109 	109 
035828 	257 	66 	109 	109 
035829 	257 	66 	109 	109 
035830 	257 	66 	109 	109 
035831 	257 	66 	109 	109 
035832 	257 	66 	109 	109 
035833 	257 	66 	109 	109 
035834 	257 	66 	109 	109 
035835 	257 	66 	109 	109 
035836 	257 	66 	109 	109 
035837 	257 	66 	109 	109 
035838 	257 	66 	109 	109 
035839 	257 	66 	109 	109 
035840 	257 	66 	109 	109 
035841 	257 	66 	109 	109 
035842 	257 	66 	109 	109 
035843 	257 	66 	109 	109 
035844 	257 	66 	109 	109 
035845 	257 	66 	109 	109 
035846 	257 	66 	109 	109 
035847 	257 	78 	109 	109 
035848 	257 	78 	109 	109 
035849 	257 	66 	109 	109 
035850 	257 	66 	109 	109 
035851 	257 	66 	109 	109 
035852 	257 	66 	109 	109 
035853 	257 	66 	109 	109 
035854 	257 	66 	109 	109 
035855 	257 	66 	109 	109 
035856 	257 	78 	109 	109 
035857 	257 	66 	109 	109 
035858 	257 	66 	109 	109 
035859 	257 	66 	109 	109 
035860 	257 	66 	109 	109 
035861 	257 	66 	109 	109 
035862 	257 	66 	109 	109 
035863 	257 	66 	109 	109 
035864 	257 	66 	109 	109 
035865 	257 	66 	109 	109 
035866 	257 	66 	109 	109 
035867 	257 	66 	109 	109 
035868 	245 	66 	109 	109 
035869 	245 	66 	109 	109 
035870 	245 	66 	109 	109 
035871 	245 	66 	109 	109 
035872 	254 	75 	90 	91 
035873 	244 	75 	90 	91 
035874 	244 	75 	90 	91 
035875 	233 	78 	109 	109 
035876 	233 	78 	109 	109 
035877 	233 	78 	109 	109 
035878 	233 	78 	109 	109 
035879 	234 	85 	90 	91 
035880 	234 	85 	90 	91 
035881 	234 	85 	90 	91 
035882 	221 	78 	109 	109 
035883 	221 	78 	109 	109 
035884 	221 	78 	109 	109 
035885 	221 	78 	109 	109 
035886 	221 	78 	109 	109 
035887 	221 	78 	109 	109 
035888 	221 	78 	109 	109 
035889 	221 	78 	109 	109 
035890 	221 	78 	109 	109 
035891 	221 	78 	109 	109 
035892 	221 	78 	109 	109 
035893 	221 	78 	109 	109 
035894 	221 	78 	109 	109 
035895 	221 	78 	109 	109 
035896 	221 	78 	109 	109 
035897 	221 	78 	109 	109 
035898 	221 	78 	109 	109 
035899 	221 	78 	109 	109 
035900 	221 	78 	109 	109 
035901 	221 	78 	109 	109 
035902 	221 	78 	109 	109 
035903 	221 	78 	109 	109 
035904 	221 	78 	109 	109 
035905 	221 	78 	109 	109 
035906 	234 	75 	90 	91 
035907 	234 	75 	90 	91 
035908 	244 	75 	90 	91 
035909 	244 	75 	90 	91 
035910 	245 	66 	109 	109 
035911 	245 	66 	109 	109 
035912 	245 	66 	109 	109 
035913 	245 	66 	109 	109 
035914 	257 	66 	109 	109 
035915 	257 	66 	109 	109 
035916 	257 	66 	109 	109 
035917 	257 	66 	109 	109 
035918 	257 	66 	109 	109 
035919 	257 	66 	109 	109 
035920 	257 	54 	109 	109 
035921 	257 	54 	109 	109 
035922 	257 	54 	109 	109 
035923 	269 	54 	108 	109 
035924 	269 	54 	108 	109 
035925 	269 	54 	108 	109 
035926 	269 	54 	108 	109 
035927 	269 	54 	108 	109 
035928 	269 	54 	108 	109 
035929 	269 	54 	108 	109 
035930 	269 	54 	108 	109 
035931 	269 	54 	108 	109 
035932 	269 	54 	108 	109 
035933 	269 	54 	108 	109 
035934 	269 	54 	108 	109 
035935 	281 	54 	108 	109 
035936 	269 	54 	108 	109 
035937 	269 	54 	108 	109 
035938 	269 	54 	108 	109 
035939 	269 	54 	108 	109 
035940 	269 	54 	108 	109 
035941 	269 	54 	108 	109 
035942 	269 	54 	108 	109 
035943 	269 	54 	108 	109 
035944 	269 	54 	108 	109 
035945 	269 	54 	108 	109 
035946 	269 	54 	108 	109 
035947 	269 	54 	108 	109 
035948 	269 	54 	108 	109 
035949 	269 	54 	108 	109 
035950 	269 	54 	108 	109 
035951 	269 	54 	108 	109 
035952 	269 	54 	108 	109 
035953 	257 	54 	109 	109 
035954 	257 	54 	109 	109 
035955 	257 	54 	109 	109 
035956 	257 	54 	109 	109 
035957 	257 	54 	109 	109 
035958 	245 	66 	109 	109 
035959 	245 	66 	109 	109 
035960 	244 	75 	90 	91 
035961 	234 	75 	90 	91 
035962 	221 	54 	109 	109 
035963 	221 	66 	109 	109 
035964 	224 	75 	91 	91 
035965 	209 	66 	109 	109 
035966 	209 	54 	109 	109 
035967 	209 	54 	109 	109 
035968 	209 	54 	109 	109 
035969 	209 	54 	109 	109 
035970 	209 	54 	109 	109 
035971 	209 	43 	109 	108 
035972 	209 	43 	109 	108 
035973 	209 	43 	109 	108 
035974 	209 	43 	109 	108 
035975 	209 	43 	109 	108 
035976 	209 	54 	109 	109 
035977 	209 	54 	109 	109 
035978 	209 	54 	109 	109 
035979 	197 	54 	109 	109 
035980 	197 	54 	109 	109 
035981 	197 	54 	109 	109 
035982 	209 	54 	109 	109 
035983 	209 	54 	109 	109 
035984 	209 	54 	109 	109 
035985 	209 	54 	109 	109 
035986 	209 	54 	109 	109 
035987 	209 	43 	109 	108 
035988 	209 	43 	109 	108 
035989 	209 	43 	109 	108 
035990 	209 	43 	109 	108 
035991 	209 	43 	109 	108 
035992 	209 	54 	109 	109 
035993 	209 	54 	109 	109 
035994 	209 	54 	109 	109 
035995 	209 	54 	109 	109 
035996 	221 	54 	109 	109 
035997 	221 	54 	109 	109 
035998 	221 	54 	109 	109 
035999 	221 	43 	109 	108 
036000 	221 	43 	109 	108 
036001 	221 	43 	109 	108 
036002 	221 	54 	109 	109 
036003 	221 	54 	109 	109 
036004 	221 	54 	109 	109 
036005 	221 	54 	109 	109 
036006 	221 	54 	109 	109 
036007 	221 	54 	109 	109 
036008 	221 	54 	109 	109 
036009 	221 	54 	109 	109 
036010 	221 	54 	109 	109 
036011 	209 	54 	109 	109 
036012 	209 	54 	109 	109 
036013 	209 	54 	109 	109 
036014 	209 	54 	109 	109 
036015 	209 	54 	109 	109 
036016 	209 	54 	109 	109 
036017 	209 	54 	109 	109 
036018 	209 	54 	109 	109 
036019 	209 	54 	109 	109 
036020 	221 	54 	109 	109 
036021 	221 	54 	109 	109 
036022 	221 	54 	109 	109 
