Identity  : 	id11051
Reference : 	zLb39TtSjfQ
Offset    : 	0
FV Conf   : 	16.669
ASD Conf  : 	7.389

FRAME 	X 	Y 	W 	H 
002252 	388 	90 	109 	109 
002253 	388 	90 	109 	109 
002254 	388 	90 	109 	109 
002255 	388 	90 	109 	109 
002256 	388 	90 	109 	109 
002257 	388 	90 	109 	109 
002258 	388 	90 	109 	109 
002259 	388 	102 	109 	109 
002260 	388 	102 	109 	109 
002261 	388 	102 	109 	109 
002262 	376 	102 	109 	109 
002263 	376 	102 	109 	109 
002264 	352 	80 	130 	130 
002265 	365 	90 	108 	109 
002266 	365 	90 	108 	109 
002267 	337 	80 	130 	130 
002268 	337 	80 	130 	130 
002269 	329 	102 	108 	109 
002270 	309 	94 	130 	130 
002271 	309 	94 	130 	130 
002272 	309 	94 	130 	130 
002273 	302 	94 	130 	130 
002274 	294 	94 	130 	130 
002275 	294 	94 	130 	130 
002276 	294 	94 	130 	130 
002277 	294 	94 	130 	130 
002278 	294 	94 	130 	130 
002279 	280 	94 	130 	130 
002280 	280 	94 	130 	130 
002281 	294 	94 	130 	130 
002282 	294 	94 	130 	130 
002283 	294 	94 	130 	130 
002284 	294 	94 	130 	130 
002285 	294 	80 	130 	130 
002286 	294 	80 	130 	130 
002287 	309 	80 	130 	130 
002288 	309 	66 	130 	130 
002289 	323 	66 	130 	130 
002290 	323 	66 	130 	130 
002291 	323 	66 	130 	130 
002292 	323 	66 	130 	130 
002293 	323 	66 	130 	130 
002294 	337 	66 	130 	130 
002295 	337 	66 	130 	130 
002296 	337 	66 	130 	130 
002297 	337 	66 	130 	130 
002298 	337 	80 	130 	130 
002299 	337 	80 	130 	130 
002300 	337 	94 	130 	130 
002301 	337 	94 	130 	130 
002302 	337 	109 	130 	130 
002303 	337 	109 	130 	130 
002304 	323 	109 	130 	130 
002305 	323 	109 	130 	130 
002306 	323 	109 	130 	130 
002307 	323 	109 	130 	130 
002308 	323 	109 	130 	130 
002309 	302 	79 	156 	156 
002310 	302 	79 	156 	156 
002311 	302 	79 	156 	156 
002312 	302 	79 	156 	156 
002313 	309 	94 	130 	130 
002314 	285 	79 	155 	156 
002315 	285 	79 	155 	156 
002316 	285 	79 	155 	156 
002317 	285 	79 	155 	156 
002318 	285 	79 	155 	156 
002319 	285 	79 	155 	156 
002320 	285 	79 	155 	156 
002321 	285 	79 	155 	156 
002322 	285 	79 	155 	156 
002323 	285 	79 	155 	156 
002324 	285 	79 	155 	156 
002325 	285 	79 	155 	156 
002326 	285 	79 	155 	156 
002327 	285 	79 	155 	156 
002328 	285 	79 	155 	156 
002329 	285 	79 	155 	156 
002330 	285 	79 	155 	156 
002331 	285 	79 	155 	156 
002332 	285 	79 	155 	156 
002333 	285 	79 	155 	156 
002334 	285 	79 	155 	156 
002335 	285 	79 	155 	156 
002336 	285 	79 	155 	156 
002337 	285 	79 	155 	156 
002338 	285 	96 	155 	156 
002339 	285 	96 	155 	156 
002340 	285 	96 	155 	156 
002341 	285 	96 	155 	156 
002342 	285 	96 	155 	156 
002343 	285 	96 	155 	156 
002344 	285 	96 	155 	156 
002345 	285 	96 	155 	156 
002346 	285 	96 	155 	156 
002347 	259 	74 	187 	187 
002348 	259 	74 	187 	187 
002349 	259 	74 	187 	187 
002350 	259 	74 	187 	187 
002351 	259 	74 	187 	187 
002352 	267 	96 	156 	156 
002353 	267 	96 	156 	156 
002354 	267 	96 	156 	156 
002355 	267 	96 	156 	156 
002356 	267 	96 	156 	156 
002357 	239 	74 	186 	187 
002358 	239 	74 	186 	187 
002359 	239 	74 	186 	187 
002360 	267 	96 	156 	156 
002361 	267 	96 	156 	156 
002362 	267 	96 	156 	156 
002363 	267 	96 	156 	156 
002364 	267 	96 	156 	156 
002365 	267 	96 	156 	156 
002366 	259 	74 	187 	187 
002367 	259 	74 	187 	187 
002368 	259 	74 	187 	187 
002369 	259 	74 	187 	187 
002370 	259 	74 	187 	187 
002371 	259 	74 	187 	187 
002372 	259 	74 	187 	187 
002373 	259 	74 	187 	187 
002374 	259 	74 	187 	187 
002375 	259 	74 	187 	187 
002376 	259 	74 	187 	187 
002377 	259 	74 	187 	187 
002378 	259 	74 	187 	187 
002379 	259 	74 	187 	187 
002380 	259 	74 	187 	187 
002381 	259 	74 	187 	187 
002382 	259 	74 	187 	187 
002383 	259 	74 	187 	187 
002384 	259 	74 	187 	187 
002385 	259 	74 	187 	187 
002386 	259 	74 	187 	187 
002387 	259 	74 	187 	187 
002388 	259 	74 	187 	187 
002389 	259 	74 	187 	187 
002390 	259 	74 	187 	187 
002391 	259 	74 	187 	187 
002392 	259 	74 	187 	187 
002393 	259 	74 	187 	187 
002394 	259 	74 	187 	187 
002395 	259 	74 	187 	187 
002396 	259 	74 	187 	187 
002397 	259 	74 	187 	187 
002398 	259 	74 	187 	187 
002399 	259 	74 	187 	187 
002400 	259 	74 	187 	187 
002401 	259 	74 	187 	187 
002402 	259 	74 	187 	187 
002403 	259 	74 	187 	187 
002404 	259 	74 	187 	187 
002405 	259 	74 	187 	187 
002406 	259 	74 	187 	187 
002407 	267 	96 	156 	156 
002408 	267 	96 	156 	156 
002409 	267 	96 	156 	156 
002410 	267 	96 	156 	156 
002411 	267 	96 	156 	156 
002412 	267 	96 	156 	156 
002413 	267 	96 	156 	156 
002414 	267 	96 	156 	156 
002415 	267 	96 	156 	156 
002416 	267 	96 	156 	156 
002417 	239 	74 	186 	187 
002418 	239 	74 	186 	187 
002419 	239 	74 	186 	187 
002420 	239 	74 	186 	187 
002421 	239 	74 	186 	187 
002422 	239 	74 	186 	187 
002423 	239 	74 	186 	187 
002424 	239 	74 	186 	187 
002425 	239 	74 	186 	187 
002426 	239 	74 	186 	187 
002427 	239 	74 	186 	187 
002428 	239 	74 	186 	187 
002429 	239 	74 	186 	187 
002430 	239 	74 	186 	187 
002431 	239 	74 	186 	187 
002432 	239 	74 	186 	187 
002433 	239 	74 	186 	187 
002434 	239 	74 	186 	187 
002435 	267 	79 	156 	156 
002436 	259 	74 	187 	187 
002437 	259 	74 	187 	187 
002438 	259 	74 	187 	187 
002439 	285 	79 	155 	156 
002440 	285 	79 	155 	156 
002441 	285 	79 	155 	156 
002442 	285 	96 	155 	156 
002443 	285 	79 	155 	156 
002444 	285 	96 	155 	156 
002445 	285 	96 	155 	156 
002446 	259 	74 	187 	187 
002447 	259 	74 	187 	187 
002448 	285 	96 	155 	156 
002449 	259 	74 	187 	187 
002450 	259 	74 	187 	187 
002451 	259 	74 	187 	187 
002452 	259 	74 	187 	187 
002453 	259 	74 	187 	187 
002454 	259 	74 	187 	187 
002455 	259 	74 	187 	187 
002456 	259 	74 	187 	187 
002457 	259 	74 	187 	187 
002458 	259 	74 	187 	187 
002459 	259 	74 	187 	187 
002460 	259 	74 	187 	187 
002461 	259 	74 	187 	187 
002462 	259 	74 	187 	187 
002463 	259 	74 	187 	187 
002464 	267 	79 	156 	156 
002465 	267 	79 	156 	156 
002466 	267 	79 	156 	156 
002467 	259 	74 	187 	187 
002468 	259 	74 	187 	187 
002469 	259 	74 	187 	187 
002470 	259 	74 	187 	187 
002471 	259 	74 	187 	187 
002472 	259 	74 	187 	187 
002473 	259 	74 	187 	187 
002474 	259 	74 	187 	187 
002475 	259 	74 	187 	187 
002476 	259 	74 	187 	187 
002477 	259 	74 	187 	187 
002478 	267 	79 	156 	156 
002479 	267 	79 	156 	156 
002480 	267 	79 	156 	156 
002481 	259 	74 	187 	187 
002482 	259 	74 	187 	187 
