Identity  : 	id10244
Reference : 	jC8Zw2eaaHw
Offset    : 	0
FV Conf   : 	16.870
ASD Conf  : 	7.320

FRAME 	X 	Y 	W 	H 
002209 	224 	85 	91 	91 
002210 	224 	85 	91 	91 
002211 	224 	85 	91 	91 
002212 	224 	85 	91 	91 
002213 	234 	85 	90 	91 
002214 	234 	85 	90 	91 
002215 	234 	85 	90 	91 
002216 	234 	85 	90 	91 
002217 	234 	85 	90 	91 
002218 	234 	85 	90 	91 
002219 	244 	85 	90 	91 
002220 	244 	85 	90 	91 
002221 	244 	85 	90 	91 
002222 	244 	85 	90 	91 
002223 	244 	85 	90 	91 
002224 	244 	85 	90 	91 
002225 	244 	85 	90 	91 
002226 	244 	85 	90 	91 
002227 	244 	85 	90 	91 
002228 	244 	85 	90 	91 
002229 	244 	85 	90 	91 
002230 	244 	85 	90 	91 
002231 	244 	85 	90 	91 
002232 	244 	85 	90 	91 
002233 	244 	85 	90 	91 
002234 	244 	85 	90 	91 
002235 	244 	85 	90 	91 
002236 	244 	85 	90 	91 
002237 	244 	85 	90 	91 
002238 	244 	85 	90 	91 
002239 	244 	85 	90 	91 
002240 	244 	85 	90 	91 
002241 	244 	85 	90 	91 
002242 	244 	85 	90 	91 
002243 	244 	85 	90 	91 
002244 	244 	85 	90 	91 
002245 	244 	85 	90 	91 
002246 	244 	85 	90 	91 
002247 	244 	85 	90 	91 
002248 	244 	85 	90 	91 
002249 	244 	85 	90 	91 
002250 	244 	85 	90 	91 
002251 	244 	85 	90 	91 
002252 	244 	85 	90 	91 
002253 	244 	85 	90 	91 
002254 	244 	85 	90 	91 
002255 	244 	85 	90 	91 
002256 	244 	85 	90 	91 
002257 	244 	85 	90 	91 
002258 	244 	85 	90 	91 
002259 	244 	85 	90 	91 
002260 	244 	85 	90 	91 
002261 	244 	85 	90 	91 
002262 	244 	85 	90 	91 
002263 	244 	85 	90 	91 
002264 	244 	85 	90 	91 
002265 	244 	85 	90 	91 
002266 	244 	85 	90 	91 
002267 	244 	85 	90 	91 
002268 	244 	85 	90 	91 
002269 	244 	85 	90 	91 
002270 	244 	85 	90 	91 
002271 	244 	85 	90 	91 
002272 	244 	85 	90 	91 
002273 	244 	85 	90 	91 
002274 	244 	85 	90 	91 
002275 	244 	85 	90 	91 
002276 	244 	85 	90 	91 
002277 	244 	85 	90 	91 
002278 	244 	85 	90 	91 
002279 	244 	85 	90 	91 
002280 	244 	85 	90 	91 
002281 	244 	85 	90 	91 
002282 	244 	85 	90 	91 
002283 	244 	85 	90 	91 
002284 	244 	85 	90 	91 
002285 	244 	85 	90 	91 
002286 	244 	85 	90 	91 
002287 	244 	85 	90 	91 
002288 	244 	85 	90 	91 
002289 	244 	85 	90 	91 
002290 	244 	85 	90 	91 
002291 	244 	85 	90 	91 
002292 	244 	85 	90 	91 
002293 	244 	85 	90 	91 
002294 	244 	85 	90 	91 
002295 	244 	85 	90 	91 
002296 	244 	85 	90 	91 
002297 	244 	85 	90 	91 
002298 	244 	85 	90 	91 
002299 	244 	85 	90 	91 
002300 	254 	85 	90 	91 
002301 	254 	85 	90 	91 
002302 	254 	85 	90 	91 
002303 	254 	85 	90 	91 
002304 	254 	85 	90 	91 
002305 	254 	85 	90 	91 
002306 	254 	85 	90 	91 
002307 	244 	85 	90 	91 
002308 	244 	85 	90 	91 
002309 	244 	85 	90 	91 
002310 	244 	85 	90 	91 
002311 	244 	85 	90 	91 
002312 	244 	85 	90 	91 
002313 	244 	85 	90 	91 
002314 	244 	85 	90 	91 
002315 	244 	85 	90 	91 
002316 	244 	95 	90 	91 
