Identity  : 	id10190
Reference : 	GSwdfqDOfec
Offset    : 	3
FV Conf   : 	13.078
ASD Conf  : 	6.192

FRAME 	X 	Y 	W 	H 
009047 	264 	135 	90 	90 
009048 	264 	135 	90 	90 
009049 	264 	135 	90 	90 
009050 	264 	135 	90 	90 
009051 	264 	135 	90 	90 
009052 	264 	135 	90 	90 
009053 	264 	135 	90 	90 
009054 	264 	145 	90 	90 
009055 	264 	135 	90 	90 
009056 	245 	138 	109 	109 
009057 	264 	135 	90 	90 
009058 	264 	135 	90 	90 
009059 	264 	135 	90 	90 
009060 	257 	126 	109 	109 
009061 	257 	126 	109 	109 
009062 	257 	126 	109 	109 
009063 	264 	135 	90 	90 
009064 	264 	135 	90 	90 
009065 	264 	135 	90 	90 
009066 	257 	138 	109 	109 
009067 	257 	138 	109 	109 
009068 	257 	138 	109 	109 
009069 	257 	126 	109 	109 
009070 	257 	126 	109 	109 
009071 	257 	126 	109 	109 
009072 	257 	126 	109 	109 
009073 	264 	135 	90 	90 
009074 	264 	135 	90 	90 
009075 	264 	135 	90 	90 
009076 	264 	135 	90 	90 
009077 	264 	135 	90 	90 
009078 	264 	135 	90 	90 
009079 	264 	135 	90 	90 
009080 	264 	135 	90 	90 
009081 	264 	135 	90 	90 
009082 	257 	138 	109 	109 
009083 	257 	138 	109 	109 
009084 	264 	145 	90 	90 
009085 	264 	155 	90 	90 
009086 	264 	155 	90 	90 
009087 	264 	155 	90 	90 
009088 	264 	155 	90 	90 
009089 	264 	155 	90 	90 
009090 	264 	155 	90 	90 
009091 	264 	145 	90 	90 
009092 	264 	145 	90 	90 
009093 	264 	145 	90 	90 
009094 	257 	138 	109 	109 
009095 	264 	145 	90 	90 
009096 	264 	145 	90 	90 
009097 	264 	145 	90 	90 
009098 	264 	145 	90 	90 
009099 	264 	145 	90 	90 
009100 	264 	135 	90 	90 
009101 	264 	135 	90 	90 
009102 	264 	135 	90 	90 
009103 	257 	126 	109 	109 
009104 	257 	126 	109 	109 
009105 	245 	126 	109 	109 
009106 	245 	126 	109 	109 
009107 	245 	126 	109 	109 
009108 	245 	126 	109 	109 
009109 	245 	126 	109 	109 
009110 	264 	135 	90 	90 
009111 	264 	135 	90 	90 
009112 	264 	135 	90 	90 
009113 	264 	135 	90 	90 
009114 	264 	135 	90 	90 
009115 	264 	135 	90 	90 
009116 	264 	135 	90 	90 
009117 	264 	135 	90 	90 
009118 	264 	135 	90 	90 
009119 	264 	135 	90 	90 
009120 	264 	135 	90 	90 
009121 	264 	145 	90 	90 
009122 	257 	138 	109 	109 
009123 	264 	145 	90 	90 
009124 	264 	145 	90 	90 
009125 	264 	145 	90 	90 
009126 	264 	145 	90 	90 
009127 	264 	145 	90 	90 
009128 	264 	145 	90 	90 
009129 	264 	145 	90 	90 
009130 	264 	145 	90 	90 
009131 	264 	145 	90 	90 
009132 	264 	145 	90 	90 
009133 	264 	145 	90 	90 
009134 	264 	145 	90 	90 
009135 	254 	145 	90 	90 
009136 	254 	145 	90 	90 
009137 	254 	145 	90 	90 
009138 	254 	145 	90 	90 
009139 	254 	145 	90 	90 
009140 	245 	138 	109 	109 
009141 	254 	135 	90 	90 
009142 	264 	135 	90 	90 
009143 	264 	135 	90 	90 
009144 	264 	135 	90 	90 
009145 	264 	135 	90 	90 
009146 	264 	135 	90 	90 
009147 	264 	135 	90 	90 
009148 	264 	135 	90 	90 
009149 	264 	135 	90 	90 
009150 	264 	135 	90 	90 
009151 	264 	135 	90 	90 
009152 	264 	135 	90 	90 
009153 	264 	135 	90 	90 
009154 	264 	135 	90 	90 
009155 	264 	135 	90 	90 
009156 	264 	135 	90 	90 
009157 	264 	135 	90 	90 
009158 	264 	135 	90 	90 
009159 	264 	135 	90 	90 
009160 	264 	135 	90 	90 
009161 	264 	135 	90 	90 
009162 	264 	135 	90 	90 
009163 	264 	135 	90 	90 
009164 	264 	135 	90 	90 
009165 	264 	135 	90 	90 
009166 	264 	135 	90 	90 
009167 	264 	135 	90 	90 
009168 	264 	135 	90 	90 
009169 	264 	135 	90 	90 
009170 	264 	135 	90 	90 
009171 	264 	135 	90 	90 
009172 	264 	135 	90 	90 
009173 	245 	126 	109 	109 
009174 	245 	126 	109 	109 
009175 	245 	126 	109 	109 
009176 	245 	126 	109 	109 
009177 	245 	126 	109 	109 
009178 	245 	126 	109 	109 
009179 	245 	126 	109 	109 
009180 	245 	126 	109 	109 
009181 	264 	125 	90 	90 
009182 	245 	126 	109 	109 
009183 	257 	126 	109 	109 
009184 	257 	126 	109 	109 
009185 	264 	135 	90 	90 
009186 	264 	135 	90 	90 
009187 	264 	135 	90 	90 
009188 	264 	135 	90 	90 
009189 	264 	135 	90 	90 
009190 	264 	135 	90 	90 
009191 	264 	135 	90 	90 
009192 	264 	135 	90 	90 
009193 	264 	135 	90 	90 
009194 	257 	126 	109 	109 
009195 	257 	126 	109 	109 
009196 	257 	126 	109 	109 
009197 	257 	126 	109 	109 
009198 	257 	126 	109 	109 
009199 	257 	126 	109 	109 
009200 	257 	126 	109 	109 
009201 	245 	126 	109 	109 
009202 	264 	135 	90 	90 
009203 	245 	126 	109 	109 
009204 	245 	126 	109 	109 
009205 	254 	135 	90 	90 
009206 	254 	135 	90 	90 
009207 	254 	135 	90 	90 
009208 	254 	135 	90 	90 
009209 	254 	135 	90 	90 
009210 	245 	138 	109 	109 
009211 	245 	138 	109 	109 
009212 	245 	138 	109 	109 
009213 	245 	138 	109 	109 
009214 	245 	138 	109 	109 
009215 	254 	145 	90 	90 
009216 	254 	145 	90 	90 
009217 	254 	145 	90 	90 
009218 	254 	145 	90 	90 
009219 	254 	145 	90 	90 
009220 	254 	145 	90 	90 
009221 	264 	145 	90 	90 
009222 	264 	145 	90 	90 
009223 	264 	145 	90 	90 
009224 	264 	145 	90 	90 
009225 	257 	138 	109 	109 
009226 	274 	145 	90 	90 
009227 	257 	138 	109 	109 
009228 	257 	138 	109 	109 
009229 	257 	138 	109 	109 
009230 	264 	135 	90 	90 
009231 	257 	126 	109 	109 
009232 	257 	126 	109 	109 
009233 	264 	125 	90 	90 
