Identity  : 	id10130
Reference : 	h9KoJZqOu1o
Offset    : 	2
FV Conf   : 	20.150
ASD Conf  : 	7.928

FRAME 	X 	Y 	W 	H 
011971 	257 	102 	109 	109 
011972 	257 	102 	109 	109 
011973 	251 	94 	130 	130 
011974 	251 	94 	130 	130 
011975 	251 	94 	130 	130 
011976 	251 	94 	130 	130 
011977 	251 	94 	130 	130 
011978 	251 	94 	130 	130 
011979 	251 	94 	130 	130 
011980 	257 	90 	109 	109 
011981 	257 	90 	109 	109 
011982 	237 	80 	130 	130 
011983 	237 	80 	130 	130 
011984 	237 	80 	130 	130 
011985 	237 	80 	130 	130 
011986 	237 	80 	130 	130 
011987 	237 	80 	130 	130 
011988 	237 	66 	130 	130 
011989 	237 	66 	130 	130 
011990 	237 	66 	130 	130 
011991 	237 	66 	130 	130 
011992 	237 	66 	130 	130 
011993 	237 	66 	130 	130 
011994 	237 	66 	130 	130 
011995 	223 	66 	130 	130 
011996 	223 	66 	130 	130 
011997 	223 	66 	130 	130 
011998 	223 	66 	130 	130 
011999 	223 	66 	130 	130 
012000 	223 	66 	130 	130 
012001 	223 	66 	130 	130 
012002 	223 	66 	130 	130 
012003 	223 	66 	130 	130 
012004 	223 	66 	130 	130 
012005 	223 	66 	130 	130 
012006 	223 	66 	130 	130 
012007 	223 	66 	130 	130 
012008 	223 	66 	130 	130 
012009 	223 	66 	130 	130 
012010 	223 	66 	130 	130 
012011 	223 	66 	130 	130 
012012 	223 	66 	130 	130 
012013 	208 	66 	130 	130 
012014 	208 	66 	130 	130 
012015 	208 	66 	130 	130 
012016 	208 	66 	130 	130 
012017 	208 	66 	130 	130 
012018 	208 	66 	130 	130 
012019 	208 	66 	130 	130 
012020 	208 	66 	130 	130 
012021 	208 	66 	130 	130 
012022 	208 	66 	130 	130 
012023 	208 	66 	130 	130 
012024 	208 	66 	130 	130 
012025 	208 	66 	130 	130 
012026 	208 	66 	130 	130 
012027 	208 	66 	130 	130 
012028 	208 	80 	130 	130 
012029 	208 	80 	130 	130 
012030 	208 	66 	130 	130 
012031 	208 	66 	130 	130 
012032 	208 	66 	130 	130 
012033 	208 	66 	130 	130 
012034 	223 	66 	130 	130 
012035 	223 	66 	130 	130 
012036 	223 	66 	130 	130 
012037 	223 	66 	130 	130 
012038 	223 	66 	130 	130 
012039 	223 	66 	130 	130 
012040 	223 	66 	130 	130 
012041 	223 	66 	130 	130 
012042 	223 	66 	130 	130 
012043 	223 	66 	130 	130 
012044 	223 	66 	130 	130 
012045 	223 	66 	130 	130 
012046 	237 	66 	130 	130 
012047 	237 	66 	130 	130 
012048 	237 	66 	130 	130 
012049 	237 	66 	130 	130 
012050 	237 	66 	130 	130 
012051 	237 	66 	130 	130 
012052 	223 	66 	130 	130 
012053 	223 	66 	130 	130 
012054 	223 	66 	130 	130 
012055 	223 	66 	130 	130 
012056 	223 	66 	130 	130 
012057 	223 	66 	130 	130 
012058 	223 	80 	130 	130 
012059 	223 	80 	130 	130 
012060 	223 	80 	130 	130 
012061 	223 	80 	130 	130 
012062 	223 	80 	130 	130 
012063 	223 	80 	130 	130 
012064 	223 	80 	130 	130 
012065 	223 	80 	130 	130 
012066 	223 	80 	130 	130 
012067 	223 	80 	130 	130 
012068 	223 	80 	130 	130 
012069 	223 	80 	130 	130 
012070 	223 	80 	130 	130 
012071 	223 	80 	130 	130 
012072 	223 	80 	130 	130 
012073 	223 	80 	130 	130 
012074 	223 	80 	130 	130 
012075 	223 	80 	130 	130 
012076 	223 	66 	130 	130 
012077 	223 	66 	130 	130 
012078 	237 	66 	130 	130 
012079 	237 	66 	130 	130 
012080 	237 	66 	130 	130 
012081 	257 	90 	109 	109 
012082 	257 	90 	109 	109 
012083 	257 	90 	109 	109 
012084 	257 	90 	109 	109 
012085 	237 	80 	130 	130 
012086 	237 	80 	130 	130 
012087 	237 	80 	130 	130 
012088 	237 	80 	130 	130 
012089 	237 	80 	130 	130 
012090 	237 	66 	130 	130 
012091 	237 	66 	130 	130 
012092 	237 	66 	130 	130 
012093 	237 	66 	130 	130 
012094 	237 	66 	130 	130 
012095 	237 	66 	130 	130 
012096 	237 	66 	130 	130 
012097 	251 	66 	130 	130 
012098 	251 	66 	130 	130 
012099 	251 	66 	130 	130 
012100 	251 	66 	130 	130 
012101 	266 	66 	130 	130 
012102 	266 	66 	130 	130 
012103 	266 	80 	130 	130 
