Identity  : 	id10647
Reference : 	rTqiT_xufPI
Offset    : 	-2
FV Conf   : 	18.757
ASD Conf  : 	9.376

FRAME 	X 	Y 	W 	H 
008906 	161 	66 	109 	109 
008907 	161 	66 	109 	109 
008908 	161 	66 	109 	109 
008909 	161 	66 	109 	109 
008910 	173 	66 	109 	109 
008911 	173 	66 	109 	109 
008912 	173 	66 	109 	109 
008913 	173 	66 	109 	109 
008914 	173 	66 	109 	109 
008915 	173 	66 	109 	109 
008916 	173 	66 	109 	109 
008917 	173 	78 	109 	109 
008918 	173 	78 	109 	109 
008919 	173 	78 	109 	109 
008920 	173 	78 	109 	109 
008921 	173 	78 	109 	109 
008922 	173 	78 	109 	109 
008923 	173 	78 	109 	109 
008924 	173 	78 	109 	109 
008925 	173 	78 	109 	109 
008926 	173 	78 	109 	109 
008927 	173 	78 	109 	109 
008928 	173 	78 	109 	109 
008929 	173 	66 	109 	109 
008930 	173 	66 	109 	109 
008931 	173 	66 	109 	109 
008932 	173 	66 	109 	109 
008933 	173 	66 	109 	109 
008934 	173 	66 	109 	109 
008935 	185 	66 	109 	109 
008936 	185 	66 	109 	109 
008937 	185 	66 	109 	109 
008938 	185 	66 	109 	109 
008939 	185 	66 	109 	109 
008940 	185 	66 	109 	109 
008941 	185 	66 	109 	109 
008942 	185 	66 	109 	109 
008943 	185 	66 	109 	109 
008944 	185 	66 	109 	109 
008945 	185 	66 	109 	109 
008946 	185 	66 	109 	109 
008947 	165 	51 	130 	130 
008948 	173 	66 	109 	109 
008949 	173 	66 	109 	109 
008950 	173 	78 	109 	109 
008951 	173 	78 	109 	109 
008952 	161 	78 	109 	109 
008953 	161 	78 	109 	109 
008954 	161 	78 	109 	109 
008955 	161 	78 	109 	109 
008956 	161 	78 	109 	109 
008957 	161 	78 	109 	109 
008958 	173 	78 	109 	109 
008959 	173 	78 	109 	109 
008960 	173 	66 	109 	109 
008961 	173 	66 	109 	109 
008962 	173 	66 	109 	109 
008963 	173 	66 	109 	109 
008964 	165 	66 	130 	130 
008965 	173 	78 	109 	109 
008966 	161 	78 	109 	109 
008967 	161 	78 	109 	109 
008968 	161 	78 	109 	109 
008969 	161 	78 	109 	109 
008970 	161 	78 	109 	109 
008971 	161 	66 	109 	109 
008972 	161 	66 	109 	109 
008973 	161 	66 	109 	109 
008974 	161 	66 	109 	109 
008975 	161 	66 	109 	109 
008976 	161 	66 	109 	109 
008977 	161 	66 	109 	109 
008978 	161 	66 	109 	109 
008979 	161 	66 	109 	109 
008980 	173 	66 	109 	109 
008981 	173 	66 	109 	109 
008982 	173 	66 	109 	109 
008983 	173 	66 	109 	109 
008984 	173 	66 	109 	109 
008985 	173 	66 	109 	109 
008986 	173 	66 	109 	109 
008987 	173 	66 	109 	109 
008988 	173 	66 	109 	109 
008989 	173 	66 	109 	109 
008990 	173 	78 	109 	109 
008991 	173 	78 	109 	109 
008992 	173 	78 	109 	109 
008993 	161 	78 	109 	109 
008994 	161 	78 	109 	109 
008995 	161 	78 	109 	109 
008996 	150 	78 	108 	109 
008997 	150 	78 	108 	109 
008998 	161 	78 	109 	109 
008999 	161 	78 	109 	109 
009000 	151 	51 	130 	130 
009001 	161 	66 	109 	109 
009002 	173 	66 	109 	109 
009003 	173 	66 	109 	109 
009004 	173 	78 	109 	109 
009005 	173 	66 	109 	109 
009006 	173 	66 	109 	109 
009007 	173 	66 	109 	109 
009008 	173 	66 	109 	109 
009009 	173 	66 	109 	109 
009010 	173 	66 	109 	109 
009011 	173 	66 	109 	109 
009012 	173 	66 	109 	109 
009013 	173 	66 	109 	109 
009014 	173 	66 	109 	109 
009015 	165 	51 	130 	130 
009016 	165 	51 	130 	130 
009017 	151 	51 	130 	130 
009018 	165 	51 	130 	130 
009019 	173 	66 	109 	109 
009020 	173 	66 	109 	109 
009021 	173 	66 	109 	109 
009022 	173 	66 	109 	109 
009023 	185 	66 	109 	109 
009024 	185 	66 	109 	109 
009025 	185 	66 	109 	109 
009026 	185 	66 	109 	109 
009027 	185 	66 	109 	109 
009028 	173 	78 	109 	109 
009029 	173 	78 	109 	109 
009030 	173 	66 	109 	109 
009031 	173 	66 	109 	109 
009032 	173 	66 	109 	109 
009033 	173 	66 	109 	109 
009034 	173 	66 	109 	109 
009035 	173 	66 	109 	109 
009036 	173 	66 	109 	109 
009037 	173 	66 	109 	109 
009038 	173 	66 	109 	109 
009039 	173 	66 	109 	109 
009040 	173 	66 	109 	109 
009041 	173 	66 	109 	109 
009042 	165 	51 	130 	130 
009043 	173 	66 	109 	109 
009044 	173 	66 	109 	109 
009045 	173 	66 	109 	109 
009046 	173 	66 	109 	109 
