Identity  : 	id11233
Reference : 	j_lfh1GJsaM
Offset    : 	0
FV Conf   : 	13.289
ASD Conf  : 	7.183

FRAME 	X 	Y 	W 	H 
005930 	257 	66 	109 	109 
005931 	257 	66 	109 	109 
005932 	257 	66 	109 	109 
005933 	257 	66 	109 	109 
005934 	257 	66 	109 	109 
005935 	257 	66 	109 	109 
005936 	257 	66 	109 	109 
005937 	257 	66 	109 	109 
005938 	257 	66 	109 	109 
005939 	257 	66 	109 	109 
005940 	257 	66 	109 	109 
005941 	257 	66 	109 	109 
005942 	257 	66 	109 	109 
005943 	257 	66 	109 	109 
005944 	257 	66 	109 	109 
005945 	257 	66 	109 	109 
005946 	257 	66 	109 	109 
005947 	257 	66 	109 	109 
005948 	257 	66 	109 	109 
005949 	257 	78 	109 	109 
005950 	257 	66 	109 	109 
005951 	257 	66 	109 	109 
005952 	257 	66 	109 	109 
005953 	257 	66 	109 	109 
005954 	257 	66 	109 	109 
005955 	257 	66 	109 	109 
005956 	257 	66 	109 	109 
005957 	257 	66 	109 	109 
005958 	257 	66 	109 	109 
005959 	257 	66 	109 	109 
005960 	257 	66 	109 	109 
005961 	257 	66 	109 	109 
005962 	257 	66 	109 	109 
005963 	257 	66 	109 	109 
005964 	257 	66 	109 	109 
005965 	257 	66 	109 	109 
005966 	257 	66 	109 	109 
005967 	257 	66 	109 	109 
005968 	257 	66 	109 	109 
005969 	257 	66 	109 	109 
005970 	257 	66 	109 	109 
005971 	257 	78 	109 	109 
005972 	257 	78 	109 	109 
005973 	257 	78 	109 	109 
005974 	257 	78 	109 	109 
005975 	257 	78 	109 	109 
005976 	257 	78 	109 	109 
005977 	257 	78 	109 	109 
005978 	257 	78 	109 	109 
005979 	257 	78 	109 	109 
005980 	257 	78 	109 	109 
005981 	257 	78 	109 	109 
005982 	257 	78 	109 	109 
005983 	257 	78 	109 	109 
005984 	257 	78 	109 	109 
005985 	257 	78 	109 	109 
005986 	257 	78 	109 	109 
005987 	257 	78 	109 	109 
005988 	257 	78 	109 	109 
005989 	257 	78 	109 	109 
005990 	257 	78 	109 	109 
005991 	257 	78 	109 	109 
005992 	257 	78 	109 	109 
005993 	257 	78 	109 	109 
005994 	257 	78 	109 	109 
005995 	257 	78 	109 	109 
005996 	257 	78 	109 	109 
005997 	257 	78 	109 	109 
005998 	257 	66 	109 	109 
005999 	257 	66 	109 	109 
006000 	257 	66 	109 	109 
006001 	257 	66 	109 	109 
006002 	257 	66 	109 	109 
006003 	257 	78 	109 	109 
006004 	257 	78 	109 	109 
006005 	257 	78 	109 	109 
006006 	257 	78 	109 	109 
006007 	257 	78 	109 	109 
006008 	257 	78 	109 	109 
006009 	257 	78 	109 	109 
006010 	257 	78 	109 	109 
006011 	257 	66 	109 	109 
006012 	257 	66 	109 	109 
006013 	257 	66 	109 	109 
006014 	257 	66 	109 	109 
006015 	257 	66 	109 	109 
006016 	257 	66 	109 	109 
006017 	257 	66 	109 	109 
006018 	257 	66 	109 	109 
006019 	257 	66 	109 	109 
006020 	257 	66 	109 	109 
006021 	257 	66 	109 	109 
006022 	257 	66 	109 	109 
006023 	257 	66 	109 	109 
006024 	257 	66 	109 	109 
006025 	257 	66 	109 	109 
006026 	257 	66 	109 	109 
006027 	257 	66 	109 	109 
006028 	257 	66 	109 	109 
006029 	257 	66 	109 	109 
