Identity  : 	id10413
Reference : 	xdxMAah3gxk
Offset    : 	-3
FV Conf   : 	16.399
ASD Conf  : 	7.155

FRAME 	X 	Y 	W 	H 
000780 	266 	94 	130 	130 
000781 	266 	94 	130 	130 
000782 	266 	94 	130 	130 
000783 	266 	94 	130 	130 
000784 	266 	94 	130 	130 
000785 	266 	94 	130 	130 
000786 	266 	94 	130 	130 
000787 	266 	94 	130 	130 
000788 	266 	94 	130 	130 
000789 	266 	94 	130 	130 
000790 	266 	94 	130 	130 
000791 	266 	94 	130 	130 
000792 	266 	94 	130 	130 
000793 	266 	94 	130 	130 
000794 	266 	94 	130 	130 
000795 	266 	94 	130 	130 
000796 	266 	94 	130 	130 
000797 	266 	94 	130 	130 
000798 	266 	94 	130 	130 
000799 	266 	94 	130 	130 
000800 	266 	94 	130 	130 
000801 	266 	94 	130 	130 
000802 	266 	94 	130 	130 
000803 	266 	94 	130 	130 
000804 	266 	94 	130 	130 
000805 	266 	94 	130 	130 
000806 	266 	94 	130 	130 
000807 	266 	94 	130 	130 
000808 	266 	94 	130 	130 
000809 	266 	94 	130 	130 
000810 	266 	94 	130 	130 
000811 	266 	94 	130 	130 
000812 	266 	94 	130 	130 
000813 	266 	94 	130 	130 
000814 	280 	94 	130 	130 
000815 	280 	94 	130 	130 
000816 	280 	94 	130 	130 
000817 	280 	94 	130 	130 
000818 	280 	94 	130 	130 
000819 	280 	94 	130 	130 
000820 	266 	94 	130 	130 
000821 	266 	94 	130 	130 
000822 	266 	94 	130 	130 
000823 	266 	94 	130 	130 
000824 	251 	94 	130 	130 
000825 	251 	94 	130 	130 
000826 	251 	94 	130 	130 
000827 	251 	94 	130 	130 
000828 	251 	94 	130 	130 
000829 	251 	80 	130 	130 
000830 	237 	94 	130 	130 
000831 	237 	94 	130 	130 
000832 	257 	102 	109 	109 
000833 	237 	94 	130 	130 
000834 	237 	94 	130 	130 
000835 	237 	94 	130 	130 
000836 	237 	94 	130 	130 
000837 	237 	94 	130 	130 
000838 	237 	94 	130 	130 
000839 	237 	94 	130 	130 
000840 	257 	102 	109 	109 
000841 	251 	94 	130 	130 
000842 	251 	94 	130 	130 
000843 	251 	94 	130 	130 
000844 	251 	94 	130 	130 
000845 	251 	80 	130 	130 
000846 	251 	80 	130 	130 
000847 	251 	80 	130 	130 
000848 	251 	80 	130 	130 
000849 	251 	80 	130 	130 
000850 	251 	94 	130 	130 
000851 	251 	94 	130 	130 
000852 	251 	94 	130 	130 
000853 	266 	94 	130 	130 
000854 	266 	94 	130 	130 
000855 	280 	94 	130 	130 
000856 	280 	94 	130 	130 
000857 	280 	94 	130 	130 
000858 	280 	94 	130 	130 
000859 	294 	94 	130 	130 
000860 	294 	94 	130 	130 
000861 	305 	114 	108 	109 
000862 	294 	109 	130 	130 
000863 	294 	109 	130 	130 
000864 	305 	126 	108 	109 
000865 	294 	123 	130 	130 
000866 	294 	123 	130 	130 
000867 	294 	123 	130 	130 
000868 	294 	123 	130 	130 
000869 	294 	123 	130 	130 
000870 	294 	123 	130 	130 
000871 	294 	123 	130 	130 
000872 	317 	126 	108 	109 
000873 	317 	126 	108 	109 
000874 	309 	123 	130 	130 
000875 	329 	138 	108 	109 
000876 	329 	138 	108 	109 
000877 	329 	138 	108 	109 
000878 	329 	138 	108 	109 
000879 	329 	138 	108 	109 
000880 	329 	138 	108 	109 
000881 	329 	138 	108 	109 
000882 	329 	138 	108 	109 
000883 	323 	137 	130 	130 
000884 	323 	137 	130 	130 
000885 	323 	137 	130 	130 
000886 	323 	137 	130 	130 
000887 	323 	137 	130 	130 
000888 	329 	150 	108 	109 
000889 	329 	150 	108 	109 
000890 	309 	123 	130 	130 
000891 	309 	123 	130 	130 
000892 	317 	126 	108 	109 
000893 	294 	109 	130 	130 
000894 	294 	109 	130 	130 
000895 	294 	109 	130 	130 
000896 	294 	94 	130 	130 
000897 	294 	94 	130 	130 
000898 	294 	94 	130 	130 
000899 	294 	94 	130 	130 
000900 	280 	94 	130 	130 
000901 	280 	94 	130 	130 
000902 	280 	94 	130 	130 
000903 	280 	94 	130 	130 
000904 	280 	94 	130 	130 
000905 	266 	94 	130 	130 
000906 	266 	94 	130 	130 
000907 	266 	94 	130 	130 
000908 	266 	94 	130 	130 
000909 	266 	94 	130 	130 
000910 	266 	94 	130 	130 
000911 	266 	94 	130 	130 
000912 	266 	94 	130 	130 
000913 	266 	94 	130 	130 
000914 	266 	94 	130 	130 
000915 	266 	94 	130 	130 
000916 	266 	94 	130 	130 
000917 	266 	94 	130 	130 
000918 	266 	94 	130 	130 
000919 	266 	94 	130 	130 
000920 	266 	94 	130 	130 
000921 	266 	94 	130 	130 
000922 	266 	94 	130 	130 
000923 	266 	94 	130 	130 
000924 	266 	80 	130 	130 
000925 	266 	80 	130 	130 
000926 	266 	80 	130 	130 
000927 	266 	80 	130 	130 
000928 	266 	80 	130 	130 
000929 	266 	94 	130 	130 
000930 	266 	94 	130 	130 
000931 	251 	94 	130 	130 
000932 	251 	94 	130 	130 
000933 	251 	94 	130 	130 
000934 	251 	94 	130 	130 
000935 	251 	94 	130 	130 
000936 	251 	94 	130 	130 
000937 	251 	94 	130 	130 
000938 	251 	94 	130 	130 
000939 	251 	94 	130 	130 
000940 	251 	94 	130 	130 
000941 	251 	94 	130 	130 
000942 	266 	94 	130 	130 
000943 	266 	94 	130 	130 
000944 	266 	94 	130 	130 
000945 	266 	94 	130 	130 
000946 	280 	80 	130 	130 
000947 	280 	80 	130 	130 
000948 	280 	80 	130 	130 
000949 	280 	80 	130 	130 
000950 	294 	94 	130 	130 
000951 	294 	94 	130 	130 
000952 	294 	94 	130 	130 
000953 	294 	94 	130 	130 
000954 	294 	80 	130 	130 
000955 	294 	80 	130 	130 
000956 	280 	80 	130 	130 
