Identity  : 	id10020
Reference : 	jPGRVcnoOWY
Offset    : 	1
FV Conf   : 	15.599
ASD Conf  : 	8.565

FRAME 	X 	Y 	W 	H 
005401 	165 	94 	130 	130 
005402 	151 	94 	130 	130 
005403 	151 	94 	130 	130 
005404 	151 	94 	130 	130 
005405 	151 	94 	130 	130 
005406 	151 	94 	130 	130 
005407 	151 	94 	130 	130 
005408 	165 	94 	130 	130 
005409 	165 	94 	130 	130 
005410 	165 	94 	130 	130 
005411 	165 	94 	130 	130 
005412 	165 	94 	130 	130 
005413 	165 	94 	130 	130 
005414 	165 	94 	130 	130 
005415 	165 	94 	130 	130 
005416 	165 	94 	130 	130 
005417 	165 	94 	130 	130 
005418 	165 	94 	130 	130 
005419 	165 	94 	130 	130 
005420 	165 	94 	130 	130 
005421 	165 	94 	130 	130 
005422 	165 	94 	130 	130 
005423 	165 	94 	130 	130 
005424 	165 	94 	130 	130 
005425 	165 	94 	130 	130 
005426 	165 	94 	130 	130 
005427 	165 	94 	130 	130 
005428 	165 	94 	130 	130 
005429 	165 	94 	130 	130 
005430 	165 	94 	130 	130 
005431 	165 	94 	130 	130 
005432 	165 	94 	130 	130 
005433 	165 	94 	130 	130 
005434 	165 	94 	130 	130 
005435 	165 	94 	130 	130 
005436 	165 	94 	130 	130 
005437 	165 	94 	130 	130 
005438 	180 	109 	130 	130 
005439 	180 	109 	130 	130 
005440 	180 	109 	130 	130 
005441 	180 	94 	130 	130 
005442 	180 	109 	130 	130 
005443 	180 	109 	130 	130 
005444 	180 	109 	130 	130 
005445 	180 	109 	130 	130 
005446 	180 	109 	130 	130 
005447 	180 	109 	130 	130 
005448 	180 	109 	130 	130 
005449 	180 	109 	130 	130 
005450 	180 	109 	130 	130 
005451 	180 	109 	130 	130 
005452 	180 	109 	130 	130 
005453 	180 	109 	130 	130 
005454 	180 	109 	130 	130 
005455 	180 	109 	130 	130 
005456 	180 	109 	130 	130 
005457 	180 	109 	130 	130 
005458 	180 	109 	130 	130 
005459 	180 	109 	130 	130 
005460 	180 	109 	130 	130 
005461 	180 	109 	130 	130 
005462 	180 	109 	130 	130 
005463 	180 	109 	130 	130 
005464 	180 	109 	130 	130 
005465 	180 	109 	130 	130 
005466 	180 	109 	130 	130 
005467 	180 	109 	130 	130 
005468 	180 	109 	130 	130 
005469 	185 	114 	109 	109 
005470 	185 	114 	109 	109 
005471 	185 	114 	109 	109 
005472 	185 	114 	109 	109 
005473 	165 	94 	130 	130 
005474 	165 	94 	130 	130 
005475 	165 	94 	130 	130 
005476 	165 	94 	130 	130 
005477 	165 	94 	130 	130 
005478 	165 	94 	130 	130 
005479 	165 	94 	130 	130 
005480 	165 	94 	130 	130 
005481 	165 	94 	130 	130 
005482 	165 	94 	130 	130 
005483 	165 	94 	130 	130 
005484 	165 	94 	130 	130 
005485 	165 	94 	130 	130 
005486 	165 	94 	130 	130 
005487 	165 	94 	130 	130 
005488 	165 	94 	130 	130 
005489 	165 	94 	130 	130 
005490 	165 	94 	130 	130 
005491 	165 	94 	130 	130 
005492 	165 	94 	130 	130 
005493 	165 	94 	130 	130 
005494 	165 	94 	130 	130 
005495 	165 	94 	130 	130 
005496 	165 	94 	130 	130 
005497 	165 	94 	130 	130 
005498 	165 	94 	130 	130 
005499 	165 	94 	130 	130 
005500 	165 	94 	130 	130 
005501 	165 	94 	130 	130 
005502 	165 	94 	130 	130 
005503 	165 	80 	130 	130 
005504 	165 	80 	130 	130 
005505 	165 	80 	130 	130 
005506 	165 	94 	130 	130 
005507 	165 	80 	130 	130 
005508 	165 	80 	130 	130 
005509 	165 	80 	130 	130 
005510 	165 	80 	130 	130 
005511 	165 	80 	130 	130 
005512 	165 	80 	130 	130 
005513 	165 	80 	130 	130 
005514 	185 	102 	109 	109 
005515 	185 	102 	109 	109 
005516 	185 	102 	109 	109 
005517 	180 	94 	130 	130 
005518 	180 	94 	130 	130 
005519 	185 	102 	109 	109 
005520 	185 	102 	109 	109 
005521 	185 	102 	109 	109 
005522 	185 	102 	109 	109 
005523 	185 	102 	109 	109 
005524 	185 	102 	109 	109 
005525 	165 	94 	130 	130 
005526 	165 	94 	130 	130 
005527 	165 	94 	130 	130 
005528 	165 	80 	130 	130 
005529 	165 	80 	130 	130 
005530 	165 	80 	130 	130 
005531 	165 	94 	130 	130 
005532 	165 	80 	130 	130 
005533 	165 	80 	130 	130 
005534 	165 	80 	130 	130 
005535 	165 	94 	130 	130 
005536 	165 	94 	130 	130 
005537 	165 	94 	130 	130 
005538 	165 	80 	130 	130 
005539 	165 	80 	130 	130 
