Identity  : 	id10627
Reference : 	5AUC0Bea8VU
Offset    : 	-1
FV Conf   : 	21.419
ASD Conf  : 	7.473

FRAME 	X 	Y 	W 	H 
000852 	185 	78 	109 	109 
000853 	185 	78 	109 	109 
000854 	185 	78 	109 	109 
000855 	185 	78 	109 	109 
000856 	185 	78 	109 	109 
000857 	185 	78 	109 	109 
000858 	185 	78 	109 	109 
000859 	185 	78 	109 	109 
000860 	185 	78 	109 	109 
000861 	185 	78 	109 	109 
000862 	185 	78 	109 	109 
000863 	185 	78 	109 	109 
000864 	185 	78 	109 	109 
000865 	185 	78 	109 	109 
000866 	185 	78 	109 	109 
000867 	185 	78 	109 	109 
000868 	185 	78 	109 	109 
000869 	185 	78 	109 	109 
000870 	185 	78 	109 	109 
000871 	185 	78 	109 	109 
000872 	185 	78 	109 	109 
000873 	185 	78 	109 	109 
000874 	185 	78 	109 	109 
000875 	185 	78 	109 	109 
000876 	185 	78 	109 	109 
000877 	185 	78 	109 	109 
000878 	185 	78 	109 	109 
000879 	185 	78 	109 	109 
000880 	185 	78 	109 	109 
000881 	185 	78 	109 	109 
000882 	185 	78 	109 	109 
000883 	185 	78 	109 	109 
000884 	185 	78 	109 	109 
000885 	185 	78 	109 	109 
000886 	185 	78 	109 	109 
000887 	185 	78 	109 	109 
000888 	185 	78 	109 	109 
000889 	185 	78 	109 	109 
000890 	185 	78 	109 	109 
000891 	185 	78 	109 	109 
000892 	185 	78 	109 	109 
000893 	185 	78 	109 	109 
000894 	185 	78 	109 	109 
000895 	185 	78 	109 	109 
000896 	185 	78 	109 	109 
000897 	185 	78 	109 	109 
000898 	194 	85 	91 	91 
000899 	194 	85 	91 	91 
000900 	194 	85 	91 	91 
000901 	194 	85 	91 	91 
000902 	194 	85 	91 	91 
000903 	185 	78 	109 	109 
000904 	194 	85 	91 	91 
000905 	194 	85 	91 	91 
000906 	194 	85 	91 	91 
000907 	185 	78 	109 	109 
000908 	185 	78 	109 	109 
000909 	185 	78 	109 	109 
000910 	185 	78 	109 	109 
000911 	185 	78 	109 	109 
000912 	185 	78 	109 	109 
000913 	185 	78 	109 	109 
000914 	185 	78 	109 	109 
000915 	194 	85 	91 	91 
000916 	185 	78 	109 	109 
000917 	185 	78 	109 	109 
000918 	185 	78 	109 	109 
000919 	185 	78 	109 	109 
000920 	185 	78 	109 	109 
000921 	194 	85 	91 	91 
000922 	194 	85 	91 	91 
000923 	194 	85 	91 	91 
000924 	194 	85 	91 	91 
000925 	185 	78 	109 	109 
000926 	185 	78 	109 	109 
000927 	185 	78 	109 	109 
000928 	185 	78 	109 	109 
000929 	185 	78 	109 	109 
000930 	185 	78 	109 	109 
000931 	194 	95 	91 	91 
000932 	184 	95 	91 	91 
000933 	184 	95 	91 	91 
000934 	184 	95 	91 	91 
000935 	184 	95 	91 	91 
000936 	184 	95 	91 	91 
000937 	184 	95 	91 	91 
000938 	184 	95 	91 	91 
000939 	184 	95 	91 	91 
000940 	184 	95 	91 	91 
000941 	184 	95 	91 	91 
000942 	184 	95 	91 	91 
000943 	184 	95 	91 	91 
000944 	184 	95 	91 	91 
000945 	184 	95 	91 	91 
000946 	184 	95 	91 	91 
000947 	184 	95 	91 	91 
000948 	184 	95 	91 	91 
000949 	184 	95 	91 	91 
000950 	184 	95 	91 	91 
000951 	184 	95 	91 	91 
000952 	184 	95 	91 	91 
000953 	184 	95 	91 	91 
000954 	184 	95 	91 	91 
000955 	184 	95 	91 	91 
000956 	184 	95 	91 	91 
000957 	184 	95 	91 	91 
