Identity  : 	id10666
Reference : 	Oj1yGdOc5CU
Offset    : 	-1
FV Conf   : 	24.424
ASD Conf  : 	5.983

FRAME 	X 	Y 	W 	H 
008134 	53 	74 	187 	187 
008135 	53 	74 	187 	187 
008136 	53 	74 	187 	187 
008137 	32 	74 	187 	187 
008138 	32 	74 	187 	187 
008139 	32 	74 	187 	187 
008140 	32 	74 	187 	187 
008141 	32 	74 	187 	187 
008142 	14 	39 	224 	224 
008143 	32 	53 	187 	187 
008144 	39 	39 	224 	224 
008145 	39 	39 	224 	224 
008146 	74 	53 	186 	187 
008147 	64 	39 	224 	224 
008148 	64 	39 	224 	224 
008149 	94 	53 	187 	187 
008150 	94 	53 	187 	187 
008151 	89 	39 	223 	224 
008152 	89 	39 	223 	224 
008153 	89 	39 	223 	224 
008154 	89 	39 	223 	224 
008155 	89 	39 	223 	224 
008156 	89 	64 	223 	224 
008157 	89 	64 	223 	224 
008158 	89 	64 	223 	224 
008159 	94 	74 	187 	187 
008160 	94 	74 	187 	187 
008161 	94 	74 	187 	187 
008162 	94 	74 	187 	187 
008163 	94 	74 	187 	187 
008164 	94 	74 	187 	187 
008165 	94 	74 	187 	187 
008166 	89 	64 	223 	224 
008167 	89 	64 	223 	224 
008168 	89 	64 	223 	224 
008169 	89 	64 	223 	224 
008170 	89 	64 	223 	224 
008171 	89 	64 	223 	224 
008172 	89 	64 	223 	224 
008173 	89 	64 	223 	224 
008174 	89 	64 	223 	224 
008175 	89 	64 	223 	224 
008176 	89 	64 	223 	224 
008177 	89 	64 	223 	224 
008178 	89 	64 	223 	224 
008179 	89 	64 	223 	224 
008180 	89 	64 	223 	224 
008181 	94 	95 	187 	186 
008182 	94 	95 	187 	186 
008183 	94 	95 	187 	186 
008184 	94 	95 	187 	186 
008185 	94 	95 	187 	186 
008186 	89 	89 	223 	224 
008187 	94 	115 	187 	187 
008188 	94 	115 	187 	187 
008189 	64 	89 	224 	224 
008190 	64 	114 	224 	224 
008191 	64 	114 	224 	224 
008192 	64 	114 	224 	224 
008193 	64 	114 	224 	224 
008194 	64 	114 	224 	224 
008195 	64 	89 	224 	224 
008196 	64 	89 	224 	224 
008197 	64 	89 	224 	224 
008198 	64 	89 	224 	224 
008199 	64 	64 	224 	224 
008200 	64 	64 	224 	224 
008201 	64 	64 	224 	224 
008202 	94 	74 	187 	187 
008203 	89 	64 	223 	224 
008204 	89 	39 	223 	224 
008205 	89 	39 	223 	224 
008206 	89 	39 	223 	224 
008207 	89 	39 	223 	224 
008208 	89 	39 	223 	224 
008209 	89 	39 	223 	224 
008210 	89 	39 	223 	224 
008211 	89 	39 	223 	224 
008212 	89 	39 	223 	224 
008213 	89 	39 	223 	224 
008214 	89 	39 	223 	224 
008215 	89 	39 	223 	224 
008216 	89 	39 	223 	224 
008217 	115 	53 	187 	187 
008218 	115 	33 	187 	187 
008219 	115 	33 	187 	187 
008220 	115 	53 	187 	187 
008221 	115 	53 	187 	187 
008222 	115 	53 	187 	187 
008223 	115 	53 	187 	187 
008224 	115 	53 	187 	187 
008225 	113 	15 	224 	224 
008226 	113 	15 	224 	224 
008227 	115 	53 	187 	187 
008228 	115 	53 	187 	187 
008229 	115 	53 	187 	187 
008230 	115 	53 	187 	187 
008231 	115 	53 	187 	187 
008232 	89 	39 	223 	224 
008233 	89 	39 	223 	224 
008234 	89 	39 	223 	224 
008235 	89 	39 	223 	224 
008236 	89 	39 	223 	224 
008237 	89 	39 	223 	224 
008238 	89 	39 	223 	224 
008239 	89 	39 	223 	224 
008240 	89 	39 	223 	224 
008241 	89 	39 	223 	224 
008242 	89 	39 	223 	224 
008243 	89 	39 	223 	224 
008244 	115 	74 	187 	187 
008245 	115 	74 	187 	187 
008246 	115 	53 	187 	187 
008247 	115 	53 	187 	187 
008248 	115 	53 	187 	187 
008249 	115 	53 	187 	187 
008250 	115 	53 	187 	187 
008251 	115 	74 	187 	187 
008252 	115 	74 	187 	187 
008253 	115 	74 	187 	187 
008254 	115 	74 	187 	187 
008255 	115 	74 	187 	187 
008256 	115 	53 	187 	187 
008257 	115 	53 	187 	187 
008258 	115 	53 	187 	187 
008259 	113 	39 	224 	224 
008260 	135 	74 	187 	187 
008261 	135 	74 	187 	187 
008262 	113 	39 	224 	224 
008263 	113 	39 	224 	224 
008264 	113 	39 	224 	224 
008265 	113 	39 	224 	224 
008266 	115 	53 	187 	187 
008267 	115 	53 	187 	187 
008268 	115 	53 	187 	187 
008269 	89 	39 	223 	224 
008270 	94 	53 	187 	187 
008271 	64 	39 	224 	224 
008272 	64 	39 	224 	224 
008273 	64 	39 	224 	224 
008274 	74 	53 	186 	187 
008275 	64 	39 	224 	224 
008276 	74 	53 	186 	187 
008277 	74 	74 	186 	187 
008278 	74 	74 	186 	187 
008279 	74 	74 	186 	187 
008280 	74 	74 	186 	187 
008281 	74 	74 	186 	187 
008282 	74 	74 	186 	187 
008283 	74 	74 	186 	187 
