Identity  : 	id10847
Reference : 	en4anTlXsQg
Offset    : 	-3
FV Conf   : 	23.970
ASD Conf  : 	7.234

FRAME 	X 	Y 	W 	H 
001264 	105 	135 	90 	90 
001265 	105 	135 	90 	90 
001266 	105 	135 	90 	90 
001267 	105 	135 	90 	90 
001268 	105 	135 	90 	90 
001269 	105 	135 	90 	90 
001270 	105 	135 	90 	90 
001271 	105 	135 	90 	90 
001272 	105 	135 	90 	90 
001273 	105 	135 	90 	90 
001274 	105 	135 	90 	90 
001275 	105 	135 	90 	90 
001276 	105 	135 	90 	90 
001277 	102 	126 	108 	109 
001278 	102 	126 	108 	109 
001279 	102 	126 	108 	109 
001280 	102 	126 	108 	109 
001281 	102 	126 	108 	109 
001282 	102 	126 	108 	109 
001283 	102 	126 	108 	109 
001284 	102 	126 	108 	109 
001285 	102 	126 	108 	109 
001286 	114 	135 	91 	90 
001287 	114 	135 	91 	90 
001288 	114 	135 	91 	90 
001289 	114 	126 	108 	109 
001290 	114 	126 	108 	109 
001291 	114 	126 	108 	109 
001292 	114 	126 	108 	109 
001293 	114 	126 	108 	109 
001294 	114 	126 	108 	109 
001295 	114 	126 	108 	109 
001296 	114 	126 	108 	109 
001297 	114 	126 	108 	109 
001298 	114 	126 	108 	109 
001299 	114 	126 	108 	109 
001300 	114 	126 	108 	109 
001301 	114 	126 	108 	109 
001302 	114 	126 	108 	109 
001303 	114 	126 	108 	109 
001304 	114 	126 	108 	109 
001305 	114 	126 	108 	109 
001306 	114 	126 	108 	109 
001307 	114 	126 	108 	109 
001308 	114 	126 	108 	109 
001309 	114 	126 	108 	109 
001310 	114 	126 	108 	109 
001311 	114 	126 	108 	109 
001312 	114 	126 	108 	109 
001313 	114 	135 	91 	90 
001314 	114 	135 	91 	90 
001315 	114 	135 	91 	90 
001316 	102 	126 	108 	109 
001317 	102 	126 	108 	109 
001318 	102 	126 	108 	109 
001319 	102 	126 	108 	109 
001320 	102 	126 	108 	109 
001321 	102 	126 	108 	109 
001322 	102 	126 	108 	109 
001323 	102 	126 	108 	109 
001324 	102 	126 	108 	109 
001325 	102 	126 	108 	109 
001326 	102 	126 	108 	109 
001327 	102 	126 	108 	109 
001328 	102 	126 	108 	109 
001329 	102 	126 	108 	109 
001330 	102 	126 	108 	109 
001331 	102 	126 	108 	109 
001332 	105 	135 	90 	90 
001333 	105 	135 	90 	90 
001334 	105 	135 	90 	90 
001335 	105 	135 	90 	90 
001336 	105 	135 	90 	90 
001337 	102 	126 	108 	109 
001338 	102 	126 	108 	109 
001339 	102 	126 	108 	109 
001340 	102 	126 	108 	109 
001341 	102 	126 	108 	109 
001342 	102 	126 	108 	109 
001343 	102 	126 	108 	109 
001344 	102 	126 	108 	109 
001345 	102 	126 	108 	109 
001346 	102 	126 	108 	109 
001347 	102 	126 	108 	109 
001348 	102 	126 	108 	109 
001349 	102 	126 	108 	109 
001350 	102 	126 	108 	109 
001351 	102 	126 	108 	109 
001352 	102 	126 	108 	109 
001353 	102 	126 	108 	109 
001354 	102 	126 	108 	109 
001355 	102 	126 	108 	109 
001356 	102 	126 	108 	109 
001357 	102 	126 	108 	109 
001358 	102 	126 	108 	109 
001359 	102 	126 	108 	109 
001360 	102 	126 	108 	109 
001361 	102 	126 	108 	109 
001362 	102 	126 	108 	109 
001363 	102 	126 	108 	109 
001364 	102 	126 	108 	109 
001365 	102 	126 	108 	109 
001366 	102 	126 	108 	109 
001367 	102 	126 	108 	109 
001368 	102 	126 	108 	109 
001369 	102 	126 	108 	109 
001370 	102 	126 	108 	109 
001371 	102 	126 	108 	109 
001372 	102 	126 	108 	109 
001373 	102 	126 	108 	109 
001374 	102 	126 	108 	109 
001375 	102 	126 	108 	109 
001376 	102 	126 	108 	109 
001377 	102 	126 	108 	109 
