Identity  : 	id11152
Reference : 	83HaBsNrtlE
Offset    : 	-1
FV Conf   : 	13.264
ASD Conf  : 	7.219

FRAME 	X 	Y 	W 	H 
005084 	180 	23 	130 	130 
005085 	164 	10 	156 	156 
005086 	165 	23 	130 	130 
005087 	165 	23 	130 	130 
005088 	165 	23 	130 	130 
005089 	165 	23 	130 	130 
005090 	165 	23 	130 	130 
005091 	165 	23 	130 	130 
005092 	165 	37 	130 	130 
005093 	165 	37 	130 	130 
005094 	165 	37 	130 	130 
005095 	165 	37 	130 	130 
005096 	180 	37 	130 	130 
005097 	180 	37 	130 	130 
005098 	164 	27 	156 	156 
005099 	180 	51 	130 	130 
005100 	180 	51 	130 	130 
005101 	164 	44 	156 	156 
005102 	165 	51 	130 	130 
005103 	165 	51 	130 	130 
005104 	165 	51 	130 	130 
005105 	165 	51 	130 	130 
005106 	165 	51 	130 	130 
005107 	165 	51 	130 	130 
005108 	165 	51 	130 	130 
005109 	165 	51 	130 	130 
005110 	165 	51 	130 	130 
005111 	165 	66 	130 	130 
005112 	180 	66 	130 	130 
005113 	180 	66 	130 	130 
005114 	180 	66 	130 	130 
005115 	180 	66 	130 	130 
005116 	180 	66 	130 	130 
005117 	180 	66 	130 	130 
005118 	180 	66 	130 	130 
005119 	180 	66 	130 	130 
005120 	180 	66 	130 	130 
005121 	180 	66 	130 	130 
005122 	180 	66 	130 	130 
005123 	180 	66 	130 	130 
005124 	180 	66 	130 	130 
005125 	180 	66 	130 	130 
005126 	180 	66 	130 	130 
005127 	180 	66 	130 	130 
005128 	180 	66 	130 	130 
005129 	180 	66 	130 	130 
005130 	180 	66 	130 	130 
005131 	194 	66 	130 	130 
005132 	194 	66 	130 	130 
005133 	194 	66 	130 	130 
005134 	194 	66 	130 	130 
005135 	194 	66 	130 	130 
005136 	194 	66 	130 	130 
005137 	194 	66 	130 	130 
005138 	194 	66 	130 	130 
005139 	194 	66 	130 	130 
005140 	194 	66 	130 	130 
005141 	194 	66 	130 	130 
005142 	194 	66 	130 	130 
005143 	194 	66 	130 	130 
005144 	194 	66 	130 	130 
005145 	194 	66 	130 	130 
005146 	194 	66 	130 	130 
005147 	194 	66 	130 	130 
005148 	194 	66 	130 	130 
005149 	194 	66 	130 	130 
005150 	194 	66 	130 	130 
005151 	194 	66 	130 	130 
005152 	194 	66 	130 	130 
005153 	194 	66 	130 	130 
005154 	194 	66 	130 	130 
005155 	194 	66 	130 	130 
005156 	194 	66 	130 	130 
005157 	194 	66 	130 	130 
005158 	194 	66 	130 	130 
005159 	194 	66 	130 	130 
005160 	194 	66 	130 	130 
005161 	194 	66 	130 	130 
005162 	194 	66 	130 	130 
005163 	194 	66 	130 	130 
005164 	194 	66 	130 	130 
005165 	194 	66 	130 	130 
005166 	194 	66 	130 	130 
005167 	194 	66 	130 	130 
005168 	194 	66 	130 	130 
005169 	194 	66 	130 	130 
005170 	194 	66 	130 	130 
005171 	194 	66 	130 	130 
005172 	194 	66 	130 	130 
005173 	194 	66 	130 	130 
005174 	194 	66 	130 	130 
005175 	194 	66 	130 	130 
005176 	194 	66 	130 	130 
005177 	194 	66 	130 	130 
005178 	194 	66 	130 	130 
005179 	194 	66 	130 	130 
005180 	194 	66 	130 	130 
005181 	194 	66 	130 	130 
005182 	194 	66 	130 	130 
005183 	194 	66 	130 	130 
005184 	194 	66 	130 	130 
005185 	194 	66 	130 	130 
005186 	194 	66 	130 	130 
005187 	194 	66 	130 	130 
005188 	194 	66 	130 	130 
005189 	194 	66 	130 	130 
005190 	194 	66 	130 	130 
005191 	194 	66 	130 	130 
005192 	194 	66 	130 	130 
005193 	194 	66 	130 	130 
005194 	194 	66 	130 	130 
005195 	194 	66 	130 	130 
005196 	194 	66 	130 	130 
005197 	194 	66 	130 	130 
005198 	194 	66 	130 	130 
005199 	194 	66 	130 	130 
005200 	194 	66 	130 	130 
005201 	194 	66 	130 	130 
005202 	194 	66 	130 	130 
005203 	194 	66 	130 	130 
005204 	194 	66 	130 	130 
005205 	194 	66 	130 	130 
005206 	194 	66 	130 	130 
005207 	194 	66 	130 	130 
005208 	194 	66 	130 	130 
005209 	194 	66 	130 	130 
005210 	194 	51 	130 	130 
005211 	194 	66 	130 	130 
005212 	194 	51 	130 	130 
005213 	194 	51 	130 	130 
005214 	194 	51 	130 	130 
005215 	194 	51 	130 	130 
005216 	194 	51 	130 	130 
005217 	194 	51 	130 	130 
005218 	194 	37 	130 	130 
005219 	194 	37 	130 	130 
005220 	194 	37 	130 	130 
005221 	194 	51 	130 	130 
005222 	194 	51 	130 	130 
005223 	194 	37 	130 	130 
005224 	194 	51 	130 	130 
005225 	194 	51 	130 	130 
005226 	194 	51 	130 	130 
005227 	194 	51 	130 	130 
005228 	194 	51 	130 	130 
005229 	194 	51 	130 	130 
005230 	194 	51 	130 	130 
005231 	194 	51 	130 	130 
005232 	194 	51 	130 	130 
005233 	180 	51 	130 	130 
005234 	180 	51 	130 	130 
005235 	180 	51 	130 	130 
005236 	180 	37 	130 	130 
005237 	180 	37 	130 	130 
005238 	180 	37 	130 	130 
005239 	180 	37 	130 	130 
005240 	180 	37 	130 	130 
005241 	180 	37 	130 	130 
005242 	180 	37 	130 	130 
005243 	165 	37 	130 	130 
005244 	165 	37 	130 	130 
005245 	165 	37 	130 	130 
005246 	165 	37 	130 	130 
005247 	165 	37 	130 	130 
005248 	165 	37 	130 	130 
005249 	151 	37 	130 	130 
005250 	151 	37 	130 	130 
005251 	151 	37 	130 	130 
005252 	151 	37 	130 	130 
005253 	151 	37 	130 	130 
005254 	151 	37 	130 	130 
005255 	151 	37 	130 	130 
005256 	165 	37 	130 	130 
005257 	165 	37 	130 	130 
005258 	165 	37 	130 	130 
005259 	180 	37 	130 	130 
005260 	180 	37 	130 	130 
005261 	165 	37 	130 	130 
005262 	165 	37 	130 	130 
005263 	165 	51 	130 	130 
005264 	165 	51 	130 	130 
005265 	151 	37 	130 	130 
005266 	151 	37 	130 	130 
005267 	151 	37 	130 	130 
005268 	151 	23 	130 	130 
005269 	151 	23 	130 	130 
005270 	137 	23 	130 	130 
