Identity  : 	id10148
Reference : 	kAWKMbrTZ3c
Offset    : 	1
FV Conf   : 	17.794
ASD Conf  : 	8.403

FRAME 	X 	Y 	W 	H 
006671 	197 	78 	109 	109 
006672 	197 	78 	109 	109 
006673 	197 	78 	109 	109 
006674 	197 	78 	109 	109 
006675 	197 	78 	109 	109 
006676 	197 	78 	109 	109 
006677 	197 	78 	109 	109 
006678 	197 	78 	109 	109 
006679 	197 	78 	109 	109 
006680 	197 	78 	109 	109 
006681 	197 	78 	109 	109 
006682 	197 	78 	109 	109 
006683 	197 	78 	109 	109 
006684 	197 	78 	109 	109 
006685 	197 	78 	109 	109 
006686 	197 	78 	109 	109 
006687 	197 	78 	109 	109 
006688 	197 	78 	109 	109 
006689 	197 	78 	109 	109 
006690 	197 	90 	109 	109 
006691 	197 	90 	109 	109 
006692 	197 	90 	109 	109 
006693 	197 	90 	109 	109 
006694 	197 	90 	109 	109 
006695 	197 	90 	109 	109 
006696 	197 	90 	109 	109 
006697 	197 	90 	109 	109 
006698 	197 	90 	109 	109 
006699 	197 	90 	109 	109 
006700 	197 	90 	109 	109 
006701 	197 	90 	109 	109 
006702 	197 	90 	109 	109 
006703 	197 	90 	109 	109 
006704 	197 	90 	109 	109 
006705 	197 	90 	109 	109 
006706 	197 	90 	109 	109 
006707 	197 	90 	109 	109 
006708 	197 	90 	109 	109 
006709 	197 	90 	109 	109 
006710 	197 	90 	109 	109 
006711 	197 	90 	109 	109 
006712 	197 	90 	109 	109 
006713 	197 	90 	109 	109 
006714 	197 	90 	109 	109 
006715 	197 	78 	109 	109 
006716 	204 	85 	91 	91 
006717 	197 	90 	109 	109 
006718 	197 	90 	109 	109 
006719 	197 	90 	109 	109 
006720 	197 	90 	109 	109 
006721 	197 	90 	109 	109 
006722 	197 	90 	109 	109 
006723 	197 	90 	109 	109 
006724 	197 	90 	109 	109 
006725 	197 	90 	109 	109 
006726 	197 	90 	109 	109 
006727 	197 	90 	109 	109 
006728 	197 	90 	109 	109 
006729 	197 	90 	109 	109 
006730 	197 	90 	109 	109 
006731 	197 	90 	109 	109 
006732 	197 	90 	109 	109 
006733 	197 	90 	109 	109 
006734 	197 	90 	109 	109 
006735 	197 	90 	109 	109 
006736 	197 	90 	109 	109 
006737 	197 	90 	109 	109 
006738 	197 	90 	109 	109 
006739 	197 	90 	109 	109 
006740 	197 	90 	109 	109 
006741 	197 	90 	109 	109 
006742 	197 	90 	109 	109 
006743 	197 	90 	109 	109 
006744 	197 	90 	109 	109 
006745 	197 	90 	109 	109 
006746 	197 	90 	109 	109 
006747 	197 	90 	109 	109 
006748 	197 	90 	109 	109 
006749 	197 	90 	109 	109 
006750 	197 	90 	109 	109 
006751 	197 	90 	109 	109 
006752 	197 	90 	109 	109 
006753 	197 	90 	109 	109 
006754 	197 	90 	109 	109 
006755 	197 	90 	109 	109 
006756 	197 	90 	109 	109 
006757 	197 	90 	109 	109 
006758 	197 	90 	109 	109 
006759 	197 	90 	109 	109 
006760 	197 	90 	109 	109 
006761 	197 	90 	109 	109 
006762 	180 	80 	130 	130 
006763 	180 	80 	130 	130 
006764 	185 	90 	109 	109 
006765 	185 	90 	109 	109 
006766 	185 	90 	109 	109 
006767 	185 	90 	109 	109 
006768 	185 	90 	109 	109 
006769 	185 	90 	109 	109 
006770 	185 	90 	109 	109 
006771 	185 	90 	109 	109 
006772 	185 	90 	109 	109 
006773 	165 	80 	130 	130 
006774 	165 	80 	130 	130 
006775 	165 	80 	130 	130 
006776 	165 	80 	130 	130 
006777 	165 	80 	130 	130 
006778 	165 	80 	130 	130 
006779 	165 	80 	130 	130 
006780 	185 	78 	109 	109 
006781 	185 	78 	109 	109 
006782 	185 	78 	109 	109 
006783 	185 	78 	109 	109 
006784 	185 	78 	109 	109 
006785 	185 	78 	109 	109 
006786 	185 	78 	109 	109 
006787 	185 	78 	109 	109 
006788 	185 	78 	109 	109 
006789 	180 	80 	130 	130 
006790 	197 	78 	109 	109 
006791 	197 	78 	109 	109 
006792 	197 	78 	109 	109 
006793 	197 	78 	109 	109 
006794 	197 	78 	109 	109 
006795 	197 	78 	109 	109 
006796 	197 	78 	109 	109 
006797 	197 	78 	109 	109 
006798 	197 	78 	109 	109 
006799 	197 	78 	109 	109 
006800 	197 	78 	109 	109 
006801 	197 	78 	109 	109 
006802 	197 	78 	109 	109 
