Identity  : 	id10841
Reference : 	Gw11Jp8UoA0
Offset    : 	4
FV Conf   : 	15.455
ASD Conf  : 	7.003

FRAME 	X 	Y 	W 	H 
007355 	257 	78 	109 	109 
007356 	257 	78 	109 	109 
007357 	257 	78 	109 	109 
007358 	257 	78 	109 	109 
007359 	257 	78 	109 	109 
007360 	257 	78 	109 	109 
007361 	257 	78 	109 	109 
007362 	257 	78 	109 	109 
007363 	257 	78 	109 	109 
007364 	257 	78 	109 	109 
007365 	245 	78 	109 	109 
007366 	245 	78 	109 	109 
007367 	245 	78 	109 	109 
007368 	245 	78 	109 	109 
007369 	245 	78 	109 	109 
007370 	245 	78 	109 	109 
007371 	245 	78 	109 	109 
007372 	245 	78 	109 	109 
007373 	245 	78 	109 	109 
007374 	245 	78 	109 	109 
007375 	245 	78 	109 	109 
007376 	245 	78 	109 	109 
007377 	245 	78 	109 	109 
007378 	245 	78 	109 	109 
007379 	257 	78 	109 	109 
007380 	257 	78 	109 	109 
007381 	257 	78 	109 	109 
007382 	257 	78 	109 	109 
007383 	257 	78 	109 	109 
007384 	257 	78 	109 	109 
007385 	257 	78 	109 	109 
007386 	257 	78 	109 	109 
007387 	257 	78 	109 	109 
007388 	257 	78 	109 	109 
007389 	257 	78 	109 	109 
007390 	257 	78 	109 	109 
007391 	257 	78 	109 	109 
007392 	257 	78 	109 	109 
007393 	257 	78 	109 	109 
007394 	257 	78 	109 	109 
007395 	257 	78 	109 	109 
007396 	257 	78 	109 	109 
007397 	257 	78 	109 	109 
007398 	257 	78 	109 	109 
007399 	257 	78 	109 	109 
007400 	257 	78 	109 	109 
007401 	257 	78 	109 	109 
007402 	257 	78 	109 	109 
007403 	257 	78 	109 	109 
007404 	257 	78 	109 	109 
007405 	257 	78 	109 	109 
007406 	257 	78 	109 	109 
007407 	251 	80 	130 	130 
007408 	251 	80 	130 	130 
007409 	251 	80 	130 	130 
007410 	251 	80 	130 	130 
007411 	251 	80 	130 	130 
007412 	251 	80 	130 	130 
007413 	251 	80 	130 	130 
007414 	251 	80 	130 	130 
007415 	251 	80 	130 	130 
007416 	251 	80 	130 	130 
007417 	251 	80 	130 	130 
007418 	251 	80 	130 	130 
007419 	251 	80 	130 	130 
007420 	251 	80 	130 	130 
007421 	251 	80 	130 	130 
007422 	251 	80 	130 	130 
007423 	251 	80 	130 	130 
007424 	251 	80 	130 	130 
007425 	251 	80 	130 	130 
007426 	251 	80 	130 	130 
007427 	251 	80 	130 	130 
007428 	251 	80 	130 	130 
007429 	251 	80 	130 	130 
007430 	251 	80 	130 	130 
007431 	251 	80 	130 	130 
007432 	251 	80 	130 	130 
007433 	251 	80 	130 	130 
007434 	251 	80 	130 	130 
007435 	251 	80 	130 	130 
007436 	257 	90 	109 	109 
007437 	251 	80 	130 	130 
007438 	251 	80 	130 	130 
007439 	251 	80 	130 	130 
007440 	251 	80 	130 	130 
007441 	251 	80 	130 	130 
007442 	251 	80 	130 	130 
007443 	251 	80 	130 	130 
007444 	251 	80 	130 	130 
007445 	251 	80 	130 	130 
007446 	251 	80 	130 	130 
007447 	269 	90 	108 	109 
007448 	269 	90 	108 	109 
007449 	269 	90 	108 	109 
007450 	269 	90 	108 	109 
007451 	251 	80 	130 	130 
007452 	251 	80 	130 	130 
007453 	251 	80 	130 	130 
007454 	251 	80 	130 	130 
007455 	251 	80 	130 	130 
007456 	251 	80 	130 	130 
007457 	251 	80 	130 	130 
007458 	251 	80 	130 	130 
007459 	251 	80 	130 	130 
007460 	251 	80 	130 	130 
007461 	251 	80 	130 	130 
007462 	251 	80 	130 	130 
007463 	251 	80 	130 	130 
007464 	251 	80 	130 	130 
007465 	251 	80 	130 	130 
007466 	251 	80 	130 	130 
007467 	251 	80 	130 	130 
007468 	251 	80 	130 	130 
007469 	251 	80 	130 	130 
007470 	251 	80 	130 	130 
007471 	251 	80 	130 	130 
007472 	251 	80 	130 	130 
007473 	251 	80 	130 	130 
007474 	251 	80 	130 	130 
007475 	251 	80 	130 	130 
