Identity  : 	id11022
Reference : 	SSpj64fSA5g
Offset    : 	-1
FV Conf   : 	19.625
ASD Conf  : 	6.226

FRAME 	X 	Y 	W 	H 
002458 	194 	66 	130 	130 
002459 	194 	66 	130 	130 
002460 	194 	66 	130 	130 
002461 	194 	66 	130 	130 
002462 	194 	66 	130 	130 
002463 	194 	66 	130 	130 
002464 	194 	66 	130 	130 
002465 	194 	51 	130 	130 
002466 	194 	51 	130 	130 
002467 	194 	51 	130 	130 
002468 	194 	51 	130 	130 
002469 	194 	51 	130 	130 
002470 	194 	66 	130 	130 
002471 	194 	66 	130 	130 
002472 	194 	66 	130 	130 
002473 	194 	66 	130 	130 
002474 	194 	66 	130 	130 
002475 	194 	51 	130 	130 
002476 	194 	51 	130 	130 
002477 	181 	44 	156 	156 
002478 	194 	51 	130 	130 
002479 	180 	51 	130 	130 
002480 	180 	51 	130 	130 
002481 	164 	27 	156 	156 
002482 	180 	37 	130 	130 
002483 	180 	37 	130 	130 
002484 	180 	37 	130 	130 
002485 	194 	51 	130 	130 
002486 	194 	51 	130 	130 
002487 	194 	51 	130 	130 
002488 	208 	51 	130 	130 
002489 	208 	51 	130 	130 
002490 	208 	66 	130 	130 
002491 	208 	66 	130 	130 
002492 	223 	66 	130 	130 
002493 	223 	66 	130 	130 
002494 	223 	66 	130 	130 
002495 	223 	51 	130 	130 
002496 	223 	51 	130 	130 
002497 	208 	51 	130 	130 
002498 	208 	51 	130 	130 
002499 	208 	51 	130 	130 
002500 	194 	51 	130 	130 
002501 	194 	51 	130 	130 
002502 	194 	51 	130 	130 
002503 	208 	51 	130 	130 
002504 	208 	51 	130 	130 
002505 	208 	51 	130 	130 
002506 	208 	51 	130 	130 
002507 	194 	51 	130 	130 
002508 	194 	51 	130 	130 
002509 	194 	51 	130 	130 
002510 	194 	51 	130 	130 
002511 	194 	51 	130 	130 
002512 	194 	51 	130 	130 
002513 	194 	51 	130 	130 
002514 	194 	51 	130 	130 
002515 	208 	51 	130 	130 
002516 	208 	51 	130 	130 
002517 	208 	51 	130 	130 
002518 	208 	51 	130 	130 
002519 	208 	51 	130 	130 
002520 	194 	51 	130 	130 
002521 	194 	51 	130 	130 
002522 	194 	51 	130 	130 
002523 	194 	51 	130 	130 
002524 	194 	51 	130 	130 
002525 	208 	51 	130 	130 
002526 	208 	51 	130 	130 
002527 	208 	51 	130 	130 
002528 	208 	66 	130 	130 
002529 	208 	66 	130 	130 
002530 	194 	51 	130 	130 
002531 	194 	51 	130 	130 
002532 	194 	51 	130 	130 
002533 	194 	51 	130 	130 
002534 	194 	51 	130 	130 
002535 	194 	66 	130 	130 
002536 	194 	66 	130 	130 
002537 	194 	66 	130 	130 
002538 	194 	66 	130 	130 
002539 	194 	66 	130 	130 
002540 	180 	66 	130 	130 
002541 	180 	51 	130 	130 
002542 	180 	51 	130 	130 
002543 	165 	51 	130 	130 
002544 	165 	51 	130 	130 
002545 	147 	44 	156 	156 
002546 	147 	44 	156 	156 
002547 	147 	44 	156 	156 
002548 	165 	51 	130 	130 
002549 	147 	44 	156 	156 
002550 	147 	44 	156 	156 
002551 	147 	44 	156 	156 
002552 	147 	44 	156 	156 
002553 	165 	51 	130 	130 
002554 	164 	27 	156 	156 
002555 	180 	51 	130 	130 
002556 	194 	51 	130 	130 
002557 	194 	51 	130 	130 
002558 	180 	51 	130 	130 
002559 	180 	51 	130 	130 
002560 	180 	51 	130 	130 
002561 	180 	51 	130 	130 
002562 	180 	51 	130 	130 
002563 	180 	51 	130 	130 
002564 	180 	51 	130 	130 
002565 	180 	51 	130 	130 
002566 	180 	51 	130 	130 
002567 	180 	51 	130 	130 
002568 	194 	51 	130 	130 
002569 	194 	51 	130 	130 
002570 	194 	51 	130 	130 
002571 	194 	51 	130 	130 
002572 	194 	51 	130 	130 
002573 	194 	51 	130 	130 
002574 	194 	51 	130 	130 
002575 	194 	51 	130 	130 
002576 	194 	51 	130 	130 
002577 	194 	51 	130 	130 
002578 	194 	51 	130 	130 
002579 	194 	51 	130 	130 
002580 	194 	51 	130 	130 
002581 	194 	51 	130 	130 
002582 	194 	51 	130 	130 
002583 	194 	51 	130 	130 
002584 	180 	66 	130 	130 
002585 	180 	66 	130 	130 
002586 	180 	66 	130 	130 
002587 	180 	80 	130 	130 
002588 	180 	80 	130 	130 
002589 	180 	80 	130 	130 
002590 	180 	80 	130 	130 
002591 	180 	80 	130 	130 
002592 	180 	80 	130 	130 
002593 	181 	62 	156 	155 
002594 	180 	66 	130 	130 
002595 	194 	66 	130 	130 
002596 	194 	66 	130 	130 
002597 	194 	66 	130 	130 
002598 	194 	80 	130 	130 
002599 	194 	80 	130 	130 
002600 	208 	94 	130 	130 
002601 	208 	94 	130 	130 
002602 	208 	94 	130 	130 
002603 	208 	80 	130 	130 
002604 	208 	80 	130 	130 
002605 	208 	80 	130 	130 
002606 	208 	80 	130 	130 
002607 	208 	80 	130 	130 
002608 	208 	80 	130 	130 
002609 	208 	94 	130 	130 
002610 	208 	94 	130 	130 
002611 	208 	94 	130 	130 
002612 	208 	94 	130 	130 
002613 	208 	94 	130 	130 
002614 	208 	94 	130 	130 
002615 	208 	94 	130 	130 
002616 	208 	94 	130 	130 
002617 	208 	94 	130 	130 
002618 	208 	94 	130 	130 
002619 	208 	94 	130 	130 
002620 	208 	94 	130 	130 
002621 	208 	80 	130 	130 
002622 	208 	80 	130 	130 
002623 	208 	80 	130 	130 
002624 	194 	80 	130 	130 
002625 	194 	80 	130 	130 
002626 	194 	80 	130 	130 
002627 	194 	80 	130 	130 
002628 	194 	80 	130 	130 
002629 	194 	80 	130 	130 
002630 	194 	80 	130 	130 
002631 	194 	66 	130 	130 
002632 	194 	66 	130 	130 
002633 	194 	66 	130 	130 
002634 	194 	66 	130 	130 
002635 	194 	66 	130 	130 
002636 	194 	51 	130 	130 
002637 	208 	66 	130 	130 
002638 	208 	66 	130 	130 
002639 	208 	51 	130 	130 
002640 	208 	51 	130 	130 
002641 	208 	51 	130 	130 
002642 	208 	37 	130 	130 
002643 	208 	37 	130 	130 
002644 	208 	37 	130 	130 
002645 	208 	37 	130 	130 
002646 	208 	51 	130 	130 
002647 	208 	51 	130 	130 
002648 	208 	51 	130 	130 
002649 	208 	51 	130 	130 
002650 	208 	51 	130 	130 
002651 	208 	51 	130 	130 
002652 	208 	51 	130 	130 
002653 	208 	51 	130 	130 
002654 	208 	51 	130 	130 
002655 	208 	51 	130 	130 
002656 	208 	51 	130 	130 
002657 	208 	51 	130 	130 
002658 	208 	51 	130 	130 
002659 	208 	51 	130 	130 
002660 	208 	66 	130 	130 
002661 	208 	66 	130 	130 
002662 	208 	80 	130 	130 
002663 	208 	80 	130 	130 
002664 	208 	80 	130 	130 
002665 	208 	80 	130 	130 
002666 	208 	94 	130 	130 
002667 	208 	94 	130 	130 
002668 	208 	94 	130 	130 
002669 	208 	94 	130 	130 
002670 	208 	94 	130 	130 
002671 	194 	94 	130 	130 
002672 	194 	94 	130 	130 
002673 	181 	79 	156 	156 
002674 	194 	80 	130 	130 
002675 	194 	80 	130 	130 
002676 	194 	80 	130 	130 
002677 	181 	62 	156 	155 
002678 	208 	66 	130 	130 
002679 	208 	66 	130 	130 
002680 	208 	66 	130 	130 
002681 	208 	66 	130 	130 
002682 	208 	66 	130 	130 
002683 	208 	66 	130 	130 
002684 	208 	51 	130 	130 
002685 	208 	51 	130 	130 
002686 	223 	51 	130 	130 
002687 	223 	51 	130 	130 
002688 	208 	37 	130 	130 
002689 	208 	37 	130 	130 
002690 	208 	37 	130 	130 
002691 	208 	37 	130 	130 
002692 	208 	37 	130 	130 
002693 	208 	37 	130 	130 
002694 	209 	43 	109 	108 
002695 	208 	37 	130 	130 
002696 	208 	37 	130 	130 
002697 	208 	37 	130 	130 
002698 	208 	37 	130 	130 
002699 	208 	37 	130 	130 
002700 	208 	37 	130 	130 
002701 	208 	37 	130 	130 
002702 	208 	51 	130 	130 
002703 	208 	51 	130 	130 
002704 	208 	51 	130 	130 
002705 	208 	51 	130 	130 
002706 	208 	66 	130 	130 
002707 	208 	66 	130 	130 
002708 	208 	66 	130 	130 
002709 	208 	66 	130 	130 
002710 	208 	66 	130 	130 
002711 	208 	80 	130 	130 
002712 	208 	80 	130 	130 
002713 	208 	80 	130 	130 
002714 	208 	80 	130 	130 
002715 	208 	80 	130 	130 
002716 	208 	80 	130 	130 
002717 	208 	66 	130 	130 
002718 	208 	66 	130 	130 
002719 	208 	66 	130 	130 
002720 	194 	66 	130 	130 
002721 	194 	51 	130 	130 
002722 	194 	51 	130 	130 
002723 	194 	51 	130 	130 
002724 	194 	51 	130 	130 
002725 	194 	66 	130 	130 
002726 	194 	66 	130 	130 
002727 	194 	66 	130 	130 
002728 	194 	66 	130 	130 
002729 	194 	66 	130 	130 
002730 	209 	78 	109 	109 
