Identity  : 	id11022
Reference : 	SSpj64fSA5g
Offset    : 	-1
FV Conf   : 	20.866
ASD Conf  : 	6.562

FRAME 	X 	Y 	W 	H 
001746 	165 	66 	130 	130 
001747 	165 	66 	130 	130 
001748 	165 	66 	130 	130 
001749 	165 	66 	130 	130 
001750 	165 	66 	130 	130 
001751 	165 	66 	130 	130 
001752 	165 	66 	130 	130 
001753 	165 	66 	130 	130 
001754 	165 	66 	130 	130 
001755 	165 	66 	130 	130 
001756 	165 	66 	130 	130 
001757 	180 	66 	130 	130 
001758 	180 	66 	130 	130 
001759 	180 	66 	130 	130 
001760 	180 	66 	130 	130 
001761 	180 	66 	130 	130 
001762 	194 	66 	130 	130 
001763 	194 	66 	130 	130 
001764 	194 	66 	130 	130 
001765 	194 	66 	130 	130 
001766 	194 	66 	130 	130 
001767 	194 	66 	130 	130 
001768 	194 	66 	130 	130 
001769 	194 	66 	130 	130 
001770 	194 	66 	130 	130 
001771 	194 	66 	130 	130 
001772 	208 	66 	130 	130 
001773 	199 	44 	155 	156 
001774 	199 	44 	155 	156 
001775 	208 	51 	130 	130 
001776 	208 	51 	130 	130 
001777 	208 	51 	130 	130 
001778 	208 	51 	130 	130 
001779 	208 	51 	130 	130 
001780 	208 	51 	130 	130 
001781 	194 	51 	130 	130 
001782 	194 	51 	130 	130 
001783 	194 	51 	130 	130 
001784 	194 	51 	130 	130 
001785 	194 	51 	130 	130 
001786 	194 	66 	130 	130 
001787 	194 	66 	130 	130 
001788 	194 	66 	130 	130 
001789 	180 	66 	130 	130 
001790 	180 	80 	130 	130 
001791 	180 	80 	130 	130 
001792 	180 	80 	130 	130 
001793 	180 	80 	130 	130 
001794 	180 	80 	130 	130 
001795 	180 	80 	130 	130 
001796 	180 	66 	130 	130 
001797 	180 	66 	130 	130 
001798 	180 	66 	130 	130 
001799 	180 	66 	130 	130 
001800 	180 	66 	130 	130 
001801 	194 	66 	130 	130 
001802 	194 	66 	130 	130 
001803 	194 	66 	130 	130 
001804 	194 	66 	130 	130 
001805 	194 	66 	130 	130 
001806 	197 	66 	109 	109 
001807 	197 	66 	109 	109 
001808 	180 	51 	130 	130 
001809 	180 	51 	130 	130 
001810 	180 	51 	130 	130 
001811 	180 	51 	130 	130 
001812 	180 	51 	130 	130 
001813 	180 	51 	130 	130 
001814 	180 	51 	130 	130 
001815 	180 	51 	130 	130 
001816 	180 	51 	130 	130 
001817 	180 	66 	130 	130 
001818 	180 	66 	130 	130 
001819 	180 	66 	130 	130 
001820 	194 	66 	130 	130 
001821 	194 	66 	130 	130 
001822 	194 	66 	130 	130 
001823 	181 	44 	156 	156 
001824 	194 	51 	130 	130 
001825 	194 	51 	130 	130 
001826 	194 	66 	130 	130 
001827 	194 	66 	130 	130 
001828 	194 	66 	130 	130 
001829 	194 	66 	130 	130 
001830 	194 	66 	130 	130 
001831 	194 	66 	130 	130 
001832 	194 	66 	130 	130 
001833 	194 	66 	130 	130 
001834 	194 	66 	130 	130 
001835 	194 	66 	130 	130 
001836 	194 	66 	130 	130 
001837 	194 	66 	130 	130 
001838 	194 	66 	130 	130 
001839 	194 	66 	130 	130 
001840 	194 	66 	130 	130 
001841 	208 	66 	130 	130 
001842 	208 	66 	130 	130 
001843 	208 	66 	130 	130 
001844 	223 	66 	130 	130 
001845 	223 	66 	130 	130 
001846 	223 	80 	130 	130 
001847 	223 	80 	130 	130 
001848 	223 	80 	130 	130 
001849 	223 	80 	130 	130 
001850 	223 	80 	130 	130 
001851 	223 	80 	130 	130 
001852 	216 	62 	156 	155 
001853 	223 	80 	130 	130 
001854 	223 	80 	130 	130 
001855 	223 	80 	130 	130 
001856 	237 	80 	130 	130 
001857 	216 	62 	156 	155 
001858 	223 	80 	130 	130 
001859 	223 	80 	130 	130 
001860 	216 	62 	156 	155 
001861 	223 	80 	130 	130 
001862 	208 	66 	130 	130 
001863 	199 	62 	155 	155 
001864 	208 	66 	130 	130 
001865 	208 	66 	130 	130 
001866 	208 	66 	130 	130 
001867 	208 	66 	130 	130 
001868 	194 	66 	130 	130 
001869 	194 	66 	130 	130 
001870 	194 	66 	130 	130 
001871 	208 	66 	130 	130 
001872 	208 	66 	130 	130 
001873 	208 	66 	130 	130 
001874 	199 	44 	155 	156 
001875 	199 	44 	155 	156 
001876 	199 	44 	155 	156 
001877 	199 	44 	155 	156 
001878 	199 	44 	155 	156 
001879 	199 	44 	155 	156 
001880 	199 	44 	155 	156 
001881 	199 	44 	155 	156 
001882 	199 	44 	155 	156 
001883 	199 	44 	155 	156 
001884 	199 	44 	155 	156 
001885 	199 	44 	155 	156 
001886 	199 	44 	155 	156 
001887 	199 	44 	155 	156 
001888 	208 	66 	130 	130 
001889 	208 	66 	130 	130 
001890 	208 	66 	130 	130 
001891 	199 	44 	155 	156 
001892 	199 	44 	155 	156 
001893 	199 	44 	155 	156 
001894 	199 	44 	155 	156 
001895 	199 	44 	155 	156 
001896 	199 	44 	155 	156 
001897 	199 	44 	155 	156 
001898 	199 	44 	155 	156 
001899 	199 	44 	155 	156 
001900 	199 	44 	155 	156 
001901 	199 	44 	155 	156 
001902 	199 	44 	155 	156 
001903 	199 	44 	155 	156 
001904 	199 	44 	155 	156 
001905 	199 	44 	155 	156 
001906 	199 	44 	155 	156 
001907 	199 	44 	155 	156 
001908 	199 	44 	155 	156 
001909 	199 	44 	155 	156 
001910 	199 	44 	155 	156 
001911 	199 	44 	155 	156 
001912 	208 	66 	130 	130 
001913 	208 	66 	130 	130 
001914 	208 	66 	130 	130 
001915 	208 	66 	130 	130 
001916 	208 	66 	130 	130 
001917 	208 	66 	130 	130 
001918 	208 	66 	130 	130 
001919 	208 	66 	130 	130 
001920 	199 	62 	155 	155 
001921 	199 	62 	155 	155 
001922 	208 	66 	130 	130 
001923 	199 	62 	155 	155 
001924 	199 	62 	155 	155 
001925 	208 	66 	130 	130 
001926 	199 	62 	155 	155 
001927 	208 	66 	130 	130 
001928 	208 	66 	130 	130 
001929 	208 	66 	130 	130 
001930 	208 	66 	130 	130 
001931 	208 	66 	130 	130 
001932 	208 	80 	130 	130 
001933 	181 	62 	156 	155 
001934 	194 	80 	130 	130 
001935 	194 	80 	130 	130 
001936 	194 	80 	130 	130 
001937 	181 	62 	156 	155 
001938 	181 	62 	156 	155 
001939 	194 	66 	130 	130 
001940 	194 	66 	130 	130 
001941 	194 	66 	130 	130 
001942 	181 	62 	156 	155 
001943 	181 	62 	156 	155 
001944 	181 	62 	156 	155 
001945 	181 	62 	156 	155 
001946 	194 	80 	130 	130 
001947 	194 	80 	130 	130 
001948 	181 	62 	156 	155 
001949 	181 	62 	156 	155 
001950 	181 	62 	156 	155 
001951 	181 	62 	156 	155 
001952 	181 	62 	156 	155 
001953 	181 	62 	156 	155 
001954 	181 	62 	156 	155 
001955 	181 	62 	156 	155 
001956 	181 	62 	156 	155 
001957 	194 	66 	130 	130 
001958 	194 	66 	130 	130 
001959 	208 	66 	130 	130 
001960 	208 	66 	130 	130 
001961 	208 	66 	130 	130 
001962 	208 	66 	130 	130 
001963 	194 	66 	130 	130 
001964 	194 	66 	130 	130 
001965 	194 	66 	130 	130 
001966 	194 	66 	130 	130 
001967 	208 	66 	130 	130 
001968 	208 	66 	130 	130 
001969 	208 	66 	130 	130 
001970 	208 	66 	130 	130 
001971 	208 	66 	130 	130 
001972 	208 	66 	130 	130 
001973 	208 	66 	130 	130 
001974 	208 	66 	130 	130 
001975 	208 	66 	130 	130 
001976 	208 	66 	130 	130 
001977 	208 	66 	130 	130 
001978 	208 	66 	130 	130 
001979 	208 	66 	130 	130 
001980 	208 	66 	130 	130 
001981 	208 	66 	130 	130 
001982 	208 	66 	130 	130 
001983 	208 	66 	130 	130 
001984 	208 	66 	130 	130 
001985 	208 	66 	130 	130 
001986 	208 	66 	130 	130 
001987 	208 	66 	130 	130 
001988 	208 	66 	130 	130 
001989 	208 	66 	130 	130 
001990 	208 	66 	130 	130 
001991 	208 	66 	130 	130 
001992 	208 	66 	130 	130 
001993 	208 	66 	130 	130 
001994 	208 	66 	130 	130 
001995 	208 	66 	130 	130 
001996 	208 	80 	130 	130 
001997 	181 	62 	156 	155 
001998 	194 	80 	130 	130 
001999 	194 	80 	130 	130 
002000 	194 	80 	130 	130 
002001 	194 	80 	130 	130 
002002 	194 	80 	130 	130 
002003 	180 	80 	130 	130 
002004 	180 	80 	130 	130 
