Identity  : 	id11022
Reference : 	SSpj64fSA5g
Offset    : 	-1
FV Conf   : 	19.625
ASD Conf  : 	7.135

FRAME 	X 	Y 	W 	H 
002319 	194 	66 	130 	130 
002320 	194 	66 	130 	130 
002321 	194 	66 	130 	130 
002322 	194 	66 	130 	130 
002323 	194 	66 	130 	130 
002324 	194 	66 	130 	130 
002325 	194 	51 	130 	130 
002326 	194 	51 	130 	130 
002327 	194 	51 	130 	130 
002328 	194 	51 	130 	130 
002329 	208 	66 	130 	130 
002330 	208 	66 	130 	130 
002331 	208 	66 	130 	130 
002332 	208 	66 	130 	130 
002333 	208 	66 	130 	130 
002334 	194 	66 	130 	130 
002335 	194 	66 	130 	130 
002336 	194 	66 	130 	130 
002337 	194 	66 	130 	130 
002338 	194 	66 	130 	130 
002339 	194 	51 	130 	130 
002340 	194 	51 	130 	130 
002341 	194 	51 	130 	130 
002342 	194 	51 	130 	130 
002343 	194 	51 	130 	130 
002344 	194 	51 	130 	130 
002345 	194 	51 	130 	130 
002346 	194 	66 	130 	130 
002347 	194 	66 	130 	130 
002348 	194 	66 	130 	130 
002349 	194 	66 	130 	130 
002350 	180 	66 	130 	130 
002351 	180 	80 	130 	130 
002352 	180 	80 	130 	130 
002353 	180 	80 	130 	130 
002354 	180 	80 	130 	130 
002355 	180 	80 	130 	130 
002356 	180 	80 	130 	130 
002357 	180 	80 	130 	130 
002358 	164 	79 	156 	156 
002359 	164 	79 	156 	156 
002360 	164 	79 	156 	156 
002361 	164 	79 	156 	156 
002362 	164 	79 	156 	156 
002363 	164 	79 	156 	156 
002364 	164 	79 	156 	156 
002365 	164 	79 	156 	156 
002366 	164 	79 	156 	156 
002367 	164 	62 	156 	155 
002368 	180 	80 	130 	130 
002369 	180 	80 	130 	130 
002370 	180 	80 	130 	130 
002371 	180 	80 	130 	130 
002372 	181 	62 	156 	155 
002373 	194 	66 	130 	130 
002374 	194 	66 	130 	130 
002375 	208 	66 	130 	130 
002376 	208 	66 	130 	130 
002377 	208 	66 	130 	130 
002378 	208 	66 	130 	130 
002379 	208 	66 	130 	130 
002380 	194 	66 	130 	130 
002381 	194 	66 	130 	130 
002382 	194 	66 	130 	130 
002383 	194 	66 	130 	130 
002384 	180 	66 	130 	130 
002385 	164 	44 	156 	156 
002386 	164 	44 	156 	156 
002387 	164 	44 	156 	156 
002388 	165 	51 	130 	130 
002389 	180 	51 	130 	130 
002390 	180 	51 	130 	130 
002391 	180 	51 	130 	130 
002392 	180 	51 	130 	130 
002393 	180 	51 	130 	130 
002394 	164 	44 	156 	156 
002395 	180 	51 	130 	130 
002396 	180 	66 	130 	130 
002397 	180 	66 	130 	130 
002398 	180 	66 	130 	130 
002399 	180 	66 	130 	130 
002400 	180 	66 	130 	130 
002401 	180 	66 	130 	130 
002402 	180 	66 	130 	130 
002403 	180 	66 	130 	130 
002404 	180 	80 	130 	130 
002405 	180 	80 	130 	130 
002406 	180 	80 	130 	130 
002407 	180 	80 	130 	130 
002408 	180 	80 	130 	130 
002409 	180 	80 	130 	130 
002410 	180 	80 	130 	130 
002411 	180 	66 	130 	130 
002412 	180 	66 	130 	130 
002413 	180 	66 	130 	130 
002414 	180 	66 	130 	130 
002415 	180 	66 	130 	130 
002416 	180 	66 	130 	130 
002417 	194 	66 	130 	130 
002418 	194 	66 	130 	130 
002419 	194 	66 	130 	130 
002420 	194 	66 	130 	130 
002421 	194 	66 	130 	130 
002422 	208 	66 	130 	130 
002423 	208 	66 	130 	130 
002424 	208 	66 	130 	130 
002425 	194 	51 	130 	130 
002426 	194 	51 	130 	130 
002427 	194 	51 	130 	130 
002428 	194 	51 	130 	130 
002429 	180 	51 	130 	130 
002430 	180 	51 	130 	130 
002431 	165 	51 	130 	130 
002432 	165 	51 	130 	130 
002433 	165 	51 	130 	130 
002434 	165 	51 	130 	130 
002435 	164 	44 	156 	156 
002436 	164 	44 	156 	156 
002437 	180 	66 	130 	130 
002438 	180 	66 	130 	130 
002439 	180 	66 	130 	130 
