Identity  : 	id10533
Reference : 	AhpGjVuIjbU
Offset    : 	0
FV Conf   : 	11.905
ASD Conf  : 	5.947

FRAME 	X 	Y 	W 	H 
004611 	185 	78 	109 	109 
004612 	185 	78 	109 	109 
004613 	185 	78 	109 	109 
004614 	185 	78 	109 	109 
004615 	185 	78 	109 	109 
004616 	185 	78 	109 	109 
004617 	165 	66 	130 	130 
004618 	165 	66 	130 	130 
004619 	165 	66 	130 	130 
004620 	165 	66 	130 	130 
004621 	165 	66 	130 	130 
004622 	165 	66 	130 	130 
004623 	165 	66 	130 	130 
004624 	165 	66 	130 	130 
004625 	165 	66 	130 	130 
004626 	165 	66 	130 	130 
004627 	165 	66 	130 	130 
004628 	165 	66 	130 	130 
004629 	165 	66 	130 	130 
004630 	165 	66 	130 	130 
004631 	165 	66 	130 	130 
004632 	165 	66 	130 	130 
004633 	165 	66 	130 	130 
004634 	165 	66 	130 	130 
004635 	165 	66 	130 	130 
004636 	165 	66 	130 	130 
004637 	165 	66 	130 	130 
004638 	165 	66 	130 	130 
004639 	165 	66 	130 	130 
004640 	165 	66 	130 	130 
004641 	165 	66 	130 	130 
004642 	165 	66 	130 	130 
004643 	165 	66 	130 	130 
004644 	185 	78 	109 	109 
004645 	185 	78 	109 	109 
004646 	185 	78 	109 	109 
004647 	185 	78 	109 	109 
004648 	185 	90 	109 	109 
004649 	185 	90 	109 	109 
004650 	185 	90 	109 	109 
004651 	185 	78 	109 	109 
004652 	185 	78 	109 	109 
004653 	185 	78 	109 	109 
004654 	180 	80 	130 	130 
004655 	180 	80 	130 	130 
004656 	180 	80 	130 	130 
004657 	180 	80 	130 	130 
004658 	180 	80 	130 	130 
004659 	180 	80 	130 	130 
004660 	180 	80 	130 	130 
004661 	185 	78 	109 	109 
004662 	185 	78 	109 	109 
004663 	185 	78 	109 	109 
004664 	185 	78 	109 	109 
004665 	185 	78 	109 	109 
004666 	185 	78 	109 	109 
004667 	185 	78 	109 	109 
004668 	185 	78 	109 	109 
004669 	185 	78 	109 	109 
004670 	185 	78 	109 	109 
004671 	185 	78 	109 	109 
004672 	185 	78 	109 	109 
004673 	185 	78 	109 	109 
004674 	185 	78 	109 	109 
004675 	185 	78 	109 	109 
004676 	185 	78 	109 	109 
004677 	185 	78 	109 	109 
004678 	185 	78 	109 	109 
004679 	185 	78 	109 	109 
004680 	185 	78 	109 	109 
004681 	185 	78 	109 	109 
004682 	185 	78 	109 	109 
004683 	185 	78 	109 	109 
004684 	185 	78 	109 	109 
004685 	185 	78 	109 	109 
004686 	185 	78 	109 	109 
004687 	185 	78 	109 	109 
004688 	180 	80 	130 	130 
004689 	185 	78 	109 	109 
004690 	180 	80 	130 	130 
004691 	180 	80 	130 	130 
004692 	180 	80 	130 	130 
004693 	180 	80 	130 	130 
004694 	180 	80 	130 	130 
004695 	180 	80 	130 	130 
004696 	180 	80 	130 	130 
004697 	197 	90 	109 	109 
004698 	197 	90 	109 	109 
004699 	197 	90 	109 	109 
004700 	197 	90 	109 	109 
004701 	197 	102 	109 	109 
004702 	197 	102 	109 	109 
004703 	197 	102 	109 	109 
004704 	197 	102 	109 	109 
004705 	197 	102 	109 	109 
004706 	197 	102 	109 	109 
004707 	197 	102 	109 	109 
004708 	197 	90 	109 	109 
004709 	197 	90 	109 	109 
004710 	197 	90 	109 	109 
004711 	197 	78 	109 	109 
004712 	197 	78 	109 	109 
004713 	197 	78 	109 	109 
004714 	197 	78 	109 	109 
004715 	197 	78 	109 	109 
004716 	197 	78 	109 	109 
004717 	197 	78 	109 	109 
004718 	194 	66 	130 	130 
004719 	194 	66 	130 	130 
004720 	209 	66 	109 	109 
004721 	209 	66 	109 	109 
004722 	209 	66 	109 	109 
004723 	209 	66 	109 	109 
004724 	209 	66 	109 	109 
004725 	209 	78 	109 	109 
004726 	209 	78 	109 	109 
004727 	209 	78 	109 	109 
004728 	209 	78 	109 	109 
004729 	209 	78 	109 	109 
004730 	209 	78 	109 	109 
004731 	194 	66 	130 	130 
004732 	194 	66 	130 	130 
004733 	194 	66 	130 	130 
004734 	194 	66 	130 	130 
004735 	194 	66 	130 	130 
004736 	194 	66 	130 	130 
