Identity  : 	id10104
Reference : 	QAnsfO-kKR4
Offset    : 	-2
FV Conf   : 	15.707
ASD Conf  : 	7.036

FRAME 	X 	Y 	W 	H 
000357 	218 	95 	187 	186 
000358 	218 	95 	187 	186 
000359 	218 	95 	187 	186 
000360 	218 	95 	187 	186 
000361 	218 	95 	187 	186 
000362 	218 	95 	187 	186 
000363 	218 	95 	187 	186 
000364 	212 	64 	224 	224 
000365 	212 	64 	224 	224 
000366 	212 	64 	224 	224 
000367 	212 	64 	224 	224 
000368 	212 	64 	224 	224 
000369 	239 	74 	186 	187 
000370 	239 	74 	186 	187 
000371 	239 	95 	186 	186 
000372 	239 	95 	186 	186 
000373 	239 	95 	186 	186 
000374 	239 	95 	186 	186 
000375 	239 	74 	186 	187 
000376 	239 	95 	186 	186 
000377 	239 	95 	186 	186 
000378 	239 	95 	186 	186 
000379 	239 	95 	186 	186 
000380 	239 	95 	186 	186 
000381 	239 	95 	186 	186 
000382 	218 	95 	187 	186 
000383 	218 	95 	187 	186 
000384 	218 	95 	187 	186 
000385 	218 	95 	187 	186 
000386 	218 	95 	187 	186 
000387 	218 	95 	187 	186 
000388 	218 	95 	187 	186 
000389 	218 	95 	187 	186 
000390 	218 	95 	187 	186 
000391 	218 	95 	187 	186 
000392 	218 	95 	187 	186 
000393 	197 	95 	187 	186 
000394 	163 	64 	224 	224 
000395 	163 	64 	224 	224 
000396 	163 	64 	224 	224 
000397 	163 	64 	224 	224 
000398 	163 	64 	224 	224 
000399 	163 	64 	224 	224 
000400 	163 	64 	224 	224 
000401 	163 	64 	224 	224 
000402 	163 	64 	224 	224 
000403 	163 	64 	224 	224 
000404 	163 	64 	224 	224 
000405 	163 	64 	224 	224 
000406 	163 	64 	224 	224 
000407 	163 	64 	224 	224 
000408 	163 	64 	224 	224 
000409 	163 	64 	224 	224 
000410 	163 	64 	224 	224 
000411 	163 	64 	224 	224 
000412 	188 	64 	224 	224 
000413 	188 	64 	224 	224 
000414 	188 	64 	224 	224 
000415 	188 	64 	224 	224 
000416 	188 	64 	224 	224 
000417 	188 	64 	224 	224 
000418 	188 	64 	224 	224 
000419 	188 	64 	224 	224 
000420 	188 	64 	224 	224 
000421 	188 	64 	224 	224 
000422 	188 	64 	224 	224 
000423 	188 	64 	224 	224 
000424 	188 	64 	224 	224 
000425 	188 	64 	224 	224 
000426 	188 	64 	224 	224 
000427 	188 	64 	224 	224 
000428 	188 	64 	224 	224 
000429 	188 	64 	224 	224 
000430 	188 	64 	224 	224 
000431 	188 	64 	224 	224 
000432 	188 	64 	224 	224 
000433 	188 	64 	224 	224 
000434 	188 	64 	224 	224 
000435 	188 	64 	224 	224 
000436 	188 	64 	224 	224 
000437 	188 	64 	224 	224 
000438 	188 	64 	224 	224 
000439 	188 	64 	224 	224 
000440 	188 	64 	224 	224 
000441 	188 	64 	224 	224 
000442 	188 	64 	224 	224 
000443 	188 	64 	224 	224 
000444 	188 	64 	224 	224 
000445 	188 	64 	224 	224 
000446 	188 	64 	224 	224 
000447 	188 	64 	224 	224 
000448 	218 	95 	187 	186 
000449 	218 	95 	187 	186 
000450 	212 	89 	224 	224 
000451 	212 	89 	224 	224 
000452 	239 	95 	186 	186 
000453 	239 	95 	186 	186 
000454 	212 	89 	224 	224 
000455 	212 	89 	224 	224 
000456 	212 	89 	224 	224 
000457 	239 	95 	186 	186 
000458 	239 	95 	186 	186 
000459 	239 	95 	186 	186 
000460 	239 	95 	186 	186 
000461 	239 	95 	186 	186 
000462 	239 	95 	186 	186 
000463 	239 	95 	186 	186 
000464 	239 	95 	186 	186 
000465 	239 	95 	186 	186 
000466 	218 	95 	187 	186 
000467 	188 	64 	224 	224 
000468 	188 	64 	224 	224 
000469 	188 	64 	224 	224 
000470 	188 	64 	224 	224 
000471 	188 	64 	224 	224 
000472 	163 	64 	224 	224 
000473 	163 	64 	224 	224 
000474 	163 	64 	224 	224 
000475 	163 	64 	224 	224 
000476 	163 	64 	224 	224 
000477 	163 	64 	224 	224 
000478 	163 	64 	224 	224 
000479 	163 	64 	224 	224 
