Identity  : 	id10104
Reference : 	QAnsfO-kKR4
Offset    : 	-2
FV Conf   : 	16.330
ASD Conf  : 	5.774

FRAME 	X 	Y 	W 	H 
003124 	212 	64 	224 	224 
003125 	212 	64 	224 	224 
003126 	212 	64 	224 	224 
003127 	212 	64 	224 	224 
003128 	212 	64 	224 	224 
003129 	212 	64 	224 	224 
003130 	212 	64 	224 	224 
003131 	212 	64 	224 	224 
003132 	212 	64 	224 	224 
003133 	212 	64 	224 	224 
003134 	212 	64 	224 	224 
003135 	212 	64 	224 	224 
003136 	212 	64 	224 	224 
003137 	212 	64 	224 	224 
003138 	212 	64 	224 	224 
003139 	212 	64 	224 	224 
003140 	212 	64 	224 	224 
003141 	237 	64 	224 	224 
003142 	237 	64 	224 	224 
003143 	237 	64 	224 	224 
003144 	259 	95 	187 	186 
003145 	259 	95 	187 	186 
003146 	237 	64 	224 	224 
003147 	262 	64 	224 	224 
003148 	280 	74 	187 	187 
003149 	280 	74 	187 	187 
003150 	280 	74 	187 	187 
003151 	280 	74 	187 	187 
003152 	259 	95 	187 	186 
003153 	259 	95 	187 	186 
003154 	259 	95 	187 	186 
003155 	237 	64 	224 	224 
003156 	259 	95 	187 	186 
003157 	259 	95 	187 	186 
003158 	259 	95 	187 	186 
003159 	259 	95 	187 	186 
003160 	259 	95 	187 	186 
003161 	259 	95 	187 	186 
003162 	259 	95 	187 	186 
003163 	259 	95 	187 	186 
003164 	259 	95 	187 	186 
003165 	259 	95 	187 	186 
003166 	259 	95 	187 	186 
003167 	259 	95 	187 	186 
003168 	259 	95 	187 	186 
003169 	259 	95 	187 	186 
003170 	259 	95 	187 	186 
003171 	259 	95 	187 	186 
003172 	259 	95 	187 	186 
003173 	259 	95 	187 	186 
003174 	259 	95 	187 	186 
003175 	259 	95 	187 	186 
003176 	259 	95 	187 	186 
003177 	259 	95 	187 	186 
003178 	239 	95 	186 	186 
003179 	239 	95 	186 	186 
003180 	239 	95 	186 	186 
003181 	212 	64 	224 	224 
003182 	212 	64 	224 	224 
003183 	218 	95 	187 	186 
003184 	188 	64 	224 	224 
003185 	188 	64 	224 	224 
003186 	188 	89 	224 	224 
003187 	188 	89 	224 	224 
003188 	188 	89 	224 	224 
003189 	188 	89 	224 	224 
003190 	188 	89 	224 	224 
003191 	188 	89 	224 	224 
003192 	188 	89 	224 	224 
003193 	188 	89 	224 	224 
003194 	188 	89 	224 	224 
003195 	188 	89 	224 	224 
003196 	163 	89 	224 	224 
003197 	163 	89 	224 	224 
003198 	163 	89 	224 	224 
003199 	163 	89 	224 	224 
003200 	163 	89 	224 	224 
003201 	163 	89 	224 	224 
003202 	163 	89 	224 	224 
003203 	163 	89 	224 	224 
003204 	163 	89 	224 	224 
003205 	163 	89 	224 	224 
003206 	163 	89 	224 	224 
003207 	197 	95 	187 	186 
003208 	197 	95 	187 	186 
003209 	188 	64 	224 	224 
003210 	188 	64 	224 	224 
003211 	188 	64 	224 	224 
003212 	188 	64 	224 	224 
003213 	212 	89 	224 	224 
003214 	212 	64 	224 	224 
003215 	212 	64 	224 	224 
003216 	212 	64 	224 	224 
003217 	212 	64 	224 	224 
003218 	212 	64 	224 	224 
003219 	212 	64 	224 	224 
003220 	212 	64 	224 	224 
003221 	212 	64 	224 	224 
003222 	212 	64 	224 	224 
003223 	212 	64 	224 	224 
003224 	212 	64 	224 	224 
003225 	212 	64 	224 	224 
003226 	212 	64 	224 	224 
003227 	212 	64 	224 	224 
003228 	212 	64 	224 	224 
003229 	237 	64 	224 	224 
003230 	237 	64 	224 	224 
003231 	237 	64 	224 	224 
003232 	237 	64 	224 	224 
003233 	237 	64 	224 	224 
003234 	237 	64 	224 	224 
003235 	237 	64 	224 	224 
003236 	237 	64 	224 	224 
003237 	237 	64 	224 	224 
003238 	237 	64 	224 	224 
003239 	237 	64 	224 	224 
003240 	237 	64 	224 	224 
003241 	237 	64 	224 	224 
003242 	237 	64 	224 	224 
003243 	237 	64 	224 	224 
003244 	237 	64 	224 	224 
003245 	212 	64 	224 	224 
003246 	212 	64 	224 	224 
003247 	212 	64 	224 	224 
003248 	212 	64 	224 	224 
003249 	212 	64 	224 	224 
003250 	212 	64 	224 	224 
003251 	212 	64 	224 	224 
003252 	212 	64 	224 	224 
003253 	188 	64 	224 	224 
003254 	188 	64 	224 	224 
003255 	188 	64 	224 	224 
003256 	188 	89 	224 	224 
003257 	188 	89 	224 	224 
003258 	188 	89 	224 	224 
003259 	188 	89 	224 	224 
003260 	188 	89 	224 	224 
003261 	188 	89 	224 	224 
003262 	188 	89 	224 	224 
003263 	188 	89 	224 	224 
003264 	188 	89 	224 	224 
003265 	188 	89 	224 	224 
003266 	188 	89 	224 	224 
003267 	188 	89 	224 	224 
003268 	188 	89 	224 	224 
003269 	188 	89 	224 	224 
003270 	188 	89 	224 	224 
003271 	188 	89 	224 	224 
003272 	188 	89 	224 	224 
003273 	188 	89 	224 	224 
003274 	188 	89 	224 	224 
003275 	188 	89 	224 	224 
003276 	188 	89 	224 	224 
003277 	188 	89 	224 	224 
003278 	188 	89 	224 	224 
003279 	212 	89 	224 	224 
003280 	212 	89 	224 	224 
003281 	212 	89 	224 	224 
003282 	212 	89 	224 	224 
003283 	212 	89 	224 	224 
003284 	212 	89 	224 	224 
003285 	212 	89 	224 	224 
003286 	212 	89 	224 	224 
003287 	212 	89 	224 	224 
003288 	212 	89 	224 	224 
003289 	212 	89 	224 	224 
003290 	212 	89 	224 	224 
003291 	212 	89 	224 	224 
003292 	212 	89 	224 	224 
003293 	212 	89 	224 	224 
003294 	212 	89 	224 	224 
003295 	188 	89 	224 	224 
003296 	188 	89 	224 	224 
003297 	188 	89 	224 	224 
003298 	188 	89 	224 	224 
003299 	212 	89 	224 	224 
003300 	188 	89 	224 	224 
003301 	188 	89 	224 	224 
003302 	188 	89 	224 	224 
003303 	188 	89 	224 	224 
003304 	188 	89 	224 	224 
003305 	188 	89 	224 	224 
003306 	188 	89 	224 	224 
003307 	188 	89 	224 	224 
003308 	212 	89 	224 	224 
003309 	212 	89 	224 	224 
003310 	212 	89 	224 	224 
003311 	212 	89 	224 	224 
003312 	212 	89 	224 	224 
003313 	212 	89 	224 	224 
003314 	212 	89 	224 	224 
003315 	212 	89 	224 	224 
003316 	212 	89 	224 	224 
003317 	212 	89 	224 	224 
003318 	212 	89 	224 	224 
003319 	212 	89 	224 	224 
003320 	212 	64 	224 	224 
003321 	212 	89 	224 	224 
003322 	212 	64 	224 	224 
003323 	212 	89 	224 	224 
003324 	212 	89 	224 	224 
003325 	212 	89 	224 	224 
003326 	212 	89 	224 	224 
003327 	212 	89 	224 	224 
003328 	212 	89 	224 	224 
003329 	212 	89 	224 	224 
003330 	212 	89 	224 	224 
003331 	212 	89 	224 	224 
003332 	212 	89 	224 	224 
003333 	212 	89 	224 	224 
003334 	212 	89 	224 	224 
003335 	212 	89 	224 	224 
003336 	212 	89 	224 	224 
003337 	212 	89 	224 	224 
003338 	212 	89 	224 	224 
003339 	212 	89 	224 	224 
003340 	212 	89 	224 	224 
003341 	212 	89 	224 	224 
003342 	212 	89 	224 	224 
003343 	212 	89 	224 	224 
003344 	212 	89 	224 	224 
003345 	212 	89 	224 	224 
003346 	212 	89 	224 	224 
003347 	212 	89 	224 	224 
003348 	212 	89 	224 	224 
003349 	212 	89 	224 	224 
003350 	212 	89 	224 	224 
003351 	212 	89 	224 	224 
003352 	212 	89 	224 	224 
003353 	212 	89 	224 	224 
003354 	212 	89 	224 	224 
003355 	212 	89 	224 	224 
003356 	212 	89 	224 	224 
003357 	212 	89 	224 	224 
003358 	212 	89 	224 	224 
003359 	212 	89 	224 	224 
003360 	212 	89 	224 	224 
003361 	212 	89 	224 	224 
003362 	212 	89 	224 	224 
003363 	166 	48 	268 	268 
003364 	212 	89 	224 	224 
003365 	166 	48 	268 	268 
003366 	166 	48 	268 	268 
003367 	166 	48 	268 	268 
003368 	212 	89 	224 	224 
003369 	212 	89 	224 	224 
003370 	212 	89 	224 	224 
003371 	212 	89 	224 	224 
003372 	212 	89 	224 	224 
003373 	212 	89 	224 	224 
003374 	212 	89 	224 	224 
003375 	212 	89 	224 	224 
003376 	212 	89 	224 	224 
003377 	212 	89 	224 	224 
003378 	212 	89 	224 	224 
003379 	212 	89 	224 	224 
003380 	239 	115 	186 	187 
003381 	237 	89 	224 	224 
003382 	237 	89 	224 	224 
003383 	237 	89 	224 	224 
003384 	237 	89 	224 	224 
003385 	237 	89 	224 	224 
003386 	237 	89 	224 	224 
003387 	237 	89 	224 	224 
003388 	237 	89 	224 	224 
003389 	237 	89 	224 	224 
003390 	237 	89 	224 	224 
003391 	237 	89 	224 	224 
003392 	237 	89 	224 	224 
003393 	237 	89 	224 	224 
003394 	237 	89 	224 	224 
003395 	237 	89 	224 	224 
003396 	237 	89 	224 	224 
003397 	237 	89 	224 	224 
003398 	237 	89 	224 	224 
003399 	237 	89 	224 	224 
003400 	237 	89 	224 	224 
003401 	237 	89 	224 	224 
003402 	237 	89 	224 	224 
003403 	237 	89 	224 	224 
003404 	237 	89 	224 	224 
003405 	237 	89 	224 	224 
003406 	237 	89 	224 	224 
003407 	237 	89 	224 	224 
003408 	237 	89 	224 	224 
003409 	237 	89 	224 	224 
003410 	237 	89 	224 	224 
003411 	237 	89 	224 	224 
003412 	237 	89 	224 	224 
003413 	237 	89 	224 	224 
003414 	237 	89 	224 	224 
003415 	237 	89 	224 	224 
003416 	259 	115 	187 	187 
003417 	237 	89 	224 	224 
003418 	237 	89 	224 	224 
003419 	237 	89 	224 	224 
003420 	259 	115 	187 	187 
003421 	237 	89 	224 	224 
003422 	237 	89 	224 	224 
003423 	237 	114 	224 	224 
003424 	237 	114 	224 	224 
003425 	237 	114 	224 	224 
003426 	237 	114 	224 	224 
003427 	237 	114 	224 	224 
