Identity  : 	id11132
Reference : 	fRUHpkIk0fw
Offset    : 	-2
FV Conf   : 	16.464
ASD Conf  : 	8.367

FRAME 	X 	Y 	W 	H 
003743 	319 	87 	76 	76 
003744 	319 	87 	76 	76 
003745 	319 	87 	76 	76 
003746 	311 	87 	75 	76 
003747 	311 	87 	75 	76 
003748 	311 	87 	75 	76 
003749 	319 	87 	76 	76 
003750 	319 	87 	76 	76 
003751 	319 	87 	76 	76 
003752 	319 	87 	76 	76 
003753 	319 	87 	76 	76 
003754 	319 	87 	76 	76 
003755 	319 	87 	76 	76 
003756 	319 	87 	76 	76 
003757 	319 	87 	76 	76 
003758 	319 	96 	76 	75 
003759 	319 	96 	76 	75 
003760 	319 	96 	76 	75 
003761 	327 	87 	76 	76 
003762 	327 	87 	76 	76 
003763 	319 	87 	76 	76 
003764 	319 	87 	76 	76 
003765 	319 	87 	76 	76 
003766 	311 	96 	75 	75 
003767 	311 	87 	75 	76 
003768 	311 	87 	75 	76 
003769 	311 	87 	75 	76 
003770 	311 	87 	75 	76 
003771 	311 	87 	75 	76 
003772 	311 	96 	75 	75 
003773 	311 	96 	75 	75 
003774 	311 	96 	75 	75 
003775 	311 	96 	75 	75 
003776 	311 	96 	75 	75 
003777 	319 	87 	76 	76 
003778 	319 	87 	76 	76 
003779 	319 	87 	76 	76 
003780 	319 	87 	76 	76 
003781 	319 	96 	76 	75 
003782 	319 	96 	76 	75 
003783 	319 	96 	76 	75 
003784 	319 	96 	76 	75 
003785 	311 	96 	75 	75 
003786 	311 	96 	75 	75 
003787 	311 	96 	75 	75 
003788 	311 	96 	75 	75 
003789 	319 	96 	76 	75 
003790 	319 	96 	76 	75 
003791 	319 	96 	76 	75 
003792 	319 	96 	76 	75 
003793 	319 	96 	76 	75 
003794 	319 	87 	76 	76 
003795 	319 	87 	76 	76 
003796 	311 	87 	75 	76 
003797 	319 	96 	76 	75 
003798 	311 	96 	75 	75 
003799 	319 	96 	76 	75 
003800 	319 	96 	76 	75 
003801 	319 	96 	76 	75 
003802 	319 	96 	76 	75 
003803 	319 	96 	76 	75 
003804 	311 	96 	75 	75 
003805 	311 	96 	75 	75 
003806 	311 	96 	75 	75 
003807 	311 	96 	75 	75 
003808 	311 	96 	75 	75 
003809 	311 	96 	75 	75 
003810 	311 	96 	75 	75 
003811 	311 	96 	75 	75 
003812 	311 	96 	75 	75 
003813 	311 	96 	75 	75 
003814 	311 	96 	75 	75 
003815 	311 	96 	75 	75 
003816 	311 	96 	75 	75 
003817 	311 	96 	75 	75 
003818 	311 	96 	75 	75 
003819 	303 	96 	75 	75 
003820 	303 	96 	75 	75 
003821 	303 	96 	75 	75 
003822 	303 	96 	75 	75 
003823 	311 	96 	75 	75 
003824 	311 	96 	75 	75 
003825 	311 	96 	75 	75 
003826 	311 	96 	75 	75 
003827 	311 	96 	75 	75 
003828 	311 	96 	75 	75 
003829 	311 	96 	75 	75 
003830 	311 	96 	75 	75 
003831 	311 	96 	75 	75 
003832 	311 	96 	75 	75 
003833 	311 	96 	75 	75 
003834 	311 	96 	75 	75 
003835 	311 	96 	75 	75 
003836 	311 	96 	74 	74 
003837 	312 	96 	74 	74 
003838 	312 	95 	74 	74 
003839 	312 	95 	74 	74 
003840 	312 	95 	74 	74 
003841 	312 	95 	74 	74 
003842 	312 	95 	74 	74 
003843 	312 	95 	74 	74 
003844 	312 	95 	73 	73 
003845 	312 	95 	73 	73 
003846 	313 	95 	73 	73 
003847 	313 	94 	73 	73 
003848 	313 	94 	73 	73 
003849 	313 	94 	73 	73 
003850 	313 	94 	73 	73 
003851 	313 	94 	72 	72 
003852 	313 	94 	72 	72 
003853 	313 	94 	72 	72 
003854 	313 	94 	72 	72 
003855 	314 	94 	72 	72 
003856 	314 	94 	72 	72 
003857 	314 	94 	72 	72 
003858 	314 	93 	72 	72 
003859 	314 	93 	71 	71 
003860 	314 	93 	71 	71 
003861 	314 	93 	71 	71 
003862 	314 	93 	71 	71 
003863 	314 	93 	71 	71 
003864 	315 	93 	71 	71 
003865 	315 	93 	71 	71 
003866 	315 	93 	70 	70 
003867 	315 	92 	70 	70 
003868 	315 	92 	70 	70 
003869 	315 	92 	70 	70 
003870 	315 	92 	70 	70 
003871 	315 	92 	70 	70 
003872 	315 	92 	70 	70 
003873 	316 	92 	70 	70 
003874 	316 	92 	69 	69 
003875 	316 	92 	69 	69 
003876 	316 	92 	69 	69 
003877 	316 	92 	69 	69 
003878 	316 	91 	69 	69 
003879 	316 	91 	69 	69 
003880 	316 	91 	69 	69 
003881 	316 	91 	68 	68 
003882 	317 	91 	68 	68 
003883 	317 	91 	68 	68 
003884 	317 	91 	68 	68 
003885 	317 	91 	68 	68 
003886 	317 	91 	68 	68 
003887 	317 	90 	68 	68 
003888 	317 	90 	68 	68 
003889 	317 	90 	67 	67 
003890 	317 	90 	67 	67 
003891 	318 	90 	67 	67 
003892 	318 	90 	67 	67 
003893 	318 	90 	67 	67 
003894 	318 	90 	67 	67 
003895 	318 	90 	67 	67 
003896 	318 	90 	66 	66 
003897 	318 	90 	66 	66 
003898 	318 	89 	66 	66 
003899 	318 	89 	66 	66 
003900 	319 	89 	66 	66 
003901 	319 	89 	66 	66 
003902 	319 	89 	66 	66 
003903 	319 	89 	66 	66 
003904 	319 	89 	65 	65 
003905 	319 	89 	65 	65 
003906 	319 	89 	65 	65 
003907 	319 	88 	65 	65 
003908 	319 	88 	65 	65 
003909 	320 	88 	65 	65 
003910 	320 	88 	65 	65 
003911 	320 	88 	64 	64 
003912 	320 	88 	64 	64 
003913 	320 	88 	64 	64 
003914 	320 	88 	64 	64 
003915 	320 	88 	64 	64 
003916 	320 	88 	64 	64 
003917 	320 	88 	64 	64 
003918 	321 	87 	64 	64 
003919 	321 	87 	63 	63 
003920 	321 	87 	63 	63 
003921 	321 	87 	63 	63 
003922 	321 	87 	63 	63 
003923 	321 	87 	63 	63 
003924 	321 	87 	63 	63 
003925 	321 	88 	63 	63 
003926 	321 	88 	63 	63 
003927 	321 	88 	63 	63 
003928 	321 	88 	63 	63 
003929 	321 	88 	63 	63 
003930 	321 	88 	63 	63 
003931 	321 	88 	63 	63 
003932 	321 	89 	63 	63 
003933 	321 	89 	63 	63 
003934 	321 	89 	63 	63 
003935 	321 	89 	63 	63 
003936 	321 	89 	63 	63 
003937 	321 	90 	63 	63 
003938 	321 	90 	63 	63 
003939 	321 	90 	63 	63 
003940 	321 	90 	63 	63 
003941 	321 	90 	63 	63 
003942 	321 	90 	63 	63 
003943 	321 	90 	63 	63 
003944 	321 	91 	63 	63 
003945 	321 	91 	63 	63 
003946 	321 	91 	63 	63 
003947 	321 	91 	63 	63 
003948 	321 	91 	63 	63 
003949 	321 	92 	63 	63 
003950 	321 	92 	63 	63 
003951 	321 	92 	63 	63 
003952 	321 	92 	63 	63 
003953 	321 	92 	63 	63 
003954 	321 	92 	63 	63 
003955 	321 	92 	63 	63 
003956 	321 	93 	63 	63 
003957 	321 	93 	63 	63 
003958 	321 	93 	63 	63 
003959 	321 	93 	63 	63 
003960 	321 	93 	63 	63 
003961 	321 	94 	63 	64 
003962 	321 	94 	63 	64 
003963 	321 	94 	63 	64 
003964 	321 	94 	63 	64 
003965 	321 	94 	63 	64 
003966 	321 	94 	63 	64 
003967 	321 	94 	63 	64 
003968 	321 	95 	63 	64 
003969 	321 	95 	63 	64 
003970 	321 	95 	63 	64 
003971 	321 	95 	63 	64 
003972 	321 	95 	63 	64 
003973 	321 	96 	63 	64 
003974 	321 	96 	63 	64 
003975 	321 	96 	63 	64 
003976 	321 	96 	63 	64 
003977 	321 	96 	63 	64 
003978 	321 	96 	63 	64 
003979 	321 	96 	63 	64 
003980 	321 	97 	63 	64 
003981 	321 	97 	63 	64 
003982 	321 	97 	63 	64 
003983 	321 	97 	63 	64 
003984 	321 	97 	63 	64 
003985 	321 	98 	63 	64 
003986 	321 	98 	63 	64 
003987 	321 	98 	63 	64 
003988 	321 	98 	63 	64 
003989 	321 	98 	63 	64 
003990 	321 	98 	63 	64 
003991 	321 	98 	63 	64 
003992 	321 	99 	63 	64 
003993 	321 	99 	63 	64 
003994 	321 	99 	63 	64 
003995 	321 	99 	63 	64 
003996 	321 	99 	63 	64 
003997 	321 	100 	63 	64 
003998 	321 	100 	63 	64 
003999 	321 	100 	63 	64 
004000 	321 	100 	63 	64 
004001 	321 	100 	63 	64 
004002 	321 	100 	63 	64 
004003 	321 	100 	63 	64 
004004 	321 	100 	63 	64 
004005 	319 	96 	76 	75 
004006 	319 	96 	76 	75 
004007 	319 	96 	76 	75 
004008 	319 	96 	76 	75 
004009 	319 	96 	76 	75 
004010 	321 	100 	63 	64 
004011 	319 	96 	76 	75 
004012 	319 	96 	76 	75 
004013 	319 	96 	76 	75 
004014 	311 	96 	75 	75 
004015 	311 	96 	75 	75 
004016 	311 	96 	75 	75 
004017 	311 	96 	75 	75 
004018 	311 	96 	75 	75 
004019 	311 	96 	75 	75 
004020 	311 	96 	75 	75 
004021 	303 	96 	75 	75 
004022 	294 	85 	90 	91 
004023 	303 	96 	75 	75 
004024 	303 	96 	75 	75 
004025 	303 	96 	75 	75 
004026 	303 	96 	75 	75 
004027 	303 	96 	75 	75 
004028 	303 	96 	75 	75 
004029 	303 	96 	75 	75 
004030 	303 	96 	75 	75 
004031 	303 	96 	75 	75 
004032 	303 	96 	75 	75 
004033 	303 	96 	75 	75 
004034 	303 	96 	75 	75 
004035 	303 	96 	75 	75 
004036 	303 	96 	75 	75 
004037 	303 	96 	75 	75 
004038 	303 	96 	75 	75 
004039 	303 	96 	75 	75 
004040 	311 	104 	75 	76 
004041 	311 	104 	75 	76 
004042 	311 	104 	75 	76 
004043 	311 	104 	75 	76 
004044 	311 	104 	75 	76 
004045 	311 	104 	75 	76 
004046 	321 	107 	63 	63 
004047 	319 	104 	76 	76 
004048 	319 	96 	76 	75 
004049 	319 	96 	76 	75 
004050 	319 	96 	76 	75 
004051 	319 	96 	76 	75 
004052 	319 	96 	76 	75 
004053 	319 	96 	76 	75 
004054 	319 	96 	76 	75 
004055 	319 	96 	76 	75 
004056 	319 	96 	76 	75 
004057 	319 	96 	76 	75 
004058 	319 	96 	76 	75 
004059 	319 	96 	76 	75 
004060 	311 	87 	75 	76 
004061 	311 	87 	75 	76 
004062 	311 	87 	75 	76 
004063 	311 	87 	75 	76 
004064 	319 	96 	76 	75 
004065 	319 	96 	76 	75 
004066 	319 	96 	76 	75 
004067 	319 	96 	76 	75 
004068 	319 	96 	76 	75 
004069 	319 	96 	76 	75 
004070 	319 	96 	76 	75 
004071 	319 	96 	76 	75 
004072 	319 	96 	76 	75 
004073 	319 	96 	76 	75 
004074 	319 	96 	76 	75 
004075 	319 	96 	76 	75 
004076 	319 	96 	76 	75 
004077 	319 	96 	76 	75 
004078 	319 	96 	76 	75 
004079 	319 	96 	76 	75 
004080 	319 	96 	76 	75 
004081 	319 	96 	76 	75 
004082 	319 	96 	76 	75 
004083 	319 	96 	76 	75 
004084 	319 	96 	76 	75 
004085 	319 	96 	76 	75 
004086 	319 	96 	76 	75 
004087 	311 	96 	75 	75 
004088 	311 	96 	75 	75 
004089 	311 	96 	75 	75 
004090 	311 	96 	75 	75 
004091 	311 	96 	75 	75 
004092 	311 	96 	75 	75 
004093 	311 	96 	75 	75 
004094 	311 	96 	75 	75 
004095 	311 	96 	75 	75 
004096 	311 	96 	75 	75 
004097 	311 	96 	75 	75 
004098 	311 	96 	75 	75 
004099 	311 	96 	75 	75 
004100 	311 	96 	75 	75 
004101 	311 	96 	75 	75 
004102 	311 	96 	75 	75 
004103 	311 	96 	75 	75 
004104 	311 	96 	75 	75 
004105 	311 	96 	75 	75 
004106 	311 	96 	75 	75 
004107 	311 	96 	75 	75 
004108 	311 	96 	75 	75 
004109 	311 	96 	75 	75 
004110 	311 	96 	75 	75 
004111 	311 	96 	75 	75 
004112 	311 	96 	75 	75 
004113 	311 	96 	75 	75 
004114 	311 	96 	75 	75 
004115 	311 	96 	75 	75 
004116 	311 	96 	75 	75 
004117 	311 	96 	75 	75 
004118 	311 	96 	75 	75 
004119 	311 	96 	75 	75 
004120 	311 	96 	75 	75 
004121 	311 	96 	75 	75 
004122 	311 	96 	75 	75 
004123 	311 	96 	75 	75 
004124 	311 	96 	75 	75 
004125 	311 	96 	75 	75 
004126 	311 	96 	75 	75 
004127 	311 	96 	75 	75 
004128 	311 	104 	75 	76 
004129 	311 	104 	75 	76 
004130 	311 	104 	75 	76 
004131 	311 	104 	75 	76 
004132 	311 	104 	75 	76 
004133 	303 	96 	75 	75 
004134 	303 	96 	75 	75 
004135 	303 	96 	75 	75 
004136 	303 	96 	75 	75 
004137 	303 	96 	75 	75 
004138 	303 	96 	75 	75 
004139 	311 	104 	75 	76 
004140 	311 	104 	75 	76 
004141 	311 	104 	75 	76 
004142 	311 	104 	75 	76 
004143 	311 	104 	75 	76 
004144 	311 	104 	75 	76 
004145 	311 	104 	75 	76 
004146 	311 	104 	75 	76 
004147 	311 	104 	75 	76 
004148 	311 	104 	75 	76 
004149 	311 	104 	75 	76 
004150 	311 	104 	75 	76 
004151 	311 	104 	75 	76 
004152 	311 	104 	75 	76 
004153 	311 	96 	75 	75 
004154 	311 	96 	75 	75 
004155 	311 	96 	75 	75 
004156 	311 	96 	75 	75 
004157 	311 	96 	75 	75 
004158 	311 	96 	75 	75 
004159 	311 	96 	75 	75 
004160 	311 	96 	75 	75 
004161 	311 	96 	75 	75 
004162 	311 	96 	75 	75 
004163 	311 	96 	75 	75 
004164 	311 	96 	75 	75 
004165 	311 	96 	75 	75 
004166 	319 	96 	76 	75 
004167 	319 	96 	76 	75 
004168 	319 	96 	76 	75 
004169 	319 	96 	76 	75 
004170 	319 	96 	76 	75 
004171 	319 	96 	76 	75 
004172 	319 	96 	76 	75 
004173 	319 	96 	76 	75 
004174 	319 	96 	76 	75 
004175 	319 	96 	76 	75 
004176 	319 	96 	76 	75 
004177 	319 	96 	76 	75 
004178 	319 	96 	76 	75 
004179 	319 	96 	76 	75 
004180 	311 	96 	75 	75 
004181 	319 	96 	76 	75 
004182 	319 	96 	76 	75 
004183 	319 	96 	76 	75 
004184 	319 	96 	76 	75 
004185 	319 	96 	76 	75 
004186 	319 	96 	76 	75 
004187 	319 	96 	76 	75 
004188 	319 	96 	76 	75 
004189 	319 	96 	76 	75 
004190 	319 	96 	76 	75 
004191 	319 	96 	76 	75 
004192 	319 	96 	76 	75 
004193 	311 	96 	75 	75 
004194 	311 	96 	75 	75 
004195 	311 	96 	75 	75 
004196 	311 	96 	75 	75 
004197 	311 	96 	75 	75 
004198 	311 	96 	75 	75 
004199 	311 	96 	75 	75 
004200 	311 	96 	75 	75 
004201 	311 	96 	75 	75 
004202 	311 	96 	75 	75 
004203 	311 	96 	75 	75 
004204 	311 	96 	75 	75 
004205 	311 	96 	75 	75 
004206 	311 	96 	75 	75 
004207 	311 	96 	75 	75 
004208 	311 	96 	75 	75 
004209 	311 	96 	75 	75 
004210 	311 	96 	75 	75 
004211 	311 	96 	75 	75 
004212 	311 	96 	75 	75 
004213 	311 	96 	75 	75 
004214 	311 	96 	75 	75 
004215 	311 	96 	75 	75 
004216 	311 	96 	75 	75 
004217 	311 	96 	75 	75 
004218 	311 	96 	75 	75 
004219 	311 	96 	75 	75 
004220 	311 	96 	75 	75 
004221 	311 	96 	75 	75 
004222 	311 	96 	75 	75 
004223 	311 	96 	75 	75 
004224 	311 	96 	75 	75 
004225 	311 	96 	75 	75 
004226 	311 	96 	75 	75 
004227 	311 	96 	75 	75 
004228 	311 	96 	75 	75 
004229 	311 	96 	75 	75 
004230 	311 	96 	75 	75 
004231 	311 	96 	75 	75 
004232 	303 	96 	75 	75 
004233 	303 	96 	75 	75 
004234 	303 	87 	75 	76 
004235 	303 	87 	75 	76 
004236 	303 	96 	75 	75 
004237 	303 	96 	75 	75 
004238 	303 	96 	75 	75 
004239 	303 	96 	75 	75 
004240 	311 	96 	75 	75 
004241 	311 	96 	75 	75 
004242 	311 	96 	75 	75 
004243 	303 	96 	75 	75 
004244 	303 	96 	75 	75 
004245 	303 	96 	75 	75 
004246 	303 	96 	75 	75 
004247 	303 	96 	75 	75 
004248 	314 	100 	63 	64 
004249 	314 	100 	63 	64 
004250 	314 	100 	63 	64 
004251 	311 	96 	75 	75 
004252 	311 	96 	75 	75 
004253 	311 	96 	75 	75 
004254 	321 	100 	63 	64 
004255 	319 	96 	76 	75 
004256 	311 	96 	75 	75 
004257 	311 	96 	75 	75 
004258 	311 	96 	75 	75 
004259 	311 	96 	75 	75 
004260 	311 	96 	75 	75 
004261 	319 	96 	76 	75 
004262 	319 	96 	76 	75 
004263 	319 	96 	76 	75 
004264 	319 	96 	76 	75 
004265 	311 	96 	75 	75 
004266 	311 	96 	75 	75 
004267 	311 	96 	75 	75 
004268 	311 	96 	75 	75 
004269 	311 	96 	75 	75 
004270 	311 	96 	75 	75 
004271 	311 	96 	75 	75 
004272 	311 	96 	75 	75 
004273 	319 	96 	76 	75 
004274 	319 	96 	76 	75 
004275 	319 	96 	76 	75 
004276 	327 	96 	76 	75 
004277 	327 	96 	76 	75 
004278 	327 	96 	76 	75 
004279 	319 	96 	76 	75 
004280 	319 	96 	76 	75 
004281 	311 	96 	75 	75 
004282 	311 	96 	75 	75 
004283 	311 	96 	75 	75 
004284 	311 	87 	75 	76 
004285 	311 	87 	75 	76 
004286 	311 	87 	75 	76 
004287 	311 	87 	75 	76 
004288 	303 	79 	75 	76 
004289 	303 	79 	75 	76 
004290 	303 	87 	75 	76 
004291 	311 	87 	75 	76 
004292 	303 	87 	75 	76 
004293 	311 	96 	75 	75 
004294 	311 	96 	75 	75 
004295 	311 	96 	75 	75 
004296 	311 	96 	75 	75 
004297 	311 	96 	75 	75 
004298 	311 	96 	75 	75 
004299 	311 	96 	75 	75 
004300 	311 	96 	75 	75 
004301 	311 	96 	75 	75 
004302 	311 	96 	75 	75 
004303 	311 	96 	75 	75 
004304 	311 	96 	75 	75 
004305 	311 	96 	75 	75 
004306 	311 	96 	75 	75 
004307 	311 	96 	75 	75 
004308 	311 	96 	75 	75 
004309 	311 	96 	75 	75 
004310 	311 	96 	75 	75 
004311 	311 	96 	75 	75 
004312 	311 	96 	75 	75 
004313 	311 	96 	75 	75 
004314 	311 	96 	75 	75 
004315 	303 	96 	75 	75 
004316 	303 	96 	75 	75 
004317 	303 	96 	75 	75 
004318 	303 	96 	75 	75 
004319 	303 	96 	75 	75 
004320 	303 	96 	75 	75 
004321 	303 	87 	75 	76 
004322 	303 	87 	75 	76 
004323 	303 	87 	75 	76 
004324 	303 	87 	75 	76 
004325 	303 	87 	75 	76 
004326 	303 	87 	75 	76 
004327 	303 	87 	75 	76 
004328 	303 	87 	75 	76 
004329 	303 	87 	75 	76 
004330 	303 	87 	75 	76 
004331 	303 	87 	75 	76 
004332 	303 	87 	75 	76 
004333 	303 	87 	75 	76 
004334 	311 	96 	75 	75 
004335 	311 	96 	75 	75 
004336 	311 	87 	75 	76 
004337 	304 	85 	90 	91 
004338 	311 	87 	75 	76 
004339 	304 	85 	90 	91 
004340 	304 	85 	90 	91 
004341 	304 	85 	90 	91 
004342 	304 	85 	90 	91 
004343 	319 	87 	76 	76 
004344 	319 	87 	76 	76 
004345 	319 	87 	76 	76 
004346 	319 	96 	76 	75 
004347 	319 	96 	76 	75 
004348 	319 	96 	76 	75 
004349 	319 	96 	76 	75 
004350 	319 	87 	76 	76 
004351 	319 	87 	76 	76 
004352 	319 	87 	76 	76 
004353 	319 	87 	76 	76 
004354 	319 	87 	76 	76 
004355 	319 	87 	76 	76 
004356 	319 	87 	76 	76 
004357 	319 	87 	76 	76 
004358 	319 	87 	76 	76 
004359 	319 	87 	76 	76 
004360 	319 	87 	76 	76 
004361 	319 	87 	76 	76 
004362 	311 	87 	75 	76 
004363 	311 	87 	75 	76 
004364 	311 	87 	75 	76 
004365 	311 	87 	75 	76 
004366 	311 	87 	75 	76 
004367 	311 	87 	75 	76 
004368 	311 	87 	75 	76 
004369 	311 	87 	75 	76 
004370 	321 	93 	63 	64 
004371 	311 	87 	75 	76 
004372 	311 	87 	75 	76 
004373 	311 	87 	75 	76 
004374 	311 	96 	75 	75 
004375 	311 	96 	75 	75 
004376 	311 	96 	75 	75 
004377 	319 	96 	76 	75 
004378 	319 	96 	76 	75 
004379 	319 	96 	76 	75 
004380 	319 	96 	76 	75 
004381 	319 	96 	76 	75 
004382 	319 	96 	76 	75 
004383 	319 	96 	76 	75 
004384 	319 	96 	76 	75 
004385 	319 	96 	76 	75 
004386 	311 	96 	75 	75 
004387 	311 	96 	75 	75 
004388 	311 	96 	75 	75 
004389 	311 	96 	75 	75 
004390 	311 	96 	75 	75 
004391 	319 	96 	76 	75 
004392 	319 	96 	76 	75 
004393 	319 	96 	76 	75 
004394 	319 	96 	76 	75 
004395 	319 	96 	76 	75 
004396 	311 	96 	75 	75 
004397 	311 	96 	75 	75 
004398 	311 	96 	75 	75 
004399 	311 	96 	75 	75 
004400 	311 	96 	75 	75 
004401 	311 	96 	75 	75 
004402 	311 	96 	75 	75 
004403 	311 	96 	75 	75 
004404 	311 	96 	75 	75 
004405 	311 	96 	75 	75 
004406 	311 	96 	75 	75 
004407 	311 	96 	75 	75 
004408 	311 	96 	75 	75 
004409 	311 	96 	75 	75 
004410 	311 	96 	75 	75 
004411 	311 	96 	75 	75 
004412 	311 	104 	75 	76 
004413 	311 	104 	75 	76 
004414 	311 	96 	75 	75 
004415 	319 	104 	76 	76 
004416 	319 	104 	76 	76 
004417 	319 	104 	76 	76 
004418 	319 	104 	76 	76 
004419 	319 	104 	76 	76 
004420 	319 	104 	76 	76 
004421 	319 	104 	76 	76 
004422 	319 	104 	76 	76 
004423 	319 	104 	76 	76 
004424 	311 	96 	75 	75 
004425 	311 	96 	75 	75 
004426 	311 	96 	75 	75 
004427 	311 	96 	75 	75 
004428 	311 	96 	75 	75 
004429 	311 	104 	75 	76 
