Identity  : 	id10381
Reference : 	RL-O0Ut_7Ds
Offset    : 	-3
FV Conf   : 	12.274
ASD Conf  : 	6.429

FRAME 	X 	Y 	W 	H 
002039 	156 	95 	187 	186 
002040 	156 	95 	187 	186 
002041 	156 	95 	187 	186 
002042 	156 	95 	187 	186 
002043 	156 	95 	187 	186 
002044 	156 	95 	187 	186 
002045 	156 	95 	187 	186 
002046 	156 	95 	187 	186 
002047 	156 	95 	187 	186 
002048 	156 	95 	187 	186 
002049 	156 	95 	187 	186 
002050 	156 	95 	187 	186 
002051 	156 	95 	187 	186 
002052 	156 	95 	187 	186 
002053 	156 	95 	187 	186 
002054 	156 	95 	187 	186 
002055 	156 	95 	187 	186 
002056 	156 	95 	187 	186 
002057 	156 	95 	187 	186 
002058 	156 	95 	187 	186 
002059 	156 	95 	187 	186 
002060 	156 	95 	187 	186 
002061 	156 	95 	187 	186 
002062 	156 	95 	187 	186 
002063 	156 	95 	187 	186 
002064 	156 	95 	187 	186 
002065 	156 	95 	187 	186 
002066 	164 	113 	156 	156 
002067 	164 	113 	156 	156 
002068 	135 	95 	187 	186 
002069 	135 	95 	187 	186 
002070 	135 	95 	187 	186 
002071 	135 	115 	187 	187 
002072 	135 	115 	187 	187 
002073 	135 	115 	187 	187 
002074 	135 	115 	187 	187 
002075 	135 	115 	187 	187 
002076 	135 	115 	187 	187 
002077 	135 	115 	187 	187 
002078 	135 	115 	187 	187 
002079 	135 	95 	187 	186 
002080 	135 	115 	187 	187 
002081 	135 	115 	187 	187 
002082 	135 	115 	187 	187 
002083 	135 	115 	187 	187 
002084 	135 	115 	187 	187 
002085 	156 	74 	187 	187 
002086 	156 	74 	187 	187 
002087 	156 	74 	187 	187 
002088 	156 	74 	187 	187 
002089 	177 	53 	187 	187 
002090 	177 	53 	187 	187 
002091 	177 	74 	187 	187 
002092 	177 	74 	187 	187 
002093 	177 	74 	187 	187 
002094 	177 	95 	187 	186 
002095 	177 	95 	187 	186 
002096 	199 	96 	155 	156 
002097 	199 	96 	155 	156 
002098 	177 	74 	187 	187 
002099 	177 	74 	187 	187 
002100 	199 	96 	155 	156 
002101 	199 	96 	155 	156 
002102 	199 	96 	155 	156 
002103 	199 	96 	155 	156 
002104 	177 	74 	187 	187 
002105 	177 	74 	187 	187 
002106 	177 	74 	187 	187 
002107 	177 	74 	187 	187 
002108 	177 	74 	187 	187 
002109 	177 	74 	187 	187 
002110 	177 	74 	187 	187 
002111 	177 	74 	187 	187 
002112 	177 	74 	187 	187 
002113 	177 	74 	187 	187 
002114 	177 	74 	187 	187 
002115 	177 	74 	187 	187 
002116 	163 	64 	224 	224 
002117 	177 	74 	187 	187 
002118 	177 	74 	187 	187 
002119 	177 	74 	187 	187 
002120 	163 	64 	224 	224 
002121 	163 	64 	224 	224 
002122 	197 	74 	187 	187 
002123 	197 	95 	187 	186 
002124 	197 	95 	187 	186 
002125 	197 	95 	187 	186 
002126 	197 	95 	187 	186 
002127 	197 	95 	187 	186 
002128 	197 	95 	187 	186 
002129 	197 	95 	187 	186 
002130 	197 	95 	187 	186 
002131 	197 	95 	187 	186 
002132 	197 	95 	187 	186 
002133 	197 	95 	187 	186 
002134 	197 	95 	187 	186 
002135 	177 	95 	187 	186 
002136 	177 	95 	187 	186 
002137 	177 	95 	187 	186 
002138 	177 	95 	187 	186 
002139 	177 	95 	187 	186 
002140 	177 	95 	187 	186 
002141 	177 	95 	187 	186 
002142 	177 	95 	187 	186 
002143 	177 	95 	187 	186 
002144 	177 	95 	187 	186 
002145 	177 	95 	187 	186 
002146 	177 	95 	187 	186 
002147 	177 	95 	187 	186 
002148 	177 	95 	187 	186 
002149 	177 	95 	187 	186 
002150 	177 	95 	187 	186 
002151 	177 	95 	187 	186 
002152 	177 	95 	187 	186 
002153 	177 	95 	187 	186 
