Identity  : 	id10381
Reference : 	RL-O0Ut_7Ds
Offset    : 	-3
FV Conf   : 	10.886
ASD Conf  : 	6.867

FRAME 	X 	Y 	W 	H 
006769 	197 	74 	187 	187 
006770 	177 	74 	187 	187 
006771 	177 	74 	187 	187 
006772 	177 	74 	187 	187 
006773 	177 	74 	187 	187 
006774 	156 	74 	187 	187 
006775 	156 	74 	187 	187 
006776 	156 	74 	187 	187 
006777 	156 	74 	187 	187 
006778 	156 	53 	187 	187 
006779 	156 	53 	187 	187 
006780 	156 	74 	187 	187 
006781 	156 	74 	187 	187 
006782 	156 	74 	187 	187 
006783 	156 	74 	187 	187 
006784 	156 	53 	187 	187 
006785 	156 	53 	187 	187 
006786 	156 	74 	187 	187 
006787 	156 	74 	187 	187 
006788 	156 	95 	187 	186 
006789 	181 	96 	156 	156 
006790 	177 	74 	187 	187 
006791 	177 	74 	187 	187 
006792 	177 	74 	187 	187 
006793 	177 	74 	187 	187 
006794 	177 	74 	187 	187 
006795 	177 	95 	187 	186 
006796 	177 	95 	187 	186 
006797 	177 	95 	187 	186 
006798 	181 	113 	156 	156 
006799 	181 	113 	156 	156 
006800 	156 	115 	187 	187 
006801 	156 	115 	187 	187 
006802 	156 	115 	187 	187 
006803 	156 	115 	187 	187 
006804 	156 	115 	187 	187 
006805 	177 	115 	187 	187 
006806 	177 	115 	187 	187 
006807 	177 	115 	187 	187 
006808 	177 	115 	187 	187 
006809 	177 	115 	187 	187 
006810 	177 	115 	187 	187 
006811 	177 	115 	187 	187 
006812 	177 	115 	187 	187 
006813 	181 	113 	156 	156 
006814 	181 	113 	156 	156 
006815 	181 	113 	156 	156 
006816 	156 	115 	187 	187 
006817 	156 	115 	187 	187 
006818 	156 	115 	187 	187 
006819 	156 	115 	187 	187 
006820 	156 	115 	187 	187 
006821 	156 	115 	187 	187 
006822 	156 	115 	187 	187 
006823 	156 	115 	187 	187 
006824 	156 	115 	187 	187 
006825 	156 	95 	187 	186 
006826 	177 	74 	187 	187 
006827 	177 	74 	187 	187 
006828 	156 	74 	187 	187 
006829 	156 	53 	187 	187 
006830 	156 	53 	187 	187 
006831 	156 	53 	187 	187 
006832 	156 	53 	187 	187 
006833 	156 	53 	187 	187 
006834 	156 	53 	187 	187 
006835 	156 	74 	187 	187 
006836 	156 	74 	187 	187 
006837 	156 	74 	187 	187 
006838 	181 	96 	156 	156 
006839 	181 	96 	156 	156 
006840 	156 	74 	187 	187 
006841 	156 	74 	187 	187 
006842 	156 	74 	187 	187 
006843 	156 	74 	187 	187 
006844 	156 	53 	187 	187 
006845 	156 	74 	187 	187 
006846 	156 	74 	187 	187 
006847 	156 	74 	187 	187 
006848 	156 	74 	187 	187 
006849 	138 	64 	224 	224 
006850 	156 	74 	187 	187 
006851 	156 	74 	187 	187 
006852 	156 	74 	187 	187 
006853 	177 	74 	187 	187 
006854 	177 	95 	187 	186 
006855 	197 	74 	187 	187 
006856 	188 	64 	224 	224 
006857 	188 	64 	224 	224 
006858 	188 	64 	224 	224 
006859 	188 	64 	224 	224 
006860 	188 	64 	224 	224 
006861 	188 	64 	224 	224 
006862 	188 	64 	224 	224 
006863 	188 	64 	224 	224 
006864 	163 	64 	224 	224 
006865 	156 	95 	187 	186 
006866 	135 	95 	187 	186 
006867 	135 	95 	187 	186 
006868 	115 	95 	187 	186 
006869 	89 	64 	223 	224 
006870 	115 	95 	187 	186 
006871 	115 	95 	187 	186 
006872 	115 	95 	187 	186 
006873 	115 	95 	187 	186 
006874 	89 	64 	223 	224 
006875 	89 	64 	223 	224 
006876 	115 	95 	187 	186 
006877 	89 	64 	223 	224 
006878 	115 	74 	187 	187 
006879 	115 	95 	187 	186 
006880 	115 	95 	187 	186 
006881 	115 	95 	187 	186 
006882 	115 	95 	187 	186 
006883 	115 	95 	187 	186 
006884 	115 	95 	187 	186 
006885 	135 	95 	187 	186 
006886 	113 	64 	224 	224 
006887 	135 	95 	187 	186 
006888 	135 	95 	187 	186 
006889 	113 	64 	224 	224 
006890 	113 	64 	224 	224 
006891 	135 	95 	187 	186 
006892 	135 	95 	187 	186 
006893 	113 	89 	224 	224 
006894 	135 	74 	187 	187 
006895 	113 	89 	224 	224 
006896 	135 	74 	187 	187 
006897 	135 	74 	187 	187 
006898 	135 	74 	187 	187 
006899 	135 	74 	187 	187 
006900 	113 	64 	224 	224 
006901 	135 	74 	187 	187 
006902 	135 	74 	187 	187 
006903 	113 	64 	224 	224 
006904 	113 	64 	224 	224 
006905 	135 	74 	187 	187 
006906 	113 	64 	224 	224 
006907 	113 	64 	224 	224 
006908 	135 	95 	187 	186 
006909 	135 	95 	187 	186 
006910 	135 	95 	187 	186 
006911 	135 	95 	187 	186 
006912 	135 	95 	187 	186 
006913 	135 	95 	187 	186 
006914 	135 	95 	187 	186 
006915 	135 	95 	187 	186 
006916 	156 	95 	187 	186 
006917 	156 	95 	187 	186 
006918 	138 	64 	224 	224 
006919 	177 	53 	187 	187 
006920 	177 	53 	187 	187 
006921 	197 	53 	187 	187 
006922 	197 	53 	187 	187 
006923 	197 	53 	187 	187 
006924 	197 	53 	187 	187 
006925 	197 	53 	187 	187 
006926 	197 	53 	187 	187 
006927 	197 	53 	187 	187 
006928 	197 	53 	187 	187 
006929 	197 	74 	187 	187 
006930 	197 	74 	187 	187 
006931 	197 	74 	187 	187 
006932 	197 	74 	187 	187 
006933 	177 	74 	187 	187 
006934 	177 	74 	187 	187 
006935 	177 	53 	187 	187 
006936 	177 	53 	187 	187 
006937 	177 	53 	187 	187 
006938 	177 	53 	187 	187 
006939 	177 	74 	187 	187 
006940 	177 	74 	187 	187 
006941 	177 	74 	187 	187 
006942 	177 	74 	187 	187 
006943 	177 	74 	187 	187 
006944 	177 	74 	187 	187 
006945 	177 	74 	187 	187 
006946 	199 	96 	155 	156 
006947 	177 	74 	187 	187 
006948 	216 	96 	156 	156 
006949 	197 	74 	187 	187 
006950 	218 	74 	187 	187 
006951 	218 	74 	187 	187 
006952 	218 	74 	187 	187 
006953 	218 	74 	187 	187 
006954 	188 	39 	224 	224 
006955 	197 	74 	187 	187 
006956 	197 	74 	187 	187 
006957 	197 	74 	187 	187 
006958 	197 	74 	187 	187 
006959 	197 	74 	187 	187 
006960 	188 	64 	224 	224 
006961 	197 	74 	187 	187 
006962 	197 	74 	187 	187 
006963 	197 	74 	187 	187 
