Identity  : 	id10999
Reference : 	yPTuXkaib88
Offset    : 	-4
FV Conf   : 	17.277
ASD Conf  : 	7.415

FRAME 	X 	Y 	W 	H 
024583 	113 	79 	155 	156 
024584 	113 	79 	155 	156 
024585 	130 	79 	156 	156 
024586 	130 	79 	156 	156 
024587 	130 	79 	156 	156 
024588 	130 	79 	156 	156 
024589 	147 	79 	156 	156 
024590 	147 	79 	156 	156 
024591 	147 	79 	156 	156 
024592 	165 	94 	130 	130 
024593 	165 	94 	130 	130 
024594 	164 	96 	156 	156 
024595 	164 	96 	156 	156 
024596 	164 	96 	156 	156 
024597 	164 	96 	156 	156 
024598 	164 	96 	156 	156 
024599 	164 	79 	156 	156 
024600 	164 	79 	156 	156 
024601 	164 	79 	156 	156 
024602 	164 	79 	156 	156 
024603 	164 	96 	156 	156 
024604 	135 	74 	187 	187 
024605 	135 	74 	187 	187 
024606 	147 	79 	156 	156 
024607 	135 	74 	187 	187 
024608 	135 	74 	187 	187 
024609 	135 	74 	187 	187 
024610 	135 	74 	187 	187 
024611 	135 	74 	187 	187 
024612 	147 	79 	156 	156 
024613 	147 	79 	156 	156 
024614 	147 	79 	156 	156 
024615 	147 	79 	156 	156 
024616 	147 	79 	156 	156 
024617 	147 	79 	156 	156 
024618 	147 	79 	156 	156 
024619 	147 	79 	156 	156 
024620 	147 	79 	156 	156 
024621 	147 	79 	156 	156 
024622 	135 	74 	187 	187 
024623 	135 	74 	187 	187 
024624 	135 	74 	187 	187 
024625 	135 	74 	187 	187 
024626 	135 	74 	187 	187 
024627 	135 	74 	187 	187 
024628 	135 	74 	187 	187 
024629 	135 	74 	187 	187 
024630 	135 	74 	187 	187 
024631 	147 	79 	156 	156 
024632 	135 	74 	187 	187 
024633 	165 	94 	130 	130 
024634 	164 	79 	156 	156 
024635 	164 	79 	156 	156 
024636 	164 	79 	156 	156 
024637 	164 	79 	156 	156 
024638 	170 	76 	172 	172 
024639 	177 	74 	187 	187 
024640 	177 	74 	187 	187 
024641 	177 	74 	187 	187 
024642 	177 	95 	187 	186 
024643 	177 	95 	187 	186 
024644 	177 	95 	187 	186 
024645 	177 	95 	187 	186 
024646 	177 	95 	187 	186 
024647 	177 	95 	187 	186 
024648 	177 	95 	187 	186 
024649 	177 	95 	187 	186 
024650 	177 	95 	187 	186 
024651 	177 	95 	187 	186 
024652 	177 	95 	187 	186 
024653 	177 	95 	187 	186 
024654 	177 	95 	187 	186 
024655 	177 	95 	187 	186 
024656 	177 	95 	187 	186 
024657 	177 	95 	187 	186 
024658 	177 	95 	187 	186 
024659 	177 	95 	187 	186 
024660 	177 	95 	187 	186 
024661 	177 	95 	187 	186 
024662 	177 	95 	187 	186 
024663 	177 	95 	187 	186 
024664 	177 	95 	187 	186 
024665 	156 	95 	187 	186 
024666 	156 	95 	187 	186 
024667 	156 	95 	187 	186 
024668 	156 	95 	187 	186 
024669 	156 	95 	187 	186 
024670 	156 	95 	187 	186 
024671 	156 	95 	187 	186 
024672 	156 	95 	187 	186 
024673 	156 	95 	187 	186 
024674 	156 	95 	187 	186 
024675 	156 	95 	187 	186 
024676 	156 	95 	187 	186 
024677 	156 	95 	187 	186 
024678 	156 	95 	187 	186 
024679 	156 	95 	187 	186 
024680 	156 	95 	187 	186 
024681 	156 	95 	187 	186 
024682 	156 	95 	187 	186 
024683 	156 	95 	187 	186 
024684 	156 	95 	187 	186 
024685 	138 	64 	224 	224 
024686 	156 	95 	187 	186 
024687 	156 	95 	187 	186 
024688 	156 	95 	187 	186 
024689 	156 	95 	187 	186 
