Identity  : 	id10970
Reference : 	rEhBM_VI-Ms
Offset    : 	-2
FV Conf   : 	14.858
ASD Conf  : 	8.642

FRAME 	X 	Y 	W 	H 
000066 	188 	89 	224 	224 
000067 	188 	89 	224 	224 
000068 	188 	89 	224 	224 
000069 	188 	89 	224 	224 
000070 	188 	89 	224 	224 
000071 	188 	89 	224 	224 
000072 	188 	89 	224 	224 
000073 	188 	89 	224 	224 
000074 	188 	89 	224 	224 
000075 	188 	89 	224 	224 
000076 	188 	89 	224 	224 
000077 	188 	89 	224 	224 
000078 	188 	89 	224 	224 
000079 	188 	89 	224 	224 
000080 	188 	89 	224 	224 
000081 	188 	89 	224 	224 
000082 	188 	89 	224 	224 
000083 	218 	115 	187 	187 
000084 	212 	89 	224 	224 
000085 	212 	89 	224 	224 
000086 	212 	89 	224 	224 
000087 	212 	89 	224 	224 
000088 	212 	89 	224 	224 
000089 	212 	89 	224 	224 
000090 	212 	89 	224 	224 
000091 	212 	89 	224 	224 
000092 	212 	89 	224 	224 
000093 	218 	115 	187 	187 
000094 	188 	89 	224 	224 
000095 	218 	115 	187 	187 
000096 	218 	115 	187 	187 
000097 	218 	115 	187 	187 
000098 	218 	115 	187 	187 
000099 	188 	89 	224 	224 
000100 	188 	89 	224 	224 
000101 	188 	89 	224 	224 
000102 	188 	89 	224 	224 
000103 	188 	89 	224 	224 
000104 	188 	89 	224 	224 
000105 	188 	89 	224 	224 
000106 	188 	89 	224 	224 
000107 	188 	89 	224 	224 
000108 	188 	89 	224 	224 
000109 	188 	89 	224 	224 
000110 	188 	89 	224 	224 
000111 	188 	89 	224 	224 
000112 	188 	89 	224 	224 
000113 	188 	89 	224 	224 
000114 	188 	89 	224 	224 
000115 	188 	89 	224 	224 
000116 	188 	89 	224 	224 
000117 	188 	89 	224 	224 
000118 	188 	89 	224 	224 
000119 	188 	89 	224 	224 
000120 	188 	89 	224 	224 
000121 	188 	89 	224 	224 
000122 	188 	89 	224 	224 
000123 	188 	89 	224 	224 
000124 	188 	89 	224 	224 
000125 	163 	89 	224 	224 
000126 	163 	89 	224 	224 
000127 	163 	89 	224 	224 
000128 	163 	89 	224 	224 
000129 	163 	89 	224 	224 
000130 	163 	89 	224 	224 
000131 	163 	89 	224 	224 
000132 	163 	89 	224 	224 
000133 	163 	89 	224 	224 
000134 	138 	89 	224 	224 
000135 	138 	89 	224 	224 
000136 	138 	89 	224 	224 
000137 	106 	48 	269 	268 
000138 	138 	89 	224 	224 
000139 	138 	89 	224 	224 
000140 	138 	89 	224 	224 
000141 	138 	89 	224 	224 
000142 	138 	89 	224 	224 
000143 	138 	89 	224 	224 
000144 	138 	89 	224 	224 
000145 	138 	89 	224 	224 
000146 	138 	89 	224 	224 
000147 	138 	89 	224 	224 
000148 	138 	89 	224 	224 
000149 	138 	89 	224 	224 
000150 	138 	89 	224 	224 
000151 	163 	89 	224 	224 
000152 	163 	89 	224 	224 
000153 	163 	89 	224 	224 
000154 	188 	89 	224 	224 
000155 	188 	89 	224 	224 
000156 	188 	89 	224 	224 
000157 	218 	115 	187 	187 
000158 	218 	115 	187 	187 
000159 	239 	115 	186 	187 
000160 	239 	115 	186 	187 
000161 	239 	115 	186 	187 
000162 	239 	115 	186 	187 
000163 	239 	115 	186 	187 
000164 	239 	115 	186 	187 
000165 	239 	115 	186 	187 
000166 	239 	115 	186 	187 
000167 	239 	115 	186 	187 
000168 	239 	115 	186 	187 
000169 	239 	115 	186 	187 
000170 	239 	115 	186 	187 
000171 	239 	115 	186 	187 
000172 	239 	115 	186 	187 
000173 	239 	115 	186 	187 
000174 	259 	115 	187 	187 
000175 	259 	115 	187 	187 
000176 	259 	115 	187 	187 
000177 	259 	115 	187 	187 
000178 	259 	115 	187 	187 
000179 	259 	115 	187 	187 
000180 	259 	115 	187 	187 
000181 	259 	115 	187 	187 
000182 	259 	115 	187 	187 
000183 	259 	115 	187 	187 
