Identity  : 	id10970
Reference : 	rEhBM_VI-Ms
Offset    : 	-2
FV Conf   : 	16.294
ASD Conf  : 	8.021

FRAME 	X 	Y 	W 	H 
004225 	163 	89 	224 	224 
004226 	163 	114 	224 	224 
004227 	163 	89 	224 	224 
004228 	163 	89 	224 	224 
004229 	163 	89 	224 	224 
004230 	163 	114 	224 	224 
004231 	163 	114 	224 	224 
004232 	163 	114 	224 	224 
004233 	163 	114 	224 	224 
004234 	163 	114 	224 	224 
004235 	163 	114 	224 	224 
004236 	163 	114 	224 	224 
004237 	163 	89 	224 	224 
004238 	163 	89 	224 	224 
004239 	163 	89 	224 	224 
004240 	163 	89 	224 	224 
004241 	163 	89 	224 	224 
004242 	163 	89 	224 	224 
004243 	163 	89 	224 	224 
004244 	163 	89 	224 	224 
004245 	163 	89 	224 	224 
004246 	163 	89 	224 	224 
004247 	163 	89 	224 	224 
004248 	163 	89 	224 	224 
004249 	163 	89 	224 	224 
004250 	163 	89 	224 	224 
004251 	163 	89 	224 	224 
004252 	163 	89 	224 	224 
004253 	163 	89 	224 	224 
004254 	163 	89 	224 	224 
004255 	163 	89 	224 	224 
004256 	163 	89 	224 	224 
004257 	163 	89 	224 	224 
004258 	163 	89 	224 	224 
004259 	163 	89 	224 	224 
004260 	188 	89 	224 	224 
004261 	188 	89 	224 	224 
004262 	188 	89 	224 	224 
004263 	188 	89 	224 	224 
004264 	188 	89 	224 	224 
004265 	188 	89 	224 	224 
004266 	188 	89 	224 	224 
004267 	188 	89 	224 	224 
004268 	188 	89 	224 	224 
004269 	188 	89 	224 	224 
004270 	188 	89 	224 	224 
004271 	188 	89 	224 	224 
004272 	188 	89 	224 	224 
004273 	188 	89 	224 	224 
004274 	188 	89 	224 	224 
004275 	188 	89 	224 	224 
004276 	188 	89 	224 	224 
004277 	188 	89 	224 	224 
004278 	188 	89 	224 	224 
004279 	188 	89 	224 	224 
004280 	188 	89 	224 	224 
004281 	188 	89 	224 	224 
004282 	188 	89 	224 	224 
004283 	188 	89 	224 	224 
004284 	188 	89 	224 	224 
004285 	188 	89 	224 	224 
004286 	188 	89 	224 	224 
004287 	188 	89 	224 	224 
004288 	188 	89 	224 	224 
004289 	188 	89 	224 	224 
004290 	188 	89 	224 	224 
004291 	188 	89 	224 	224 
004292 	188 	89 	224 	224 
004293 	188 	89 	224 	224 
004294 	188 	89 	224 	224 
004295 	188 	89 	224 	224 
004296 	163 	89 	224 	224 
004297 	163 	89 	224 	224 
004298 	163 	89 	224 	224 
004299 	163 	89 	224 	224 
004300 	163 	89 	224 	224 
004301 	188 	89 	224 	224 
004302 	188 	89 	224 	224 
004303 	163 	89 	224 	224 
004304 	163 	89 	224 	224 
004305 	163 	89 	224 	224 
004306 	163 	89 	224 	224 
004307 	163 	89 	224 	224 
004308 	163 	89 	224 	224 
004309 	163 	89 	224 	224 
004310 	163 	89 	224 	224 
004311 	163 	89 	224 	224 
004312 	163 	89 	224 	224 
004313 	163 	89 	224 	224 
004314 	163 	89 	224 	224 
004315 	163 	89 	224 	224 
004316 	163 	89 	224 	224 
004317 	163 	89 	224 	224 
004318 	163 	89 	224 	224 
004319 	163 	89 	224 	224 
004320 	163 	89 	224 	224 
004321 	163 	89 	224 	224 
004322 	163 	89 	224 	224 
004323 	163 	89 	224 	224 
004324 	163 	89 	224 	224 
004325 	163 	89 	224 	224 
004326 	163 	89 	224 	224 
004327 	163 	89 	224 	224 
004328 	163 	89 	224 	224 
004329 	163 	89 	224 	224 
004330 	163 	89 	224 	224 
004331 	163 	89 	224 	224 
004332 	163 	89 	224 	224 
004333 	163 	89 	224 	224 
004334 	163 	89 	224 	224 
004335 	163 	89 	224 	224 
004336 	163 	89 	224 	224 
004337 	163 	89 	224 	224 
004338 	163 	64 	224 	224 
004339 	163 	64 	224 	224 
004340 	163 	64 	224 	224 
004341 	163 	64 	224 	224 
004342 	188 	89 	224 	224 
004343 	188 	89 	224 	224 
004344 	188 	89 	224 	224 
004345 	188 	89 	224 	224 
004346 	188 	89 	224 	224 
004347 	188 	89 	224 	224 
004348 	188 	89 	224 	224 
004349 	188 	89 	224 	224 
004350 	188 	89 	224 	224 
004351 	188 	89 	224 	224 
004352 	188 	64 	224 	224 
004353 	188 	64 	224 	224 
004354 	188 	64 	224 	224 
004355 	188 	64 	224 	224 
004356 	188 	64 	224 	224 
004357 	188 	64 	224 	224 
004358 	188 	64 	224 	224 
004359 	188 	64 	224 	224 
004360 	188 	64 	224 	224 
004361 	188 	64 	224 	224 
004362 	188 	64 	224 	224 
004363 	188 	64 	224 	224 
004364 	188 	64 	224 	224 
004365 	188 	64 	224 	224 
004366 	188 	64 	224 	224 
004367 	188 	64 	224 	224 
004368 	188 	64 	224 	224 
004369 	188 	64 	224 	224 
004370 	188 	64 	224 	224 
004371 	188 	64 	224 	224 
004372 	188 	64 	224 	224 
004373 	188 	64 	224 	224 
004374 	188 	64 	224 	224 
004375 	188 	64 	224 	224 
004376 	188 	64 	224 	224 
004377 	188 	64 	224 	224 
004378 	188 	64 	224 	224 
004379 	188 	64 	224 	224 
004380 	188 	64 	224 	224 
004381 	188 	64 	224 	224 
004382 	188 	64 	224 	224 
004383 	188 	64 	224 	224 
004384 	188 	64 	224 	224 
004385 	188 	64 	224 	224 
004386 	188 	64 	224 	224 
004387 	188 	64 	224 	224 
004388 	188 	64 	224 	224 
004389 	188 	64 	224 	224 
004390 	188 	64 	224 	224 
004391 	188 	64 	224 	224 
004392 	188 	64 	224 	224 
004393 	188 	64 	224 	224 
004394 	188 	64 	224 	224 
004395 	188 	89 	224 	224 
004396 	188 	89 	224 	224 
004397 	188 	89 	224 	224 
004398 	188 	89 	224 	224 
004399 	188 	89 	224 	224 
004400 	188 	89 	224 	224 
004401 	188 	89 	224 	224 
004402 	188 	89 	224 	224 
004403 	188 	89 	224 	224 
004404 	188 	89 	224 	224 
004405 	188 	89 	224 	224 
004406 	188 	89 	224 	224 
004407 	188 	89 	224 	224 
