Identity  : 	id10970
Reference : 	rEhBM_VI-Ms
Offset    : 	-2
FV Conf   : 	19.872
ASD Conf  : 	7.718

FRAME 	X 	Y 	W 	H 
004791 	163 	64 	224 	224 
004792 	163 	64 	224 	224 
004793 	197 	95 	187 	186 
004794 	197 	95 	187 	186 
004795 	188 	64 	224 	224 
004796 	188 	89 	224 	224 
004797 	188 	89 	224 	224 
004798 	188 	89 	224 	224 
004799 	163 	89 	224 	224 
004800 	163 	89 	224 	224 
004801 	163 	89 	224 	224 
004802 	163 	89 	224 	224 
004803 	197 	136 	187 	187 
004804 	197 	136 	187 	187 
004805 	197 	136 	187 	187 
004806 	197 	136 	187 	187 
004807 	197 	136 	187 	187 
004808 	197 	136 	187 	187 
004809 	197 	136 	187 	187 
004810 	188 	114 	224 	224 
004811 	188 	114 	224 	224 
004812 	188 	114 	224 	224 
004813 	188 	114 	224 	224 
004814 	218 	136 	187 	187 
004815 	218 	136 	187 	187 
004816 	188 	89 	224 	224 
004817 	188 	89 	224 	224 
004818 	188 	89 	224 	224 
004819 	188 	89 	224 	224 
004820 	188 	89 	224 	224 
004821 	188 	89 	224 	224 
004822 	188 	89 	224 	224 
004823 	188 	89 	224 	224 
004824 	188 	89 	224 	224 
004825 	188 	89 	224 	224 
004826 	188 	89 	224 	224 
004827 	188 	89 	224 	224 
004828 	188 	89 	224 	224 
004829 	188 	89 	224 	224 
004830 	188 	89 	224 	224 
004831 	188 	89 	224 	224 
004832 	188 	89 	224 	224 
004833 	188 	89 	224 	224 
004834 	188 	89 	224 	224 
004835 	188 	89 	224 	224 
004836 	188 	89 	224 	224 
004837 	188 	89 	224 	224 
004838 	188 	89 	224 	224 
004839 	188 	89 	224 	224 
004840 	188 	89 	224 	224 
004841 	188 	89 	224 	224 
004842 	188 	89 	224 	224 
004843 	188 	89 	224 	224 
004844 	188 	89 	224 	224 
004845 	188 	89 	224 	224 
004846 	188 	89 	224 	224 
004847 	188 	89 	224 	224 
004848 	188 	89 	224 	224 
004849 	188 	89 	224 	224 
004850 	188 	89 	224 	224 
004851 	188 	89 	224 	224 
004852 	188 	89 	224 	224 
004853 	188 	89 	224 	224 
004854 	188 	114 	224 	224 
004855 	188 	89 	224 	224 
004856 	188 	89 	224 	224 
004857 	188 	89 	224 	224 
004858 	188 	89 	224 	224 
004859 	218 	115 	187 	187 
004860 	218 	115 	187 	187 
004861 	218 	115 	187 	187 
004862 	212 	89 	224 	224 
004863 	212 	89 	224 	224 
004864 	212 	89 	224 	224 
004865 	212 	89 	224 	224 
004866 	212 	89 	224 	224 
004867 	212 	89 	224 	224 
004868 	212 	114 	224 	224 
004869 	212 	114 	224 	224 
004870 	218 	115 	187 	187 
004871 	218 	115 	187 	187 
004872 	218 	115 	187 	187 
004873 	188 	89 	224 	224 
004874 	188 	89 	224 	224 
004875 	188 	89 	224 	224 
004876 	188 	89 	224 	224 
004877 	188 	89 	224 	224 
004878 	188 	89 	224 	224 
004879 	188 	89 	224 	224 
004880 	188 	89 	224 	224 
004881 	197 	115 	187 	187 
004882 	197 	115 	187 	187 
004883 	197 	115 	187 	187 
004884 	197 	115 	187 	187 
004885 	197 	115 	187 	187 
004886 	197 	115 	187 	187 
004887 	163 	89 	224 	224 
004888 	163 	89 	224 	224 
004889 	163 	89 	224 	224 
004890 	163 	89 	224 	224 
004891 	163 	89 	224 	224 
004892 	163 	89 	224 	224 
004893 	197 	115 	187 	187 
004894 	163 	89 	224 	224 
004895 	163 	89 	224 	224 
004896 	163 	89 	224 	224 
004897 	163 	89 	224 	224 
004898 	163 	89 	224 	224 
004899 	197 	115 	187 	187 
004900 	197 	115 	187 	187 
004901 	188 	89 	224 	224 
004902 	188 	89 	224 	224 
004903 	188 	89 	224 	224 
004904 	163 	89 	224 	224 
004905 	163 	89 	224 	224 
004906 	163 	89 	224 	224 
004907 	163 	89 	224 	224 
004908 	163 	89 	224 	224 
004909 	188 	89 	224 	224 
004910 	188 	89 	224 	224 
004911 	188 	89 	224 	224 
004912 	188 	89 	224 	224 
004913 	188 	89 	224 	224 
004914 	188 	89 	224 	224 
004915 	188 	89 	224 	224 
004916 	188 	89 	224 	224 
004917 	188 	89 	224 	224 
004918 	188 	89 	224 	224 
004919 	188 	89 	224 	224 
004920 	188 	89 	224 	224 
004921 	188 	89 	224 	224 
004922 	188 	89 	224 	224 
004923 	188 	89 	224 	224 
004924 	188 	89 	224 	224 
004925 	188 	89 	224 	224 
004926 	188 	89 	224 	224 
004927 	188 	89 	224 	224 
004928 	188 	89 	224 	224 
004929 	188 	89 	224 	224 
004930 	188 	89 	224 	224 
004931 	188 	89 	224 	224 
004932 	188 	89 	224 	224 
004933 	188 	89 	224 	224 
004934 	188 	89 	224 	224 
004935 	188 	89 	224 	224 
004936 	188 	89 	224 	224 
004937 	188 	89 	224 	224 
004938 	188 	89 	224 	224 
004939 	188 	89 	224 	224 
004940 	188 	89 	224 	224 
004941 	188 	89 	224 	224 
004942 	188 	89 	224 	224 
004943 	188 	89 	224 	224 
004944 	188 	89 	224 	224 
004945 	188 	89 	224 	224 
004946 	188 	89 	224 	224 
004947 	188 	89 	224 	224 
004948 	188 	89 	224 	224 
004949 	188 	89 	224 	224 
004950 	188 	114 	224 	224 
004951 	188 	114 	224 	224 
004952 	188 	114 	224 	224 
004953 	188 	114 	224 	224 
004954 	188 	114 	224 	224 
004955 	163 	114 	224 	224 
004956 	163 	114 	224 	224 
004957 	163 	114 	224 	224 
004958 	163 	89 	224 	224 
004959 	163 	89 	224 	224 
004960 	163 	89 	224 	224 
004961 	163 	89 	224 	224 
004962 	163 	89 	224 	224 
004963 	163 	89 	224 	224 
004964 	188 	114 	224 	224 
004965 	188 	114 	224 	224 
004966 	188 	114 	224 	224 
004967 	188 	114 	224 	224 
004968 	188 	114 	224 	224 
004969 	188 	114 	224 	224 
004970 	188 	114 	224 	224 
004971 	188 	114 	224 	224 
004972 	163 	114 	224 	224 
004973 	163 	114 	224 	224 
004974 	163 	114 	224 	224 
004975 	163 	114 	224 	224 
004976 	163 	114 	224 	224 
004977 	163 	114 	224 	224 
004978 	163 	114 	224 	224 
004979 	163 	114 	224 	224 
004980 	163 	114 	224 	224 
004981 	163 	114 	224 	224 
004982 	163 	114 	224 	224 
004983 	163 	114 	224 	224 
004984 	163 	114 	224 	224 
004985 	163 	114 	224 	224 
004986 	163 	114 	224 	224 
004987 	163 	114 	224 	224 
004988 	163 	114 	224 	224 
004989 	163 	114 	224 	224 
004990 	163 	114 	224 	224 
004991 	163 	114 	224 	224 
004992 	163 	114 	224 	224 
004993 	163 	114 	224 	224 
004994 	163 	114 	224 	224 
004995 	163 	114 	224 	224 
004996 	163 	114 	224 	224 
004997 	163 	114 	224 	224 
004998 	163 	114 	224 	224 
004999 	163 	114 	224 	224 
005000 	163 	114 	224 	224 
005001 	163 	114 	224 	224 
005002 	163 	114 	224 	224 
005003 	163 	114 	224 	224 
005004 	163 	114 	224 	224 
005005 	163 	114 	224 	224 
005006 	163 	114 	224 	224 
005007 	163 	114 	224 	224 
005008 	163 	114 	224 	224 
005009 	197 	136 	187 	187 
005010 	197 	136 	187 	187 
005011 	197 	115 	187 	187 
005012 	197 	115 	187 	187 
005013 	163 	89 	224 	224 
005014 	163 	89 	224 	224 
005015 	163 	89 	224 	224 
005016 	163 	89 	224 	224 
005017 	163 	89 	224 	224 
005018 	163 	89 	224 	224 
005019 	197 	115 	187 	187 
005020 	163 	89 	224 	224 
005021 	163 	89 	224 	224 
005022 	163 	89 	224 	224 
005023 	163 	89 	224 	224 
005024 	163 	89 	224 	224 
005025 	163 	114 	224 	224 
005026 	163 	114 	224 	224 
005027 	177 	136 	187 	187 
005028 	177 	136 	187 	187 
005029 	177 	136 	187 	187 
005030 	177 	136 	187 	187 
005031 	138 	89 	224 	224 
005032 	138 	89 	224 	224 
005033 	138 	89 	224 	224 
005034 	138 	89 	224 	224 
005035 	138 	89 	224 	224 
005036 	177 	136 	187 	187 
005037 	177 	136 	187 	187 
005038 	177 	136 	187 	187 
005039 	177 	115 	187 	187 
005040 	163 	89 	224 	224 
005041 	163 	89 	224 	224 
005042 	197 	95 	187 	186 
005043 	218 	115 	187 	187 
005044 	218 	115 	187 	187 
005045 	218 	115 	187 	187 
005046 	218 	115 	187 	187 
005047 	218 	115 	187 	187 
005048 	218 	115 	187 	187 
005049 	218 	115 	187 	187 
005050 	218 	136 	187 	187 
005051 	188 	89 	224 	224 
005052 	188 	89 	224 	224 
005053 	188 	89 	224 	224 
005054 	188 	89 	224 	224 
005055 	188 	89 	224 	224 
005056 	188 	89 	224 	224 
005057 	188 	89 	224 	224 
005058 	188 	89 	224 	224 
005059 	188 	89 	224 	224 
005060 	188 	89 	224 	224 
005061 	188 	89 	224 	224 
005062 	188 	89 	224 	224 
005063 	188 	114 	224 	224 
005064 	188 	89 	224 	224 
005065 	188 	89 	224 	224 
005066 	197 	95 	187 	186 
005067 	197 	95 	187 	186 
005068 	197 	95 	187 	186 
005069 	197 	95 	187 	186 
005070 	197 	95 	187 	186 
005071 	197 	95 	187 	186 
005072 	197 	95 	187 	186 
005073 	197 	95 	187 	186 
005074 	197 	95 	187 	186 
005075 	197 	95 	187 	186 
005076 	197 	95 	187 	186 
005077 	197 	95 	187 	186 
005078 	197 	95 	187 	186 
005079 	197 	95 	187 	186 
005080 	197 	95 	187 	186 
005081 	197 	95 	187 	186 
005082 	197 	95 	187 	186 
005083 	197 	95 	187 	186 
005084 	197 	95 	187 	186 
005085 	197 	95 	187 	186 
005086 	197 	95 	187 	186 
005087 	197 	95 	187 	186 
005088 	197 	95 	187 	186 
005089 	197 	95 	187 	186 
005090 	197 	95 	187 	186 
005091 	197 	115 	187 	187 
005092 	197 	115 	187 	187 
005093 	197 	115 	187 	187 
005094 	197 	115 	187 	187 
005095 	197 	115 	187 	187 
005096 	197 	115 	187 	187 
005097 	197 	115 	187 	187 
005098 	197 	115 	187 	187 
005099 	197 	95 	187 	186 
005100 	197 	95 	187 	186 
005101 	197 	95 	187 	186 
005102 	188 	64 	224 	224 
005103 	188 	64 	224 	224 
005104 	218 	74 	187 	187 
005105 	218 	74 	187 	187 
005106 	218 	74 	187 	187 
005107 	239 	95 	186 	186 
005108 	239 	95 	186 	186 
005109 	239 	95 	186 	186 
005110 	239 	115 	186 	187 
005111 	239 	115 	186 	187 
005112 	239 	115 	186 	187 
005113 	239 	136 	186 	187 
005114 	239 	136 	186 	187 
005115 	239 	136 	186 	187 
005116 	218 	136 	187 	187 
005117 	218 	136 	187 	187 
005118 	218 	136 	187 	187 
005119 	218 	136 	187 	187 
005120 	218 	136 	187 	187 
005121 	218 	157 	187 	186 
005122 	218 	157 	187 	186 
005123 	218 	157 	187 	186 
005124 	218 	157 	187 	186 
005125 	218 	157 	187 	186 
005126 	218 	157 	187 	186 
005127 	239 	157 	186 	186 
005128 	239 	157 	186 	186 
005129 	239 	136 	186 	187 
005130 	239 	136 	186 	187 
005131 	239 	136 	186 	187 
005132 	239 	136 	186 	187 
