Identity  : 	id10634
Reference : 	_J7sSmwDF0o
Offset    : 	-1
FV Conf   : 	12.888
ASD Conf  : 	6.614

FRAME 	X 	Y 	W 	H 
003813 	151 	37 	130 	130 
003814 	150 	54 	108 	109 
003815 	137 	37 	130 	130 
003816 	137 	37 	130 	130 
003817 	137 	37 	130 	130 
003818 	137 	37 	130 	130 
003819 	137 	37 	130 	130 
003820 	137 	37 	130 	130 
003821 	137 	37 	130 	130 
003822 	137 	37 	130 	130 
003823 	137 	37 	130 	130 
003824 	137 	37 	130 	130 
003825 	138 	54 	108 	109 
003826 	138 	54 	108 	109 
003827 	138 	54 	108 	109 
003828 	138 	54 	108 	109 
003829 	138 	54 	108 	109 
003830 	137 	37 	130 	130 
003831 	138 	54 	108 	109 
003832 	137 	37 	130 	130 
003833 	137 	37 	130 	130 
003834 	138 	54 	108 	109 
003835 	137 	37 	130 	130 
003836 	137 	37 	130 	130 
003837 	150 	54 	108 	109 
003838 	150 	54 	108 	109 
003839 	150 	54 	108 	109 
003840 	150 	54 	108 	109 
003841 	150 	54 	108 	109 
003842 	150 	54 	108 	109 
003843 	161 	54 	109 	109 
003844 	161 	54 	109 	109 
003845 	161 	54 	109 	109 
003846 	161 	54 	109 	109 
003847 	161 	54 	109 	109 
003848 	161 	54 	109 	109 
003849 	161 	54 	109 	109 
003850 	161 	54 	109 	109 
003851 	173 	54 	109 	109 
003852 	173 	54 	109 	109 
003853 	173 	54 	109 	109 
003854 	173 	54 	109 	109 
003855 	173 	54 	109 	109 
003856 	173 	54 	109 	109 
003857 	173 	54 	109 	109 
003858 	161 	54 	109 	109 
003859 	161 	54 	109 	109 
003860 	161 	54 	109 	109 
003861 	161 	54 	109 	109 
003862 	161 	54 	109 	109 
003863 	161 	54 	109 	109 
003864 	165 	37 	130 	130 
003865 	161 	54 	109 	109 
003866 	161 	54 	109 	109 
003867 	161 	54 	109 	109 
003868 	161 	54 	109 	109 
003869 	161 	54 	109 	109 
003870 	161 	54 	109 	109 
003871 	161 	54 	109 	109 
003872 	161 	54 	109 	109 
003873 	161 	54 	109 	109 
003874 	161 	54 	109 	109 
003875 	161 	54 	109 	109 
003876 	161 	54 	109 	109 
003877 	161 	54 	109 	109 
003878 	161 	54 	109 	109 
003879 	161 	54 	109 	109 
003880 	161 	54 	109 	109 
003881 	161 	54 	109 	109 
003882 	161 	54 	109 	109 
003883 	161 	54 	109 	109 
003884 	161 	54 	109 	109 
003885 	161 	54 	109 	109 
003886 	161 	54 	109 	109 
003887 	161 	54 	109 	109 
003888 	161 	54 	109 	109 
003889 	161 	54 	109 	109 
003890 	161 	54 	109 	109 
003891 	161 	54 	109 	109 
003892 	161 	54 	109 	109 
003893 	161 	54 	109 	109 
003894 	161 	54 	109 	109 
003895 	161 	54 	109 	109 
003896 	150 	54 	108 	109 
003897 	150 	54 	108 	109 
003898 	150 	54 	108 	109 
003899 	150 	54 	108 	109 
003900 	150 	54 	108 	109 
003901 	150 	54 	108 	109 
003902 	150 	54 	108 	109 
003903 	150 	54 	108 	109 
003904 	150 	54 	108 	109 
003905 	150 	54 	108 	109 
003906 	150 	54 	108 	109 
003907 	150 	54 	108 	109 
003908 	150 	54 	108 	109 
003909 	150 	54 	108 	109 
003910 	150 	54 	108 	109 
003911 	150 	54 	108 	109 
003912 	150 	54 	108 	109 
003913 	150 	54 	108 	109 
003914 	150 	54 	108 	109 
003915 	150 	54 	108 	109 
003916 	150 	54 	108 	109 
003917 	150 	54 	108 	109 
003918 	150 	54 	108 	109 
003919 	150 	54 	108 	109 
003920 	150 	54 	108 	109 
003921 	150 	54 	108 	109 
003922 	150 	54 	108 	109 
003923 	151 	51 	130 	130 
003924 	151 	51 	130 	130 
003925 	151 	51 	130 	130 
003926 	151 	51 	130 	130 
003927 	151 	51 	130 	130 
003928 	151 	51 	130 	130 
003929 	151 	51 	130 	130 
003930 	151 	51 	130 	130 
003931 	151 	51 	130 	130 
003932 	150 	66 	108 	109 
003933 	150 	66 	108 	109 
003934 	150 	66 	108 	109 
003935 	150 	54 	108 	109 
003936 	150 	54 	108 	109 
003937 	150 	54 	108 	109 
003938 	150 	54 	108 	109 
003939 	150 	54 	108 	109 
003940 	150 	54 	108 	109 
003941 	150 	54 	108 	109 
003942 	150 	54 	108 	109 
003943 	150 	54 	108 	109 
003944 	150 	54 	108 	109 
003945 	150 	54 	108 	109 
003946 	150 	54 	108 	109 
003947 	150 	54 	108 	109 
003948 	150 	54 	108 	109 
003949 	150 	54 	108 	109 
003950 	150 	54 	108 	109 
003951 	150 	54 	108 	109 
003952 	150 	54 	108 	109 
003953 	150 	54 	108 	109 
003954 	150 	54 	108 	109 
003955 	137 	37 	130 	130 
003956 	150 	54 	108 	109 
003957 	137 	51 	130 	130 
003958 	137 	51 	130 	130 
003959 	137 	37 	130 	130 
003960 	138 	54 	108 	109 
003961 	138 	54 	108 	109 
003962 	138 	54 	108 	109 
003963 	138 	54 	108 	109 
003964 	138 	54 	108 	109 
003965 	138 	54 	108 	109 
003966 	138 	54 	108 	109 
003967 	138 	54 	108 	109 
003968 	138 	54 	108 	109 
003969 	138 	54 	108 	109 
003970 	138 	54 	108 	109 
003971 	138 	54 	108 	109 
003972 	122 	37 	130 	130 
003973 	122 	37 	130 	130 
003974 	122 	37 	130 	130 
003975 	138 	54 	108 	109 
003976 	138 	54 	108 	109 
003977 	138 	54 	108 	109 
003978 	138 	43 	108 	108 
003979 	137 	37 	130 	130 
003980 	150 	54 	108 	109 
003981 	150 	54 	108 	109 
003982 	161 	54 	109 	109 
003983 	161 	54 	109 	109 
003984 	161 	54 	109 	109 
003985 	161 	54 	109 	109 
003986 	161 	54 	109 	109 
003987 	173 	54 	109 	109 
003988 	173 	54 	109 	109 
003989 	173 	54 	109 	109 
003990 	173 	54 	109 	109 
003991 	173 	54 	109 	109 
003992 	173 	54 	109 	109 
003993 	173 	54 	109 	109 
003994 	173 	54 	109 	109 
003995 	173 	54 	109 	109 
003996 	173 	54 	109 	109 
003997 	173 	54 	109 	109 
003998 	173 	54 	109 	109 
003999 	173 	54 	109 	109 
004000 	173 	54 	109 	109 
004001 	173 	54 	109 	109 
004002 	173 	54 	109 	109 
004003 	173 	54 	109 	109 
004004 	173 	54 	109 	109 
004005 	173 	54 	109 	109 
004006 	173 	54 	109 	109 
004007 	173 	54 	109 	109 
004008 	173 	54 	109 	109 
004009 	173 	54 	109 	109 
004010 	173 	54 	109 	109 
004011 	173 	54 	109 	109 
004012 	173 	54 	109 	109 
004013 	173 	54 	109 	109 
004014 	173 	54 	109 	109 
004015 	173 	54 	109 	109 
004016 	173 	54 	109 	109 
004017 	173 	54 	109 	109 
004018 	173 	54 	109 	109 
004019 	161 	54 	109 	109 
004020 	161 	54 	109 	109 
004021 	173 	54 	109 	109 
004022 	173 	54 	109 	109 
004023 	161 	54 	109 	109 
004024 	161 	54 	109 	109 
004025 	161 	54 	109 	109 
004026 	161 	54 	109 	109 
004027 	161 	54 	109 	109 
004028 	161 	54 	109 	109 
004029 	161 	54 	109 	109 
004030 	161 	54 	109 	109 
004031 	161 	54 	109 	109 
004032 	161 	54 	109 	109 
004033 	161 	54 	109 	109 
004034 	161 	54 	109 	109 
004035 	161 	54 	109 	109 
004036 	161 	54 	109 	109 
004037 	161 	54 	109 	109 
004038 	161 	54 	109 	109 
004039 	161 	54 	109 	109 
004040 	161 	54 	109 	109 
004041 	161 	54 	109 	109 
004042 	161 	54 	109 	109 
004043 	161 	54 	109 	109 
004044 	161 	54 	109 	109 
004045 	161 	54 	109 	109 
004046 	161 	54 	109 	109 
004047 	161 	54 	109 	109 
004048 	161 	54 	109 	109 
004049 	161 	54 	109 	109 
004050 	161 	54 	109 	109 
004051 	161 	54 	109 	109 
004052 	161 	54 	109 	109 
004053 	161 	54 	109 	109 
004054 	161 	54 	109 	109 
004055 	161 	54 	109 	109 
004056 	161 	54 	109 	109 
004057 	161 	54 	109 	109 
004058 	161 	54 	109 	109 
004059 	161 	54 	109 	109 
004060 	161 	54 	109 	109 
004061 	161 	54 	109 	109 
004062 	161 	54 	109 	109 
004063 	161 	54 	109 	109 
004064 	161 	54 	109 	109 
004065 	161 	54 	109 	109 
004066 	173 	54 	109 	109 
004067 	173 	54 	109 	109 
004068 	173 	54 	109 	109 
004069 	173 	54 	109 	109 
004070 	173 	54 	109 	109 
004071 	173 	54 	109 	109 
004072 	173 	54 	109 	109 
004073 	173 	54 	109 	109 
004074 	173 	54 	109 	109 
004075 	173 	54 	109 	109 
004076 	173 	54 	109 	109 
004077 	173 	54 	109 	109 
004078 	173 	54 	109 	109 
004079 	173 	54 	109 	109 
004080 	173 	54 	109 	109 
004081 	173 	54 	109 	109 
004082 	173 	54 	109 	109 
004083 	161 	54 	109 	109 
004084 	161 	54 	109 	109 
004085 	161 	54 	109 	109 
004086 	161 	54 	109 	109 
004087 	161 	54 	109 	109 
004088 	161 	54 	109 	109 
004089 	161 	54 	109 	109 
004090 	161 	54 	109 	109 
004091 	161 	54 	109 	109 
004092 	161 	54 	109 	109 
004093 	161 	54 	109 	109 
004094 	161 	54 	109 	109 
004095 	161 	54 	109 	109 
004096 	161 	54 	109 	109 
004097 	161 	54 	109 	109 
004098 	161 	54 	109 	109 
004099 	161 	54 	109 	109 
004100 	150 	54 	108 	109 
004101 	150 	54 	108 	109 
004102 	150 	54 	108 	109 
004103 	150 	54 	108 	109 
004104 	150 	54 	108 	109 
004105 	150 	54 	108 	109 
004106 	150 	54 	108 	109 
004107 	161 	54 	109 	109 
004108 	150 	54 	108 	109 
004109 	161 	54 	109 	109 
004110 	161 	54 	109 	109 
004111 	161 	54 	109 	109 
004112 	161 	54 	109 	109 
004113 	161 	54 	109 	109 
004114 	161 	54 	109 	109 
004115 	161 	54 	109 	109 
004116 	161 	54 	109 	109 
004117 	161 	54 	109 	109 
004118 	161 	54 	109 	109 
004119 	161 	54 	109 	109 
004120 	161 	54 	109 	109 
004121 	161 	54 	109 	109 
004122 	161 	54 	109 	109 
004123 	161 	54 	109 	109 
004124 	161 	54 	109 	109 
004125 	161 	54 	109 	109 
004126 	161 	54 	109 	109 
004127 	161 	54 	109 	109 
004128 	161 	54 	109 	109 
004129 	161 	54 	109 	109 
004130 	150 	54 	108 	109 
004131 	150 	54 	108 	109 
004132 	150 	54 	108 	109 
004133 	150 	54 	108 	109 
004134 	150 	54 	108 	109 
004135 	150 	54 	108 	109 
004136 	150 	54 	108 	109 
004137 	150 	54 	108 	109 
004138 	150 	54 	108 	109 
004139 	150 	54 	108 	109 
004140 	150 	54 	108 	109 
004141 	150 	54 	108 	109 
004142 	150 	54 	108 	109 
004143 	150 	54 	108 	109 
004144 	150 	54 	108 	109 
004145 	161 	54 	109 	109 
004146 	161 	54 	109 	109 
004147 	161 	66 	109 	109 
004148 	161 	66 	109 	109 
004149 	161 	66 	109 	109 
004150 	161 	66 	109 	109 
004151 	161 	66 	109 	109 
004152 	161 	66 	109 	109 
004153 	161 	54 	109 	109 
004154 	161 	54 	109 	109 
004155 	161 	54 	109 	109 
004156 	161 	54 	109 	109 
004157 	161 	54 	109 	109 
004158 	161 	54 	109 	109 
004159 	161 	54 	109 	109 
004160 	161 	54 	109 	109 
004161 	161 	54 	109 	109 
004162 	150 	54 	108 	109 
004163 	150 	54 	108 	109 
004164 	150 	54 	108 	109 
004165 	150 	54 	108 	109 
004166 	150 	54 	108 	109 
004167 	150 	54 	108 	109 
004168 	150 	54 	108 	109 
004169 	150 	54 	108 	109 
004170 	150 	54 	108 	109 
