Identity  : 	id10238
Reference : 	_lgVltEXy_8
Offset    : 	-1
FV Conf   : 	17.709
ASD Conf  : 	8.468

FRAME 	X 	Y 	W 	H 
001664 	353 	78 	108 	109 
001665 	353 	78 	108 	109 
001666 	353 	78 	108 	109 
001667 	353 	78 	108 	109 
001668 	353 	78 	108 	109 
001669 	353 	78 	108 	109 
001670 	353 	78 	108 	109 
001671 	353 	78 	108 	109 
001672 	353 	78 	108 	109 
001673 	353 	78 	108 	109 
001674 	353 	78 	108 	109 
001675 	353 	78 	108 	109 
001676 	353 	78 	108 	109 
001677 	353 	78 	108 	109 
001678 	353 	78 	108 	109 
001679 	353 	78 	108 	109 
001680 	353 	78 	108 	109 
001681 	353 	78 	108 	109 
001682 	353 	78 	108 	109 
001683 	353 	78 	108 	109 
001684 	353 	78 	108 	109 
001685 	353 	78 	108 	109 
001686 	353 	78 	108 	109 
001687 	353 	78 	108 	109 
001688 	353 	78 	108 	109 
001689 	353 	78 	108 	109 
001690 	353 	78 	108 	109 
001691 	353 	78 	108 	109 
001692 	365 	78 	108 	109 
001693 	365 	78 	108 	109 
001694 	365 	78 	108 	109 
001695 	353 	78 	108 	109 
001696 	353 	66 	108 	109 
001697 	353 	66 	108 	109 
001698 	353 	66 	108 	109 
001699 	353 	66 	108 	109 
001700 	353 	78 	108 	109 
001701 	353 	78 	108 	109 
001702 	353 	78 	108 	109 
001703 	353 	78 	108 	109 
001704 	353 	78 	108 	109 
001705 	363 	85 	91 	91 
001706 	353 	78 	108 	109 
001707 	353 	85 	91 	91 
001708 	341 	78 	108 	109 
001709 	341 	78 	108 	109 
001710 	341 	78 	108 	109 
001711 	341 	78 	108 	109 
001712 	341 	78 	108 	109 
001713 	341 	78 	108 	109 
001714 	341 	78 	108 	109 
001715 	341 	78 	108 	109 
001716 	341 	78 	108 	109 
001717 	353 	78 	108 	109 
001718 	353 	78 	108 	109 
001719 	353 	78 	108 	109 
001720 	353 	78 	108 	109 
001721 	341 	78 	108 	109 
001722 	341 	78 	108 	109 
001723 	341 	78 	108 	109 
001724 	341 	78 	108 	109 
001725 	353 	78 	108 	109 
001726 	353 	78 	108 	109 
001727 	353 	78 	108 	109 
001728 	353 	78 	108 	109 
001729 	353 	78 	108 	109 
001730 	353 	78 	108 	109 
001731 	353 	78 	108 	109 
001732 	353 	78 	108 	109 
001733 	353 	78 	108 	109 
001734 	363 	85 	91 	91 
001735 	363 	85 	91 	91 
001736 	353 	78 	108 	109 
001737 	363 	85 	91 	91 
001738 	363 	85 	91 	91 
001739 	363 	85 	91 	91 
001740 	353 	78 	108 	109 
001741 	373 	85 	91 	91 
001742 	373 	85 	91 	91 
001743 	365 	78 	108 	109 
001744 	365 	78 	108 	109 
001745 	383 	85 	91 	91 
001746 	383 	85 	91 	91 
001747 	383 	95 	91 	91 
001748 	383 	95 	91 	91 
001749 	383 	95 	91 	91 
001750 	383 	95 	91 	91 
001751 	376 	90 	109 	109 
001752 	393 	95 	91 	91 
001753 	393 	95 	91 	91 
001754 	393 	95 	91 	91 
001755 	393 	95 	91 	91 
001756 	393 	95 	91 	91 
001757 	393 	95 	91 	91 
001758 	393 	95 	91 	91 
001759 	393 	95 	91 	91 
001760 	393 	95 	91 	91 
001761 	388 	78 	109 	109 
001762 	388 	78 	109 	109 
001763 	388 	78 	109 	109 
001764 	403 	95 	91 	91 
001765 	403 	85 	91 	91 
001766 	403 	85 	91 	91 
001767 	388 	78 	109 	109 
001768 	393 	85 	91 	91 
001769 	383 	85 	91 	91 
001770 	365 	66 	108 	109 
001771 	353 	66 	108 	109 
001772 	353 	66 	108 	109 
001773 	353 	66 	108 	109 
001774 	353 	66 	108 	109 
001775 	353 	66 	108 	109 
001776 	353 	66 	108 	109 
001777 	353 	66 	108 	109 
001778 	353 	66 	108 	109 
001779 	353 	66 	108 	109 
001780 	353 	66 	108 	109 
001781 	353 	66 	108 	109 
001782 	353 	66 	108 	109 
001783 	353 	66 	108 	109 
001784 	353 	66 	108 	109 
001785 	353 	66 	108 	109 
001786 	353 	66 	108 	109 
001787 	353 	66 	108 	109 
001788 	353 	66 	108 	109 
001789 	353 	66 	108 	109 
001790 	353 	66 	108 	109 
001791 	353 	66 	108 	109 
001792 	353 	66 	108 	109 
001793 	353 	66 	108 	109 
001794 	353 	66 	108 	109 
001795 	353 	66 	108 	109 
001796 	353 	66 	108 	109 
001797 	353 	66 	108 	109 
001798 	353 	66 	108 	109 
001799 	353 	66 	108 	109 
001800 	353 	66 	108 	109 
001801 	353 	66 	108 	109 
001802 	341 	66 	108 	109 
001803 	353 	85 	91 	91 
001804 	341 	66 	108 	109 
001805 	341 	66 	108 	109 
001806 	341 	66 	108 	109 
001807 	341 	66 	108 	109 
001808 	353 	66 	108 	109 
001809 	353 	66 	108 	109 
001810 	353 	66 	108 	109 
001811 	353 	66 	108 	109 
001812 	353 	66 	108 	109 
001813 	353 	66 	108 	109 
001814 	353 	66 	108 	109 
001815 	353 	66 	108 	109 
001816 	353 	66 	108 	109 
001817 	353 	66 	108 	109 
001818 	353 	66 	108 	109 
001819 	341 	66 	108 	109 
001820 	341 	66 	108 	109 
001821 	353 	66 	108 	109 
001822 	353 	66 	108 	109 
001823 	353 	66 	108 	109 
001824 	353 	66 	108 	109 
