Identity  : 	id10466
Reference : 	0YsDAkfmOis
Offset    : 	-3
FV Conf   : 	17.872
ASD Conf  : 	5.749

FRAME 	X 	Y 	W 	H 
000753 	319 	130 	156 	156 
000754 	319 	130 	156 	156 
000755 	319 	130 	156 	156 
000756 	319 	130 	156 	156 
000757 	319 	130 	156 	156 
000758 	319 	130 	156 	156 
000759 	319 	130 	156 	156 
000760 	319 	130 	156 	156 
000761 	319 	113 	156 	156 
000762 	319 	113 	156 	156 
000763 	319 	113 	156 	156 
000764 	336 	96 	156 	156 
000765 	336 	96 	156 	156 
000766 	336 	79 	156 	156 
000767 	336 	79 	156 	156 
000768 	336 	79 	156 	156 
000769 	353 	79 	156 	156 
000770 	353 	79 	156 	156 
000771 	353 	79 	156 	156 
000772 	353 	62 	156 	155 
000773 	342 	53 	187 	187 
000774 	342 	53 	187 	187 
000775 	371 	62 	155 	155 
000776 	371 	62 	155 	155 
000777 	371 	62 	155 	155 
000778 	371 	62 	155 	155 
000779 	371 	62 	155 	155 
000780 	371 	62 	155 	155 
000781 	371 	62 	155 	155 
000782 	371 	62 	155 	155 
000783 	371 	62 	155 	155 
000784 	371 	62 	155 	155 
000785 	342 	53 	187 	187 
000786 	342 	53 	187 	187 
000787 	353 	62 	156 	155 
000788 	353 	62 	156 	155 
000789 	353 	79 	156 	156 
000790 	353 	79 	156 	156 
000791 	353 	79 	156 	156 
000792 	353 	79 	156 	156 
000793 	353 	79 	156 	156 
000794 	353 	79 	156 	156 
000795 	342 	74 	187 	187 
000796 	353 	79 	156 	156 
000797 	371 	79 	155 	156 
000798 	371 	79 	155 	156 
000799 	371 	79 	155 	156 
000800 	371 	79 	155 	156 
000801 	371 	79 	155 	156 
000802 	371 	79 	155 	156 
000803 	371 	79 	155 	156 
000804 	353 	79 	156 	156 
000805 	353 	79 	156 	156 
000806 	353 	79 	156 	156 
000807 	353 	79 	156 	156 
000808 	336 	79 	156 	156 
000809 	336 	79 	156 	156 
000810 	321 	74 	187 	187 
000811 	321 	74 	187 	187 
000812 	321 	74 	187 	187 
000813 	321 	74 	187 	187 
000814 	321 	74 	187 	187 
000815 	319 	96 	156 	156 
000816 	319 	96 	156 	156 
000817 	319 	96 	156 	156 
000818 	319 	96 	156 	156 
000819 	319 	96 	156 	156 
000820 	319 	96 	156 	156 
000821 	319 	96 	156 	156 
000822 	301 	95 	186 	186 
000823 	302 	96 	156 	156 
000824 	302 	96 	156 	156 
000825 	302 	96 	156 	156 
000826 	302 	96 	156 	156 
000827 	302 	96 	156 	156 
000828 	302 	96 	156 	156 
000829 	302 	96 	156 	156 
000830 	302 	113 	156 	156 
000831 	302 	113 	156 	156 
000832 	302 	96 	156 	156 
000833 	302 	96 	156 	156 
000834 	302 	96 	156 	156 
000835 	302 	96 	156 	156 
000836 	319 	96 	156 	156 
000837 	319 	96 	156 	156 
000838 	319 	96 	156 	156 
000839 	319 	96 	156 	156 
000840 	319 	96 	156 	156 
000841 	319 	96 	156 	156 
000842 	319 	96 	156 	156 
000843 	319 	96 	156 	156 
000844 	319 	96 	156 	156 
000845 	319 	96 	156 	156 
000846 	319 	96 	156 	156 
000847 	319 	96 	156 	156 
000848 	319 	96 	156 	156 
000849 	319 	96 	156 	156 
000850 	319 	96 	156 	156 
000851 	319 	96 	156 	156 
000852 	319 	96 	156 	156 
000853 	319 	96 	156 	156 
000854 	319 	96 	156 	156 
000855 	319 	96 	156 	156 
000856 	301 	95 	186 	186 
000857 	301 	95 	186 	186 
000858 	302 	96 	156 	156 
000859 	302 	96 	156 	156 
000860 	302 	96 	156 	156 
000861 	302 	96 	156 	156 
000862 	302 	96 	156 	156 
000863 	302 	96 	156 	156 
000864 	302 	96 	156 	156 
000865 	319 	96 	156 	156 
000866 	319 	96 	156 	156 
000867 	319 	96 	156 	156 
000868 	319 	113 	156 	156 
000869 	319 	113 	156 	156 
000870 	319 	96 	156 	156 
000871 	319 	96 	156 	156 
000872 	319 	96 	156 	156 
000873 	319 	96 	156 	156 
000874 	319 	96 	156 	156 
000875 	319 	96 	156 	156 
000876 	319 	96 	156 	156 
000877 	319 	96 	156 	156 
000878 	301 	95 	186 	186 
000879 	302 	96 	156 	156 
000880 	302 	96 	156 	156 
000881 	302 	96 	156 	156 
000882 	302 	96 	156 	156 
000883 	319 	96 	156 	156 
000884 	319 	96 	156 	156 
000885 	319 	96 	156 	156 
000886 	319 	96 	156 	156 
000887 	319 	96 	156 	156 
000888 	319 	96 	156 	156 
000889 	319 	96 	156 	156 
000890 	319 	79 	156 	156 
000891 	319 	79 	156 	156 
000892 	319 	79 	156 	156 
000893 	319 	79 	156 	156 
000894 	319 	79 	156 	156 
000895 	319 	79 	156 	156 
000896 	319 	79 	156 	156 
000897 	319 	79 	156 	156 
000898 	319 	79 	156 	156 
000899 	319 	79 	156 	156 
000900 	319 	79 	156 	156 
000901 	319 	79 	156 	156 
000902 	319 	79 	156 	156 
000903 	319 	79 	156 	156 
000904 	319 	79 	156 	156 
000905 	302 	79 	156 	156 
000906 	302 	79 	156 	156 
000907 	302 	79 	156 	156 
000908 	302 	79 	156 	156 
000909 	302 	79 	156 	156 
000910 	302 	79 	156 	156 
000911 	302 	79 	156 	156 
000912 	302 	79 	156 	156 
000913 	302 	79 	156 	156 
000914 	302 	79 	156 	156 
000915 	302 	79 	156 	156 
000916 	302 	79 	156 	156 
000917 	302 	79 	156 	156 
000918 	319 	79 	156 	156 
000919 	319 	79 	156 	156 
000920 	319 	79 	156 	156 
000921 	319 	79 	156 	156 
000922 	319 	79 	156 	156 
000923 	319 	79 	156 	156 
000924 	319 	79 	156 	156 
000925 	319 	79 	156 	156 
000926 	319 	79 	156 	156 
000927 	319 	79 	156 	156 
000928 	319 	79 	156 	156 
000929 	319 	79 	156 	156 
000930 	319 	79 	156 	156 
000931 	319 	79 	156 	156 
000932 	319 	79 	156 	156 
000933 	319 	79 	156 	156 
000934 	319 	79 	156 	156 
