Identity  : 	id10352
Reference : 	BAmZQzqFHwg
Offset    : 	-2
FV Conf   : 	13.581
ASD Conf  : 	7.726

FRAME 	X 	Y 	W 	H 
013875 	281 	114 	108 	109 
013876 	281 	114 	108 	109 
013877 	284 	115 	90 	91 
013878 	284 	115 	90 	91 
013879 	284 	115 	90 	91 
013880 	284 	115 	90 	91 
013881 	281 	114 	108 	109 
013882 	281 	114 	108 	109 
013883 	281 	114 	108 	109 
013884 	281 	114 	108 	109 
013885 	281 	114 	108 	109 
013886 	281 	114 	108 	109 
013887 	281 	114 	108 	109 
013888 	269 	102 	108 	109 
013889 	269 	102 	108 	109 
013890 	269 	102 	108 	109 
013891 	269 	102 	108 	109 
013892 	269 	90 	108 	109 
013893 	251 	80 	130 	130 
013894 	269 	90 	108 	109 
013895 	269 	90 	108 	109 
013896 	269 	90 	108 	109 
013897 	269 	90 	108 	109 
013898 	257 	90 	109 	109 
013899 	237 	80 	130 	130 
013900 	245 	90 	109 	109 
013901 	245 	90 	109 	109 
013902 	223 	80 	130 	130 
013903 	233 	90 	109 	109 
013904 	233 	90 	109 	109 
013905 	233 	90 	109 	109 
013906 	208 	80 	130 	130 
013907 	208 	80 	130 	130 
013908 	221 	90 	109 	109 
013909 	221 	78 	109 	109 
013910 	221 	78 	109 	109 
013911 	221 	78 	109 	109 
013912 	221 	78 	109 	109 
013913 	209 	78 	109 	109 
013914 	209 	78 	109 	109 
013915 	209 	78 	109 	109 
013916 	209 	78 	109 	109 
013917 	209 	78 	109 	109 
013918 	209 	78 	109 	109 
013919 	209 	78 	109 	109 
013920 	209 	78 	109 	109 
013921 	221 	90 	109 	109 
013922 	221 	90 	109 	109 
013923 	221 	90 	109 	109 
013924 	221 	90 	109 	109 
013925 	221 	90 	109 	109 
013926 	221 	90 	109 	109 
013927 	221 	90 	109 	109 
013928 	221 	90 	109 	109 
013929 	221 	90 	109 	109 
013930 	221 	90 	109 	109 
013931 	221 	90 	109 	109 
013932 	221 	90 	109 	109 
013933 	221 	90 	109 	109 
013934 	221 	78 	109 	109 
013935 	221 	78 	109 	109 
013936 	221 	78 	109 	109 
013937 	221 	78 	109 	109 
013938 	221 	78 	109 	109 
013939 	233 	78 	109 	109 
013940 	233 	78 	109 	109 
013941 	233 	78 	109 	109 
013942 	233 	78 	109 	109 
013943 	233 	90 	109 	109 
013944 	233 	90 	109 	109 
013945 	233 	90 	109 	109 
013946 	223 	80 	130 	130 
013947 	223 	80 	130 	130 
013948 	223 	80 	130 	130 
013949 	223 	80 	130 	130 
013950 	223 	80 	130 	130 
013951 	223 	80 	130 	130 
013952 	223 	80 	130 	130 
013953 	245 	90 	109 	109 
013954 	245 	90 	109 	109 
013955 	245 	90 	109 	109 
013956 	245 	90 	109 	109 
013957 	245 	90 	109 	109 
013958 	245 	90 	109 	109 
013959 	223 	80 	130 	130 
013960 	223 	80 	130 	130 
013961 	223 	80 	130 	130 
013962 	223 	80 	130 	130 
013963 	223 	80 	130 	130 
013964 	223 	80 	130 	130 
013965 	223 	80 	130 	130 
013966 	223 	80 	130 	130 
013967 	233 	90 	109 	109 
013968 	233 	90 	109 	109 
013969 	223 	80 	130 	130 
013970 	223 	80 	130 	130 
013971 	223 	80 	130 	130 
013972 	223 	80 	130 	130 
013973 	223 	80 	130 	130 
013974 	223 	80 	130 	130 
013975 	223 	80 	130 	130 
013976 	223 	80 	130 	130 
013977 	223 	80 	130 	130 
