Identity  : 	id10413
Reference : 	1wqsLG0T27I
Offset    : 	-1
FV Conf   : 	17.599
ASD Conf  : 	6.059

FRAME 	X 	Y 	W 	H 
012523 	254 	75 	90 	91 
012524 	254 	75 	90 	91 
012525 	254 	75 	90 	91 
012526 	254 	75 	90 	91 
012527 	254 	75 	90 	91 
012528 	254 	75 	90 	91 
012529 	254 	75 	90 	91 
012530 	254 	75 	90 	91 
012531 	261 	79 	76 	76 
012532 	261 	79 	76 	76 
012533 	261 	79 	76 	76 
012534 	261 	79 	76 	76 
012535 	261 	79 	76 	76 
012536 	261 	79 	76 	76 
012537 	261 	79 	76 	76 
012538 	261 	79 	76 	76 
012539 	261 	79 	76 	76 
012540 	253 	79 	75 	76 
012541 	244 	75 	90 	91 
012542 	244 	65 	90 	91 
012543 	253 	71 	75 	75 
012544 	244 	71 	76 	75 
012545 	234 	65 	90 	91 
012546 	236 	71 	76 	75 
012547 	224 	65 	91 	91 
012548 	224 	65 	91 	91 
012549 	228 	79 	76 	76 
012550 	228 	79 	76 	76 
012551 	228 	79 	76 	76 
012552 	214 	75 	91 	91 
012553 	214 	75 	91 	91 
012554 	220 	87 	75 	76 
012555 	220 	87 	75 	76 
012556 	220 	87 	75 	76 
012557 	220 	87 	75 	76 
012558 	220 	87 	75 	76 
012559 	220 	87 	75 	76 
012560 	220 	87 	75 	76 
012561 	214 	75 	91 	91 
012562 	214 	75 	91 	91 
012563 	214 	75 	91 	91 
012564 	214 	75 	91 	91 
012565 	214 	75 	91 	91 
012566 	228 	79 	76 	76 
012567 	228 	79 	76 	76 
012568 	228 	79 	76 	76 
012569 	214 	65 	91 	91 
012570 	214 	65 	91 	91 
012571 	214 	65 	91 	91 
012572 	214 	65 	91 	91 
012573 	214 	65 	91 	91 
012574 	214 	65 	91 	91 
012575 	214 	65 	91 	91 
012576 	220 	79 	75 	76 
012577 	220 	79 	75 	76 
012578 	220 	79 	75 	76 
012579 	220 	79 	75 	76 
012580 	220 	79 	75 	76 
012581 	220 	79 	75 	76 
012582 	220 	79 	75 	76 
012583 	220 	79 	75 	76 
012584 	220 	79 	75 	76 
012585 	220 	79 	75 	76 
012586 	220 	79 	75 	76 
012587 	220 	79 	75 	76 
012588 	214 	65 	91 	91 
012589 	214 	65 	91 	91 
012590 	214 	65 	91 	91 
012591 	214 	65 	91 	91 
012592 	214 	65 	91 	91 
012593 	214 	65 	91 	91 
012594 	214 	65 	91 	91 
012595 	214 	65 	91 	91 
012596 	214 	65 	91 	91 
012597 	214 	65 	91 	91 
012598 	214 	65 	91 	91 
012599 	214 	65 	91 	91 
012600 	214 	65 	91 	91 
012601 	214 	65 	91 	91 
012602 	214 	65 	91 	91 
012603 	214 	65 	91 	91 
012604 	214 	65 	91 	91 
012605 	228 	71 	76 	75 
012606 	228 	71 	76 	75 
012607 	228 	71 	76 	75 
012608 	228 	71 	76 	75 
012609 	228 	71 	76 	75 
012610 	228 	71 	76 	75 
012611 	224 	65 	91 	91 
012612 	224 	65 	91 	91 
012613 	224 	65 	91 	91 
012614 	236 	71 	76 	75 
012615 	234 	65 	90 	91 
012616 	244 	79 	76 	76 
012617 	244 	79 	76 	76 
012618 	244 	79 	76 	76 
012619 	253 	79 	75 	76 
012620 	253 	79 	75 	76 
012621 	253 	79 	75 	76 
012622 	253 	79 	75 	76 
012623 	253 	79 	75 	76 
012624 	253 	79 	75 	76 
012625 	253 	79 	75 	76 
012626 	244 	79 	76 	76 
012627 	244 	79 	76 	76 
012628 	244 	79 	76 	76 
012629 	244 	79 	76 	76 
012630 	234 	65 	90 	91 
012631 	234 	65 	90 	91 
012632 	234 	65 	90 	91 
012633 	234 	65 	90 	91 
012634 	234 	65 	90 	91 
012635 	234 	65 	90 	91 
012636 	244 	79 	76 	76 
012637 	244 	79 	76 	76 
012638 	244 	79 	76 	76 
012639 	253 	79 	75 	76 
012640 	253 	79 	75 	76 
012641 	254 	65 	90 	91 
012642 	254 	65 	90 	91 
012643 	254 	65 	90 	91 
012644 	261 	79 	76 	76 
012645 	261 	79 	76 	76 
012646 	253 	79 	75 	76 
012647 	253 	79 	75 	76 
012648 	244 	75 	90 	91 
012649 	244 	75 	90 	91 
012650 	253 	79 	75 	76 
012651 	234 	65 	90 	91 
012652 	234 	65 	90 	91 
012653 	234 	65 	90 	91 
012654 	234 	65 	90 	91 
012655 	236 	79 	76 	76 
012656 	224 	65 	91 	91 
012657 	224 	65 	91 	91 
012658 	224 	65 	91 	91 
012659 	224 	65 	91 	91 
012660 	224 	65 	91 	91 
012661 	224 	65 	91 	91 
012662 	224 	65 	91 	91 
012663 	224 	65 	91 	91 
012664 	224 	65 	91 	91 
012665 	224 	65 	91 	91 
012666 	236 	79 	76 	76 
012667 	236 	79 	76 	76 
012668 	236 	79 	76 	76 
012669 	224 	65 	91 	91 
012670 	224 	65 	91 	91 
012671 	224 	65 	91 	91 
012672 	224 	65 	91 	91 
012673 	224 	65 	91 	91 
012674 	224 	65 	91 	91 
012675 	224 	65 	91 	91 
012676 	224 	65 	91 	91 
012677 	224 	65 	91 	91 
012678 	224 	65 	91 	91 
012679 	224 	65 	91 	91 
012680 	224 	65 	91 	91 
012681 	224 	65 	91 	91 
012682 	224 	65 	91 	91 
012683 	224 	65 	91 	91 
012684 	224 	65 	91 	91 
012685 	236 	71 	76 	75 
012686 	236 	71 	76 	75 
012687 	224 	65 	91 	91 
012688 	228 	71 	76 	75 
012689 	228 	71 	76 	75 
012690 	214 	65 	91 	91 
012691 	220 	71 	75 	75 
012692 	220 	71 	75 	75 
012693 	220 	71 	75 	75 
