Identity  : 	id10898
Reference : 	VtaVbKqxbsI
Offset    : 	-1
FV Conf   : 	18.993
ASD Conf  : 	5.691

FRAME 	X 	Y 	W 	H 
002954 	184 	65 	91 	91 
002955 	184 	65 	91 	91 
002956 	184 	65 	91 	91 
002957 	184 	65 	91 	91 
002958 	184 	65 	91 	91 
002959 	186 	79 	76 	76 
002960 	184 	65 	91 	91 
002961 	186 	79 	76 	76 
002962 	186 	79 	76 	76 
002963 	186 	79 	76 	76 
002964 	186 	79 	76 	76 
002965 	186 	79 	76 	76 
002966 	186 	79 	76 	76 
002967 	186 	79 	76 	76 
002968 	186 	79 	76 	76 
002969 	186 	79 	76 	76 
002970 	186 	79 	76 	76 
002971 	186 	79 	76 	76 
002972 	186 	79 	76 	76 
002973 	186 	79 	76 	76 
002974 	186 	79 	76 	76 
002975 	186 	79 	76 	76 
002976 	186 	79 	76 	76 
002977 	186 	79 	76 	76 
002978 	186 	79 	76 	76 
002979 	186 	79 	76 	76 
002980 	186 	79 	76 	76 
002981 	186 	79 	76 	76 
002982 	186 	79 	76 	76 
002983 	186 	79 	76 	76 
002984 	186 	79 	76 	76 
002985 	186 	79 	76 	76 
002986 	186 	79 	76 	76 
002987 	186 	79 	76 	76 
002988 	186 	79 	76 	76 
002989 	186 	79 	76 	76 
002990 	186 	79 	76 	76 
002991 	186 	79 	76 	76 
002992 	186 	79 	76 	76 
002993 	186 	79 	76 	76 
002994 	186 	79 	76 	76 
002995 	186 	79 	76 	76 
002996 	186 	79 	76 	76 
002997 	186 	79 	76 	76 
002998 	186 	79 	76 	76 
002999 	186 	79 	76 	76 
003000 	186 	79 	76 	76 
003001 	186 	79 	76 	76 
003002 	186 	79 	76 	76 
003003 	186 	79 	76 	76 
003004 	186 	79 	76 	76 
003005 	186 	79 	76 	76 
003006 	186 	79 	76 	76 
003007 	184 	75 	91 	91 
003008 	184 	75 	91 	91 
003009 	184 	75 	91 	91 
003010 	184 	75 	91 	91 
003011 	184 	75 	91 	91 
003012 	184 	75 	91 	91 
003013 	184 	75 	91 	91 
003014 	195 	79 	75 	76 
003015 	195 	79 	75 	76 
003016 	184 	65 	91 	91 
003017 	184 	65 	91 	91 
003018 	195 	79 	75 	76 
003019 	195 	79 	75 	76 
003020 	184 	65 	91 	91 
003021 	184 	65 	91 	91 
003022 	184 	65 	91 	91 
003023 	184 	65 	91 	91 
003024 	184 	65 	91 	91 
003025 	184 	65 	91 	91 
003026 	184 	65 	91 	91 
003027 	184 	65 	91 	91 
003028 	184 	65 	91 	91 
003029 	184 	65 	91 	91 
003030 	184 	65 	91 	91 
003031 	195 	71 	75 	75 
003032 	195 	71 	75 	75 
003033 	195 	71 	75 	75 
003034 	195 	71 	75 	75 
003035 	195 	71 	75 	75 
003036 	195 	71 	75 	75 
003037 	195 	71 	75 	75 
003038 	195 	71 	75 	75 
003039 	195 	71 	75 	75 
003040 	195 	71 	75 	75 
003041 	195 	71 	75 	75 
003042 	195 	71 	75 	75 
003043 	194 	65 	91 	91 
003044 	194 	65 	91 	91 
003045 	203 	71 	76 	75 
003046 	203 	71 	76 	75 
003047 	203 	71 	76 	75 
003048 	203 	71 	76 	75 
003049 	203 	71 	76 	75 
003050 	203 	71 	76 	75 
003051 	203 	71 	76 	75 
003052 	203 	71 	76 	75 
003053 	203 	62 	76 	76 
003054 	203 	62 	76 	76 
003055 	203 	71 	76 	75 
003056 	203 	62 	76 	76 
003057 	203 	62 	76 	76 
003058 	194 	65 	91 	91 
003059 	194 	65 	91 	91 
003060 	194 	65 	91 	91 
003061 	195 	71 	75 	75 
003062 	195 	71 	75 	75 
003063 	195 	71 	75 	75 
003064 	195 	71 	75 	75 
003065 	195 	71 	75 	75 
003066 	195 	71 	75 	75 
003067 	184 	65 	91 	91 
003068 	184 	65 	91 	91 
003069 	184 	65 	91 	91 
003070 	186 	71 	76 	75 
003071 	186 	71 	76 	75 
003072 	186 	71 	76 	75 
003073 	186 	71 	76 	75 
003074 	186 	71 	76 	75 
003075 	178 	71 	76 	75 
003076 	178 	71 	76 	75 
