Identity  : 	id10898
Reference : 	VtaVbKqxbsI
Offset    : 	-1
FV Conf   : 	15.281
ASD Conf  : 	5.606

FRAME 	X 	Y 	W 	H 
006732 	170 	79 	75 	76 
006733 	170 	79 	75 	76 
006734 	170 	79 	75 	76 
006735 	170 	79 	75 	76 
006736 	170 	79 	75 	76 
006737 	170 	79 	75 	76 
006738 	170 	79 	75 	76 
006739 	170 	79 	75 	76 
006740 	170 	79 	75 	76 
006741 	170 	79 	75 	76 
006742 	178 	79 	76 	76 
006743 	178 	79 	76 	76 
006744 	178 	79 	76 	76 
006745 	178 	71 	76 	75 
006746 	178 	71 	76 	75 
006747 	178 	71 	76 	75 
006748 	178 	71 	76 	75 
006749 	178 	71 	76 	75 
006750 	178 	71 	76 	75 
006751 	178 	79 	76 	76 
006752 	178 	79 	76 	76 
006753 	178 	79 	76 	76 
006754 	164 	65 	91 	91 
006755 	178 	79 	76 	76 
006756 	178 	79 	76 	76 
006757 	178 	79 	76 	76 
006758 	178 	79 	76 	76 
006759 	178 	79 	76 	76 
006760 	178 	79 	76 	76 
006761 	178 	71 	76 	75 
006762 	178 	71 	76 	75 
006763 	178 	79 	76 	76 
006764 	178 	71 	76 	75 
006765 	178 	71 	76 	75 
006766 	178 	71 	76 	75 
006767 	178 	71 	76 	75 
006768 	178 	71 	76 	75 
006769 	178 	71 	76 	75 
006770 	178 	71 	76 	75 
006771 	178 	71 	76 	75 
006772 	178 	71 	76 	75 
006773 	178 	71 	76 	75 
006774 	164 	65 	91 	91 
006775 	178 	71 	76 	75 
006776 	178 	79 	76 	76 
006777 	178 	79 	76 	76 
006778 	178 	79 	76 	76 
006779 	178 	79 	76 	76 
006780 	178 	79 	76 	76 
006781 	178 	79 	76 	76 
006782 	178 	79 	76 	76 
006783 	178 	79 	76 	76 
006784 	178 	79 	76 	76 
006785 	178 	79 	76 	76 
006786 	178 	79 	76 	76 
006787 	178 	79 	76 	76 
006788 	178 	79 	76 	76 
006789 	178 	79 	76 	76 
006790 	178 	79 	76 	76 
006791 	178 	79 	76 	76 
006792 	178 	79 	76 	76 
006793 	178 	79 	76 	76 
006794 	178 	79 	76 	76 
006795 	178 	79 	76 	76 
006796 	178 	79 	76 	76 
006797 	178 	79 	76 	76 
006798 	178 	79 	76 	76 
006799 	178 	79 	76 	76 
006800 	178 	71 	76 	75 
006801 	178 	79 	76 	76 
006802 	178 	79 	76 	76 
006803 	178 	79 	76 	76 
006804 	178 	79 	76 	76 
006805 	178 	79 	76 	76 
006806 	178 	79 	76 	76 
006807 	178 	79 	76 	76 
006808 	178 	79 	76 	76 
006809 	178 	71 	76 	75 
006810 	178 	71 	76 	75 
006811 	170 	71 	75 	75 
006812 	170 	71 	75 	75 
006813 	170 	71 	75 	75 
006814 	170 	71 	75 	75 
006815 	170 	71 	75 	75 
006816 	154 	65 	91 	91 
006817 	162 	79 	75 	76 
006818 	162 	79 	75 	76 
006819 	162 	79 	75 	76 
006820 	162 	79 	75 	76 
006821 	162 	79 	75 	76 
006822 	162 	79 	75 	76 
006823 	154 	65 	91 	91 
006824 	154 	65 	91 	91 
006825 	154 	65 	91 	91 
006826 	170 	79 	75 	76 
006827 	170 	79 	75 	76 
006828 	170 	79 	75 	76 
006829 	170 	79 	75 	76 
006830 	170 	79 	75 	76 
006831 	170 	79 	75 	76 
006832 	170 	79 	75 	76 
006833 	170 	79 	75 	76 
006834 	170 	79 	75 	76 
006835 	170 	79 	75 	76 
006836 	170 	79 	75 	76 
006837 	170 	79 	75 	76 
006838 	170 	79 	75 	76 
006839 	170 	79 	75 	76 
006840 	170 	79 	75 	76 
006841 	170 	79 	75 	76 
006842 	170 	79 	75 	76 
006843 	170 	79 	75 	76 
006844 	170 	79 	75 	76 
006845 	170 	79 	75 	76 
006846 	170 	79 	75 	76 
006847 	170 	79 	75 	76 
006848 	170 	79 	75 	76 
006849 	170 	79 	75 	76 
006850 	170 	79 	75 	76 
006851 	170 	79 	75 	76 
006852 	170 	79 	75 	76 
006853 	170 	79 	75 	76 
006854 	170 	79 	75 	76 
006855 	170 	79 	75 	76 
006856 	170 	79 	75 	76 
006857 	170 	79 	75 	76 
006858 	170 	79 	75 	76 
006859 	170 	79 	75 	76 
006860 	170 	79 	75 	76 
006861 	178 	79 	76 	76 
006862 	170 	79 	75 	76 
006863 	178 	79 	76 	76 
006864 	178 	79 	76 	76 
006865 	178 	79 	76 	76 
006866 	174 	65 	91 	91 
006867 	174 	65 	91 	91 
006868 	186 	71 	76 	75 
006869 	186 	71 	76 	75 
006870 	184 	65 	91 	91 
006871 	184 	65 	91 	91 
006872 	184 	65 	91 	91 
006873 	195 	71 	75 	75 
006874 	195 	71 	75 	75 
006875 	195 	71 	75 	75 
006876 	194 	65 	91 	91 
006877 	194 	65 	91 	91 
006878 	194 	65 	91 	91 
006879 	194 	65 	91 	91 
006880 	194 	65 	91 	91 
006881 	194 	65 	91 	91 
006882 	194 	65 	91 	91 
006883 	194 	65 	91 	91 
