Identity  : 	id10130
Reference : 	IF9QPNoRBkA
Offset    : 	-1
FV Conf   : 	17.110
ASD Conf  : 	7.549

FRAME 	X 	Y 	W 	H 
003248 	278 	62 	75 	76 
003249 	278 	62 	75 	76 
003250 	278 	62 	75 	76 
003251 	278 	62 	75 	76 
003252 	278 	62 	75 	76 
003253 	278 	62 	75 	76 
003254 	278 	62 	75 	76 
003255 	278 	62 	75 	76 
003256 	278 	62 	75 	76 
003257 	278 	62 	75 	76 
003258 	278 	54 	75 	76 
003259 	274 	45 	90 	91 
003260 	274 	45 	90 	91 
003261 	274 	45 	90 	91 
003262 	274 	45 	90 	91 
003263 	274 	45 	90 	91 
003264 	274 	45 	90 	91 
003265 	274 	45 	90 	91 
003266 	274 	45 	90 	91 
003267 	274 	45 	90 	91 
003268 	274 	45 	90 	91 
003269 	274 	45 	90 	91 
003270 	286 	54 	76 	76 
003271 	286 	54 	76 	76 
003272 	286 	54 	76 	76 
003273 	286 	54 	76 	76 
003274 	286 	54 	76 	76 
003275 	286 	54 	76 	76 
003276 	284 	45 	90 	91 
003277 	284 	45 	90 	91 
003278 	284 	45 	90 	91 
003279 	284 	45 	90 	91 
003280 	284 	45 	90 	91 
003281 	284 	45 	90 	91 
003282 	284 	45 	90 	91 
003283 	284 	45 	90 	91 
003284 	286 	54 	76 	76 
003285 	286 	54 	76 	76 
003286 	286 	54 	76 	76 
003287 	286 	54 	76 	76 
003288 	286 	54 	76 	76 
003289 	284 	45 	90 	91 
003290 	284 	45 	90 	91 
003291 	284 	45 	90 	91 
003292 	284 	45 	90 	91 
003293 	284 	45 	90 	91 
003294 	284 	45 	90 	91 
003295 	284 	45 	90 	91 
003296 	284 	45 	90 	91 
003297 	284 	45 	90 	91 
003298 	284 	45 	90 	91 
003299 	284 	45 	90 	91 
003300 	284 	45 	90 	91 
003301 	284 	45 	90 	91 
003302 	286 	54 	76 	76 
003303 	284 	45 	90 	91 
003304 	286 	54 	76 	76 
003305 	284 	45 	90 	91 
003306 	284 	45 	90 	91 
003307 	286 	54 	76 	76 
003308 	286 	54 	76 	76 
003309 	286 	54 	76 	76 
003310 	286 	54 	76 	76 
003311 	284 	45 	90 	91 
003312 	286 	54 	76 	76 
003313 	286 	54 	76 	76 
003314 	286 	54 	76 	76 
003315 	286 	54 	76 	76 
003316 	284 	45 	90 	91 
003317 	286 	54 	76 	76 
003318 	286 	54 	76 	76 
003319 	284 	45 	90 	91 
003320 	284 	45 	90 	91 
003321 	284 	45 	90 	91 
003322 	294 	54 	76 	76 
003323 	294 	54 	76 	76 
003324 	294 	54 	76 	76 
003325 	294 	54 	76 	76 
003326 	294 	54 	76 	76 
003327 	294 	54 	76 	76 
003328 	294 	54 	76 	76 
003329 	294 	54 	76 	76 
003330 	294 	54 	76 	76 
003331 	294 	54 	76 	76 
003332 	294 	45 	90 	91 
003333 	294 	45 	90 	91 
003334 	294 	54 	76 	76 
003335 	294 	45 	90 	91 
003336 	294 	45 	90 	91 
003337 	294 	45 	90 	91 
003338 	294 	45 	90 	91 
003339 	303 	62 	75 	76 
003340 	303 	62 	75 	76 
003341 	303 	62 	75 	76 
003342 	294 	45 	90 	91 
003343 	294 	45 	90 	91 
003344 	294 	45 	90 	91 
003345 	294 	54 	76 	76 
003346 	294 	54 	76 	76 
003347 	294 	45 	90 	91 
003348 	294 	45 	90 	91 
003349 	294 	45 	90 	91 
003350 	303 	46 	75 	76 
003351 	304 	35 	90 	91 
003352 	303 	38 	75 	75 
003353 	303 	38 	75 	75 
003354 	303 	38 	75 	75 
003355 	303 	38 	75 	75 
003356 	303 	38 	75 	75 
003357 	303 	38 	75 	75 
003358 	303 	38 	75 	75 
003359 	294 	35 	90 	91 
003360 	294 	35 	90 	91 
003361 	294 	35 	90 	91 
003362 	294 	35 	90 	91 
003363 	294 	35 	90 	91 
003364 	294 	35 	90 	91 
003365 	294 	35 	90 	91 
003366 	294 	35 	90 	91 
003367 	303 	46 	75 	76 
003368 	294 	35 	90 	91 
003369 	294 	35 	90 	91 
003370 	294 	35 	90 	91 
003371 	294 	35 	90 	91 
003372 	294 	46 	76 	76 
003373 	294 	46 	76 	76 
003374 	294 	46 	76 	76 
003375 	294 	46 	76 	76 
003376 	294 	46 	76 	76 
003377 	294 	46 	76 	76 
003378 	294 	45 	90 	91 
003379 	294 	45 	90 	91 
003380 	294 	54 	76 	76 
003381 	294 	54 	76 	76 
003382 	294 	54 	76 	76 
003383 	294 	54 	76 	76 
003384 	294 	54 	76 	76 
003385 	284 	45 	90 	91 
003386 	284 	45 	90 	91 
003387 	284 	45 	90 	91 
003388 	284 	45 	90 	91 
003389 	284 	45 	90 	91 
003390 	284 	45 	90 	91 
003391 	284 	45 	90 	91 
003392 	284 	45 	90 	91 
003393 	284 	45 	90 	91 
003394 	284 	45 	90 	91 
003395 	284 	45 	90 	91 
003396 	284 	45 	90 	91 
003397 	284 	45 	90 	91 
003398 	284 	45 	90 	91 
003399 	294 	54 	76 	76 
003400 	284 	45 	90 	91 
003401 	284 	45 	90 	91 
003402 	284 	45 	90 	91 
003403 	284 	45 	90 	91 
003404 	284 	45 	90 	91 
003405 	284 	45 	90 	91 
003406 	284 	45 	90 	91 
003407 	284 	45 	90 	91 
003408 	284 	45 	90 	91 
003409 	284 	45 	90 	91 
003410 	284 	45 	90 	91 
003411 	284 	45 	90 	91 
003412 	284 	45 	90 	91 
003413 	284 	45 	90 	91 
003414 	284 	45 	90 	91 
003415 	284 	45 	90 	91 
003416 	284 	45 	90 	91 
003417 	286 	62 	76 	76 
003418 	286 	54 	76 	76 
003419 	286 	54 	76 	76 
003420 	286 	62 	76 	76 
003421 	286 	54 	76 	76 
003422 	286 	62 	76 	76 
003423 	286 	62 	76 	76 
003424 	286 	62 	76 	76 
003425 	286 	62 	76 	76 
003426 	286 	62 	76 	76 
003427 	286 	62 	76 	76 
003428 	286 	62 	76 	76 
003429 	286 	62 	76 	76 
003430 	286 	62 	76 	76 
003431 	286 	54 	76 	76 
003432 	286 	62 	76 	76 
003433 	286 	54 	76 	76 
003434 	286 	62 	76 	76 
003435 	286 	62 	76 	76 
003436 	286 	54 	76 	76 
003437 	286 	54 	76 	76 
003438 	286 	54 	76 	76 
003439 	286 	54 	76 	76 
003440 	284 	45 	90 	91 
003441 	284 	45 	90 	91 
003442 	284 	45 	90 	91 
003443 	284 	45 	90 	91 
003444 	284 	45 	90 	91 
003445 	284 	45 	90 	91 
003446 	284 	45 	90 	91 
003447 	284 	45 	90 	91 
003448 	284 	45 	90 	91 
003449 	284 	45 	90 	91 
003450 	284 	45 	90 	91 
003451 	284 	45 	90 	91 
003452 	286 	62 	76 	76 
003453 	284 	55 	90 	91 
003454 	286 	62 	76 	76 
003455 	286 	62 	76 	76 
003456 	286 	62 	76 	76 
003457 	286 	62 	76 	76 
003458 	286 	62 	76 	76 
003459 	286 	62 	76 	76 
003460 	286 	62 	76 	76 
003461 	286 	62 	76 	76 
003462 	286 	62 	76 	76 
003463 	274 	55 	90 	91 
003464 	274 	45 	90 	91 
003465 	278 	54 	75 	76 
003466 	278 	54 	75 	76 
003467 	278 	54 	75 	76 
003468 	278 	54 	75 	76 
003469 	278 	54 	75 	76 
003470 	278 	54 	75 	76 
003471 	278 	54 	75 	76 
003472 	278 	54 	75 	76 
003473 	278 	54 	75 	76 
003474 	278 	54 	75 	76 
003475 	278 	54 	75 	76 
003476 	278 	54 	75 	76 
003477 	274 	45 	90 	91 
003478 	274 	45 	90 	91 
003479 	274 	45 	90 	91 
003480 	286 	54 	76 	76 
003481 	286 	54 	76 	76 
003482 	286 	54 	76 	76 
003483 	286 	54 	76 	76 
003484 	286 	54 	76 	76 
003485 	286 	54 	76 	76 
003486 	286 	54 	76 	76 
003487 	286 	54 	76 	76 
003488 	286 	54 	76 	76 
003489 	286 	54 	76 	76 
003490 	286 	54 	76 	76 
003491 	286 	54 	76 	76 
003492 	286 	54 	76 	76 
003493 	286 	54 	76 	76 
003494 	286 	54 	76 	76 
003495 	286 	54 	76 	76 
003496 	286 	54 	76 	76 
003497 	286 	54 	76 	76 
003498 	286 	54 	76 	76 
003499 	286 	54 	76 	76 
003500 	286 	54 	76 	76 
003501 	284 	45 	90 	91 
003502 	284 	45 	90 	91 
003503 	284 	45 	90 	91 
003504 	294 	54 	76 	76 
003505 	294 	54 	76 	76 
003506 	294 	45 	90 	91 
003507 	294 	45 	90 	91 
003508 	294 	45 	90 	91 
003509 	294 	54 	76 	76 
003510 	294 	54 	76 	76 
003511 	294 	62 	76 	76 
003512 	294 	62 	76 	76 
003513 	286 	62 	76 	76 
003514 	286 	62 	76 	76 
003515 	286 	62 	76 	76 
003516 	274 	55 	90 	91 
003517 	274 	55 	90 	91 
003518 	274 	55 	90 	91 
003519 	274 	55 	90 	91 
003520 	274 	55 	90 	91 
003521 	274 	55 	90 	91 
003522 	278 	62 	75 	76 
003523 	278 	62 	75 	76 
003524 	274 	55 	90 	91 
003525 	274 	55 	90 	91 
003526 	274 	55 	90 	91 
003527 	274 	55 	90 	91 
003528 	274 	55 	90 	91 
003529 	278 	62 	75 	76 
003530 	278 	62 	75 	76 
003531 	278 	62 	75 	76 
003532 	278 	62 	75 	76 
003533 	278 	62 	75 	76 
