Identity  : 	id10999
Reference : 	LsM-913D6ak
Offset    : 	1
FV Conf   : 	16.048
ASD Conf  : 	5.171

FRAME 	X 	Y 	W 	H 
003094 	281 	51 	132 	132 
003095 	282 	50 	132 	132 
003096 	282 	50 	132 	132 
003097 	282 	50 	132 	132 
003098 	282 	50 	133 	133 
003099 	282 	50 	133 	133 
003100 	283 	50 	133 	133 
003101 	283 	50 	133 	133 
003102 	283 	50 	133 	133 
003103 	283 	50 	134 	134 
003104 	283 	50 	134 	134 
003105 	284 	50 	134 	134 
003106 	284 	50 	134 	134 
003107 	284 	50 	135 	135 
003108 	284 	50 	135 	135 
003109 	284 	50 	135 	135 
003110 	284 	50 	135 	135 
003111 	285 	50 	135 	135 
003112 	285 	49 	136 	136 
003113 	285 	49 	136 	136 
003114 	285 	49 	136 	136 
003115 	285 	49 	136 	136 
003116 	286 	49 	137 	137 
003117 	286 	49 	137 	137 
003118 	286 	49 	137 	137 
003119 	286 	49 	137 	137 
003120 	286 	49 	137 	137 
003121 	286 	49 	138 	138 
003122 	287 	49 	138 	138 
003123 	287 	49 	138 	138 
003124 	287 	49 	138 	138 
003125 	287 	49 	139 	139 
003126 	287 	49 	139 	139 
003127 	288 	49 	139 	139 
003128 	288 	49 	139 	139 
003129 	288 	48 	139 	139 
003130 	288 	48 	140 	140 
003131 	288 	48 	140 	140 
003132 	289 	48 	140 	140 
003133 	289 	48 	140 	140 
003134 	289 	48 	140 	140 
003135 	289 	48 	141 	141 
003136 	289 	48 	141 	141 
003137 	289 	48 	141 	141 
003138 	290 	48 	141 	141 
003139 	290 	48 	142 	142 
003140 	290 	48 	142 	142 
003141 	290 	48 	142 	142 
003142 	290 	48 	142 	142 
003143 	291 	48 	142 	142 
003144 	291 	48 	143 	143 
003145 	291 	48 	143 	143 
003146 	291 	47 	143 	143 
003147 	291 	47 	143 	143 
003148 	291 	47 	144 	144 
003149 	292 	47 	144 	144 
003150 	292 	47 	144 	144 
003151 	292 	47 	144 	144 
003152 	292 	47 	144 	144 
003153 	292 	47 	145 	145 
003154 	293 	47 	145 	145 
003155 	293 	47 	145 	145 
003156 	293 	47 	145 	145 
003157 	293 	47 	146 	146 
003158 	293 	47 	146 	146 
003159 	293 	47 	146 	146 
003160 	294 	47 	146 	146 
003161 	294 	47 	146 	146 
003162 	294 	47 	147 	147 
003163 	294 	46 	147 	147 
003164 	294 	46 	147 	147 
003165 	295 	46 	147 	147 
003166 	295 	46 	147 	147 
003167 	295 	46 	148 	148 
003168 	295 	46 	148 	148 
003169 	295 	46 	148 	148 
003170 	296 	46 	148 	148 
003171 	296 	46 	149 	149 
003172 	296 	46 	149 	149 
003173 	296 	46 	149 	149 
003174 	296 	46 	149 	149 
003175 	296 	46 	149 	149 
003176 	297 	46 	150 	150 
003177 	297 	46 	150 	150 
003178 	297 	46 	150 	150 
003179 	297 	46 	150 	150 
003180 	297 	45 	151 	151 
003181 	298 	45 	151 	151 
003182 	298 	45 	151 	151 
003183 	298 	45 	151 	151 
003184 	298 	45 	151 	151 
003185 	298 	45 	152 	152 
003186 	298 	45 	152 	152 
003187 	299 	45 	152 	152 
003188 	299 	45 	152 	152 
003189 	299 	45 	153 	153 
003190 	299 	45 	153 	153 
003191 	299 	45 	153 	153 
003192 	300 	45 	153 	153 
003193 	300 	45 	153 	153 
003194 	300 	45 	154 	154 
003195 	300 	45 	154 	154 
003196 	300 	45 	154 	154 
003197 	301 	44 	154 	154 
003198 	301 	44 	154 	154 
003199 	301 	44 	155 	155 
003200 	301 	44 	155 	155 
003201 	301 	44 	155 	155 
003202 	301 	44 	155 	155 
003203 	302 	44 	156 	156 
003204 	302 	44 	156 	156 
003205 	302 	44 	156 	156 
003206 	302 	44 	156 	156 
003207 	303 	44 	156 	156 
