Identity  : 	id11105
Reference : 	XQ6P7s1Gg8w
Offset    : 	1
FV Conf   : 	20.765
ASD Conf  : 	7.459

FRAME 	X 	Y 	W 	H 
004730 	180 	123 	130 	130 
004731 	180 	123 	130 	130 
004732 	180 	123 	130 	130 
004733 	180 	123 	130 	130 
004734 	180 	123 	130 	130 
004735 	180 	123 	130 	130 
004736 	180 	123 	130 	130 
004737 	180 	123 	130 	130 
004738 	180 	123 	130 	130 
004739 	180 	123 	130 	130 
004740 	180 	123 	130 	130 
004741 	180 	123 	130 	130 
004742 	180 	123 	130 	130 
004743 	180 	123 	130 	130 
004744 	180 	123 	130 	130 
004745 	180 	123 	130 	130 
004746 	180 	123 	130 	130 
004747 	180 	123 	130 	130 
004748 	180 	123 	130 	130 
004749 	165 	123 	130 	130 
004750 	165 	123 	130 	130 
004751 	180 	123 	130 	130 
004752 	165 	123 	130 	130 
004753 	165 	123 	130 	130 
004754 	180 	123 	130 	130 
004755 	165 	123 	130 	130 
004756 	165 	123 	130 	130 
004757 	165 	123 	130 	130 
004758 	165 	123 	130 	130 
004759 	165 	123 	130 	130 
004760 	165 	123 	130 	130 
004761 	165 	123 	130 	130 
004762 	165 	123 	130 	130 
004763 	165 	123 	130 	130 
004764 	164 	96 	156 	156 
004765 	164 	113 	156 	156 
004766 	164 	113 	156 	156 
004767 	164 	113 	156 	156 
004768 	164 	113 	156 	156 
004769 	180 	123 	130 	130 
004770 	165 	123 	130 	130 
004771 	147 	96 	156 	156 
004772 	147 	96 	156 	156 
004773 	147 	96 	156 	156 
004774 	147 	96 	156 	156 
004775 	165 	109 	130 	130 
004776 	165 	109 	130 	130 
004777 	165 	109 	130 	130 
004778 	165 	109 	130 	130 
004779 	147 	79 	156 	156 
004780 	147 	79 	156 	156 
004781 	147 	79 	156 	156 
004782 	147 	79 	156 	156 
004783 	147 	79 	156 	156 
004784 	147 	79 	156 	156 
004785 	147 	79 	156 	156 
004786 	164 	96 	156 	156 
004787 	164 	96 	156 	156 
004788 	180 	109 	130 	130 
004789 	180 	109 	130 	130 
004790 	180 	109 	130 	130 
004791 	180 	109 	130 	130 
004792 	180 	109 	130 	130 
004793 	180 	109 	130 	130 
004794 	180 	109 	130 	130 
004795 	180 	109 	130 	130 
004796 	180 	109 	130 	130 
004797 	180 	109 	130 	130 
004798 	180 	109 	130 	130 
004799 	180 	109 	130 	130 
004800 	180 	123 	130 	130 
004801 	180 	123 	130 	130 
004802 	180 	123 	130 	130 
004803 	180 	123 	130 	130 
004804 	180 	123 	130 	130 
004805 	180 	123 	130 	130 
004806 	180 	123 	130 	130 
004807 	164 	96 	156 	156 
004808 	180 	109 	130 	130 
004809 	194 	109 	130 	130 
004810 	194 	109 	130 	130 
004811 	194 	109 	130 	130 
004812 	194 	109 	130 	130 
004813 	194 	109 	130 	130 
004814 	194 	109 	130 	130 
004815 	194 	109 	130 	130 
004816 	194 	109 	130 	130 
004817 	180 	109 	130 	130 
004818 	180 	109 	130 	130 
004819 	180 	123 	130 	130 
004820 	164 	96 	156 	156 
004821 	180 	123 	130 	130 
004822 	180 	123 	130 	130 
004823 	180 	123 	130 	130 
004824 	180 	123 	130 	130 
004825 	180 	123 	130 	130 
004826 	180 	123 	130 	130 
004827 	180 	123 	130 	130 
004828 	180 	123 	130 	130 
004829 	180 	123 	130 	130 
004830 	180 	109 	130 	130 
004831 	180 	109 	130 	130 
004832 	180 	109 	130 	130 
004833 	165 	109 	130 	130 
004834 	165 	109 	130 	130 
004835 	165 	109 	130 	130 
004836 	147 	96 	156 	156 
004837 	147 	79 	156 	156 
004838 	147 	79 	156 	156 
004839 	147 	79 	156 	156 
004840 	147 	79 	156 	156 
004841 	147 	79 	156 	156 
004842 	147 	79 	156 	156 
004843 	147 	79 	156 	156 
004844 	147 	79 	156 	156 
004845 	147 	79 	156 	156 
004846 	147 	79 	156 	156 
004847 	147 	79 	156 	156 
004848 	147 	79 	156 	156 
004849 	147 	79 	156 	156 
004850 	147 	79 	156 	156 
004851 	147 	79 	156 	156 
004852 	147 	79 	156 	156 
004853 	147 	79 	156 	156 
004854 	165 	94 	130 	130 
004855 	165 	94 	130 	130 
004856 	147 	79 	156 	156 
004857 	147 	79 	156 	156 
004858 	147 	79 	156 	156 
004859 	147 	79 	156 	156 
004860 	165 	94 	130 	130 
004861 	165 	94 	130 	130 
004862 	165 	94 	130 	130 
004863 	165 	94 	130 	130 
004864 	147 	79 	156 	156 
004865 	147 	79 	156 	156 
004866 	164 	79 	156 	156 
004867 	164 	79 	156 	156 
004868 	180 	109 	130 	130 
004869 	181 	96 	156 	156 
004870 	181 	96 	156 	156 
004871 	194 	109 	130 	130 
004872 	194 	109 	130 	130 
004873 	194 	109 	130 	130 
004874 	180 	109 	130 	130 
004875 	180 	109 	130 	130 
004876 	180 	109 	130 	130 
004877 	164 	79 	156 	156 
004878 	164 	79 	156 	156 
004879 	164 	79 	156 	156 
004880 	164 	79 	156 	156 
004881 	164 	79 	156 	156 
004882 	164 	96 	156 	156 
004883 	165 	109 	130 	130 
004884 	147 	79 	156 	156 
004885 	147 	79 	156 	156 
004886 	164 	79 	156 	156 
004887 	164 	79 	156 	156 
004888 	164 	79 	156 	156 
004889 	164 	79 	156 	156 
004890 	147 	79 	156 	156 
004891 	147 	79 	156 	156 
004892 	164 	79 	156 	156 
004893 	164 	79 	156 	156 
004894 	164 	79 	156 	156 
004895 	164 	79 	156 	156 
004896 	164 	79 	156 	156 
004897 	164 	79 	156 	156 
004898 	180 	109 	130 	130 
004899 	180 	109 	130 	130 
004900 	180 	109 	130 	130 
004901 	164 	79 	156 	156 
004902 	164 	79 	156 	156 
004903 	164 	79 	156 	156 
004904 	164 	79 	156 	156 
004905 	164 	62 	156 	155 
004906 	164 	79 	156 	156 
004907 	164 	79 	156 	156 
004908 	164 	79 	156 	156 
004909 	147 	79 	156 	156 
004910 	147 	79 	156 	156 
004911 	164 	79 	156 	156 
004912 	164 	79 	156 	156 
004913 	164 	79 	156 	156 
004914 	164 	79 	156 	156 
004915 	164 	79 	156 	156 
004916 	180 	109 	130 	130 
004917 	194 	109 	130 	130 
004918 	194 	109 	130 	130 
004919 	194 	109 	130 	130 
004920 	194 	109 	130 	130 
004921 	194 	109 	130 	130 
004922 	194 	109 	130 	130 
004923 	194 	109 	130 	130 
004924 	194 	109 	130 	130 
004925 	194 	109 	130 	130 
004926 	194 	109 	130 	130 
004927 	194 	109 	130 	130 
004928 	194 	109 	130 	130 
004929 	194 	109 	130 	130 
004930 	194 	109 	130 	130 
004931 	181 	96 	156 	156 
004932 	181 	96 	156 	156 
004933 	181 	96 	156 	156 
004934 	194 	109 	130 	130 
004935 	194 	109 	130 	130 
004936 	194 	109 	130 	130 
004937 	194 	109 	130 	130 
004938 	194 	109 	130 	130 
004939 	194 	109 	130 	130 
004940 	194 	109 	130 	130 
004941 	194 	109 	130 	130 
004942 	194 	109 	130 	130 
004943 	194 	109 	130 	130 
004944 	181 	96 	156 	156 
004945 	181 	96 	156 	156 
004946 	180 	109 	130 	130 
004947 	164 	79 	156 	156 
004948 	164 	79 	156 	156 
004949 	164 	79 	156 	156 
004950 	180 	94 	130 	130 
004951 	164 	62 	156 	155 
004952 	181 	62 	156 	155 
004953 	194 	80 	130 	130 
004954 	194 	80 	130 	130 
004955 	194 	80 	130 	130 
004956 	194 	80 	130 	130 
004957 	194 	80 	130 	130 
004958 	194 	80 	130 	130 
004959 	194 	80 	130 	130 
004960 	181 	62 	156 	155 
004961 	181 	62 	156 	155 
004962 	181 	62 	156 	155 
004963 	181 	62 	156 	155 
004964 	181 	62 	156 	155 
004965 	181 	62 	156 	155 
004966 	181 	62 	156 	155 
004967 	194 	80 	130 	130 
004968 	181 	62 	156 	155 
004969 	181 	62 	156 	155 
004970 	180 	80 	130 	130 
004971 	164 	62 	156 	155 
004972 	164 	62 	156 	155 
004973 	164 	62 	156 	155 
004974 	164 	62 	156 	155 
004975 	164 	62 	156 	155 
004976 	165 	94 	130 	130 
004977 	165 	94 	130 	130 
004978 	147 	79 	156 	156 
004979 	147 	79 	156 	156 
004980 	147 	79 	156 	156 
004981 	147 	79 	156 	156 
004982 	147 	79 	156 	156 
004983 	147 	79 	156 	156 
004984 	147 	79 	156 	156 
004985 	147 	79 	156 	156 
004986 	164 	79 	156 	156 
004987 	164 	79 	156 	156 
004988 	164 	79 	156 	156 
004989 	164 	79 	156 	156 
004990 	164 	79 	156 	156 
004991 	164 	79 	156 	156 
004992 	164 	79 	156 	156 
004993 	164 	79 	156 	156 
004994 	164 	79 	156 	156 
004995 	164 	79 	156 	156 
004996 	164 	79 	156 	156 
004997 	164 	79 	156 	156 
004998 	164 	79 	156 	156 
004999 	164 	79 	156 	156 
005000 	164 	79 	156 	156 
005001 	164 	79 	156 	156 
005002 	164 	79 	156 	156 
005003 	164 	79 	156 	156 
005004 	164 	79 	156 	156 
005005 	180 	94 	130 	130 
005006 	180 	94 	130 	130 
005007 	194 	94 	130 	130 
005008 	194 	94 	130 	130 
005009 	194 	94 	130 	130 
005010 	194 	94 	130 	130 
005011 	194 	94 	130 	130 
005012 	194 	94 	130 	130 
005013 	194 	94 	130 	130 
005014 	194 	94 	130 	130 
005015 	194 	94 	130 	130 
005016 	194 	94 	130 	130 
005017 	194 	94 	130 	130 
005018 	194 	94 	130 	130 
005019 	194 	94 	130 	130 
005020 	194 	94 	130 	130 
005021 	194 	94 	130 	130 
005022 	194 	94 	130 	130 
005023 	194 	94 	130 	130 
005024 	194 	94 	130 	130 
005025 	194 	94 	130 	130 
005026 	194 	94 	130 	130 
005027 	180 	94 	130 	130 
005028 	180 	94 	130 	130 
005029 	180 	94 	130 	130 
005030 	164 	62 	156 	155 
005031 	164 	62 	156 	155 
005032 	164 	62 	156 	155 
005033 	164 	44 	156 	156 
005034 	164 	44 	156 	156 
005035 	164 	44 	156 	156 
005036 	164 	44 	156 	156 
005037 	180 	66 	130 	130 
005038 	164 	44 	156 	156 
005039 	164 	44 	156 	156 
005040 	164 	44 	156 	156 
005041 	164 	44 	156 	156 
005042 	164 	62 	156 	155 
005043 	164 	62 	156 	155 
005044 	165 	94 	130 	130 
005045 	147 	79 	156 	156 
005046 	147 	79 	156 	156 
005047 	147 	96 	156 	156 
005048 	147 	96 	156 	156 
005049 	151 	109 	130 	130 
005050 	151 	109 	130 	130 
005051 	151 	109 	130 	130 
005052 	151 	109 	130 	130 
005053 	147 	96 	156 	156 
005054 	147 	96 	156 	156 
005055 	147 	96 	156 	156 
005056 	147 	79 	156 	156 
005057 	147 	79 	156 	156 
005058 	147 	79 	156 	156 
005059 	147 	79 	156 	156 
005060 	147 	79 	156 	156 
005061 	147 	79 	156 	156 
005062 	147 	79 	156 	156 
005063 	164 	79 	156 	156 
005064 	164 	96 	156 	156 
005065 	180 	109 	130 	130 
005066 	180 	109 	130 	130 
005067 	164 	96 	156 	156 
005068 	164 	79 	156 	156 
005069 	164 	79 	156 	156 
005070 	164 	79 	156 	156 
005071 	164 	79 	156 	156 
005072 	164 	79 	156 	156 
005073 	181 	96 	156 	156 
005074 	181 	96 	156 	156 
005075 	181 	96 	156 	156 
005076 	181 	96 	156 	156 
005077 	181 	96 	156 	156 
005078 	181 	96 	156 	156 
005079 	181 	96 	156 	156 
005080 	164 	79 	156 	156 
005081 	164 	79 	156 	156 
005082 	164 	79 	156 	156 
005083 	165 	94 	130 	130 
005084 	165 	94 	130 	130 
005085 	147 	62 	156 	155 
005086 	147 	62 	156 	155 
005087 	147 	62 	156 	155 
005088 	147 	62 	156 	155 
005089 	147 	62 	156 	155 
005090 	147 	62 	156 	155 
005091 	147 	62 	156 	155 
005092 	147 	62 	156 	155 
005093 	147 	62 	156 	155 
005094 	147 	62 	156 	155 
005095 	147 	62 	156 	155 
005096 	147 	62 	156 	155 
005097 	147 	62 	156 	155 
005098 	147 	62 	156 	155 
005099 	147 	62 	156 	155 
005100 	147 	62 	156 	155 
005101 	151 	94 	130 	130 
005102 	147 	79 	156 	156 
005103 	147 	79 	156 	156 
005104 	147 	79 	156 	156 
005105 	147 	79 	156 	156 
005106 	147 	79 	156 	156 
005107 	147 	62 	156 	155 
005108 	147 	62 	156 	155 
005109 	147 	62 	156 	155 
005110 	165 	80 	130 	130 
005111 	147 	44 	156 	156 
005112 	164 	44 	156 	156 
005113 	164 	62 	156 	155 
005114 	164 	62 	156 	155 
005115 	164 	62 	156 	155 
005116 	164 	62 	156 	155 
005117 	164 	79 	156 	156 
005118 	165 	109 	130 	130 
005119 	147 	79 	156 	156 
005120 	165 	109 	130 	130 
005121 	165 	109 	130 	130 
005122 	165 	109 	130 	130 
005123 	165 	109 	130 	130 
005124 	165 	109 	130 	130 
005125 	164 	96 	156 	156 
005126 	164 	96 	156 	156 
005127 	164 	79 	156 	156 
005128 	164 	79 	156 	156 
005129 	164 	79 	156 	156 
005130 	164 	79 	156 	156 
005131 	164 	79 	156 	156 
005132 	164 	79 	156 	156 
005133 	164 	79 	156 	156 
005134 	180 	94 	130 	130 
005135 	180 	94 	130 	130 
005136 	194 	94 	130 	130 
005137 	181 	96 	156 	156 
005138 	181 	96 	156 	156 
005139 	181 	96 	156 	156 
005140 	181 	79 	156 	156 
005141 	194 	94 	130 	130 
005142 	194 	94 	130 	130 
005143 	164 	79 	156 	156 
005144 	164 	79 	156 	156 
005145 	164 	79 	156 	156 
005146 	147 	79 	156 	156 
005147 	147 	62 	156 	155 
005148 	165 	94 	130 	130 
005149 	180 	94 	130 	130 
005150 	180 	94 	130 	130 
005151 	180 	94 	130 	130 
005152 	180 	94 	130 	130 
005153 	164 	79 	156 	156 
005154 	164 	79 	156 	156 
005155 	164 	79 	156 	156 
005156 	164 	79 	156 	156 
005157 	164 	79 	156 	156 
005158 	147 	79 	156 	156 
005159 	147 	79 	156 	156 
005160 	147 	79 	156 	156 
005161 	147 	79 	156 	156 
005162 	147 	79 	156 	156 
005163 	164 	79 	156 	156 
005164 	164 	79 	156 	156 
005165 	164 	79 	156 	156 
005166 	164 	79 	156 	156 
005167 	164 	96 	156 	156 
005168 	165 	109 	130 	130 
005169 	165 	109 	130 	130 
005170 	147 	96 	156 	156 
005171 	165 	123 	130 	130 
005172 	165 	123 	130 	130 
005173 	147 	96 	156 	156 
005174 	165 	109 	130 	130 
005175 	165 	109 	130 	130 
005176 	165 	109 	130 	130 
005177 	165 	109 	130 	130 
005178 	165 	109 	130 	130 
005179 	147 	96 	156 	156 
005180 	147 	96 	156 	156 
005181 	165 	109 	130 	130 
005182 	165 	109 	130 	130 
005183 	165 	109 	130 	130 
005184 	165 	109 	130 	130 
005185 	147 	96 	156 	156 
005186 	147 	96 	156 	156 
005187 	147 	96 	156 	156 
005188 	147 	96 	156 	156 
005189 	147 	96 	156 	156 
005190 	147 	96 	156 	156 
005191 	147 	96 	156 	156 
005192 	147 	79 	156 	156 
005193 	181 	79 	156 	156 
005194 	194 	80 	130 	130 
005195 	194 	80 	130 	130 
005196 	194 	80 	130 	130 
005197 	180 	80 	130 	130 
005198 	180 	80 	130 	130 
005199 	180 	80 	130 	130 
005200 	180 	80 	130 	130 
005201 	180 	80 	130 	130 
005202 	180 	80 	130 	130 
005203 	164 	62 	156 	155 
005204 	164 	62 	156 	155 
005205 	135 	53 	187 	187 
005206 	165 	94 	130 	130 
005207 	147 	79 	156 	156 
005208 	147 	79 	156 	156 
005209 	147 	79 	156 	156 
005210 	147 	96 	156 	156 
005211 	147 	96 	156 	156 
005212 	147 	96 	156 	156 
005213 	130 	96 	156 	156 
005214 	130 	96 	156 	156 
005215 	130 	96 	156 	156 
005216 	147 	96 	156 	156 
005217 	147 	96 	156 	156 
005218 	147 	96 	156 	156 
005219 	147 	96 	156 	156 
005220 	147 	96 	156 	156 
005221 	147 	96 	156 	156 
005222 	147 	79 	156 	156 
005223 	147 	79 	156 	156 
005224 	147 	79 	156 	156 
005225 	147 	79 	156 	156 
005226 	147 	79 	156 	156 
005227 	147 	79 	156 	156 
005228 	147 	79 	156 	156 
005229 	147 	79 	156 	156 
005230 	147 	79 	156 	156 
005231 	147 	79 	156 	156 
005232 	147 	79 	156 	156 
005233 	147 	79 	156 	156 
005234 	147 	79 	156 	156 
005235 	147 	79 	156 	156 
005236 	165 	109 	130 	130 
005237 	165 	109 	130 	130 
005238 	147 	96 	156 	156 
005239 	147 	96 	156 	156 
005240 	147 	96 	156 	156 
005241 	147 	79 	156 	156 
005242 	147 	79 	156 	156 
005243 	147 	79 	156 	156 
005244 	147 	79 	156 	156 
005245 	147 	79 	156 	156 
005246 	147 	79 	156 	156 
005247 	165 	109 	130 	130 
005248 	165 	109 	130 	130 
005249 	165 	109 	130 	130 
005250 	165 	109 	130 	130 
005251 	165 	109 	130 	130 
005252 	147 	79 	156 	156 
005253 	164 	79 	156 	156 
005254 	164 	96 	156 	156 
005255 	164 	96 	156 	156 
005256 	180 	109 	130 	130 
005257 	180 	109 	130 	130 
005258 	180 	109 	130 	130 
005259 	180 	109 	130 	130 
005260 	180 	109 	130 	130 
005261 	180 	109 	130 	130 
005262 	180 	109 	130 	130 
005263 	180 	109 	130 	130 
005264 	180 	109 	130 	130 
005265 	180 	109 	130 	130 
005266 	180 	109 	130 	130 
005267 	194 	109 	130 	130 
005268 	194 	109 	130 	130 
005269 	194 	109 	130 	130 
005270 	194 	109 	130 	130 
005271 	194 	109 	130 	130 
005272 	180 	109 	130 	130 
005273 	180 	109 	130 	130 
005274 	180 	109 	130 	130 
005275 	147 	79 	156 	156 
005276 	147 	79 	156 	156 
005277 	147 	79 	156 	156 
005278 	164 	79 	156 	156 
005279 	164 	79 	156 	156 
005280 	165 	94 	130 	130 
005281 	164 	62 	156 	155 
005282 	164 	62 	156 	155 
005283 	147 	62 	156 	155 
005284 	147 	62 	156 	155 
005285 	147 	62 	156 	155 
005286 	147 	62 	156 	155 
005287 	147 	62 	156 	155 
005288 	147 	62 	156 	155 
005289 	147 	62 	156 	155 
005290 	147 	62 	156 	155 
005291 	147 	62 	156 	155 
005292 	147 	79 	156 	156 
005293 	147 	79 	156 	156 
005294 	147 	79 	156 	156 
005295 	147 	79 	156 	156 
005296 	147 	79 	156 	156 
005297 	147 	79 	156 	156 
005298 	147 	79 	156 	156 
005299 	147 	79 	156 	156 
005300 	147 	79 	156 	156 
005301 	147 	79 	156 	156 
005302 	147 	79 	156 	156 
005303 	147 	79 	156 	156 
005304 	147 	79 	156 	156 
005305 	147 	79 	156 	156 
005306 	147 	79 	156 	156 
005307 	147 	79 	156 	156 
005308 	147 	79 	156 	156 
005309 	147 	79 	156 	156 
005310 	147 	79 	156 	156 
005311 	147 	79 	156 	156 
005312 	147 	79 	156 	156 
005313 	180 	94 	130 	130 
005314 	164 	79 	156 	156 
005315 	164 	79 	156 	156 
005316 	164 	79 	156 	156 
005317 	180 	94 	130 	130 
005318 	147 	79 	156 	156 
005319 	147 	79 	156 	156 
005320 	147 	79 	156 	156 
005321 	130 	79 	156 	156 
005322 	130 	79 	156 	156 
005323 	147 	79 	156 	156 
005324 	165 	109 	130 	130 
005325 	165 	109 	130 	130 
005326 	165 	109 	130 	130 
005327 	151 	109 	130 	130 
005328 	130 	79 	156 	156 
005329 	130 	79 	156 	156 
005330 	130 	79 	156 	156 
005331 	147 	79 	156 	156 
005332 	147 	79 	156 	156 
005333 	130 	79 	156 	156 
005334 	130 	79 	156 	156 
005335 	130 	79 	156 	156 
005336 	130 	79 	156 	156 
005337 	147 	79 	156 	156 
005338 	147 	79 	156 	156 
005339 	147 	79 	156 	156 
005340 	147 	79 	156 	156 
005341 	130 	79 	156 	156 
005342 	147 	79 	156 	156 
005343 	147 	79 	156 	156 
005344 	147 	79 	156 	156 
005345 	147 	79 	156 	156 
005346 	147 	79 	156 	156 
005347 	147 	79 	156 	156 
005348 	147 	79 	156 	156 
005349 	147 	79 	156 	156 
005350 	147 	79 	156 	156 
005351 	165 	109 	130 	130 
005352 	165 	109 	130 	130 
005353 	147 	96 	156 	156 
005354 	165 	109 	130 	130 
005355 	165 	109 	130 	130 
005356 	165 	109 	130 	130 
005357 	165 	109 	130 	130 
005358 	165 	109 	130 	130 
005359 	147 	79 	156 	156 
005360 	147 	79 	156 	156 
005361 	147 	79 	156 	156 
005362 	165 	109 	130 	130 
005363 	147 	79 	156 	156 
005364 	147 	79 	156 	156 
005365 	147 	79 	156 	156 
005366 	147 	79 	156 	156 
005367 	147 	79 	156 	156 
005368 	147 	79 	156 	156 
005369 	147 	79 	156 	156 
005370 	151 	94 	130 	130 
005371 	130 	79 	156 	156 
005372 	147 	79 	156 	156 
005373 	147 	79 	156 	156 
005374 	147 	79 	156 	156 
005375 	147 	79 	156 	156 
005376 	130 	79 	156 	156 
005377 	130 	79 	156 	156 
005378 	130 	79 	156 	156 
005379 	130 	79 	156 	156 
005380 	130 	79 	156 	156 
005381 	130 	79 	156 	156 
005382 	130 	79 	156 	156 
005383 	115 	74 	187 	187 
005384 	130 	96 	156 	156 
005385 	130 	96 	156 	156 
005386 	130 	96 	156 	156 
005387 	130 	96 	156 	156 
005388 	130 	96 	156 	156 
005389 	130 	96 	156 	156 
005390 	130 	96 	156 	156 
005391 	130 	96 	156 	156 
005392 	130 	96 	156 	156 
005393 	130 	96 	156 	156 
005394 	130 	79 	156 	156 
005395 	130 	79 	156 	156 
005396 	130 	79 	156 	156 
005397 	130 	79 	156 	156 
005398 	147 	79 	156 	156 
005399 	147 	79 	156 	156 
005400 	147 	79 	156 	156 
005401 	164 	62 	156 	155 
005402 	164 	62 	156 	155 
005403 	164 	62 	156 	155 
005404 	164 	62 	156 	155 
005405 	181 	62 	156 	155 
005406 	181 	79 	156 	156 
005407 	194 	94 	130 	130 
005408 	194 	94 	130 	130 
005409 	181 	96 	156 	156 
005410 	194 	109 	130 	130 
005411 	194 	109 	130 	130 
005412 	194 	109 	130 	130 
005413 	194 	109 	130 	130 
005414 	208 	123 	130 	130 
005415 	208 	123 	130 	130 
005416 	194 	123 	130 	130 
005417 	194 	123 	130 	130 
005418 	194 	123 	130 	130 
