Identity  : 	id11105
Reference : 	XQ6P7s1Gg8w
Offset    : 	1
FV Conf   : 	18.006
ASD Conf  : 	7.926

FRAME 	X 	Y 	W 	H 
002647 	147 	79 	156 	156 
002648 	147 	79 	156 	156 
002649 	147 	79 	156 	156 
002650 	147 	79 	156 	156 
002651 	147 	79 	156 	156 
002652 	147 	79 	156 	156 
002653 	147 	79 	156 	156 
002654 	147 	79 	156 	156 
002655 	147 	79 	156 	156 
002656 	147 	79 	156 	156 
002657 	147 	79 	156 	156 
002658 	147 	79 	156 	156 
002659 	164 	79 	156 	156 
002660 	164 	79 	156 	156 
002661 	164 	79 	156 	156 
002662 	164 	79 	156 	156 
002663 	164 	79 	156 	156 
002664 	164 	79 	156 	156 
002665 	164 	79 	156 	156 
002666 	164 	79 	156 	156 
002667 	164 	79 	156 	156 
002668 	180 	94 	130 	130 
002669 	180 	94 	130 	130 
002670 	180 	94 	130 	130 
002671 	180 	94 	130 	130 
002672 	180 	94 	130 	130 
002673 	180 	94 	130 	130 
002674 	180 	94 	130 	130 
002675 	164 	79 	156 	156 
002676 	164 	79 	156 	156 
002677 	164 	79 	156 	156 
002678 	164 	79 	156 	156 
002679 	180 	94 	130 	130 
002680 	180 	94 	130 	130 
002681 	180 	94 	130 	130 
002682 	180 	94 	130 	130 
002683 	180 	94 	130 	130 
002684 	180 	94 	130 	130 
002685 	180 	94 	130 	130 
002686 	164 	62 	156 	155 
002687 	164 	62 	156 	155 
002688 	164 	62 	156 	155 
002689 	164 	62 	156 	155 
002690 	181 	79 	156 	156 
002691 	194 	94 	130 	130 
002692 	194 	94 	130 	130 
002693 	208 	94 	130 	130 
002694 	208 	94 	130 	130 
002695 	208 	94 	130 	130 
002696 	199 	96 	155 	156 
002697 	199 	96 	155 	156 
002698 	223 	109 	130 	130 
002699 	223 	109 	130 	130 
002700 	223 	109 	130 	130 
002701 	223 	109 	130 	130 
002702 	223 	109 	130 	130 
002703 	223 	109 	130 	130 
002704 	223 	109 	130 	130 
002705 	223 	109 	130 	130 
002706 	223 	109 	130 	130 
002707 	223 	109 	130 	130 
002708 	199 	96 	155 	156 
002709 	199 	96 	155 	156 
002710 	199 	96 	155 	156 
002711 	208 	109 	130 	130 
002712 	208 	109 	130 	130 
002713 	208 	109 	130 	130 
002714 	208 	109 	130 	130 
002715 	208 	109 	130 	130 
002716 	194 	109 	130 	130 
002717 	181 	96 	156 	156 
002718 	180 	94 	130 	130 
002719 	180 	94 	130 	130 
002720 	164 	62 	156 	155 
002721 	164 	62 	156 	155 
002722 	164 	62 	156 	155 
002723 	164 	44 	156 	156 
002724 	164 	44 	156 	156 
002725 	164 	44 	156 	156 
002726 	165 	80 	130 	130 
002727 	165 	80 	130 	130 
002728 	147 	62 	156 	155 
002729 	147 	62 	156 	155 
002730 	147 	79 	156 	156 
002731 	147 	79 	156 	156 
002732 	147 	79 	156 	156 
002733 	151 	109 	130 	130 
002734 	151 	109 	130 	130 
002735 	151 	109 	130 	130 
002736 	130 	96 	156 	156 
002737 	130 	96 	156 	156 
002738 	130 	96 	156 	156 
002739 	130 	96 	156 	156 
002740 	130 	96 	156 	156 
002741 	147 	96 	156 	156 
002742 	147 	96 	156 	156 
002743 	147 	79 	156 	156 
002744 	147 	79 	156 	156 
002745 	147 	79 	156 	156 
002746 	147 	79 	156 	156 
002747 	147 	79 	156 	156 
002748 	147 	79 	156 	156 
002749 	147 	79 	156 	156 
002750 	147 	79 	156 	156 
002751 	147 	79 	156 	156 
002752 	147 	79 	156 	156 
002753 	147 	79 	156 	156 
002754 	147 	79 	156 	156 
002755 	147 	79 	156 	156 
002756 	147 	79 	156 	156 
002757 	147 	79 	156 	156 
002758 	147 	79 	156 	156 
002759 	147 	79 	156 	156 
002760 	165 	94 	130 	130 
002761 	165 	94 	130 	130 
002762 	165 	94 	130 	130 
002763 	147 	62 	156 	155 
002764 	147 	62 	156 	155 
002765 	147 	62 	156 	155 
002766 	147 	62 	156 	155 
002767 	165 	94 	130 	130 
002768 	165 	94 	130 	130 
002769 	147 	62 	156 	155 
002770 	147 	79 	156 	156 
002771 	147 	79 	156 	156 
002772 	147 	79 	156 	156 
002773 	147 	79 	156 	156 
002774 	147 	79 	156 	156 
002775 	147 	79 	156 	156 
002776 	147 	79 	156 	156 
002777 	147 	79 	156 	156 
002778 	147 	79 	156 	156 
002779 	147 	96 	156 	156 
002780 	147 	79 	156 	156 
002781 	147 	79 	156 	156 
002782 	147 	79 	156 	156 
002783 	147 	79 	156 	156 
002784 	147 	79 	156 	156 
002785 	147 	79 	156 	156 
002786 	147 	79 	156 	156 
002787 	147 	79 	156 	156 
002788 	147 	79 	156 	156 
002789 	147 	79 	156 	156 
002790 	147 	79 	156 	156 
002791 	147 	79 	156 	156 
002792 	147 	79 	156 	156 
002793 	147 	79 	156 	156 
002794 	165 	109 	130 	130 
002795 	180 	109 	130 	130 
002796 	180 	109 	130 	130 
002797 	180 	109 	130 	130 
002798 	194 	123 	130 	130 
002799 	194 	123 	130 	130 
002800 	194 	123 	130 	130 
002801 	194 	123 	130 	130 
002802 	194 	109 	130 	130 
002803 	181 	96 	156 	156 
002804 	181 	96 	156 	156 
002805 	181 	96 	156 	156 
002806 	181 	96 	156 	156 
002807 	208 	109 	130 	130 
002808 	181 	96 	156 	156 
002809 	181 	96 	156 	156 
002810 	208 	109 	130 	130 
002811 	208 	109 	130 	130 
