Identity  : 	id10009
Reference : 	vy8sQ82o0fM
Offset    : 	-1
FV Conf   : 	15.646
ASD Conf  : 	6.006

FRAME 	X 	Y 	W 	H 
006342 	254 	65 	90 	91 
006343 	254 	65 	90 	91 
006344 	254 	65 	90 	91 
006345 	254 	65 	90 	91 
006346 	254 	65 	90 	91 
006347 	254 	65 	90 	91 
006348 	253 	71 	75 	75 
006349 	253 	71 	75 	75 
006350 	253 	71 	75 	75 
006351 	253 	71 	75 	75 
006352 	253 	71 	75 	75 
006353 	253 	71 	75 	75 
006354 	253 	71 	75 	75 
006355 	253 	71 	75 	75 
006356 	254 	65 	90 	91 
006357 	254 	65 	90 	91 
006358 	254 	65 	90 	91 
006359 	254 	65 	90 	91 
006360 	261 	62 	76 	76 
006361 	261 	62 	76 	76 
006362 	261 	62 	76 	76 
006363 	261 	62 	76 	76 
006364 	254 	65 	90 	91 
006365 	261 	71 	76 	75 
006366 	261 	71 	76 	75 
006367 	253 	71 	75 	75 
006368 	244 	65 	90 	91 
006369 	244 	65 	90 	91 
006370 	244 	65 	90 	91 
006371 	244 	65 	90 	91 
006372 	253 	71 	75 	75 
006373 	261 	71 	76 	75 
006374 	261 	71 	76 	75 
006375 	253 	79 	75 	76 
006376 	244 	75 	90 	91 
006377 	244 	75 	90 	91 
006378 	244 	75 	90 	91 
006379 	244 	75 	90 	91 
006380 	244 	75 	90 	91 
006381 	244 	75 	90 	91 
006382 	244 	75 	90 	91 
006383 	244 	75 	90 	91 
006384 	244 	75 	90 	91 
006385 	244 	75 	90 	91 
006386 	244 	75 	90 	91 
006387 	244 	75 	90 	91 
006388 	244 	75 	90 	91 
006389 	244 	75 	90 	91 
006390 	244 	75 	90 	91 
006391 	244 	75 	90 	91 
006392 	244 	75 	90 	91 
006393 	253 	87 	75 	76 
006394 	253 	87 	75 	76 
006395 	253 	87 	75 	76 
006396 	244 	85 	90 	91 
006397 	244 	85 	90 	91 
006398 	253 	96 	75 	75 
006399 	253 	96 	75 	75 
006400 	244 	95 	90 	91 
006401 	244 	104 	76 	76 
006402 	244 	104 	76 	76 
006403 	244 	105 	90 	91 
006404 	244 	105 	90 	91 
006405 	244 	105 	90 	91 
006406 	244 	105 	90 	91 
006407 	244 	105 	90 	91 
006408 	253 	112 	75 	76 
006409 	253 	104 	75 	76 
006410 	253 	104 	75 	76 
006411 	253 	104 	75 	76 
006412 	253 	104 	75 	76 
006413 	261 	104 	76 	76 
006414 	261 	96 	76 	75 
006415 	261 	96 	76 	75 
006416 	261 	96 	76 	75 
006417 	261 	96 	76 	75 
006418 	254 	85 	90 	91 
006419 	254 	85 	90 	91 
006420 	261 	87 	76 	76 
006421 	253 	87 	75 	76 
006422 	253 	87 	75 	76 
006423 	253 	87 	75 	76 
006424 	253 	87 	75 	76 
006425 	253 	87 	75 	76 
006426 	253 	87 	75 	76 
006427 	253 	87 	75 	76 
006428 	244 	85 	90 	91 
006429 	244 	85 	90 	91 
006430 	244 	85 	90 	91 
006431 	244 	85 	90 	91 
006432 	244 	85 	90 	91 
006433 	244 	85 	90 	91 
006434 	244 	85 	90 	91 
006435 	244 	85 	90 	91 
006436 	244 	85 	90 	91 
006437 	244 	85 	90 	91 
006438 	244 	85 	90 	91 
006439 	244 	85 	90 	91 
006440 	244 	85 	90 	91 
006441 	244 	85 	90 	91 
006442 	244 	85 	90 	91 
006443 	244 	85 	90 	91 
006444 	244 	85 	90 	91 
006445 	244 	95 	90 	91 
006446 	244 	95 	90 	91 
006447 	244 	95 	90 	91 
006448 	244 	95 	90 	91 
006449 	244 	104 	76 	76 
006450 	244 	104 	76 	76 
006451 	244 	104 	76 	76 
006452 	244 	104 	76 	76 
006453 	244 	104 	76 	76 
006454 	244 	104 	76 	76 
006455 	244 	104 	76 	76 
006456 	244 	104 	76 	76 
006457 	244 	104 	76 	76 
006458 	244 	104 	76 	76 
006459 	244 	104 	76 	76 
006460 	244 	96 	76 	75 
006461 	244 	96 	76 	75 
006462 	244 	96 	76 	75 
006463 	244 	96 	76 	75 
006464 	244 	96 	76 	75 
006465 	244 	96 	76 	75 
006466 	244 	96 	76 	75 
006467 	244 	96 	76 	75 
006468 	244 	85 	90 	91 
006469 	244 	87 	76 	76 
006470 	244 	87 	76 	76 
006471 	244 	87 	76 	76 
