Identity  : 	id10017
Reference : 	iwN6Hu6xyM0
Offset    : 	-3
FV Conf   : 	16.067
ASD Conf  : 	5.585

FRAME 	X 	Y 	W 	H 
003792 	194 	66 	130 	130 
003793 	208 	51 	130 	130 
003794 	208 	51 	130 	130 
003795 	208 	51 	130 	130 
003796 	208 	66 	130 	130 
003797 	194 	66 	130 	130 
003798 	194 	66 	130 	130 
003799 	194 	66 	130 	130 
003800 	194 	66 	130 	130 
003801 	194 	66 	130 	130 
003802 	194 	66 	130 	130 
003803 	208 	66 	130 	130 
003804 	208 	66 	130 	130 
003805 	208 	66 	130 	130 
003806 	194 	66 	130 	130 
003807 	194 	66 	130 	130 
003808 	194 	66 	130 	130 
003809 	194 	66 	130 	130 
003810 	194 	66 	130 	130 
003811 	194 	66 	130 	130 
003812 	194 	66 	130 	130 
003813 	194 	66 	130 	130 
003814 	194 	66 	130 	130 
003815 	194 	66 	130 	130 
003816 	194 	66 	130 	130 
003817 	194 	66 	130 	130 
003818 	194 	66 	130 	130 
003819 	194 	66 	130 	130 
003820 	194 	66 	130 	130 
003821 	194 	66 	130 	130 
003822 	194 	66 	130 	130 
003823 	194 	66 	130 	130 
003824 	194 	66 	130 	130 
003825 	194 	66 	130 	130 
003826 	194 	66 	130 	130 
003827 	194 	66 	130 	130 
003828 	208 	66 	130 	130 
003829 	208 	66 	130 	130 
003830 	223 	66 	130 	130 
003831 	223 	66 	130 	130 
003832 	237 	66 	130 	130 
003833 	237 	66 	130 	130 
003834 	237 	66 	130 	130 
003835 	257 	78 	109 	109 
003836 	251 	66 	130 	130 
003837 	251 	66 	130 	130 
003838 	269 	66 	108 	109 
003839 	269 	66 	108 	109 
003840 	269 	66 	108 	109 
003841 	269 	66 	108 	109 
003842 	269 	66 	108 	109 
003843 	269 	66 	108 	109 
003844 	269 	66 	108 	109 
003845 	269 	66 	108 	109 
003846 	269 	66 	108 	109 
003847 	269 	66 	108 	109 
003848 	269 	66 	108 	109 
003849 	269 	66 	108 	109 
003850 	269 	66 	108 	109 
003851 	251 	66 	130 	130 
003852 	251 	66 	130 	130 
003853 	257 	66 	109 	109 
003854 	251 	66 	130 	130 
003855 	257 	66 	109 	109 
003856 	257 	66 	109 	109 
003857 	257 	66 	109 	109 
003858 	257 	66 	109 	109 
003859 	257 	66 	109 	109 
003860 	257 	66 	109 	109 
003861 	257 	66 	109 	109 
003862 	257 	66 	109 	109 
003863 	257 	66 	109 	109 
003864 	257 	66 	109 	109 
003865 	257 	66 	109 	109 
003866 	257 	66 	109 	109 
003867 	257 	66 	109 	109 
003868 	257 	66 	109 	109 
003869 	257 	66 	109 	109 
003870 	257 	66 	109 	109 
003871 	257 	66 	109 	109 
003872 	257 	66 	109 	109 
003873 	257 	66 	109 	109 
003874 	257 	66 	109 	109 
003875 	257 	66 	109 	109 
003876 	257 	66 	109 	109 
003877 	257 	66 	109 	109 
003878 	257 	66 	109 	109 
003879 	257 	66 	109 	109 
003880 	257 	66 	109 	109 
003881 	257 	66 	109 	109 
003882 	257 	66 	109 	109 
003883 	257 	66 	109 	109 
003884 	257 	66 	109 	109 
003885 	257 	66 	109 	109 
003886 	237 	51 	130 	130 
003887 	237 	51 	130 	130 
003888 	237 	51 	130 	130 
003889 	237 	51 	130 	130 
003890 	245 	66 	109 	109 
003891 	237 	51 	130 	130 
003892 	237 	51 	130 	130 
003893 	237 	51 	130 	130 
003894 	237 	51 	130 	130 
003895 	245 	66 	109 	109 
003896 	245 	66 	109 	109 
003897 	245 	66 	109 	109 
003898 	245 	66 	109 	109 
003899 	245 	66 	109 	109 
003900 	245 	66 	109 	109 
003901 	245 	66 	109 	109 
003902 	245 	66 	109 	109 
003903 	245 	66 	109 	109 
003904 	245 	66 	109 	109 
003905 	245 	66 	109 	109 
003906 	245 	66 	109 	109 
003907 	245 	66 	109 	109 
003908 	245 	66 	109 	109 
003909 	223 	51 	130 	130 
003910 	223 	51 	130 	130 
003911 	223 	51 	130 	130 
003912 	223 	51 	130 	130 
003913 	223 	51 	130 	130 
003914 	208 	51 	130 	130 
003915 	208 	51 	130 	130 
003916 	208 	51 	130 	130 
003917 	208 	51 	130 	130 
003918 	208 	51 	130 	130 
003919 	194 	51 	130 	130 
003920 	194 	51 	130 	130 
003921 	194 	51 	130 	130 
003922 	194 	51 	130 	130 
003923 	194 	51 	130 	130 
003924 	194 	51 	130 	130 
003925 	194 	51 	130 	130 
003926 	194 	51 	130 	130 
003927 	194 	51 	130 	130 
003928 	194 	51 	130 	130 
003929 	194 	51 	130 	130 
003930 	194 	66 	130 	130 
003931 	194 	66 	130 	130 
003932 	194 	66 	130 	130 
003933 	194 	66 	130 	130 
003934 	194 	66 	130 	130 
003935 	194 	66 	130 	130 
003936 	194 	66 	130 	130 
003937 	194 	66 	130 	130 
003938 	194 	66 	130 	130 
003939 	194 	66 	130 	130 
003940 	194 	66 	130 	130 
003941 	194 	66 	130 	130 
003942 	194 	66 	130 	130 
003943 	194 	66 	130 	130 
003944 	194 	66 	130 	130 
003945 	194 	66 	130 	130 
003946 	194 	66 	130 	130 
003947 	194 	66 	130 	130 
003948 	194 	66 	130 	130 
003949 	194 	66 	130 	130 
003950 	194 	66 	130 	130 
003951 	194 	66 	130 	130 
003952 	194 	66 	130 	130 
003953 	194 	66 	130 	130 
003954 	194 	66 	130 	130 
003955 	194 	66 	130 	130 
003956 	194 	51 	130 	130 
003957 	194 	51 	130 	130 
003958 	208 	51 	130 	130 
003959 	208 	51 	130 	130 
003960 	208 	51 	130 	130 
003961 	208 	51 	130 	130 
003962 	208 	51 	130 	130 
003963 	208 	51 	130 	130 
003964 	194 	51 	130 	130 
003965 	194 	51 	130 	130 
003966 	194 	51 	130 	130 
003967 	194 	51 	130 	130 
003968 	194 	66 	130 	130 
003969 	194 	66 	130 	130 
003970 	194 	66 	130 	130 
003971 	194 	66 	130 	130 
003972 	194 	66 	130 	130 
003973 	194 	66 	130 	130 
003974 	194 	66 	130 	130 
003975 	194 	66 	130 	130 
003976 	194 	66 	130 	130 
