Identity  : 	id10016
Reference : 	o524HaR7jfE
Offset    : 	-1
FV Conf   : 	21.762
ASD Conf  : 	8.487

FRAME 	X 	Y 	W 	H 
009453 	161 	138 	109 	109 
009454 	161 	138 	109 	109 
009455 	174 	145 	91 	90 
009456 	173 	138 	109 	109 
009457 	173 	138 	109 	109 
009458 	185 	126 	109 	109 
009459 	185 	126 	109 	109 
009460 	185 	126 	109 	109 
009461 	185 	114 	109 	109 
009462 	197 	114 	109 	109 
009463 	197 	114 	109 	109 
009464 	197 	114 	109 	109 
009465 	209 	102 	109 	109 
009466 	221 	102 	109 	109 
009467 	233 	102 	109 	109 
009468 	245 	114 	109 	109 
009469 	257 	114 	109 	109 
009470 	251 	109 	130 	130 
009471 	269 	126 	108 	109 
009472 	269 	126 	108 	109 
009473 	269 	114 	108 	109 
009474 	269 	114 	108 	109 
009475 	269 	114 	108 	109 
009476 	269 	114 	108 	109 
009477 	269 	114 	108 	109 
009478 	269 	114 	108 	109 
009479 	269 	114 	108 	109 
009480 	266 	94 	130 	130 
009481 	266 	94 	130 	130 
009482 	269 	102 	108 	109 
009483 	269 	102 	108 	109 
009484 	257 	102 	109 	109 
009485 	257 	102 	109 	109 
009486 	245 	90 	109 	109 
009487 	245 	90 	109 	109 
009488 	233 	90 	109 	109 
009489 	233 	90 	109 	109 
009490 	233 	90 	109 	109 
009491 	233 	90 	109 	109 
009492 	221 	90 	109 	109 
009493 	221 	90 	109 	109 
009494 	221 	90 	109 	109 
009495 	221 	90 	109 	109 
009496 	209 	90 	109 	109 
009497 	209 	90 	109 	109 
009498 	209 	90 	109 	109 
009499 	209 	102 	109 	109 
009500 	209 	102 	109 	109 
009501 	209 	102 	109 	109 
009502 	209 	102 	109 	109 
009503 	209 	102 	109 	109 
009504 	209 	102 	109 	109 
009505 	209 	102 	109 	109 
009506 	197 	102 	109 	109 
009507 	185 	102 	109 	109 
009508 	185 	102 	109 	109 
009509 	173 	102 	109 	109 
009510 	161 	102 	109 	109 
009511 	150 	102 	108 	109 
009512 	150 	102 	108 	109 
009513 	150 	102 	108 	109 
009514 	154 	105 	91 	91 
009515 	150 	90 	108 	109 
009516 	150 	90 	108 	109 
009517 	150 	90 	108 	109 
009518 	150 	90 	108 	109 
009519 	150 	90 	108 	109 
009520 	154 	105 	91 	91 
009521 	150 	102 	108 	109 
009522 	138 	102 	108 	109 
009523 	138 	114 	108 	109 
009524 	138 	114 	108 	109 
009525 	126 	114 	108 	109 
009526 	108 	109 	130 	130 
009527 	108 	109 	130 	130 
009528 	108 	109 	130 	130 
009529 	134 	135 	91 	90 
009530 	134 	135 	91 	90 
009531 	126 	126 	108 	109 
009532 	138 	126 	108 	109 
009533 	138 	126 	108 	109 
009534 	138 	126 	108 	109 
009535 	126 	126 	108 	109 
009536 	144 	125 	91 	90 
009537 	144 	125 	91 	90 
009538 	138 	114 	108 	109 
009539 	138 	114 	108 	109 
009540 	150 	114 	108 	109 
009541 	161 	114 	109 	109 
009542 	161 	114 	109 	109 
009543 	173 	102 	109 	109 
009544 	185 	102 	109 	109 
009545 	180 	94 	130 	130 
009546 	197 	102 	109 	109 
009547 	197 	102 	109 	109 
009548 	197 	102 	109 	109 
009549 	194 	94 	130 	130 
009550 	209 	102 	109 	109 
009551 	209 	102 	109 	109 
009552 	209 	102 	109 	109 
009553 	224 	115 	91 	91 
009554 	221 	114 	109 	109 
009555 	221 	114 	109 	109 
009556 	221 	114 	109 	109 
009557 	221 	114 	109 	109 
009558 	221 	114 	109 	109 
009559 	221 	114 	109 	109 
009560 	221 	114 	109 	109 
009561 	221 	114 	109 	109 
009562 	224 	125 	91 	90 
009563 	209 	114 	109 	109 
009564 	209 	114 	109 	109 
009565 	209 	114 	109 	109 
009566 	209 	114 	109 	109 
009567 	197 	114 	109 	109 
009568 	197 	114 	109 	109 
009569 	197 	114 	109 	109 
009570 	197 	114 	109 	109 
009571 	197 	114 	109 	109 
009572 	197 	126 	109 	109 
009573 	197 	126 	109 	109 
009574 	197 	126 	109 	109 
009575 	197 	126 	109 	109 
009576 	197 	126 	109 	109 
009577 	180 	109 	130 	130 
009578 	180 	109 	130 	130 
009579 	185 	114 	109 	109 
009580 	180 	94 	130 	130 
009581 	185 	102 	109 	109 
009582 	185 	102 	109 	109 
009583 	185 	102 	109 	109 
009584 	185 	102 	109 	109 
009585 	185 	114 	109 	109 
009586 	173 	114 	109 	109 
009587 	173 	114 	109 	109 
009588 	173 	114 	109 	109 
009589 	173 	102 	109 	109 
009590 	173 	102 	109 	109 
009591 	173 	102 	109 	109 
009592 	173 	102 	109 	109 
009593 	174 	115 	91 	91 
009594 	161 	114 	109 	109 
009595 	161 	114 	109 	109 
009596 	161 	114 	109 	109 
009597 	173 	114 	109 	109 
009598 	173 	114 	109 	109 
009599 	173 	114 	109 	109 
009600 	173 	114 	109 	109 
009601 	173 	114 	109 	109 
009602 	173 	102 	109 	109 
009603 	173 	102 	109 	109 
009604 	173 	102 	109 	109 
009605 	173 	102 	109 	109 
009606 	185 	102 	109 	109 
009607 	185 	102 	109 	109 
009608 	185 	114 	109 	109 
009609 	185 	114 	109 	109 
009610 	185 	114 	109 	109 
009611 	185 	114 	109 	109 
009612 	185 	114 	109 	109 
009613 	185 	114 	109 	109 
009614 	185 	114 	109 	109 
009615 	185 	114 	109 	109 
009616 	185 	114 	109 	109 
009617 	185 	114 	109 	109 
009618 	185 	114 	109 	109 
009619 	185 	114 	109 	109 
009620 	185 	114 	109 	109 
009621 	185 	114 	109 	109 
009622 	185 	114 	109 	109 
009623 	185 	114 	109 	109 
009624 	173 	114 	109 	109 
009625 	173 	102 	109 	109 
009626 	173 	102 	109 	109 
009627 	173 	102 	109 	109 
009628 	173 	102 	109 	109 
009629 	173 	102 	109 	109 
009630 	173 	90 	109 	109 
009631 	173 	90 	109 	109 
009632 	173 	90 	109 	109 
009633 	173 	90 	109 	109 
009634 	173 	90 	109 	109 
009635 	173 	90 	109 	109 
009636 	173 	90 	109 	109 
009637 	173 	90 	109 	109 
009638 	173 	90 	109 	109 
009639 	173 	90 	109 	109 
009640 	173 	90 	109 	109 
009641 	161 	90 	109 	109 
009642 	161 	90 	109 	109 
009643 	174 	105 	91 	91 
009644 	161 	102 	109 	109 
009645 	161 	102 	109 	109 
009646 	174 	115 	91 	91 
009647 	173 	114 	109 	109 
009648 	173 	114 	109 	109 
009649 	173 	114 	109 	109 
009650 	173 	114 	109 	109 
009651 	173 	114 	109 	109 
009652 	173 	114 	109 	109 
009653 	173 	114 	109 	109 
009654 	173 	114 	109 	109 
009655 	173 	102 	109 	109 
009656 	173 	102 	109 	109 
009657 	173 	102 	109 	109 
009658 	173 	102 	109 	109 
009659 	173 	102 	109 	109 
009660 	173 	114 	109 	109 
009661 	173 	114 	109 	109 
009662 	185 	114 	109 	109 
009663 	185 	114 	109 	109 
009664 	185 	114 	109 	109 
009665 	185 	114 	109 	109 
009666 	185 	114 	109 	109 
009667 	185 	102 	109 	109 
009668 	185 	102 	109 	109 
009669 	185 	102 	109 	109 
009670 	197 	90 	109 	109 
009671 	197 	102 	109 	109 
009672 	197 	102 	109 	109 
009673 	197 	102 	109 	109 
009674 	194 	80 	130 	130 
009675 	209 	90 	109 	109 
009676 	209 	90 	109 	109 
009677 	209 	90 	109 	109 
009678 	209 	90 	109 	109 
009679 	209 	90 	109 	109 
009680 	209 	90 	109 	109 
009681 	209 	78 	109 	109 
009682 	197 	78 	109 	109 
009683 	197 	78 	109 	109 
009684 	197 	78 	109 	109 
009685 	197 	78 	109 	109 
009686 	197 	78 	109 	109 
009687 	197 	78 	109 	109 
009688 	197 	78 	109 	109 
009689 	197 	78 	109 	109 
009690 	197 	78 	109 	109 
009691 	197 	78 	109 	109 
009692 	209 	78 	109 	109 
009693 	209 	78 	109 	109 
009694 	209 	78 	109 	109 
009695 	209 	78 	109 	109 
009696 	209 	78 	109 	109 
009697 	209 	78 	109 	109 
009698 	209 	78 	109 	109 
009699 	209 	78 	109 	109 
009700 	209 	78 	109 	109 
009701 	209 	78 	109 	109 
009702 	209 	90 	109 	109 
009703 	209 	90 	109 	109 
009704 	209 	90 	109 	109 
009705 	209 	90 	109 	109 
009706 	209 	90 	109 	109 
009707 	209 	90 	109 	109 
009708 	209 	90 	109 	109 
009709 	209 	90 	109 	109 
009710 	209 	90 	109 	109 
009711 	209 	90 	109 	109 
009712 	209 	90 	109 	109 
009713 	209 	90 	109 	109 
009714 	209 	90 	109 	109 
009715 	209 	90 	109 	109 
009716 	209 	90 	109 	109 
009717 	209 	90 	109 	109 
009718 	209 	90 	109 	109 
009719 	209 	90 	109 	109 
009720 	209 	90 	109 	109 
009721 	197 	78 	109 	109 
009722 	197 	78 	109 	109 
009723 	185 	78 	109 	109 
009724 	185 	78 	109 	109 
009725 	185 	78 	109 	109 
009726 	185 	78 	109 	109 
009727 	185 	66 	109 	109 
009728 	185 	66 	109 	109 
009729 	185 	66 	109 	109 
009730 	185 	66 	109 	109 
009731 	194 	75 	91 	91 
009732 	185 	66 	109 	109 
009733 	184 	65 	91 	91 
009734 	173 	54 	109 	109 
009735 	173 	54 	109 	109 
009736 	173 	54 	109 	109 
009737 	173 	54 	109 	109 
009738 	173 	66 	109 	109 
009739 	173 	54 	109 	109 
009740 	173 	54 	109 	109 
009741 	173 	54 	109 	109 
009742 	173 	54 	109 	109 
009743 	173 	54 	109 	109 
009744 	185 	66 	109 	109 
009745 	185 	66 	109 	109 
009746 	184 	65 	91 	91 
009747 	185 	66 	109 	109 
009748 	184 	75 	91 	91 
009749 	173 	66 	109 	109 
009750 	173 	66 	109 	109 
009751 	173 	66 	109 	109 
009752 	173 	66 	109 	109 
009753 	173 	78 	109 	109 
009754 	173 	78 	109 	109 
009755 	161 	78 	109 	109 
009756 	161 	78 	109 	109 
009757 	161 	78 	109 	109 
009758 	161 	78 	109 	109 
009759 	161 	78 	109 	109 
009760 	161 	78 	109 	109 
009761 	174 	95 	91 	91 
