Identity  : 	id10130
Reference : 	vjMO-KRTyzQ
Offset    : 	-1
FV Conf   : 	22.488
ASD Conf  : 	8.634

FRAME 	X 	Y 	W 	H 
005019 	305 	78 	108 	109 
005020 	305 	78 	108 	109 
005021 	305 	78 	108 	109 
005022 	305 	78 	108 	109 
005023 	305 	78 	108 	109 
005024 	305 	78 	108 	109 
005025 	293 	78 	108 	109 
005026 	293 	78 	108 	109 
005027 	281 	78 	108 	109 
005028 	281 	78 	108 	109 
005029 	269 	78 	108 	109 
005030 	269 	78 	108 	109 
005031 	269 	78 	108 	109 
005032 	269 	78 	108 	109 
005033 	269 	78 	108 	109 
005034 	269 	78 	108 	109 
005035 	269 	78 	108 	109 
005036 	269 	78 	108 	109 
005037 	257 	78 	109 	109 
005038 	257 	78 	109 	109 
005039 	257 	78 	109 	109 
005040 	257 	90 	109 	109 
005041 	257 	90 	109 	109 
005042 	245 	90 	109 	109 
005043 	245 	90 	109 	109 
005044 	245 	90 	109 	109 
005045 	245 	90 	109 	109 
005046 	245 	90 	109 	109 
005047 	245 	90 	109 	109 
005048 	245 	90 	109 	109 
005049 	245 	78 	109 	109 
005050 	245 	78 	109 	109 
005051 	264 	95 	90 	91 
005052 	245 	78 	109 	109 
005053 	257 	78 	109 	109 
005054 	257 	78 	109 	109 
005055 	257 	78 	109 	109 
005056 	257 	78 	109 	109 
005057 	257 	78 	109 	109 
005058 	257 	78 	109 	109 
005059 	257 	78 	109 	109 
005060 	264 	95 	90 	91 
005061 	257 	90 	109 	109 
005062 	257 	90 	109 	109 
005063 	257 	90 	109 	109 
005064 	257 	90 	109 	109 
005065 	257 	90 	109 	109 
005066 	257 	90 	109 	109 
005067 	257 	90 	109 	109 
005068 	257 	90 	109 	109 
005069 	257 	90 	109 	109 
005070 	257 	90 	109 	109 
005071 	245 	90 	109 	109 
005072 	245 	90 	109 	109 
005073 	245 	90 	109 	109 
005074 	245 	90 	109 	109 
005075 	245 	102 	109 	109 
005076 	245 	90 	109 	109 
005077 	254 	105 	90 	91 
005078 	254 	105 	90 	91 
005079 	245 	102 	109 	109 
005080 	245 	102 	109 	109 
005081 	245 	102 	109 	109 
005082 	233 	102 	109 	109 
005083 	245 	102 	109 	109 
005084 	245 	102 	109 	109 
005085 	245 	102 	109 	109 
005086 	245 	102 	109 	109 
005087 	245 	102 	109 	109 
005088 	245 	102 	109 	109 
005089 	245 	102 	109 	109 
005090 	245 	102 	109 	109 
005091 	245 	102 	109 	109 
005092 	245 	102 	109 	109 
005093 	245 	102 	109 	109 
005094 	245 	90 	109 	109 
005095 	245 	90 	109 	109 
005096 	245 	90 	109 	109 
005097 	245 	90 	109 	109 
005098 	245 	90 	109 	109 
005099 	245 	90 	109 	109 
005100 	245 	90 	109 	109 
005101 	245 	90 	109 	109 
005102 	264 	105 	90 	91 
005103 	264 	105 	90 	91 
005104 	264 	105 	90 	91 
005105 	264 	105 	90 	91 
005106 	264 	105 	90 	91 
005107 	264 	105 	90 	91 
005108 	264 	105 	90 	91 
005109 	264 	105 	90 	91 
005110 	257 	90 	109 	109 
005111 	257 	90 	109 	109 
005112 	257 	90 	109 	109 
005113 	257 	90 	109 	109 
005114 	257 	90 	109 	109 
005115 	257 	90 	109 	109 
005116 	257 	90 	109 	109 
005117 	257 	90 	109 	109 
005118 	257 	90 	109 	109 
005119 	245 	90 	109 	109 
005120 	245 	90 	109 	109 
005121 	245 	90 	109 	109 
005122 	245 	90 	109 	109 
005123 	245 	90 	109 	109 
005124 	245 	90 	109 	109 
005125 	245 	90 	109 	109 
005126 	245 	90 	109 	109 
005127 	257 	90 	109 	109 
005128 	257 	90 	109 	109 
005129 	274 	95 	90 	91 
005130 	269 	90 	108 	109 
005131 	269 	90 	108 	109 
005132 	269 	90 	108 	109 
005133 	269 	90 	108 	109 
005134 	269 	90 	108 	109 
005135 	269 	90 	108 	109 
005136 	269 	90 	108 	109 
005137 	269 	90 	108 	109 
005138 	269 	90 	108 	109 
005139 	269 	90 	108 	109 
005140 	269 	90 	108 	109 
005141 	269 	90 	108 	109 
005142 	269 	90 	108 	109 
005143 	269 	90 	108 	109 
005144 	269 	90 	108 	109 
005145 	269 	90 	108 	109 
005146 	269 	90 	108 	109 
005147 	269 	90 	108 	109 
005148 	269 	90 	108 	109 
005149 	269 	90 	108 	109 
005150 	269 	90 	108 	109 
005151 	269 	90 	108 	109 
005152 	269 	90 	108 	109 
005153 	257 	90 	109 	109 
005154 	257 	90 	109 	109 
005155 	257 	90 	109 	109 
005156 	257 	90 	109 	109 
