Identity  : 	id10130
Reference : 	vjMO-KRTyzQ
Offset    : 	-1
FV Conf   : 	17.538
ASD Conf  : 	8.216

FRAME 	X 	Y 	W 	H 
006498 	257 	102 	109 	109 
006499 	237 	80 	130 	130 
006500 	237 	80 	130 	130 
006501 	245 	90 	109 	109 
006502 	245 	90 	109 	109 
006503 	245 	90 	109 	109 
006504 	245 	90 	109 	109 
006505 	245 	90 	109 	109 
006506 	237 	80 	130 	130 
006507 	245 	90 	109 	109 
006508 	245 	78 	109 	109 
006509 	245 	78 	109 	109 
006510 	245 	78 	109 	109 
006511 	237 	66 	130 	130 
006512 	257 	78 	109 	109 
006513 	257 	78 	109 	109 
006514 	257 	78 	109 	109 
006515 	257 	78 	109 	109 
006516 	257 	78 	109 	109 
006517 	257 	78 	109 	109 
006518 	257 	78 	109 	109 
006519 	257 	78 	109 	109 
006520 	257 	78 	109 	109 
006521 	257 	78 	109 	109 
006522 	257 	78 	109 	109 
006523 	257 	78 	109 	109 
006524 	257 	78 	109 	109 
006525 	257 	78 	109 	109 
006526 	257 	78 	109 	109 
006527 	257 	78 	109 	109 
006528 	257 	78 	109 	109 
006529 	257 	78 	109 	109 
006530 	257 	78 	109 	109 
006531 	257 	78 	109 	109 
006532 	257 	78 	109 	109 
006533 	257 	66 	109 	109 
006534 	257 	66 	109 	109 
006535 	257 	66 	109 	109 
006536 	257 	66 	109 	109 
006537 	257 	66 	109 	109 
006538 	257 	54 	109 	109 
006539 	269 	54 	108 	109 
006540 	269 	54 	108 	109 
006541 	269 	54 	108 	109 
006542 	269 	54 	108 	109 
006543 	269 	54 	108 	109 
006544 	269 	54 	108 	109 
006545 	281 	54 	108 	109 
006546 	281 	54 	108 	109 
006547 	281 	54 	108 	109 
006548 	281 	54 	108 	109 
006549 	281 	54 	108 	109 
006550 	281 	43 	108 	108 
006551 	281 	43 	108 	108 
006552 	279 	44 	111 	111 
006553 	277 	45 	114 	114 
006554 	275 	46 	116 	116 
006555 	274 	47 	119 	119 
006556 	272 	48 	122 	122 
006557 	270 	49 	124 	124 
006558 	268 	50 	127 	127 
006559 	266 	51 	130 	130 
006560 	264 	54 	130 	130 
006561 	261 	56 	130 	130 
006562 	258 	58 	130 	130 
006563 	256 	61 	130 	130 
006564 	254 	64 	130 	130 
006565 	251 	66 	130 	130 
006566 	251 	66 	130 	130 
006567 	251 	66 	130 	130 
006568 	251 	66 	130 	130 
006569 	251 	66 	130 	130 
006570 	251 	67 	130 	130 
006571 	251 	67 	130 	130 
006572 	251 	67 	130 	130 
006573 	251 	67 	130 	130 
006574 	251 	67 	130 	130 
006575 	251 	67 	130 	130 
006576 	251 	67 	130 	130 
006577 	251 	67 	130 	130 
006578 	251 	67 	130 	130 
006579 	251 	67 	130 	130 
006580 	251 	68 	130 	130 
006581 	251 	68 	130 	130 
006582 	251 	68 	130 	130 
006583 	251 	68 	130 	130 
006584 	251 	68 	130 	130 
006585 	251 	68 	130 	130 
006586 	251 	68 	130 	130 
006587 	251 	68 	130 	130 
006588 	251 	68 	130 	130 
006589 	251 	68 	130 	130 
006590 	251 	69 	130 	130 
006591 	251 	69 	130 	130 
006592 	251 	69 	130 	130 
006593 	251 	69 	130 	130 
006594 	251 	69 	130 	130 
006595 	251 	69 	130 	130 
006596 	251 	69 	130 	130 
006597 	251 	69 	130 	130 
006598 	251 	69 	130 	130 
006599 	251 	69 	130 	130 
006600 	251 	70 	130 	130 
006601 	251 	70 	130 	130 
006602 	251 	70 	130 	130 
006603 	251 	70 	130 	130 
006604 	251 	70 	130 	130 
006605 	251 	70 	130 	130 
006606 	251 	70 	130 	130 
006607 	251 	70 	130 	130 
006608 	251 	70 	130 	130 
006609 	251 	70 	130 	130 
006610 	251 	71 	130 	130 
006611 	251 	71 	130 	130 
006612 	251 	71 	130 	130 
006613 	251 	71 	130 	130 
006614 	251 	71 	130 	130 
006615 	251 	71 	130 	130 
006616 	251 	71 	130 	130 
006617 	251 	71 	130 	130 
006618 	251 	71 	130 	130 
006619 	251 	72 	130 	130 
006620 	251 	72 	130 	130 
006621 	251 	72 	130 	130 
006622 	251 	72 	130 	130 
006623 	251 	72 	130 	130 
006624 	251 	72 	130 	130 
006625 	251 	72 	130 	130 
006626 	251 	72 	130 	130 
006627 	251 	72 	130 	130 
006628 	251 	72 	130 	130 
006629 	251 	73 	130 	130 
006630 	251 	73 	130 	130 
006631 	251 	73 	130 	130 
006632 	251 	73 	130 	130 
006633 	251 	73 	130 	130 
006634 	251 	73 	130 	130 
006635 	251 	73 	130 	130 
006636 	251 	73 	130 	130 
006637 	251 	73 	130 	130 
006638 	251 	73 	130 	130 
006639 	251 	74 	130 	130 
006640 	251 	74 	130 	130 
006641 	251 	74 	130 	130 
006642 	251 	74 	130 	130 
006643 	251 	74 	130 	130 
006644 	251 	74 	130 	130 
006645 	251 	74 	130 	130 
006646 	251 	74 	130 	130 
006647 	251 	74 	130 	130 
006648 	251 	74 	130 	130 
006649 	251 	75 	130 	130 
006650 	251 	75 	130 	130 
006651 	251 	75 	130 	130 
006652 	251 	75 	130 	130 
006653 	251 	75 	130 	130 
006654 	251 	75 	130 	130 
006655 	251 	75 	130 	130 
006656 	251 	75 	130 	130 
006657 	251 	75 	130 	130 
006658 	251 	76 	130 	130 
006659 	251 	76 	130 	130 
006660 	251 	76 	130 	130 
006661 	251 	76 	130 	130 
006662 	251 	76 	130 	130 
006663 	251 	76 	130 	130 
006664 	251 	76 	130 	130 
006665 	251 	76 	130 	130 
006666 	251 	76 	130 	130 
006667 	251 	76 	130 	130 
006668 	251 	77 	130 	130 
006669 	251 	77 	130 	130 
006670 	251 	77 	130 	130 
006671 	251 	77 	130 	130 
006672 	251 	77 	130 	130 
006673 	251 	77 	130 	130 
006674 	251 	77 	130 	130 
006675 	251 	77 	130 	130 
006676 	251 	77 	130 	130 
006677 	251 	77 	130 	130 
006678 	251 	78 	130 	130 
006679 	251 	78 	130 	130 
006680 	251 	78 	130 	130 
006681 	251 	78 	130 	130 
006682 	251 	78 	130 	130 
006683 	251 	78 	130 	130 
006684 	251 	78 	130 	130 
006685 	251 	78 	130 	130 
006686 	251 	78 	130 	130 
006687 	251 	78 	130 	130 
006688 	251 	79 	130 	130 
006689 	251 	79 	130 	130 
006690 	251 	79 	130 	130 
006691 	251 	79 	130 	130 
006692 	251 	79 	130 	130 
006693 	251 	79 	130 	130 
006694 	251 	79 	130 	130 
006695 	251 	79 	130 	130 
006696 	251 	79 	130 	130 
006697 	251 	79 	130 	130 
006698 	251 	80 	130 	130 
006699 	251 	80 	130 	130 
006700 	251 	80 	130 	130 
006701 	251 	80 	130 	130 
006702 	251 	80 	130 	130 
006703 	251 	80 	130 	130 
006704 	251 	80 	130 	130 
006705 	251 	80 	130 	130 
006706 	251 	80 	130 	130 
006707 	251 	80 	130 	130 
006708 	251 	80 	130 	130 
006709 	251 	80 	130 	130 
006710 	251 	80 	130 	130 
006711 	251 	80 	130 	130 
006712 	251 	80 	130 	130 
006713 	251 	80 	130 	130 
006714 	251 	80 	130 	130 
006715 	251 	80 	130 	130 
006716 	251 	80 	130 	130 
006717 	251 	80 	130 	130 
006718 	251 	80 	130 	130 
006719 	251 	80 	130 	130 
006720 	251 	80 	130 	130 
006721 	251 	80 	130 	130 
006722 	251 	80 	130 	130 
