Identity  : 	id10130
Reference : 	u1bfDNe07tM
Offset    : 	2
FV Conf   : 	26.538
ASD Conf  : 	7.143

FRAME 	X 	Y 	W 	H 
025864 	223 	66 	130 	130 
025865 	223 	66 	130 	130 
025866 	223 	66 	130 	130 
025867 	223 	66 	130 	130 
025868 	223 	66 	130 	130 
025869 	223 	66 	130 	130 
025870 	223 	66 	130 	130 
025871 	223 	66 	130 	130 
025872 	223 	66 	130 	130 
025873 	223 	66 	130 	130 
025874 	223 	66 	130 	130 
025875 	223 	66 	130 	130 
025876 	223 	66 	130 	130 
025877 	223 	66 	130 	130 
025878 	223 	66 	130 	130 
025879 	223 	66 	130 	130 
025880 	233 	66 	109 	109 
025881 	233 	66 	109 	109 
025882 	233 	66 	109 	109 
025883 	233 	66 	109 	109 
025884 	233 	66 	109 	109 
025885 	245 	66 	109 	109 
025886 	245 	66 	109 	109 
025887 	245 	66 	109 	109 
025888 	245 	66 	109 	109 
025889 	245 	66 	109 	109 
025890 	237 	66 	130 	130 
025891 	257 	66 	109 	109 
025892 	257 	66 	109 	109 
025893 	257 	66 	109 	109 
025894 	257 	66 	109 	109 
025895 	251 	66 	130 	130 
025896 	251 	66 	130 	130 
025897 	251 	66 	130 	130 
025898 	251 	66 	130 	130 
025899 	251 	66 	130 	130 
025900 	251 	66 	130 	130 
025901 	251 	66 	130 	130 
025902 	251 	51 	130 	130 
025903 	251 	51 	130 	130 
025904 	251 	51 	130 	130 
025905 	251 	51 	130 	130 
025906 	251 	51 	130 	130 
025907 	257 	66 	109 	109 
025908 	257 	66 	109 	109 
025909 	257 	66 	109 	109 
025910 	237 	51 	130 	130 
025911 	237 	51 	130 	130 
025912 	237 	51 	130 	130 
025913 	237 	51 	130 	130 
025914 	237 	51 	130 	130 
025915 	216 	44 	156 	156 
025916 	223 	51 	130 	130 
025917 	223 	51 	130 	130 
025918 	223 	51 	130 	130 
025919 	223 	51 	130 	130 
025920 	223 	66 	130 	130 
025921 	223 	66 	130 	130 
025922 	223 	66 	130 	130 
025923 	223 	66 	130 	130 
025924 	223 	66 	130 	130 
025925 	223 	66 	130 	130 
025926 	223 	66 	130 	130 
025927 	223 	66 	130 	130 
025928 	223 	66 	130 	130 
025929 	223 	66 	130 	130 
025930 	223 	66 	130 	130 
025931 	223 	51 	130 	130 
025932 	223 	51 	130 	130 
025933 	223 	51 	130 	130 
025934 	223 	51 	130 	130 
025935 	223 	51 	130 	130 
025936 	237 	66 	130 	130 
025937 	237 	66 	130 	130 
025938 	237 	66 	130 	130 
025939 	237 	66 	130 	130 
025940 	237 	66 	130 	130 
025941 	237 	66 	130 	130 
025942 	237 	66 	130 	130 
025943 	237 	66 	130 	130 
025944 	237 	66 	130 	130 
025945 	237 	66 	130 	130 
025946 	237 	51 	130 	130 
025947 	237 	51 	130 	130 
025948 	237 	51 	130 	130 
025949 	233 	44 	156 	156 
025950 	251 	66 	130 	130 
025951 	251 	51 	130 	130 
025952 	251 	51 	130 	130 
025953 	251 	51 	130 	130 
025954 	251 	51 	130 	130 
025955 	266 	66 	130 	130 
025956 	250 	62 	156 	155 
025957 	251 	66 	130 	130 
025958 	251 	66 	130 	130 
025959 	251 	66 	130 	130 
025960 	251 	66 	130 	130 
025961 	251 	66 	130 	130 
025962 	237 	66 	130 	130 
025963 	237 	66 	130 	130 
025964 	237 	66 	130 	130 
025965 	223 	66 	130 	130 
025966 	223 	66 	130 	130 
025967 	223 	80 	130 	130 
025968 	223 	80 	130 	130 
025969 	223 	80 	130 	130 
025970 	208 	66 	130 	130 
025971 	208 	66 	130 	130 
025972 	208 	66 	130 	130 
025973 	208 	66 	130 	130 
025974 	208 	66 	130 	130 
025975 	208 	66 	130 	130 
025976 	223 	66 	130 	130 
025977 	223 	66 	130 	130 
025978 	223 	66 	130 	130 
025979 	223 	66 	130 	130 
025980 	223 	66 	130 	130 
025981 	223 	51 	130 	130 
025982 	223 	51 	130 	130 
025983 	237 	51 	130 	130 
025984 	237 	51 	130 	130 
025985 	257 	66 	109 	109 
025986 	251 	51 	130 	130 
025987 	266 	51 	130 	130 
025988 	266 	51 	130 	130 
025989 	266 	51 	130 	130 
025990 	280 	51 	130 	130 
025991 	280 	51 	130 	130 
025992 	280 	51 	130 	130 
025993 	280 	51 	130 	130 
025994 	280 	51 	130 	130 
025995 	280 	51 	130 	130 
025996 	280 	51 	130 	130 
025997 	280 	51 	130 	130 
025998 	280 	51 	130 	130 
025999 	280 	51 	130 	130 
026000 	280 	51 	130 	130 
026001 	280 	66 	130 	130 
026002 	280 	66 	130 	130 
026003 	280 	66 	130 	130 
026004 	280 	66 	130 	130 
026005 	280 	66 	130 	130 
026006 	266 	51 	130 	130 
026007 	266 	51 	130 	130 
026008 	266 	51 	130 	130 
026009 	266 	66 	130 	130 
026010 	266 	51 	130 	130 
026011 	266 	66 	130 	130 
026012 	266 	66 	130 	130 
026013 	266 	66 	130 	130 
026014 	251 	66 	130 	130 
026015 	251 	66 	130 	130 
026016 	251 	66 	130 	130 
026017 	251 	66 	130 	130 
026018 	251 	66 	130 	130 
026019 	251 	66 	130 	130 
026020 	251 	66 	130 	130 
026021 	251 	66 	130 	130 
026022 	251 	66 	130 	130 
026023 	251 	66 	130 	130 
026024 	257 	78 	109 	109 
026025 	257 	78 	109 	109 
026026 	237 	66 	130 	130 
026027 	237 	66 	130 	130 
026028 	237 	66 	130 	130 
026029 	237 	66 	130 	130 
026030 	237 	66 	130 	130 
026031 	237 	66 	130 	130 
026032 	237 	66 	130 	130 
026033 	237 	66 	130 	130 
026034 	237 	66 	130 	130 
026035 	245 	78 	109 	109 
026036 	245 	78 	109 	109 
026037 	237 	66 	130 	130 
026038 	237 	66 	130 	130 
026039 	245 	78 	109 	109 
026040 	237 	66 	130 	130 
026041 	237 	66 	130 	130 
026042 	245 	78 	109 	109 
026043 	245 	78 	109 	109 
026044 	237 	66 	130 	130 
026045 	237 	66 	130 	130 
026046 	237 	66 	130 	130 
026047 	237 	66 	130 	130 
026048 	237 	66 	130 	130 
026049 	237 	66 	130 	130 
026050 	237 	66 	130 	130 
026051 	237 	66 	130 	130 
026052 	237 	66 	130 	130 
026053 	237 	66 	130 	130 
026054 	237 	66 	130 	130 
026055 	237 	66 	130 	130 
026056 	237 	51 	130 	130 
026057 	233 	44 	156 	156 
026058 	233 	44 	156 	156 
026059 	233 	44 	156 	156 
026060 	251 	66 	130 	130 
026061 	251 	51 	130 	130 
026062 	251 	51 	130 	130 
026063 	251 	51 	130 	130 
026064 	251 	51 	130 	130 
026065 	250 	44 	156 	156 
026066 	251 	66 	130 	130 
026067 	251 	66 	130 	130 
026068 	251 	66 	130 	130 
026069 	251 	66 	130 	130 
026070 	251 	66 	130 	130 
026071 	251 	66 	130 	130 
026072 	251 	66 	130 	130 
026073 	251 	66 	130 	130 
026074 	251 	66 	130 	130 
026075 	251 	66 	130 	130 
026076 	266 	66 	130 	130 
026077 	266 	66 	130 	130 
026078 	266 	66 	130 	130 
026079 	266 	66 	130 	130 
026080 	266 	66 	130 	130 
026081 	266 	66 	130 	130 
026082 	266 	66 	130 	130 
026083 	266 	66 	130 	130 
026084 	266 	66 	130 	130 
026085 	266 	66 	130 	130 
026086 	251 	66 	130 	130 
026087 	251 	80 	130 	130 
026088 	251 	80 	130 	130 
026089 	251 	80 	130 	130 
026090 	257 	78 	109 	109 
026091 	237 	80 	130 	130 
026092 	237 	80 	130 	130 
026093 	237 	80 	130 	130 
026094 	237 	80 	130 	130 
026095 	237 	80 	130 	130 
026096 	237 	80 	130 	130 
026097 	237 	80 	130 	130 
026098 	237 	80 	130 	130 
026099 	237 	66 	130 	130 
026100 	237 	80 	130 	130 
026101 	245 	90 	109 	109 
026102 	245 	90 	109 	109 
026103 	237 	80 	130 	130 
026104 	237 	66 	130 	130 
026105 	237 	66 	130 	130 
026106 	237 	66 	130 	130 
026107 	237 	66 	130 	130 
026108 	237 	66 	130 	130 
026109 	237 	66 	130 	130 
026110 	237 	66 	130 	130 
026111 	237 	66 	130 	130 
026112 	237 	66 	130 	130 
026113 	237 	66 	130 	130 
026114 	237 	66 	130 	130 
026115 	237 	66 	130 	130 
026116 	237 	66 	130 	130 
026117 	233 	44 	156 	156 
026118 	251 	66 	130 	130 
026119 	251 	66 	130 	130 
026120 	251 	66 	130 	130 
026121 	251 	66 	130 	130 
026122 	251 	66 	130 	130 
026123 	251 	66 	130 	130 
026124 	266 	66 	130 	130 
026125 	266 	66 	130 	130 
026126 	266 	66 	130 	130 
026127 	266 	66 	130 	130 
026128 	266 	66 	130 	130 
026129 	266 	66 	130 	130 
026130 	266 	66 	130 	130 
026131 	266 	66 	130 	130 
026132 	266 	66 	130 	130 
026133 	266 	66 	130 	130 
026134 	266 	66 	130 	130 
026135 	250 	44 	156 	156 
026136 	250 	44 	156 	156 
026137 	251 	66 	130 	130 
026138 	251 	66 	130 	130 
026139 	251 	66 	130 	130 
026140 	251 	66 	130 	130 
026141 	251 	66 	130 	130 
026142 	251 	66 	130 	130 
026143 	251 	66 	130 	130 
026144 	251 	66 	130 	130 
026145 	237 	66 	130 	130 
026146 	237 	66 	130 	130 
026147 	237 	66 	130 	130 
026148 	237 	66 	130 	130 
026149 	237 	66 	130 	130 
026150 	237 	66 	130 	130 
026151 	237 	66 	130 	130 
026152 	237 	66 	130 	130 
026153 	237 	66 	130 	130 
026154 	237 	66 	130 	130 
026155 	237 	66 	130 	130 
026156 	237 	66 	130 	130 
