Identity  : 	id10130
Reference : 	u1bfDNe07tM
Offset    : 	1
FV Conf   : 	25.523
ASD Conf  : 	6.835

FRAME 	X 	Y 	W 	H 
024367 	223 	80 	130 	130 
024368 	223 	80 	130 	130 
024369 	223 	80 	130 	130 
024370 	223 	80 	130 	130 
024371 	223 	80 	130 	130 
024372 	223 	80 	130 	130 
024373 	223 	80 	130 	130 
024374 	223 	80 	130 	130 
024375 	223 	80 	130 	130 
024376 	216 	62 	156 	155 
024377 	216 	62 	156 	155 
024378 	216 	62 	156 	155 
024379 	216 	62 	156 	155 
024380 	216 	62 	156 	155 
024381 	245 	78 	109 	109 
024382 	216 	62 	156 	155 
024383 	216 	62 	156 	155 
024384 	216 	62 	156 	155 
024385 	245 	78 	109 	109 
024386 	216 	62 	156 	155 
024387 	216 	62 	156 	155 
024388 	216 	62 	156 	155 
024389 	223 	66 	130 	130 
024390 	223 	66 	130 	130 
024391 	223 	66 	130 	130 
024392 	245 	78 	109 	109 
024393 	245 	78 	109 	109 
024394 	245 	78 	109 	109 
024395 	237 	66 	130 	130 
024396 	237 	66 	130 	130 
024397 	237 	66 	130 	130 
024398 	237 	66 	130 	130 
024399 	237 	66 	130 	130 
024400 	237 	66 	130 	130 
024401 	237 	66 	130 	130 
024402 	237 	66 	130 	130 
024403 	237 	66 	130 	130 
024404 	237 	66 	130 	130 
024405 	237 	66 	130 	130 
024406 	237 	66 	130 	130 
024407 	237 	66 	130 	130 
024408 	237 	66 	130 	130 
024409 	237 	66 	130 	130 
024410 	237 	66 	130 	130 
024411 	237 	51 	130 	130 
024412 	237 	66 	130 	130 
024413 	237 	66 	130 	130 
024414 	237 	66 	130 	130 
024415 	237 	66 	130 	130 
024416 	237 	66 	130 	130 
024417 	237 	66 	130 	130 
024418 	237 	66 	130 	130 
024419 	237 	66 	130 	130 
024420 	237 	66 	130 	130 
024421 	237 	66 	130 	130 
024422 	237 	66 	130 	130 
024423 	237 	66 	130 	130 
024424 	237 	66 	130 	130 
024425 	237 	66 	130 	130 
024426 	237 	66 	130 	130 
024427 	237 	66 	130 	130 
024428 	237 	66 	130 	130 
024429 	237 	66 	130 	130 
024430 	237 	66 	130 	130 
024431 	237 	66 	130 	130 
024432 	237 	66 	130 	130 
024433 	237 	66 	130 	130 
024434 	237 	66 	130 	130 
024435 	237 	66 	130 	130 
024436 	237 	66 	130 	130 
024437 	237 	66 	130 	130 
024438 	237 	66 	130 	130 
024439 	237 	66 	130 	130 
024440 	237 	66 	130 	130 
024441 	237 	66 	130 	130 
024442 	237 	66 	130 	130 
024443 	237 	66 	130 	130 
024444 	237 	66 	130 	130 
024445 	237 	66 	130 	130 
024446 	237 	66 	130 	130 
024447 	237 	66 	130 	130 
024448 	237 	66 	130 	130 
024449 	237 	66 	130 	130 
024450 	237 	66 	130 	130 
024451 	237 	66 	130 	130 
024452 	237 	66 	130 	130 
024453 	237 	66 	130 	130 
024454 	237 	66 	130 	130 
024455 	237 	66 	130 	130 
024456 	237 	66 	130 	130 
024457 	237 	66 	130 	130 
024458 	237 	66 	130 	130 
024459 	237 	51 	130 	130 
024460 	237 	51 	130 	130 
024461 	237 	51 	130 	130 
024462 	237 	66 	130 	130 
024463 	237 	66 	130 	130 
024464 	237 	66 	130 	130 
024465 	237 	66 	130 	130 
024466 	237 	66 	130 	130 
024467 	245 	78 	109 	109 
024468 	245 	78 	109 	109 
024469 	245 	78 	109 	109 
024470 	237 	80 	130 	130 
024471 	237 	80 	130 	130 
024472 	237 	80 	130 	130 
024473 	237 	80 	130 	130 
024474 	237 	80 	130 	130 
024475 	245 	90 	109 	109 
024476 	245 	90 	109 	109 
024477 	237 	80 	130 	130 
024478 	237 	80 	130 	130 
024479 	237 	80 	130 	130 
024480 	237 	80 	130 	130 
024481 	237 	80 	130 	130 
024482 	237 	80 	130 	130 
024483 	237 	66 	130 	130 
024484 	237 	66 	130 	130 
024485 	237 	66 	130 	130 
024486 	237 	66 	130 	130 
024487 	237 	66 	130 	130 
024488 	251 	80 	130 	130 
024489 	251 	80 	130 	130 
024490 	251 	80 	130 	130 
024491 	251 	80 	130 	130 
024492 	251 	80 	130 	130 
024493 	251 	66 	130 	130 
024494 	251 	66 	130 	130 
024495 	237 	66 	130 	130 
024496 	237 	66 	130 	130 
024497 	237 	66 	130 	130 
024498 	237 	66 	130 	130 
024499 	237 	66 	130 	130 
024500 	237 	66 	130 	130 
024501 	237 	66 	130 	130 
024502 	237 	66 	130 	130 
024503 	237 	66 	130 	130 
024504 	237 	66 	130 	130 
024505 	237 	66 	130 	130 
024506 	237 	66 	130 	130 
024507 	237 	66 	130 	130 
024508 	237 	66 	130 	130 
024509 	237 	66 	130 	130 
024510 	237 	66 	130 	130 
024511 	237 	66 	130 	130 
024512 	237 	66 	130 	130 
024513 	237 	66 	130 	130 
024514 	237 	66 	130 	130 
024515 	237 	66 	130 	130 
024516 	237 	66 	130 	130 
024517 	237 	66 	130 	130 
024518 	237 	66 	130 	130 
024519 	237 	66 	130 	130 
024520 	233 	44 	156 	156 
024521 	251 	66 	130 	130 
024522 	251 	66 	130 	130 
024523 	251 	66 	130 	130 
024524 	251 	66 	130 	130 
024525 	251 	66 	130 	130 
024526 	251 	66 	130 	130 
024527 	251 	66 	130 	130 
024528 	251 	66 	130 	130 
024529 	251 	66 	130 	130 
024530 	251 	66 	130 	130 
024531 	251 	66 	130 	130 
024532 	251 	66 	130 	130 
024533 	251 	66 	130 	130 
024534 	251 	66 	130 	130 
024535 	251 	66 	130 	130 
024536 	251 	66 	130 	130 
024537 	251 	66 	130 	130 
024538 	251 	66 	130 	130 
024539 	251 	66 	130 	130 
024540 	251 	66 	130 	130 
024541 	251 	66 	130 	130 
024542 	251 	66 	130 	130 
024543 	251 	66 	130 	130 
024544 	251 	66 	130 	130 
024545 	251 	66 	130 	130 
024546 	251 	66 	130 	130 
024547 	251 	66 	130 	130 
024548 	251 	66 	130 	130 
024549 	251 	66 	130 	130 
024550 	251 	66 	130 	130 
024551 	251 	66 	130 	130 
024552 	251 	66 	130 	130 
024553 	251 	66 	130 	130 
024554 	251 	66 	130 	130 
024555 	251 	66 	130 	130 
024556 	251 	66 	130 	130 
024557 	251 	51 	130 	130 
024558 	251 	51 	130 	130 
024559 	251 	51 	130 	130 
024560 	251 	51 	130 	130 
024561 	251 	51 	130 	130 
024562 	251 	51 	130 	130 
024563 	251 	51 	130 	130 
024564 	251 	51 	130 	130 
024565 	250 	44 	156 	156 
024566 	251 	51 	130 	130 
024567 	251 	51 	130 	130 
024568 	251 	51 	130 	130 
024569 	251 	51 	130 	130 
024570 	251 	51 	130 	130 
024571 	251 	66 	130 	130 
024572 	251 	66 	130 	130 
024573 	251 	66 	130 	130 
024574 	251 	66 	130 	130 
024575 	251 	66 	130 	130 
024576 	251 	66 	130 	130 
024577 	251 	66 	130 	130 
024578 	251 	66 	130 	130 
024579 	251 	66 	130 	130 
024580 	251 	66 	130 	130 
024581 	251 	66 	130 	130 
024582 	251 	66 	130 	130 
024583 	251 	66 	130 	130 
024584 	251 	66 	130 	130 
024585 	251 	66 	130 	130 
024586 	251 	66 	130 	130 
024587 	251 	66 	130 	130 
024588 	251 	66 	130 	130 
024589 	251 	66 	130 	130 
024590 	251 	66 	130 	130 
024591 	251 	66 	130 	130 
024592 	251 	66 	130 	130 
024593 	251 	66 	130 	130 
024594 	251 	66 	130 	130 
024595 	251 	66 	130 	130 
024596 	251 	66 	130 	130 
024597 	251 	66 	130 	130 
024598 	251 	66 	130 	130 
024599 	251 	66 	130 	130 
024600 	251 	66 	130 	130 
024601 	251 	66 	130 	130 
024602 	251 	66 	130 	130 
024603 	251 	66 	130 	130 
024604 	251 	66 	130 	130 
024605 	251 	66 	130 	130 
024606 	251 	66 	130 	130 
024607 	251 	66 	130 	130 
024608 	251 	66 	130 	130 
024609 	251 	66 	130 	130 
024610 	251 	66 	130 	130 
024611 	251 	66 	130 	130 
024612 	251 	66 	130 	130 
024613 	251 	66 	130 	130 
024614 	251 	66 	130 	130 
024615 	251 	66 	130 	130 
024616 	251 	66 	130 	130 
024617 	251 	66 	130 	130 
024618 	251 	66 	130 	130 
024619 	251 	66 	130 	130 
024620 	251 	66 	130 	130 
024621 	251 	66 	130 	130 
024622 	251 	66 	130 	130 
024623 	251 	66 	130 	130 
024624 	251 	66 	130 	130 
024625 	251 	66 	130 	130 
024626 	251 	66 	130 	130 
024627 	251 	66 	130 	130 
024628 	251 	66 	130 	130 
024629 	251 	66 	130 	130 
024630 	251 	66 	130 	130 
024631 	251 	66 	130 	130 
024632 	251 	66 	130 	130 
024633 	251 	66 	130 	130 
024634 	251 	66 	130 	130 
024635 	251 	66 	130 	130 
024636 	251 	80 	130 	130 
024637 	251 	80 	130 	130 
024638 	251 	80 	130 	130 
024639 	251 	80 	130 	130 
024640 	251 	80 	130 	130 
024641 	251 	80 	130 	130 
024642 	251 	80 	130 	130 
024643 	251 	80 	130 	130 
024644 	251 	80 	130 	130 
024645 	251 	80 	130 	130 
024646 	251 	80 	130 	130 
024647 	251 	80 	130 	130 
024648 	251 	80 	130 	130 
024649 	251 	80 	130 	130 
024650 	251 	80 	130 	130 
024651 	237 	66 	130 	130 
024652 	237 	66 	130 	130 
024653 	237 	66 	130 	130 
024654 	237 	66 	130 	130 
024655 	237 	66 	130 	130 
024656 	237 	66 	130 	130 
024657 	237 	66 	130 	130 
024658 	233 	62 	156 	155 
024659 	233 	62 	156 	155 
024660 	233 	62 	156 	155 
024661 	237 	66 	130 	130 
024662 	237 	66 	130 	130 
024663 	237 	66 	130 	130 
024664 	237 	66 	130 	130 
024665 	237 	66 	130 	130 
024666 	237 	66 	130 	130 
024667 	237 	66 	130 	130 
024668 	237 	66 	130 	130 
024669 	237 	66 	130 	130 
024670 	237 	66 	130 	130 
024671 	237 	66 	130 	130 
024672 	237 	66 	130 	130 
024673 	237 	66 	130 	130 
024674 	237 	66 	130 	130 
024675 	237 	66 	130 	130 
024676 	237 	66 	130 	130 
024677 	237 	66 	130 	130 
024678 	251 	80 	130 	130 
024679 	251 	80 	130 	130 
024680 	251 	80 	130 	130 
024681 	251 	80 	130 	130 
024682 	251 	80 	130 	130 
024683 	251 	80 	130 	130 
024684 	251 	80 	130 	130 
024685 	251 	80 	130 	130 
024686 	251 	80 	130 	130 
024687 	251 	80 	130 	130 
024688 	251 	80 	130 	130 
024689 	251 	80 	130 	130 
024690 	251 	80 	130 	130 
024691 	251 	80 	130 	130 
024692 	251 	80 	130 	130 
024693 	251 	80 	130 	130 
024694 	251 	80 	130 	130 
024695 	251 	80 	130 	130 
024696 	251 	80 	130 	130 
024697 	251 	80 	130 	130 
024698 	251 	80 	130 	130 
024699 	251 	80 	130 	130 
024700 	251 	66 	130 	130 
024701 	251 	66 	130 	130 
024702 	251 	66 	130 	130 
024703 	251 	66 	130 	130 
024704 	251 	80 	130 	130 
024705 	251 	80 	130 	130 
024706 	251 	80 	130 	130 
024707 	251 	80 	130 	130 
024708 	251 	80 	130 	130 
024709 	251 	80 	130 	130 
024710 	251 	80 	130 	130 
024711 	251 	80 	130 	130 
024712 	251 	80 	130 	130 
024713 	251 	80 	130 	130 
024714 	251 	80 	130 	130 
024715 	251 	80 	130 	130 
024716 	251 	80 	130 	130 
024717 	237 	66 	130 	130 
024718 	237 	66 	130 	130 
024719 	237 	66 	130 	130 
024720 	237 	66 	130 	130 
024721 	237 	66 	130 	130 
024722 	237 	66 	130 	130 
024723 	237 	80 	130 	130 
024724 	237 	80 	130 	130 
024725 	237 	80 	130 	130 
024726 	237 	80 	130 	130 
024727 	237 	80 	130 	130 
024728 	237 	80 	130 	130 
024729 	237 	80 	130 	130 
024730 	237 	80 	130 	130 
024731 	237 	80 	130 	130 
024732 	237 	80 	130 	130 
024733 	237 	80 	130 	130 
024734 	237 	80 	130 	130 
024735 	237 	80 	130 	130 
024736 	237 	80 	130 	130 
024737 	237 	80 	130 	130 
024738 	237 	80 	130 	130 
024739 	237 	80 	130 	130 
024740 	237 	80 	130 	130 
024741 	237 	80 	130 	130 
024742 	237 	80 	130 	130 
024743 	237 	80 	130 	130 
024744 	237 	80 	130 	130 
024745 	237 	80 	130 	130 
024746 	237 	80 	130 	130 
024747 	216 	79 	156 	156 
024748 	216 	79 	156 	156 
024749 	223 	80 	130 	130 
024750 	223 	80 	130 	130 
024751 	223 	80 	130 	130 
024752 	223 	80 	130 	130 
024753 	223 	80 	130 	130 
024754 	223 	80 	130 	130 
024755 	223 	80 	130 	130 
024756 	223 	80 	130 	130 
024757 	223 	80 	130 	130 
024758 	223 	80 	130 	130 
024759 	223 	80 	130 	130 
024760 	223 	80 	130 	130 
024761 	223 	80 	130 	130 
024762 	223 	66 	130 	130 
024763 	223 	66 	130 	130 
024764 	223 	66 	130 	130 
024765 	223 	66 	130 	130 
024766 	223 	66 	130 	130 
024767 	223 	66 	130 	130 
024768 	223 	80 	130 	130 
024769 	223 	80 	130 	130 
024770 	223 	80 	130 	130 
024771 	223 	80 	130 	130 
024772 	223 	80 	130 	130 
024773 	223 	80 	130 	130 
024774 	223 	80 	130 	130 
024775 	223 	80 	130 	130 
024776 	223 	80 	130 	130 
024777 	223 	80 	130 	130 
024778 	223 	66 	130 	130 
024779 	223 	66 	130 	130 
024780 	223 	66 	130 	130 
024781 	237 	66 	130 	130 
024782 	237 	66 	130 	130 
024783 	237 	66 	130 	130 
024784 	237 	66 	130 	130 
024785 	237 	66 	130 	130 
024786 	237 	66 	130 	130 
024787 	237 	66 	130 	130 
024788 	237 	66 	130 	130 
024789 	237 	66 	130 	130 
024790 	237 	66 	130 	130 
024791 	237 	66 	130 	130 
024792 	237 	66 	130 	130 
024793 	237 	66 	130 	130 
024794 	237 	66 	130 	130 
024795 	237 	66 	130 	130 
024796 	237 	66 	130 	130 
024797 	237 	66 	130 	130 
024798 	237 	66 	130 	130 
024799 	237 	66 	130 	130 
024800 	237 	66 	130 	130 
024801 	237 	66 	130 	130 
024802 	237 	66 	130 	130 
