Identity  : 	id10130
Reference : 	u1bfDNe07tM
Offset    : 	1
FV Conf   : 	24.991
ASD Conf  : 	5.773

FRAME 	X 	Y 	W 	H 
028297 	266 	37 	130 	130 
028298 	266 	37 	130 	130 
028299 	266 	37 	130 	130 
028300 	250 	27 	156 	156 
028301 	250 	27 	156 	156 
028302 	250 	27 	156 	156 
028303 	250 	27 	156 	156 
028304 	266 	51 	130 	130 
028305 	250 	27 	156 	156 
028306 	250 	27 	156 	156 
028307 	251 	51 	130 	130 
028308 	251 	51 	130 	130 
028309 	251 	51 	130 	130 
028310 	251 	51 	130 	130 
028311 	251 	51 	130 	130 
028312 	251 	51 	130 	130 
028313 	251 	51 	130 	130 
028314 	251 	51 	130 	130 
028315 	251 	51 	130 	130 
028316 	251 	51 	130 	130 
028317 	251 	51 	130 	130 
028318 	251 	51 	130 	130 
028319 	251 	51 	130 	130 
028320 	251 	51 	130 	130 
028321 	251 	51 	130 	130 
028322 	251 	51 	130 	130 
028323 	251 	51 	130 	130 
028324 	237 	51 	130 	130 
028325 	237 	51 	130 	130 
028326 	237 	51 	130 	130 
028327 	237 	51 	130 	130 
028328 	237 	51 	130 	130 
028329 	233 	44 	156 	156 
028330 	251 	51 	130 	130 
028331 	251 	51 	130 	130 
028332 	251 	51 	130 	130 
028333 	251 	51 	130 	130 
028334 	251 	51 	130 	130 
028335 	251 	51 	130 	130 
028336 	251 	51 	130 	130 
028337 	251 	66 	130 	130 
028338 	251 	66 	130 	130 
028339 	251 	66 	130 	130 
028340 	251 	66 	130 	130 
028341 	251 	66 	130 	130 
028342 	251 	66 	130 	130 
028343 	251 	66 	130 	130 
028344 	251 	66 	130 	130 
028345 	250 	44 	156 	156 
028346 	250 	44 	156 	156 
028347 	250 	44 	156 	156 
028348 	251 	66 	130 	130 
028349 	251 	66 	130 	130 
028350 	251 	66 	130 	130 
028351 	251 	66 	130 	130 
028352 	251 	66 	130 	130 
028353 	251 	66 	130 	130 
028354 	251 	66 	130 	130 
028355 	251 	66 	130 	130 
028356 	251 	66 	130 	130 
028357 	251 	66 	130 	130 
028358 	251 	66 	130 	130 
028359 	251 	66 	130 	130 
028360 	251 	80 	130 	130 
028361 	251 	80 	130 	130 
028362 	251 	80 	130 	130 
028363 	250 	62 	156 	155 
028364 	250 	62 	156 	155 
028365 	251 	66 	130 	130 
028366 	251 	66 	130 	130 
028367 	251 	66 	130 	130 
028368 	251 	66 	130 	130 
028369 	251 	66 	130 	130 
028370 	251 	66 	130 	130 
028371 	251 	66 	130 	130 
028372 	251 	66 	130 	130 
028373 	251 	66 	130 	130 
028374 	251 	66 	130 	130 
028375 	251 	66 	130 	130 
028376 	251 	66 	130 	130 
028377 	251 	66 	130 	130 
028378 	251 	66 	130 	130 
028379 	251 	66 	130 	130 
028380 	251 	66 	130 	130 
028381 	251 	66 	130 	130 
028382 	251 	66 	130 	130 
028383 	251 	66 	130 	130 
028384 	251 	66 	130 	130 
028385 	233 	62 	156 	155 
028386 	233 	62 	156 	155 
028387 	233 	62 	156 	155 
028388 	233 	62 	156 	155 
028389 	237 	66 	130 	130 
028390 	237 	66 	130 	130 
028391 	237 	66 	130 	130 
028392 	237 	66 	130 	130 
028393 	237 	66 	130 	130 
028394 	237 	66 	130 	130 
028395 	233 	62 	156 	155 
028396 	233 	62 	156 	155 
028397 	233 	62 	156 	155 
028398 	233 	62 	156 	155 
028399 	233 	62 	156 	155 
028400 	233 	62 	156 	155 
028401 	233 	62 	156 	155 
028402 	257 	78 	109 	109 
028403 	251 	66 	130 	130 
028404 	269 	78 	108 	109 
028405 	266 	66 	130 	130 
028406 	266 	66 	130 	130 
028407 	266 	66 	130 	130 
028408 	266 	66 	130 	130 
028409 	266 	66 	130 	130 
028410 	280 	66 	130 	130 
028411 	280 	66 	130 	130 
028412 	280 	66 	130 	130 
028413 	280 	66 	130 	130 
028414 	280 	51 	130 	130 
028415 	280 	51 	130 	130 
028416 	280 	51 	130 	130 
028417 	267 	44 	156 	156 
028418 	267 	44 	156 	156 
028419 	267 	44 	156 	156 
028420 	266 	51 	130 	130 
028421 	266 	51 	130 	130 
028422 	266 	51 	130 	130 
028423 	266 	51 	130 	130 
028424 	250 	44 	156 	156 
028425 	250 	44 	156 	156 
028426 	266 	66 	130 	130 
028427 	266 	66 	130 	130 
028428 	266 	66 	130 	130 
028429 	266 	66 	130 	130 
028430 	266 	66 	130 	130 
028431 	266 	66 	130 	130 
028432 	266 	66 	130 	130 
028433 	266 	66 	130 	130 
028434 	266 	66 	130 	130 
028435 	266 	66 	130 	130 
028436 	266 	66 	130 	130 
028437 	266 	66 	130 	130 
028438 	266 	66 	130 	130 
028439 	266 	66 	130 	130 
028440 	250 	62 	156 	155 
028441 	266 	66 	130 	130 
028442 	250 	62 	156 	155 
028443 	251 	66 	130 	130 
028444 	250 	62 	156 	155 
028445 	250 	62 	156 	155 
028446 	250 	62 	156 	155 
028447 	251 	66 	130 	130 
028448 	251 	66 	130 	130 
028449 	251 	66 	130 	130 
028450 	251 	66 	130 	130 
028451 	251 	66 	130 	130 
028452 	251 	66 	130 	130 
028453 	251 	66 	130 	130 
028454 	251 	66 	130 	130 
028455 	251 	66 	130 	130 
028456 	251 	66 	130 	130 
028457 	251 	66 	130 	130 
028458 	251 	66 	130 	130 
028459 	251 	66 	130 	130 
028460 	251 	66 	130 	130 
028461 	251 	80 	130 	130 
028462 	251 	80 	130 	130 
028463 	251 	80 	130 	130 
028464 	251 	80 	130 	130 
028465 	251 	66 	130 	130 
028466 	251 	66 	130 	130 
028467 	251 	80 	130 	130 
028468 	251 	80 	130 	130 
028469 	251 	80 	130 	130 
028470 	251 	80 	130 	130 
028471 	269 	90 	108 	109 
028472 	269 	90 	108 	109 
028473 	266 	80 	130 	130 
028474 	266 	80 	130 	130 
028475 	266 	80 	130 	130 
028476 	266 	66 	130 	130 
028477 	266 	66 	130 	130 
028478 	281 	66 	108 	109 
028479 	281 	66 	108 	109 
028480 	280 	66 	130 	130 
028481 	280 	66 	130 	130 
028482 	280 	66 	130 	130 
028483 	280 	66 	130 	130 
028484 	280 	51 	130 	130 
028485 	280 	51 	130 	130 
028486 	280 	51 	130 	130 
028487 	280 	51 	130 	130 
028488 	280 	51 	130 	130 
028489 	280 	51 	130 	130 
028490 	280 	51 	130 	130 
028491 	280 	66 	130 	130 
028492 	280 	66 	130 	130 
028493 	280 	66 	130 	130 
028494 	280 	66 	130 	130 
028495 	280 	66 	130 	130 
028496 	280 	66 	130 	130 
028497 	280 	66 	130 	130 
028498 	280 	66 	130 	130 
028499 	280 	66 	130 	130 
028500 	280 	66 	130 	130 
028501 	266 	66 	130 	130 
028502 	266 	66 	130 	130 
028503 	266 	66 	130 	130 
028504 	266 	66 	130 	130 
028505 	266 	66 	130 	130 
028506 	266 	66 	130 	130 
028507 	266 	66 	130 	130 
028508 	266 	66 	130 	130 
028509 	250 	62 	156 	155 
028510 	250 	62 	156 	155 
028511 	250 	62 	156 	155 
028512 	250 	62 	156 	155 
028513 	250 	62 	156 	155 
028514 	250 	62 	156 	155 
028515 	250 	62 	156 	155 
028516 	250 	62 	156 	155 
028517 	250 	62 	156 	155 
028518 	250 	62 	156 	155 
028519 	250 	62 	156 	155 
028520 	250 	62 	156 	155 
028521 	266 	66 	130 	130 
028522 	266 	66 	130 	130 
028523 	266 	66 	130 	130 
028524 	266 	66 	130 	130 
028525 	266 	66 	130 	130 
028526 	266 	66 	130 	130 
028527 	266 	66 	130 	130 
028528 	266 	66 	130 	130 
028529 	266 	66 	130 	130 
028530 	266 	66 	130 	130 
028531 	266 	66 	130 	130 
028532 	266 	66 	130 	130 
028533 	266 	66 	130 	130 
028534 	266 	66 	130 	130 
028535 	266 	66 	130 	130 
028536 	266 	66 	130 	130 
028537 	266 	66 	130 	130 
028538 	266 	66 	130 	130 
028539 	266 	66 	130 	130 
028540 	266 	66 	130 	130 
028541 	266 	66 	130 	130 
028542 	266 	66 	130 	130 
028543 	266 	66 	130 	130 
028544 	266 	66 	130 	130 
028545 	266 	66 	130 	130 
028546 	266 	66 	130 	130 
028547 	266 	66 	130 	130 
028548 	266 	66 	130 	130 
028549 	266 	66 	130 	130 
028550 	266 	66 	130 	130 
028551 	266 	66 	130 	130 
028552 	266 	66 	130 	130 
028553 	266 	66 	130 	130 
028554 	266 	66 	130 	130 
028555 	266 	66 	130 	130 
028556 	251 	66 	130 	130 
028557 	251 	66 	130 	130 
028558 	251 	80 	130 	130 
028559 	251 	80 	130 	130 
028560 	237 	80 	130 	130 
028561 	237 	80 	130 	130 
028562 	237 	80 	130 	130 
028563 	237 	80 	130 	130 
028564 	237 	80 	130 	130 
028565 	237 	80 	130 	130 
028566 	245 	78 	109 	109 
028567 	257 	78 	109 	109 
028568 	257 	78 	109 	109 
028569 	257 	78 	109 	109 
028570 	257 	78 	109 	109 
028571 	237 	66 	130 	130 
028572 	237 	66 	130 	130 
028573 	237 	66 	130 	130 
028574 	237 	66 	130 	130 
028575 	237 	66 	130 	130 
028576 	237 	66 	130 	130 
028577 	237 	66 	130 	130 
028578 	233 	62 	156 	155 
028579 	233 	62 	156 	155 
028580 	233 	62 	156 	155 
028581 	250 	62 	156 	155 
028582 	250 	62 	156 	155 
028583 	250 	62 	156 	155 
028584 	266 	66 	130 	130 
028585 	267 	62 	156 	155 
028586 	267 	44 	156 	156 
028587 	267 	44 	156 	156 
028588 	267 	44 	156 	156 
028589 	267 	44 	156 	156 
028590 	267 	44 	156 	156 
028591 	267 	44 	156 	156 
028592 	267 	44 	156 	156 
028593 	267 	44 	156 	156 
028594 	280 	66 	130 	130 
